1.0000000000e+000 0.0000000000e+000 0.0000000000e+000 0.0000000000e+000 0.0000000000e+000 
6.6557035180e-001 3.3442964820e-001 0.0000000000e+000 0.0000000000e+000 0.0000000000e+000 
0.0000000000e+000 7.7593285723e-001 2.2406714277e-001 0.0000000000e+000 0.0000000000e+000 
0.0000000000e+000 0.0000000000e+000 8.9782872503e-001 1.0217127497e-001 0.0000000000e+000 
0.0000000000e+000 0.0000000000e+000 0.0000000000e+000 9.5165383518e-001 4.8346164821e-002 
0.0000000000e+000 0.0000000000e+000 0.0000000000e+000 0.0000000000e+000 1.0000000000e+000 
1.0000000000e-030 1.0000000000e-030 1.0000000000e-030 1.0000000000e-030 1.0000000000e-030 1.0000000000e-030 1.0000000000e-030 1.0000000000e-030 1.0000000000e-030 1.0000000000e-030 1.0000000000e-030 1.0000000000e-030 1.0000000000e-030 2.5784903599e-002 1.0000000000e-030 6.0222185717e-002 1.3801329114e-021 6.1486990413e-029 1.0000000000e-030 1.0000000000e-030 1.2709781733e-002 1.1053507079e-001 1.4905164444e-001 8.3700447739e-002 1.0000000000e-030 1.1147654940e-002 1.1661486401e-002 6.8596328464e-002 4.5544284124e-001 1.0000000000e-030 1.0000000000e-030 1.0000000000e-030 1.0000000000e-030 1.0000000000e-030 1.0000000000e-030 1.0000000000e-030 1.0000000000e-030 1.0000000000e-030 1.0000000000e-030 1.0000000000e-030 1.0000000000e-030 1.0000000000e-030 1.0000000000e-030 1.0000000000e-030 1.0000000000e-030 1.0000000000e-030 1.0000000000e-030 1.1147654940e-002 1.0000000000e-030 1.0000000000e-030 1.0000000000e-030 1.0000000000e-030 1.0000000000e-030 1.0000000000e-030 1.0000000000e-030 1.0000000000e-030 1.0000000000e-030 1.0000000000e-030 1.0000000000e-030 1.0000000000e-030 1.0000000000e-030 1.0000000000e-030 1.0000000000e-030 1.0000000000e-030 
1.5011253273e-002 6.4495087745e-021 1.0000000000e-030 1.0000000000e-030 1.0000000000e-030 1.0000000000e-030 1.0000000000e-030 1.0000000000e-030 1.0000000000e-030 1.0000000000e-030 1.0000000000e-030 1.0000000000e-030 2.4073079262e-013 4.8402764047e-002 1.0000000000e-030 1.1933598810e-002 1.0456466663e-001 9.4984905393e-002 7.4689172702e-003 2.3482181760e-002 1.7820709264e-001 1.3506309524e-001 1.5407681293e-001 1.1389460851e-001 1.0000000000e-030 1.0000000000e-030 2.9531353043e-002 8.3365648287e-002 1.3102182081e-005 1.0578684756e-013 1.0000000000e-030 1.0000000000e-030 1.0000000000e-030 1.0000000000e-030 1.0000000000e-030 1.0000000000e-030 1.0000000000e-030 1.0000000000e-030 1.0000000000e-030 1.0000000000e-030 1.0000000000e-030 1.0000000000e-030 1.0000000000e-030 1.0000000000e-030 1.0000000000e-030 1.0000000000e-030 1.0000000000e-030 2.7599691846e-030 1.0000000000e-030 1.0000000000e-030 1.0000000000e-030 1.0000000000e-030 1.0000000000e-030 1.0000000000e-030 1.0000000000e-030 1.0000000000e-030 1.0000000000e-030 1.0000000000e-030 1.0000000000e-030 1.0000000000e-030 1.0000000000e-030 1.0000000000e-030 1.0000000000e-030 1.0000000000e-030 
5.2735600833e-028 7.2603029044e-002 1.0000000000e-030 1.0000000000e-030 3.4720904875e-025 1.0000000000e-030 1.0000000000e-030 1.0000000000e-030 1.0000000000e-030 1.0000000000e-030 1.0000000000e-030 1.0000000000e-030 2.2375347550e-001 3.1045572506e-001 1.0000000000e-030 1.0000000000e-030 1.0000000000e-030 1.4621425232e-002 1.0000000000e-030 1.3664058786e-002 1.0000000000e-030 3.4093474981e-003 3.4064700603e-003 4.2315353375e-003 1.0000000000e-030 1.0000000000e-030 1.9778939830e-012 2.1609719551e-001 2.3271615866e-002 4.4274219152e-002 4.0549253027e-002 7.7465157362e-027 1.0000000000e-030 1.0000000000e-030 1.0000000000e-030 1.0000000000e-030 1.0000000000e-030 1.0000000000e-030 1.0000000000e-030 1.0000000000e-030 1.0000000000e-030 1.0000000000e-030 1.0000000000e-030 1.0000000000e-030 1.0000000000e-030 1.0000000000e-030 2.9662649928e-002 1.0000000000e-030 1.0000000000e-030 1.0000000000e-030 1.0000000000e-030 1.0000000000e-030 1.0000000000e-030 1.0000000000e-030 1.0000000000e-030 1.0000000000e-030 1.0000000000e-030 1.0000000000e-030 1.0000000000e-030 1.0000000000e-030 1.0000000000e-030 1.0000000000e-030 1.0000000000e-030 1.0000000000e-030 
1.1963023598e-001 1.3307005652e-002 2.7396160065e-002 1.0000000000e-030 4.5292764527e-001 3.2808964390e-002 7.5204447774e-003 1.0000000000e-030 1.0000000000e-030 1.0000000000e-030 1.0000000000e-030 1.0000000000e-030 1.3376478197e-002 1.3477121796e-002 6.4461553094e-003 8.0576940739e-003 1.0000000000e-030 9.6521298050e-003 1.6115361279e-003 2.2058134319e-001 1.0000000000e-030 1.0000000000e-030 1.0000000000e-030 1.0000000000e-030 1.0000000000e-030 1.0000000000e-030 4.8346164861e-003 7.9334897574e-003 5.3336135593e-003 1.0000000000e-030 1.7626053167e-003 1.4503843259e-002 1.0000000000e-030 1.0000000000e-030 1.0000000000e-030 1.0000000000e-030 1.0000000000e-030 1.0000000000e-030 1.0000000000e-030 1.0000000000e-030 1.0000000000e-030 1.0000000000e-030 1.0000000000e-030 1.0000000000e-030 1.0000000000e-030 1.0000000000e-030 3.8838916986e-002 1.0000000000e-030 1.0000000000e-030 1.0000000000e-030 1.0000000000e-030 1.0000000000e-030 1.0000000000e-030 1.0000000000e-030 1.0000000000e-030 1.0000000000e-030 1.0000000000e-030 1.0000000000e-030 1.0000000000e-030 1.0000000000e-030 1.0000000000e-030 1.0000000000e-030 1.0000000000e-030 1.0000000000e-030 
3.5141491207e-002 6.2422985236e-002 3.0444061561e-019 1.0000000000e-030 1.4045368759e-003 1.3224456348e-001 4.8156938330e-002 5.3375899798e-002 1.0000000000e-030 3.5583933198e-004 3.5583933198e-004 3.5583933198e-004 1.6333026642e-001 5.1129154030e-002 1.0000000000e-030 1.0675180098e-003 5.0529185142e-002 3.4872262378e-002 3.7007290526e-002 2.5608932397e-002 3.8430647854e-002 3.2381379211e-002 2.1706199251e-002 1.3521894615e-002 1.0000000000e-030 3.5583933198e-004 2.0994520587e-002 1.1113235648e-001 1.6724449458e-002 1.5301091275e-002 1.0319341046e-002 1.4945253309e-002 1.0000000000e-030 1.0000000000e-030 1.0000000000e-030 1.0000000000e-030 1.0000000000e-030 1.0000000000e-030 1.0000000000e-030 1.0000000000e-030 1.0000000000e-030 1.0000000000e-030 1.0000000000e-030 1.0000000000e-030 1.0000000000e-030 1.0000000000e-030 6.8284857539e-003 1.0000000000e-030 1.0000000000e-030 1.0000000000e-030 1.0000000000e-030 1.0000000000e-030 1.0000000000e-030 1.0000000000e-030 1.0000000000e-030 1.0000000000e-030 1.0000000000e-030 1.0000000000e-030 1.0000000000e-030 1.0000000000e-030 1.0000000000e-030 1.0000000000e-030 1.0000000000e-030 1.0000000000e-030 
