0
0
0
0
0
0
0
0
0
0
0
0
0
0
0
0
0
0
0
0
0
0
0
0
0
0
0
0
0
0
0
0
0
0
0
0
0
0
0
0
0
0
0
0
0
0
0
0
0
0
0
0
0
0
0
0
0
0
0
0
0
0
0
0
0
0
0
0
0
0
0
0
0
0
0
0
0
0
0
0
0
0
0
0
0
0
0
0
0
0
0
0
0
0
0
0
0
0
0
0
0
0
0
0
0
0
0
0
0
0
0
0
0
0
0
0
0
0
0
0
0
0
0
0
0
0
0
0
0
0
0
0
0
0
0
0
0
0
0
0
0
0
0
0
0
0
0
0
0
0
0
0
0
0
0
0
0
0
0
0
0
0
0
0
0
0
0
0
0
0
0
0
0
0
0
0
0
0
0
0
0
0
0
0
0
0
0
0
0
0
0
0
0
0
0
0
0
0
-50
9
-29
-75
25
115
26
-55
7
25
-75
-88
25
74
18
-3
37
29
-43
-76
-21
30
9
-4
41
50
-13
-44
-18
-23
-35
11
41
16
19
33
-23
-57
-10
8
-14
30
72
13
-27
9
-10
-53
7
65
9
-28
22
24
-41
-37
32
33
-19
-18
22
-3
-41
10
62
6
-28
30
24
-49
-13
67
29
-11
50
52
-35
-37
26
18
-20
8
44
14
-30
-24
-3
-14
-37
-19
19
14
-19
-13
19
-2
-49
-29
34
25
-22
10
57
9
-45
-11
27
7
-11
9
34
27
-17
-41
7
30
-43
-42
71
55
-61
-25
54
-26
-75
35
71
-13
-20
38
3
-66
-27
51
23
-28
27
66
-39
-95
10
44
-42
-4
97
25
-76
-25
-1
-68
-42
57
42
-28
-13
2
-63
-108
-47
25
7
-36
8
35
-65
-117
-20
12
-52
-7
79
5
-81
-9
25
-77
-82
42
25
-90
-48
46
-19
-94
-26
7
-74
-66
24
-18
-69
32
38
-103
-73
48
-47
-150
-27
62
-35
-72
23
19
-104
-119
-21
5
-35
8
75
22
-62
-24
31
-30
-52
68
115
8
-11
78
47
-57
-31
58
48
-19
-30
5
8
-36
-52
-40
-61
-83
-84
-99
-64
10
-22
-100
-40
46
-14
-50
65
120
71
99
156
124
100
122
102
62
78
134
105
0
32
120
5
-101
11
53
-44
-18
67
46
14
23
18
32
73
90
74
90
127
101
46
83
145
117
65
76
99
52
3
56
101
34
12
53
17
-17
17
15
-11
15
51
47
30
14
-7
-10
-23
-64
-20
53
-19
-109
-61
-47
-140
-169
-97
-42
-48
-65
-58
-45
-50
-66
-37
48
91
61
50
68
71
78
78
77
117
111
32
39
85
30
-4
34
41
10
-18
-33
-56
-87
-56
-3
-29
-51
0
-18
-110
-73
43
14
-55
56
151
26
-56
53
59
-56
14
133
42
-12
69
-18
-133
-11
37
-87
-33
105
34
-77
-33
42
-3
-80
27
180
75
-49
66
91
-64
-29
108
47
-38
6
-19
-104
-51
-11
-132
-144
-33
-130
-234
-74
-39
-234
-207
-8
-80
-241
-106
29
-155
-255
-37
28
-164
-162
7
-52
-228
-187
-78
-128
-155
-69
-70
-128
-94
-79
-146
-106
38
41
-56
26
189
96
-59
88
212
56
20
209
237
103
80
125
88
46
61
52
40
92
68
-48
-10
79
-49
-146
11
77
-68
-63
92
72
-57
-33
57
31
-32
-2
73
66
-27
-45
17
-35
-157
-120
-24
-97
-180
-124
-97
-154
-186
-162
-102
-104
-186
-138
14
-17
-105
-10
60
-31
-49
61
95
40
53
114
103
69
56
19
54
131
64
64
183
72
-59
56
85
38
111
98
44
68
-16
-77
49
99
34
34
64
73
23
-49
22
109
46
67
170
133
91
54
-46
32
161
46
29
214
149
-99
-64
121
21
-149
29
171
-17
-48
76
-24
-95
-51
-61
34
74
-102
-81
55
-79
-142
21
-17
-173
-103
8
-45
-80
-14
-37
-118
-70
-43
-101
-47
-26
-117
-61
22
-34
-56
-43
-33
-22
-77
-29
96
37
-6
93
63
-21
13
34
27
82
125
73
78
153
52
-50
107
163
20
83
238
130
3
116
169
19
-1
155
136
-31
18
153
32
-87
32
55
-102
-88
59
50
-34
-37
-28
-22
-23
-75
-29
66
-36
-104
23
33
-67
-70
-19
12
-54
-105
16
13
-137
-62
7
-73
-26
-40
-129
-38
-59
-155
-13
47
-83
-89
-43
-103
-134
-48
6
-33
-9
43
-36
-83
-34
-48
8
106
27
61
179
-11
-99
118
87
-28
125
178
69
28
26
54
44
25
120
127
40
116
166
75
98
161
104
112
203
177
126
177
138
39
102
132
-13
-21
113
18
-193
-120
25
-132
-258
-74
-40
-300
-304
-70
-120
-240
-147
-140
-135
-83
-208
-159
25
-93
-146
66
112
-58
-95
77
83
-61
88
245
55
-27
119
125
38
62
80
32
21
1
17
116
1
-190
-32
55
-135
-62
135
-10
-207
-61
116
-49
-119
113
85
-80
41
84
-19
13
-19
-11
148
27
-118
102
86
-171
2
144
-88
-18
158
23
11
90
50
39
7
44
107
26
58
138
24
2
-1
-118
6
82
-86
40
148
-111
-109
83
-16
-63
63
27
-32
28
22
-2
-16
-60
-57
-79
-92
-61
-114
-120
-63
-126
-139
-33
-71
-196
-145
-2
-26
-96
58
136
-62
-68
94
27
-51
33
88
64
45
63
66
25
-68
-128
-57
43
35
-15
29
28
-149
-191
-15
29
-81
-90
50
71
-65
-10
100
-42
-114
49
99
20
59
97
1
-21
9
-64
-55
-33
-139
-63
18
-156
-181
-80
-156
-185
-94
-71
-73
-45
-24
29
91
98
106
153
153
140
215
201
137
245
217
9
31
99
-14
-92
-65
-35
-142
-265
-127
-69
-271
-248
-114
-208
-205
-102
-128
-132
-112
-140
-117
-92
-146
-156
-116
-169
-193
-141
-158
-170
-215
-247
-159
-173
-218
-109
-93
-170
-150
-77
6
-33
-131
10
117
-46
-68
145
196
8
32
310
204
-45
212
374
126
142
330
273
176
173
254
277
93
106
317
192
48
198
218
85
107
145
80
119
167
47
70
160
-15
-112
45
68
-106
-145
-36
-121
-270
-137
-78
-233
-196
-122
-257
-272
-147
-167
-170
-81
-133
-106
-1
-76
-7
155
116
108
222
435
449
218
397
600
348
378
628
540
354
342
435
340
106
124
175
0
-76
-2
-58
-199
-217
-158
-230
-328
-212
-146
-299
-231
-60
-180
-198
-122
-226
-206
-154
-146
-82
-161
-179
-112
-202
-290
-226
-105
-182
-259
-20
92
-77
-85
132
216
45
140
436
299
168
385
417
263
174
191
218
33
-60
86
-21
-190
-85
-155
-350
-307
-340
-426
-220
-166
-368
-282
-116
-259
-425
-246
-43
-256
-343
-49
2
-169
-181
-50
29
-75
-68
224
302
49
118
457
314
17
293
481
180
188
439
382
287
378
454
420
418
483
553
660
666
577
581
611
667
605
406
469
466
148
119
257
6
-239
-75
-64
-325
-316
-213
-304
-323
-95
66
-47
-86
-81
-158
-150
-232
-262
-172
-391
-593
-556
-718
-861
-793
-829
-810
-613
-596
-634
-502
-525
-563
-358
-215
-105
-27
-22
99
50
-43
82
44
9
127
132
145
95
-45
19
99
9
30
201
169
41
58
34
-9
-45
-141
-129
-154
-234
-198
-292
-380
-238
-199
-211
-123
-123
-152
-128
-60
-29
-130
-160
-147
-254
-312
-281
-403
-556
-403
-314
-519
-433
-160
-238
-341
-152
49
66
101
286
348
266
282
359
401
375
354
379
311
200
220
257
126
65
202
162
-16
103
204
-4
-47
16
-33
42
42
-6
29
-60
-45
27
-58
4
92
0
14
111
94
74
134
139
108
279
403
244
266
384
235
227
406
432
398
375
344
337
333
321
374
455
404
387
417
327
371
412
292
333
441
447
405
309
304
373
286
268
425
374
293
316
281
263
159
206
317
118
156
267
55
166
316
6
-78
152
92
-35
91
90
-157
-240
1
63
-203
-161
5
-159
-211
-110
-126
-166
-193
-207
-179
-118
-167
-250
-187
-242
-355
-177
-82
-256
-203
-96
-270
-268
-93
-99
-130
-105
-52
-56
-201
-222
-93
-129
-278
-173
26
-117
-211
-8
-51
-218
-79
23
-12
85
68
-78
-3
69
-42
-87
-10
14
-82
-103
-25
-2
-53
-122
-52
-45
-183
-32
81
-95
-119
-87
-37
13
-147
-116
43
-115
-138
65
-79
-213
-57
-116
-217
-160
-157
-164
-201
-169
-155
-233
-101
-37
-193
-158
-67
-126
-126
-32
12
-102
-237
-135
-45
-147
-88
1
-116
-148
-115
-102
-36
-134
-237
-92
-52
-214
-253
-193
-193
-170
-124
-54
-63
-246
-157
31
-155
-186
7
-26
-60
-77
-168
-127
-141
-180
-23
-11
-131
-62
-21
-142
-160
-43
-86
-107
5
-58
-72
-38
-135
-71
-6
-73
-20
28
7
2
-48
-58
-18
-19
-4
-18
-34
-24
-35
12
-9
-114
-69
27
0
-57
-13
25
-72
-128
16
97
-90
-124
71
33
-71
-33
-3
-35
-86
-21
18
44
118
-78
-109
133
4
-85
126
88
-118
-92
65
82
-25
-83
16
62
-69
-57
27
-44
-151
-203
-147
-161
-300
-238
-159
-291
-253
-154
-213
-115
-111
-287
-115
116
19
-5
150
171
129
176
228
335
371
231
317
445
162
41
281
261
119
187
195
223
383
327
313
517
522
562
718
703
730
677
458
565
796
618
467
689
709
446
493
776
673
406
597
774
520
395
467
429
360
298
297
417
447
244
123
256
240
90
202
330
162
-32
95
182
-83
-152
-17
-56
-65
-34
-30
-75
-257
-313
-228
-189
-144
-122
-131
-146
-200
-202
-96
-88
-187
-96
-5
-102
-46
6
-159
-209
-233
-248
-67
-92
-251
-199
-265
-432
-318
-132
-256
-450
-332
-169
-232
-287
-207
-199
-279
-191
-5
104
168
124
35
82
198
233
223
264
282
195
109
180
250
73
60
231
125
167
421
324
151
233
257
156
281
383
140
47
120
13
-103
-109
-154
-368
-398
-163
-281
-517
-321
-278
-626
-601
-248
-276
-406
-277
-299
-406
-378
-365
-259
-222
-344
-301
-272
-362
-278
-210
-312
-316
-248
-225
-160
-121
-168
-215
-240
-212
-145
-94
-70
-113
-222
-209
-99
-133
-186
-157
-215
-229
-149
-151
-194
-244
-306
-329
-319
-240
-136
-183
-303
-268
-206
-267
-216
-92
-136
-183
-82
21
-25
-128
-149
-112
-74
-110
-91
97
90
-118
-30
140
-59
-117
204
226
63
170
217
71
17
108
124
46
75
115
105
70
-10
4
30
-18
1
102
136
-15
-30
95
-4
-51
14
30
36
-151
-178
72
-22
-197
-38
22
-139
-118
26
-11
-76
-50
-32
36
101
29
-57
-14
16
-25
54
101
-48
-93
35
37
-42
3
13
-32
-5
-70
-95
57
23
-113
-10
34
-133
-104
48
-5
-76
-30
-16
6
59
-24
-95
-9
-38
-72
89
112
-38
-53
34
19
-29
55
64
-40
5
84
60
43
57
65
36
39
96
86
53
135
200
104
66
120
30
1
137
104
-9
72
150
71
48
105
33
-38
114
252
171
137
208
127
31
117
191
173
175
184
151
116
138
111
50
149
217
91
87
195
106
-2
95
151
92
110
137
67
7
17
-1
-25
58
104
24
-39
-32
-10
-23
28
111
39
-14
90
125
38
-25
2
24
8
90
135
24
-20
18
-9
11
87
56
31
86
45
-27
27
60
-44
-74
55
91
38
61
31
-39
10
79
66
53
87
70
-8
10
103
37
-54
55
109
10
16
80
37
-28
15
39
-20
13
68
38
70
89
14
17
110
128
63
86
158
79
44
194
180
-3
-3
90
107
108
125
131
83
77
166
168
122
125
125
182
259
261
211
148
105
105
143
171
191
197
130
91
133
120
51
37
88
135
128
107
97
41
-13
9
45
78
88
29
-12
-12
-62
-109
-68
-26
-63
-103
-123
-184
-258
-301
-289
-237
-233
-260
-250
-280
-411
-506
-480
-410
-372
-357
-335
-378
-508
-583
-563
-542
-507
-442
-390
-348
-353
-432
-500
-497
-453
-396
-316
-205
-155
-210
-258
-276
-267
-166
-46
18
45
24
-22
-13
36
61
66
90
160
195
149
143
149
86
140
333
378
292
368
404
231
247
449
481
454
507
521
514
519
504
560
644
636
663
858
1053
1085
1054
1112
1257
1393
1493
1619
1737
1793
1890
2091
2126
1635
762
37
-234
-107
96
126
-104
-763
-1703
-2425
-2674
-2591
-2497
-2449
-2299
-2182
-2285
-2513
-2701
-2827
-2871
-2636
-1952
-1073
-516
-447
-616
-789
-819
-554
97
924
1477
1633
1626
1553
1392
1196
1128
1261
1462
1640
1782
1733
1355
743
144
-201
-231
-78
116
172
-70
-606
-1317
-1942
-2241
-2216
-1942
-1546
-1270
-1250
-1480
-1811
-2001
-1919
-1538
-945
-365
40
176
60
-101
-139
2
353
823
1238
1458
1425
1214
956
786
826
1048
1291
1419
1389
1163
770
452
359
355
399
534
577
432
253
128
80
134
255
482
792
973
993
1029
1199
1524
1916
2265
2500
2626
2748
2939
3234
3342
2675
1374
329
111
488
774
738
413
-505
-1872
-2901
-3114
-2841
-2791
-2992
-2915
-2671
-2805
-3267
-3606
-3724
-3801
-3668
-2823
-1506
-746
-904
-1394
-1640
-1531
-1145
-305
908
1743
1829
1598
1504
1509
1384
1298
1590
2077
2372
2453
2377
1982
1170
279
-102
119
481
656
554
130
-617
-1466
-1933
-1877
-1666
-1518
-1361
-1199
-1214
-1497
-1841
-2110
-2333
-2290
-1776
-1025
-495
-465
-773
-1096
-1265
-1122
-597
82
556
655
543
449
363
269
312
507
736
936
1067
1043
759
310
-9
-46
141
422
603
569
329
32
-88
48
298
456
510
611
724
769
874
1058
1158
1222
1437
1792
2165
2462
2646
2756
2822
2931
3187
3513
3821
3934
3393
2171
911
249
345
664
653
375
-231
-1369
-2705
-3557
-3627
-3449
-3532
-3492
-3079
-2899
-3353
-3995
-4234
-4118
-3924
-3316
-2023
-820
-560
-1016
-1348
-1201
-864
-326
744
1948
2494
2308
2012
1976
1886
1613
1691
2280
2798
2822
2523
2144
1511
537
-166
-115
260
372
152
-211
-748
-1600
-2368
-2516
-2226
-1978
-1863
-1708
-1575
-1786
-2224
-2399
-2252
-2030
-1722
-1182
-574
-361
-581
-779
-775
-686
-464
-4
523
746
591
403
363
336
295
371
569
675
554
385
278
106
-120
-214
-134
-49
-87
-162
-192
-242
-273
-159
70
234
233
206
347
611
883
1160
1443
1678
1801
1890
2139
2569
2970
3214
3381
3569
3800
4009
4194
4292
3798
2505
1126
496
768
1216
1113
548
-381
-1777
-3216
-3966
-3753
-3283
-3339
-3597
-3535
-3504
-3939
-4518
-4607
-4181
-3703
-3049
-1878
-771
-586
-1190
-1589
-1170
-330
561
1676
2744
3046
2519
1961
2025
2355
2446
2601
3092
3437
3140
2422
1826
1335
644
112
256
719
696
-15
-867
-1518
-2153
-2643
-2533
-1964
-1637
-1862
-2205
-2304
-2402
-2609
-2498
-1889
-1249
-967
-840
-623
-510
-620
-555
-62
474
680
646
606
536
350
296
577
898
906
655
422
253
19
-149
-55
124
119
-64
-273
-499
-806
-1036
-932
-558
-185
30
77
-16
-225
-379
-163
438
1095
1537
1720
1738
1653
1582
1783
2279
2851
3359
3717
3889
3869
3713
3659
3821
4148
4451
4140
2934
1455
508
354
452
260
-78
-612
-1734
-3201
-4204
-4296
-4057
-4190
-4298
-3906
-3600
-3983
-4636
-4734
-4277
-3852
-3266
-2004
-681
-343
-866
-1142
-632
80
711
1734
2961
3451
2964
2382
2429
2637
2494
2523
3086
3501
3102
2240
1644
1185
405
-236
-92
389
270
-540
-1318
-1822
-2456
-3034
-2914
-2245
-1888
-2158
-2461
-2441
-2512
-2750
-2556
-1780
-1075
-861
-775
-486
-328
-467
-396
149
715
865
747
708
644
386
260
522
861
838
491
209
30
-236
-431
-340
-128
-135
-416
-703
-888
-1074
-1176
-1002
-596
-232
-121
-162
-199
-247
-218
94
711
1354
1707
1793
1814
1816
1883
2159
2696
3351
3790
3929
3968
3978
3977
4018
4242
4579
4289
2959
1373
531
580
731
412
-72
-703
-1940
-3518
-4474
-4354
-3927
-4084
-4379
-4144
-3899
-4311
-4948
-4907
-4240
-3727
-3234
-2082
-778
-444
-1024
-1297
-610
323
1028
1988
3147
3557
2892
2165
2330
2859
2926
2902
3303
3579
3001
1944
1364
1188
678
57
59
429
198
-804
-1700
-2079
-2468
-2906
-2778
-2113
-1794
-2267
-2825
-2840
-2691
-2665
-2318
-1452
-687
-603
-852
-825
-620
-488
-154
593
1320
1432
995
561
328
191
271
694
1152
1135
577
-70
-494
-736
-767
-494
-91
27
-322
-867
-1290
-1532
-1549
-1226
-640
-142
-50
-271
-512
-615
-490
-28
711
1416
1760
1737
1614
1577
1709
2091
2682
3306
3739
3848
3761
3666
3659
3815
4119
4534
4877
4507
3054
1181
4
15
536
683
408
-287
-1733
-3688
-5080
-5040
-4153
-3698
-3768
-3739
-3789
-4456
-5352
-5391
-4416
-3428
-2750
-1776
-649
-351
-1064
-1577
-933
266
1260
2296
3446
3864
3017
1881
1788
2525
3065
3343
3765
3938
3114
1661
827
833
800
493
458
673
291
-947
-2058
-2402
-2493
-2666
-2505
-1882
-1579
-2184
-3003
-3177
-2905
-2606
-2070
-1113
-330
-421
-1012
-1189
-839
-367
184
921
1491
1341
632
143
149
337
551
871
1156
986
309
-337
-590
-598
-527
-318
-20
-4
-489
-1140
-1501
-1514
-1315
-930
-416
-73
-181
-557
-761
-605
-195
355
979
1475
1598
1427
1337
1527
1910
2364
2840
3306
3608
3629
3551
3603
3796
4033
4262
4589
4826
4229
2582
788
-28
306
841
861
457
-495
-2275
-4315
-5315
-4702
-3581
-3249
-3523
-3796
-4271
-5181
-5789
-5171
-3802
-2916
-2527
-1874
-1141
-1158
-1750
-1685
-568
631
1407
2255
3160
3224
2229
1433
1859
2843
3402
3657
3920
3660
2410
1037
745
1241
1411
1106
880
615
-326
-1649
-2259
-2034
-1880
-2086
-2105
-1861
-2075
-2887
-3368
-3049
-2533
-2218
-1748
-1036
-764
-1242
-1710
-1463
-766
-117
499
1080
1162
542
-129
-118
448
975
1250
1340
1100
420
-291
-463
-126
199
259
186
2
-422
-970
-1245
-1117
-869
-717
-583
-447
-492
-762
-951
-787
-376
63
476
839
999
911
838
1065
1547
2054
2470
2793
2997
3051
3068
3256
3625
3995
4233
4368
4501
4436
3694
2288
987
565
946
1297
1115
500
-624
-2359
-4074
-4665
-3885
-2895
-2763
-3253
-3832
-4567
-5433
-5649
-4639
-3213
-2537
-2481
-2261
-1932
-2005
-2138
-1452
-111
841
1213
1689
2312
2344
1753
1596
2342
3153
3398
3460
3608
3266
2167
1257
1373
1934
1986
1589
1229
685
-423
-1474
-1570
-1042
-915
-1336
-1702
-1927
-2463
-3084
-3005
-2310
-1859
-1906
-1897
-1629
-1605
-1905
-1859
-1240
-599
-270
20
379
369
-113
-403
-53
580
1010
1201
1246
942
282
-172
1
506
787
710
476
108
-396
-738
-648
-333
-209
-343
-476
-526
-597
-638
-498
-246
-95
-53
90
369
610
751
915
1162
1404
1629
1929
2320
2677
2897
3047
3252
3519
3784
4024
4269
4422
4063
2972
1687
1059
1298
1711
1636
1119
248
-1160
-2815
-3722
-3323
-2432
-2227
-2736
-3340
-3985
-4823
-5284
-4647
-3374
-2673
-2725
-2731
-2471
-2442
-2566
-2049
-823
120
351
558
1116
1432
1195
1154
1862
2654
2833
2769
2959
2991
2373
1685
1763
2264
2295
1856
1523
1214
430
-509
-733
-324
-215
-688
-1176
-1458
-1947
-2572
-2607
-1990
-1567
-1756
-2032
-2010
-2026
-2221
-2084
-1450
-914
-832
-805
-516
-300
-384
-394
-69
274
384
499
771
862
558
210
181
343
440
516
629
548
145
-282
-408
-311
-255
-290
-332
-447
-686
-863
-785
-562
-443
-446
-406
-294
-177
-13
254
536
682
738
892
1166
1460
1750
2057
2344
2531
2634
2786
3028
3290
3524
3731
3902
3834
3235
2205
1313
1068
1368
1619
1473
927
-99
-1557
-2850
-3178
-2520
-1813
-1798
-2351
-3152
-4106
-4893
-4831
-3751
-2561
-2156
-2390
-2684
-2908
-3072
-2750
-1634
-353
228
184
162
327
401
530
1159
2068
2540
2450
2318
2344
2180
1791
1719
2115
2410
2228
1846
1534
1058
328
-126
38
345
226
-236
-686
-1163
-1759
-2067
-1749
-1228
-1129
-1433
-1719
-1901
-2095
-2074
-1597
-1014
-834
-1002
-1093
-1017
-934
-742
-299
125
180
3
-27
123
257
400
640
787
635
356
257
330
376
374
404
352
105
-193
-324
-308
-303
-319
-297
-306
-422
-552
-541
-408
-271
-152
-10
116
172
219
372
620
863
1066
1261
1441
1579
1715
1924
2186
2400
2553
2696
2847
2966
3049
3098
2961
2457
1741
1244
1184
1322
1314
1059
536
-338
-1372
-2038
-2012
-1616
-1436
-1654
-2123
-2748
-3397
-3680
-3304
-2564
-2075
-2057
-2270
-2495
-2645
-2514
-1901
-1024
-424
-308
-393
-386
-255
20
542
1202
1616
1598
1404
1338
1408
1499
1653
1897
2023
1839
1491
1234
1086
915
748
715
714
512
129
-219
-449
-662
-847
-863
-763
-793
-1022
-1260
-1367
-1411
-1414
-1255
-967
-805
-896
-1086
-1183
-1149
-978
-626
-224
-49
-192
-446
-554
-440
-132
290
622
632
328
-16
-136
17
330
639
733
503
74
-275
-349
-167
112
297
229
-90
-466
-668
-594
-329
-45
100
27
-197
-375
-353
-114
228
521
663
638
550
554
718
983
1252
1479
1642
1696
1655
1643
1756
1947
2088
2145
2114
1921
1521
1069
797
764
796
735
545
191
-348
-933
-1299
-1329
-1191
-1127
-1226
-1480
-1863
-2251
-2412
-2223
-1862
-1608
-1563
-1654
-1797
-1890
-1790
-1421
-938
-608
-522
-562
-578
-494
-268
100
488
699
669
535
467
531
687
892
1072
1103
933
673
502
476
520
563
578
504
284
-9
-204
-239
-209
-194
-188
-223
-358
-554
-665
-628
-527
-446
-387
-354
-384
-459
-471
-370
-238
-178
-202
-260
-311
-321
-259
-144
-60
-71
-148
-216
-218
-143
-24
76
85
5
-95
-147
-133
-69
-1
12
-62
-181
-266
-285
-252
-201
-163
-180
-237
-258
-203
-114
-38
18
54
48
34
89
217
342
417
452
464
450
451
520
638
742
796
799
762
719
727
797
884
941
963
955
918
875
844
796
696
569
481
451
433
385
290
137
-66
-263
-363
-345
-283
-283
-385
-571
-783
-942
-960
-834
-671
-607
-687
-856
-1017
-1070
-965
-745
-534
-452
-517
-652
-736
-679
-475
-218
-28
30
-35
-142
-177
-75
127
313
397
357
229
100
66
156
294
383
384
304
188
109
131
236
338
381
362
294
211
165
198
282
352
365
325
242
146
95
121
189
228
189
71
-87
-218
-262
-210
-120
-74
-124
-253
-389
-454
-408
-281
-152
-97
-141
-244
-324
-314
-214
-82
15
34
-16
-95
-136
-98
-1
89
125
101
39
-22
-41
-1
66
92
58
-3
-62
-98
-94
-50
-4
5
-18
-48
-67
-68
-30
40
107
150
175
198
232
278
338
405
472
533
584
632
681
729
769
797
816
822
805
768
729
693
658
617
564
490
388
269
156
58
-19
-83
-152
-243
-358
-485
-598
-675
-709
-709
-706
-723
-764
-821
-857
-848
-783
-690
-600
-541
-517
-516
-505
-451
-355
-243
-152
-103
-96
-113
-115
-75
3
90
152
170
148
110
91
108
152
197
215
195
155
111
87
91
113
130
120
85
46
18
10
22
46
58
48
28
17
20
34
54
69
66
45
27
29
47
68
82
75
50
14
-16
-25
-19
-19
-33
-67
-117
-168
-209
-236
-248
-261
-287
-322
-359
-391
-414
-426
-426
-416
-402
-391
-379
-364
-343
-321
-293
-251
-197
-138
-82
-32
8
41
76
122
181
247
304
342
362
370
377
394
421
452
470
467
442
406
374
354
348
344
328
294
244
190
147
120
107
99
82
52
14
-22
-43
-44
-36
-23
-17
-20
-32
-40
-35
-15
12
37
54
58
51
48
54
69
84
93
89
74
49
27
14
1
-12
-32
-55
-81
-108
-131
-150
-170
-191
-209
-221
-225
-223
-216
-213
-214
-215
-209
-191
-159
-120
-85
-58
-39
-23
0
34
78
120
153
176
191
202
211
223
235
242
242
236
227
215
197
172
149
124
100
76
54
29
-1
-37
-68
-90
-104
-114
-124
-137
-151
-163
-167
-159
-144
-130
-119
-110
-100
-84
-58
-28
1
22
35
43
53
69
88
104
114
112
106
97
93
90
89
84
72
55
37
18
3
-9
-18
-29
-40
-50
-61
-69
-75
-74
-71
-64
-55
-47
-39
-31
-21
-7
9
29
48
64
76
88
100
110
124
140
154
160
162
161
159
153
147
143
135
123
106
88
67
46
27
9
-5
-21
-38
-56
-72
-86
-96
-101
-103
-102
-101
-99
-94
-90
-82
-70
-55
-39
-26
-12
1
13
24
35
48
58
63
66
65
63
57
50
46
38
24
8
-8
-23
-38
-53
-67
-81
-96
-110
-120
-125
-131
-136
-142
-147
-150
-148
-143
-135
-129
-124
-119
-110
-98
-83
-67
-53
-41
-31
-18
-3
13
29
39
45
48
51
55
58
60
59
52
42
33
24
16
7
-2
-14
-27
-40
-49
-58
-65
-74
-83
-91
-96
-98
-98
-94
-90
-85
-79
-73
-66
-54
-40
-25
-10
3
13
21
29
37
47
58
66
72
71
66
59
54
49
44
37
27
14
-3
-18
-30
-40
-50
-62
-70
-80
-87
-92
-92
-91
-91
-88
-84
-76
-67
-55
-42
-32
-23
-12
1
16
32
45
56
62
67
71
77
84
89
90
86
78
71
62
57
52
46
35
22
10
-3
-14
-24
-31
-38
-46
-54
-61
-66
-72
-74
-74
-72
-70
-67
-62
-57
-51
-45
-38
-30
-20
-8
3
13
21
27
33
39
45
53
59
62
61
56
49
43
38
35
28
21
9
-2
-15
-26
-32
-38
-41
-47
-50
-54
-54
-52
-47
-40
-33
-24
-16
-6
3
15
27
37
50
60
70
79
88
94
97
101
103
104
105
103
97
89
80
70
63
57
50
40
29
15
3
-8
-16
-22
-26
-32
-39
-46
-53
-57
-57
-53
-49
-43
-39
-35
-31
-26
-20
-10
2
13
20
26
30
34
40
45
51
55
57
55
52
48
45
42
41
38
34
27
20
14
8
4
1
-2
-5
-8
-12
-15
-16
-17
-16
-14
-11
-8
-8
-6
-4
-1
3
7
12
16
19
20
21
22
24
26
27
26
24
20
15
11
8
5
-1
-8
-16
-24
-31
-36
-42
-48
-53
-59
-64
-68
-68
-68
-66
-65
-64
-61
-56
-49
-41
-31
-24
-14
-7
2
11
22
32
41
49
55
59
63
65
67
68
69
66
61
54
47
38
31
21
13
4
-5
-16
-26
-36
-46
-51
-56
-60
-63
-65
-70
-72
-72
-69
-65
-59
-53
-49
-48
-44
-39
-33
-25
-18
-13
-9
-7
-6
-4
-2
2
3
3
2
-3
-6
-9
-11
-12
-13
-17
-21
-25
-29
-32
-32
-32
-32
-32
-32
-30
-28
-25
-21
-15
-10
-5
1
5
12
20
26
33
38
42
46
51
53
55
57
55
55
51
47
43
38
32
26
17
10
3
-6
-13
-21
-28
-35
-42
-47
-52
-55
-58
-60
-61
-61
-60
-58
-53
-48
-43
-38
-30
-24
-15
-6
5
14
23
30
38
45
53
59
66
69
72
73
72
71
70
68
63
59
52
46
38
31
24
17
11
3
-3
-9
-16
-21
-25
-27
-29
-30
-30
-30
-30
-29
-26
-22
-18
-14
-10
-6
-3
1
3
7
11
14
17
17
18
18
17
17
17
16
15
13
10
7
6
4
4
2
2
-1
-3
-3
-3
-2
-1
0
1
2
3
6
10
13
17
21
23
26
30
33
37
41
44
47
48
49
49
50
51
50
48
45
41
37
32
29
24
18
13
7
-1
-8
-14
-19
-24
-27
-31
-36
-39
-42
-44
-45
-42
-40
-38
-37
-34
-32
-27
-22
-16
-9
-2
2
7
9
15
20
26
31
34
37
37
38
39
40
41
42
41
38
34
31
28
25
25
22
19
14
11
7
4
2
0
-1
-3
-5
-6
-9
-9
-9
-8
-7
-6
-6
-7
-7
-6
-5
-4
-4
-4
-2
-4
-4
-4
-5
-5
-6
-6
-8
-9
-11
-11
-14
-15
-16
-18
-18
-21
-22
-23
-24
-25
-25
-25
-25
-24
-24
-24
-23
-21
-19
-16
-15
-12
-10
-7
-5
-2
0
3
5
7
7
8
8
9
8
8
7
5
2
0
-2
-4
-8
-11
-13
-16
-18
-21
-23
-25
-26
-28
-28
-29
-28
-28
-29
-27
-25
-24
-21
-20
-17
-15
-13
-11
-8
-7
-4
-3
-2
0
1
2
3
3
2
2
2
2
1
1
-1
-1
-4
-3
-4
-5
-5
-6
-7
-8
-7
-7
-7
-7
-7
-6
-6
-5
-3
-2
-1
-1
-1
1
1
2
2
3
3
3
2
2
1
1
0
0
-1
-2
-3
-5
-5
-6
-8
-9
-9
-11
-11
-11
-13
-13
-13
-14
-14
-14
-13
-14
-13
-12
-11
-10
-10
-8
-8
-5
-5
-3
-2
-1
1
2
3
5
5
6
7
7
8
8
9
8
8
8
7
6
5
5
3
4
3
3
2
1
0
-1
0
0
0
-1
-1
0
-1
0
0
1
1
2
2
4
3
3
5
5
5
5
5
6
5
4
4
4
4
3
3
2
2
2
1
-1
-1
-1
-2
-2
-3
-2
-2
-1
-1
-1
-1
1
1
3
4
4
5
6
7
7
9
9
10
10
11
11
12
11
11
11
10
10
9
9
7
7
6
5
5
3
2
1
1
0
-1
-2
-3
-4
-4
-5
-4
-4
-4
-4
-4
-3
-1
-1
-1
0
-1
1
2
1
1
2
2
2
1
1
1
0
0
-1
-2
-3
-3
-4
-5
-6
-6
-7
-7
-8
-8
-7
-6
-6
-5
-6
-4
-4
-2
0
0
1
4
4
5
6
7
8
9
10
10
11
11
11
10
10
9
8
7
5
4
2
2
0
-1
-3
-5
-6
-7
-8
-10
-11
-12
-13
-14
-15
-15
-15
-15
-15
-15
-14
-14
-13
-12
-11
-10
-10
-8
-7
-7
-6
-5
-4
-3
-2
-2
-1
0
0
1
1
1
1
1
2
0
0
0
0
0
-1
-1
-2
0
-2
-1
-1
-1
-1
-2
-1
-1
-1
0
0
1
1
1
1
1
1
1
1
1
2
1
1
1
1
0
0
-1
-2
-3
-2
-4
-4
-4
-5
-7
-7
-7
-8
-9
-9
-9
-10
-9
-10
-10
-10
-9
-8
-8
-7
-5
-5
-4
-1
0
0
2
3
4
5
6
7
8
8
9
9
10
9
9
9
9
8
8
7
6
5
5
3
3
1
2
1
0
0
-1
-1
-1
-2
-3
-3
-5
-5
-5
-4
-5
-4
-4
-3
-2
-2
-2
-1
0
0
2
3
3
5
6
7
7
7
7
7
6
7
7
8
8
8
8
7
6
4
3
3
3
3
4
5
4
3
2
2
0
0
-2
-2
-2
0
0
1
1
0
-1
-2
-3
-5
-3
-2
0
3
5
7
9
9
8
6
4
3
3
4
5
7
6
7
7
3
1
-1
-3
-3
-3
0
1
4
6
5
3
2
-1
-2
-1
-1
2
5
8
10
11
11
10
8
7
6
5
6
7
8
9
9
7
6
2
1
0
-1
-1
-1
0
0
-1
-1
-3
-4
-5
-6
-6
-6
-5
-5
-4
-3
-2
-2
-1
0
-1
0
-1
-1
-1
-2
1
1
3
3
4
6
5
4
3
2
1
0
-1
1
1
1
2
3
2
-1
-2
-4
-5
-4
-3
-2
1
2
3
2
-1
-3
-5
-6
-6
-4
-1
3
6
7
6
4
1
-3
-5
-6
-4
-3
-1
-1
-1
-2
-4
-8
-11
-11
-10
-8
-7
-5
-3
-3
-4
-5
-7
-10
-11
-11
-9
-8
-6
-3
-2
-1
-2
-3
-4
-5
-4
-3
-2
-1
-1
-1
-1
-1
0
-1
-1
-1
0
0
1
2
3
4
3
2
1
1
0
-1
0
0
0
1
2
2
2
2
1
0
-1
-2
-2
-3
-2
-2
-1
-1
-2
-3
-4
-5
-6
-7
-6
-5
-3
-1
-1
-1
-3
-7
-10
-12
-14
-13
-11
-6
-4
-2
-1
-1
-3
-7
-8
-8
-8
-3
0
3
6
8
10
8
6
3
1
-1
0
4
10
14
18
19
16
9
0
-5
-10
-8
-4
4
11
13
11
5
-5
-15
-20
-19
-14
-4
5
9
8
4
-6
-15
-21
-20
-15
-6
3
9
12
9
4
-5
-10
-12
-10
-6
1
9
13
15
13
6
0
-6
-10
-8
-2
9
20
26
29
25
16
4
-4
-9
-6
0
9
18
22
21
17
7
-1
-9
-12
-12
-9
-2
3
5
6
4
-2
-7
-14
-19
-21
-19
-16
-10
0
10
18
22
20
12
-2
-14
-22
-20
-8
10
28
37
37
26
9
-9
-20
-21
-13
-1
11
23
27
26
18
8
-4
-16
-23
-21
-11
4
21
36
38
28
10
-12
-28
-30
-18
1
18
27
24
9
-11
-26
-29
-23
-11
0
8
8
4
-1
-5
-6
-5
-3
-4
-3
-2
2
7
11
10
5
-2
-13
-23
-24
-19
-10
1
7
6
1
-12
-27
-35
-37
-34
-19
4
23
37
41
32
8
-17
-33
-35
-20
11
46
71
78
66
36
2
-26
-40
-38
-22
-1
18
28
30
24
4
-14
-31
-50
-61
-59
-52
-39
-18
3
16
22
16
0
-19
-39
-51
-51
-35
-10
23
55
73
64
39
0
-48
-78
-76
-47
1
56
88
85
52
-5
-68
-103
-101
-68
-13
47
83
82
55
18
-31
-70
-66
-43
-21
14
45
48
36
22
1
-18
-28
-31
-30
-26
-25
-23
-16
-2
4
4
11
6
-16
-28
-32
-32
-20
-2
13
29
30
18
12
11
8
12
23
31
22
2
-8
-13
-19
-8
21
35
35
29
7
-21
-42
-59
-51
-27
-13
-2
19
22
4
-11
-19
-31
-46
-45
-23
-10
-1
23
35
27
18
6
-8
-9
-3
8
29
48
47
31
23
11
-17
-12
21
17
10
33
14
-33
-29
-22
-38
-18
19
13
-4
-11
-27
-42
-38
-12
14
21
30
29
-2
-21
-13
-30
-22
30
31
8
30
22
-31
-31
-3
-3
-1
25
44
24
-5
8
13
-2
21
42
21
23
23
-15
3
38
-2
-3
44
-18
-86
-29
-17
-64
8
79
30
12
29
-26
-69
-34
-1
15
59
95
66
37
46
19
-25
7
17
-41
-39
-12
-46
-40
24
45
31
16
-3
-51
-132
-133
-59
-60
-26
119
142
67
96
81
-71
-121
-61
-83
-74
68
149
127
141
131
21
-67
-87
-96
-73
-13
49
110
108
56
55
27
-77
-68
-3
-70
-73
36
2
-58
24
40
-37
-20
30
-12
-69
-41
-12
-65
-70
27
61
42
86
111
59
-29
-105
-84
-56
-97
16
203
145
54
108
26
-160
-178
-72
-22
-25
65
184
101
-27
3
-11
-116
-116
-34
17
-3
-15
75
86
-41
-29
46
-42
-78
7
27
22
15
3
38
-14
-90
17
66
-24
37
65
-61
-62
-58
-107
12
56
-19
87
92
-101
-80
-11
-109
-72
64
75
54
41
3
-39
-75
-72
-19
43
45
-1
43
82
-49
-71
92
18
-128
43
90
-107
-45
95
24
-1
34
42
10
-135
-123
34
-47
-90
128
150
-7
31
75
-69
-156
-59
7
-41
45
213
102
-33
91
2
-237
-82
44
-120
-26
174
73
-23
16
0
-88
-152
-41
63
-58
-31
148
30
-82
65
32
-101
-19
-1
-74
20
75
-10
32
120
-9
-107
31
34
-95
1
118
75
41
7
29
41
-133
-99
138
1
-133
121
111
-153
-44
109
-83
-135
51
24
-81
10
79
32
10
43
59
-21
-84
-19
0
-50
19
118
79
26
14
-50
-78
-82
-132
3
138
-13
46
229
-18
-147
40
-70
-196
-9
71
14
61
129
44
-76
-42
-77
-209
-85
61
-14
66
242
115
-44
26
-18
-154
-86
33
79
103
113
161
70
-96
-32
-84
-214
13
77
-91
90
176
-81
-97
58
-46
-185
8
137
-84
-24
208
-45
-146
163
33
-203
75
157
-145
-76
158
-15
-134
65
84
-39
-6
50
43
-26
-57
26
-5
-47
72
48
-3
94
-11
-121
43
9
-155
60
161
-109
-29
154
-123
-145
120
-35
-99
131
28
-113
14
22
-98
-69
84
78
-75
23
153
-75
-121
125
3
-133
101
64
-102
74
62
-96
32
27
-99
-11
-17
-62
33
12
-14
44
-12
-47
5
-5
-9
16
26
26
-31
-31
47
-18
-35
101
39
-43
37
-58
-120
13
-23
-26
143
90
-12
35
-45
-121
-73
-90
-14
109
32
64
143
-62
-112
-12
-148
-101
53
-22
82
162
-6
40
35
-133
-56
-25
-65
33
24
41
89
1
39
54
-116
-101
-1
-92
-104
81
126
18
46
61
-52
-111
-135
-68
36
-7
59
182
30
-69
7
-69
-125
16
82
-1
33
115
-25
-98
61
18
-91
49
40
-104
-14
3
-88
38
49
-65
50
17
-144
-4
33
-56
71
51
-8
82
-54
-68
116
-26
-63
139
35
-79
16
-9
-70
-37
41
85
0
-35
31
-46
-112
4
69
43
13
9
34
-52
-97
28
6
-65
44
64
-48
-15
65
-55
-118
46
53
-49
54
118
-20
-41
77
7
-62
79
31
-98
50
65
-91
31
73
-103
-6
63
-90
-36
49
-21
-53
7
82
-12
-78
90
63
-147
-33
108
-95
-91
148
33
-87
27
-15
-70
2
39
56
28
-2
33
9
-15
52
53
-1
-9
17
34
-19
-30
-9
-63
-35
-4
-35
35
34
-97
-68
43
-34
-54
103
51
-54
75
87
-51
-2
80
-31
-72
93
105
-48
-10
68
-51
-113
-8
46
-26
-32
92
56
-103
-50
10
-71
-51
67
108
12
-40
13
-19
-51
-14
4
29
-16
-42
68
77
-44
-13
46
-79
-79
104
54
-49
83
44
-106
53
104
-73
16
68
-102
-36
90
15
7
38
-37
-78
-60
-32
-20
-30
43
40
-88
-11
40
-120
-27
87
-35
45
118
-7
19
12
-69
-1
46
47
90
72
-25
-106
-64
-44
-76
68
117
-53
-18
19
-136
-51
61
-43
27
105
-15
-9
61
-11
-43
59
46
-64
37
97
-65
-23
100
-76
-106
105
6
-79
101
13
-106
11
-25
-29
32
-95
-12
77
-111
30
158
-100
-69
49
-110
-81
96
68
19
92
49
-40
-17
-20
-1
31
-21
23
60
-54
-10
74
-88
-104
52
-42
-99
63
29
-118
-57
34
21
51
67
0
-33
-74
-86
28
115
78
42
72
13
-94
-63
-5
-7
-13
41
89
26
12
3
-78
-31
-8
-72
47
104
-28
14
50
-75
-16
37
-39
52
51
-75
-18
-5
-41
33
22
40
67
-94
-42
85
-109
-38
166
-58
-73
136
-3
-53
91
36
-39
-36
-28
18
-20
-7
114
28
-106
-9
3
-133
-58
70
27
-28
-22
48
-20
-160
26
80
-113
46
156
-9
-12
-7
-55
2
-14
16
169
63
-118
3
24
-116
-6
110
18
-1
49
2
-30
-15
-27
-8
10
17
62
43
-23
-7
18
-40
-23
57
-12
-53
32
4
-57
38
92
-3
4
34
-74
-58
5
-26
56
117
36
13
29
-24
-73
-42
33
-4
-21
152
96
-86
88
66
-150
-3
46
-13
95
41
67
184
2
-42
92
-48
-89
75
48
51
151
61
8
38
-73
-80
8
-85
-24
133
-8
0
111
-53
-93
-54
-72
26
9
-11
105
37
-89
31
88
-74
-15
124
-38
-34
90
-25
4
18
-62
86
-6
-117
109
-20
-157
69
-25
-158
37
36
-92
33
88
-81
-77
1
-36
-7
46
89
83
-11
19
56
-21
-2
72
80
30
35
117
26
-85
39
-19
-140
73
40
-109
95
12
-176
-46
-91
-126
-22
-57
15
50
-94
-64
-26
-91
5
21
-14
116
3
-103
84
-1
-65
154
77
-9
136
-32
-165
21
-61
-61
169
-3
-55
95
-182
-246
57
-44
-177
64
59
-119
-18
12
-67
-28
-34
-47
-7
1
-9
-31
-5
34
-52
-50
80
-67
-191
7
-69
-189
60
48
-114
24
-25
-238
-114
-6
-156
-86
91
-10
-109
-12
5
-121
-112
-23
-94
-73
66
6
-14
93
-52
-126
33
-85
-100
104
-43
-40
151
-25
-54
71
-101
-131
31
-13
-1
124
17
-67
18
-49
-95
63
51
-129
-37
77
-109
-120
92
27
-146
-70
15
-88
-136
-86
-36
-38
-129
-54
64
-114
-159
-26
-143
-173
-60
-108
-30
12
-159
-71
-40
-206
-82
-44
-74
46
-101
-114
80
-116
-180
94
16
-170
19
82
-127
-85
57
-26
-112
-28
76
-19
-108
70
64
-134
-4
120
-14
17
108
23
-7
60
70
40
58
93
31
-16
63
80
-28
-15
93
-38
-123
102
-1
-209
63
40
-206
52
99
-137
-18
-8
-94
52
-6
-19
178
12
-105
114
35
-87
61
35
-8
65
-19
11
87
-113
-136
43
-55
-97
111
77
-106
-39
-2
-163
-78
110
-28
-15
156
-23
-37
84
-92
0
97
-88
102
188
-82
33
147
-81
-26
141
-9
-24
77
-68
-54
96
-6
-14
95
-3
-100
-74
-28
-27
-70
34
105
-39
-9
80
-50
-77
-22
-7
39
-12
61
175
-36
-65
143
-43
-151
173
80
-179
119
132
-193
13
145
-84
-9
97
-29
-37
-1
-7
10
31
94
65
12
81
10
-71
47
41
-55
26
103
10
-35
55
-7
-119
-53
-43
-38
43
4
-5
66
-28
-103
27
63
-45
12
89
-1
29
82
-25
38
84
-79
-4
78
-61
-10
6
-66
53
15
-73
44
-14
-122
-51
-51
-36
46
2
-4
92
23
-77
12
6
-77
-17
15
66
103
5
41
39
-119
-46
7
-73
45
52
-87
-3
63
-46
-71
39
26
-116
-21
77
-92
-33
108
-55
-44
139
42
-117
-31
37
-106
-86
99
58
-5
50
12
-29
-14
-42
-32
-2
-20
5
66
46
4
64
8
-155
-54
18
-68
15
45
25
38
-80
-45
55
-52
-77
12
18
-2
44
54
13
46
-17
-62
94
35
-79
69
25
-80
96
98
-46
28
19
-97
-45
33
38
8
17
30
5
39
0
-26
81
6
-87
93
161
0
-1
149
64
-94
26
105
-7
-13
43
68
54
-36
-10
80
-53
-112
71
37
-120
12
134
-11
-51
115
70
-90
-4
77
-7
1
100
84
44
63
10
-22
31
-11
-11
83
34
8
61
11
-5
-5
-2
27
-24
14
78
-23
-27
72
40
-8
13
42
-2
-73
47
137
21
58
118
-20
-38
37
32
25
42
111
65
-11
107
27
-123
37
38
-102
75
142
-59
30
129
-63
-25
65
-98
-41
75
-43
58
161
-20
-21
14
-97
-52
-32
16
127
-22
0
133
-108
-75
137
-42
-19
120
-33
-16
102
5
3
107
21
-86
9
69
-32
-36
64
41
-46
3
86
-41
-121
28
-3
-80
111
115
-57
-22
-2
-61
-39
44
97
27
6
65
-13
-80
-1
30
-54
4
142
11
-70
53
-50
-133
9
30
12
46
19
2
-62
-97
3
-11
-35
111
65
-62
-2
-27
-101
-47
36
70
2
19
94
-86
-155
53
-14
-104
121
89
-67
25
-36
-105
-23
-49
-2
49
23
63
-34
-70
-2
-105
-36
100
-5
10
61
-70
-75
5
-27
-18
12
9
-17
-60
-7
-17
-92
13
51
-46
8
43
-52
-58
-12
7
47
11
1
61
-53
-84
34
-53
-41
86
-32
-61
61
-45
-150
9
21
-119
18
57
-106
-24
15
-73
-3
16
-27
13
-45
-68
80
17
-92
106
75
-161
-1
120
-92
-59
104
5
-62
9
37
-30
-90
-12
6
-61
24
41
-46
-23
-33
-65
-1
24
-3
5
-8
-63
-40
42
26
-29
17
17
-82
-38
44
-28
-16
33
-27
-3
31
-40
-55
-16
-27
-37
17
39
-34
-39
9
-50
-47
29
-47
-54
24
-46
-13
46
-41
-30
-11
-45
-19
-25
-12
13
-17
-10
25
5
-50
-4
1
-114
14
117
-75
-28
97
-74
-93
52
15
-9
8
-38
-7
-1
25
85
-23
-11
63
-94
-51
144
28
-68
88
71
-81
-2
75
-60
-109
49
85
-37
43
110
-88
-125
25
-8
-41
69
72
-38
-35
57
10
-96
-17
24
-76
3
104
63
38
-69
-57
-1
-127
30
131
-91
23
116
-84
-20
48
-104
-87
-18
-23
69
89
41
1
-82
-41
-7
-42
61
91
23
52
35
21
81
-4
-88
35
81
-7
65
184
74
-65
29
89
-27
6
116
71
36
69
121
98
-13
-19
11
0
27
51
108
81
-49
-13
0
-56
17
-19
-42
39
-31
-31
26
-19
-26
-91
-102
-14
-66
-95
10
10
-112
-83
23
-103
-157
-20
-76
-132
-16
-4
-56
-49
-72
-73
-20
-45
-32
41
-35
-61
78
57
2
126
99
-5
78
106
69
116
123
119
154
102
65
125
107
34
76
131
65
10
78
100
12
69
88
-59
15
55
-77
32
119
3
-6
59
3
-81
-34
-22
-110
-38
47
-57
-8
63
-139
-156
-63
-178
-132
-1
-60
-70
-16
-44
-92
-89
-59
-103
-129
-31
29
31
51
41
-9
-57
-42
24
1
5
79
13
43
119
-19
-6
65
-75
-62
101
79
-33
3
68
-2
-22
57
18
-42
0
-23
-24
73
51
-8
-2
-5
26
-29
-89
48
2
-130
55
92
-76
-12
10
-100
-72
-29
1
12
-17
49
40
-23
14
-23
-16
51
9
83
146
10
30
63
-73
-3
117
33
18
84
9
-103
-73
-32
-66
-62
-15
5
-67
-102
-39
-115
-177
-81
-59
-91
-68
-26
-38
-79
-84
-88
-18
0
-109
-46
17
-120
-78
65
-15
-40
45
-79
-124
22
-50
-112
14
43
5
4
76
61
-83
-32
37
-2
109
127
73
148
40
-12
131
27
8
136
14
43
123
-47
7
103
-52
-18
84
-48
-52
31
-68
-33
65
-37
-13
71
-19
-39
-3
-52
-49
42
40
9
57
39
-42
-80
-23
4
-106
-59
61
-10
-53
-31
-57
-142
-186
-90
-68
-131
-104
-86
-126
-125
-51
-57
-132
-98
-85
-128
-54
47
61
39
82
129
82
41
76
139
118
123
266
262
174
187
128
127
172
95
165
238
103
116
182
108
109
105
72
94
66
37
45
67
70
4
30
99
-23
-83
15
-36
-132
-36
7
-103
-33
33
-145
-139
-32
-162
-189
-29
-22
-112
-82
-70
-134
-131
-138
-121
-39
-51
-79
-38
-22
-98
-146
-43
-3
-56
30
88
-16
-48
7
-28
-28
45
54
58
60
28
15
-20
-32
23
28
19
61
27
-30
-23
-14
13
11
-17
7
-27
-80
-29
-4
5
63
21
-29
-16
-64
-67
-27
29
116
56
30
124
-20
-119
47
30
-18
141
177
91
62
36
-2
-3
48
94
126
121
91
93
57
67
92
-15
55
171
3
55
225
36
-49
110
69
-50
33
82
8
-15
11
46
-25
-96
-27
-71
-124
-36
-61
-107
-37
-101
-186
-77
-120
-231
-78
-51
-142
-41
-19
-107
-118
-93
-83
-109
-68
42
18
-59
31
60
-84
-106
3
14
-84
-39
109
39
-49
13
5
-25
-19
-41
-17
56
25
-41
62
162
61
-46
68
114
-96
-13
225
73
39
218
98
-13
108
91
-40
8
108
51
-19
85
128
-53
-93
26
-77
-189
-44
-14
-176
-101
13
-133
-134
-22
-103
-191
-148
-60
-77
-101
18
43
-39
-35
-17
1
-38
-108
18
80
-10
83
149
28
-68
-56
-3
-67
-68
92
27
-107
-34
-60
-177
-170
-150
-163
-166
-178
-161
-140
-195
-202
-140
-145
-124
-51
-52
-12
54
25
108
207
150
212
288
229
264
325
351
343
296
357
352
232
336
402
199
247
344
123
165
304
131
129
204
60
30
83
4
5
56
-26
-32
-11
-94
-66
-42
-96
-42
-18
-73
-63
-30
-62
-99
-26
37
-12
-15
28
-13
-101
-84
18
-8
-86
-24
-10
-93
-99
-81
-91
-130
-160
-166
-158
-74
-129
-214
-64
-122
-243
-114
-158
-182
-76
-163
-76
97
-63
-79
42
-81
-96
22
39
40
70
101
28
-9
79
15
-87
-13
52
-7
-52
83
103
-100
-72
0
-127
-108
-69
-63
20
-57
-84
12
-125
-184
-87
-163
-116
9
-68
-31
41
-57
-90
-106
-98
6
-55
-55
128
30
-125
-23
16
-89
-109
-21
-6
-51
-36
19
31
-73
-75
26
-48
-26
104
23
-20
38
-5
-34
15
42
-18
-34
61
15
-70
37
51
-45
-21
20
58
33
-18
86
105
-4
-2
44
67
19
-30
64
53
-45
26
49
21
33
-60
-23
86
2
37
142
48
0
45
57
79
70
56
99
85
3
53
100
-12
-20
39
14
36
38
7
22
-15
-39
-14
-5
11
-2
22
51
20
76
41
-74
-1
12
-53
48
162
134
36
24
10
-73
-66
19
90
69
6
76
70
-82
-66
15
-71
-115
-1
74
26
-55
-14
13
-157
-152
64
-4
-140
27
97
-72
-45
129
34
-138
24
161
-19
29
273
139
-34
151
238
50
61
239
153
66
191
222
151
114
137
131
76
156
191
52
36
109
41
-37
65
163
17
-104
11
21
-139
-84
55
-42
-98
3
-58
-142
-45
-59
-183
-112
3
-103
-187
-44
-47
-227
-155
-54
-166
-181
-92
-124
-191
-107
-54
-191
-149
10
-150
-251
-6
38
-155
-46
136
-27
-121
47
91
8
56
131
40
3
113
70
8
110
113
-13
-39
32
18
-51
-49
15
100
38
-48
111
98
-113
-13
102
40
108
173
135
133
114
39
-7
54
115
37
25
148
92
-78
-24
54
-54
-62
22
-19
-60
-78
-81
-24
-43
-57
-24
-47
-37
-40
-25
25
-23
-13
50
23
70
136
58
3
64
71
2
48
128
48
-55
-32
9
-46
-69
14
26
-69
-76
-32
-99
-131
-51
-26
-64
-48
-18
-74
-138
-133
-128
-130
-126
-122
-98
-112
-166
-145
-112
-159
-121
-61
-128
-85
15
-29
-17
63
88
64
27
107
164
47
52
197
154
44
133
212
112
17
50
68
-68
-96
71
62
-31
41
11
-150
-145
-81
-142
-124
7
-8
-93
-57
-47
-110
-148
-142
-62
-35
-119
-79
-9
-86
-114
-75
-44
-36
-128
-127
1
-16
-37
88
126
26
-14
43
69
42
133
266
205
165
278
208
67
180
245
134
179
330
287
146
190
254
91
23
182
193
96
156
227
154
74
82
93
64
58
74
74
83
52
-11
34
30
-91
-60
-12
-81
-77
-48
-68
-100
-114
-80
-87
-89
-41
-80
-107
-55
-80
-113
-62
-43
-74
-92
-64
-67
-125
-108
-69
-95
-76
-68
-96
-60
-74
-119
-48
-33
-103
-62
-4
-31
-40
-14
-14
-67
-75
-7
-15
-24
50
25
-41
-3
16
-29
-36
1
13
-13
-14
35
47
-24
-56
-26
-46
-68
-32
-1
9
-15
-60
-39
-18
-69
-75
-22
-26
-43
-27
-19
-15
-36
-65
-50
-26
-15
-15
-30
-17
-3
-28
-27
19
45
18
-17
11
60
21
-16
67
98
8
-1
67
55
1
11
45
21
-25
-15
1
-16
-2
22
-4
-13
-1
-58
-84
-17
5
20
76
73
54
38
-14
-5
41
42
70
105
92
88
58
9
15
7
-9
34
48
28
33
3
-17
14
5
2
55
39
-18
11
38
-9
-11
58
65
-7
-29
2
-54
-144
-79
4
-76
-108
-21
-68
-177
-135
-84
-131
-125
-43
-17
-56
-56
-24
-54
-77
-5
36
20
32
34
11
-8
-1
46
46
9
33
54
12
1
35
39
16
23
67
95
86
71
77
79
61
76
126
147
147
143
120
101
84
63
55
65
79
72
49
28
-2
-31
-59
-65
-36
-35
-63
-57
-43
-57
-74
-67
-42
-53
-78
-62
-46
-57
-70
-50
-18
-48
-85
-60
-79
-127
-86
-29
-34
-37
-15
-35
-81
-78
-28
15
36
65
87
54
7
6
18
41
94
122
119
100
59
17
-8
16
65
77
73
72
36
-5
-23
-25
2
24
-1
-21
-10
-24
-68
-63
-8
-7
-41
-12
13
-26
-39
-13
-6
2
24
29
36
49
24
-4
8
9
-12
-11
-7
-19
-22
-18
-18
-9
-4
-34
-79
-77
-39
-40
-28
51
83
20
1
23
-11
-43
-10
29
45
57
74
58
21
2
-39
-83
-53
-15
-34
-16
31
-3
-67
-75
-74
-92
-94
-70
-46
-35
-22
-13
-16
-7
-15
-60
-54
8
14
-5
42
77
22
-16
28
39
-11
-8
18
-14
-21
13
0
-19
3
-12
-72
-72
-24
-50
-100
-56
-14
-56
-76
-37
-33
-83
-102
-66
-51
-58
-37
-27
-38
-46
-56
-61
-42
-32
-41
-43
-44
-51
-54
-54
-43
-24
-18
-26
-33
-26
-22
-39
-35
2
8
-14
-1
24
5
-26
-16
11
2
-6
19
25
4
4
20
27
38
56
57
38
28
36
36
35
51
73
71
47
42
59
43
15
35
68
66
73
109
117
89
75
77
66
71
100
116
111
108
108
83
48
54
75
59
41
64
76
44
32
63
65
27
21
40
22
6
32
55
51
61
81
80
77
90
105
113
130
159
173
165
166
167
156
139
128
132
123
95
97
123
120
117
150
174
173
191
237
273
298
344
395
408
410
431
429
393
373
376
346
282
247
237
174
98
80
56
-24
-82
-95
-122
-165
-170
-156
-181
-217
-220
-234
-269
-270
-250
-257
-261
-241
-232
-243
-242
-221
-207
-195
-168
-136
-112
-92
-74
-53
-28
-17
-12
-1
-5
-27
-39
-55
-86
-112
-135
-176
-229
-270
-304
-357
-408
-423
-438
-478
-500
-490
-495
-517
-507
-472
-456
-443
-402
-358
-329
-294
-248
-204
-163
-122
-80
-45
-15
14
40
67
94
119
139
150
155
158
160
153
144
145
145
139
138
140
139
130
116
109
105
99
91
99
116
117
109
113
114
97
83
86
89
89
100
112
116
118
118
109
106
114
117
111
114
127
124
114
117
117
92
66
46
27
16
15
13
13
13
-3
-27
-38
-41
-48
-47
-35
-30
-31
-31
-38
-51
-53
-53
-65
-73
-69
-79
-104
-111
-107
-112
-119
-111
-107
-124
-136
-138
-137
-132
-111
-86
-75
-64
-55
-61
-72
-67
-57
-51
-39
-16
-8
-18
-32
-40
-58
-77
-78
-71
-70
-68
-66
-67
-76
-84
-87
-92
-93
-87
-81
-76
-60
-42
-34
-25
-7
9
19
41
78
111
147
190
223
249
277
294
302
319
339
343
346
362
365
353
347
352
345
337
346
361
368
384
406
413
417
419
405
374
340
301
244
176
107
25
-71
-175
-279
-386
-492
-586
-665
-728
-773
-807
-832
-845
-848
-849
-834
-803
-765
-722
-669
-617
-578
-540
-499
-468
-441
-403
-357
-315
-270
-215
-160
-114
-68
-16
33
81
131
183
230
270
300
320
326
321
303
276
248
218
181
147
115
77
35
-1
-34
-67
-93
-105
-112
-114
-112
-107
-104
-100
-96
-89
-81
-67
-54
-43
-27
-10
1
14
35
55
75
98
123
144
165
188
209
229
251
275
292
306
323
331
333
340
351
361
368
381
393
397
398
400
398
396
400
405
406
404
404
398
386
377
373
368
362
359
360
356
352
352
354
354
356
357
350
336
316
291
264
235
203
167
125
72
10
-59
-131
-198
-261
-317
-368
-419
-467
-518
-568
-613
-651
-682
-702
-713
-719
-722
-719
-714
-708
-696
-677
-655
-629
-597
-559
-516
-470
-419
-364
-316
-272
-232
-196
-165
-132
-96
-63
-35
-12
-2
-6
-20
-36
-48
-62
-66
-61
-60
-65
-74
-88
-106
-120
-123
-117
-103
-85
-67
-56
-50
-47
-46
-43
-33
-18
-1
14
28
37
39
40
43
46
47
51
54
56
57
58
62
67
75
81
91
99
110
123
141
161
186
215
246
275
303
327
349
367
387
406
429
450
473
494
509
520
527
529
529
529
528
524
520
511
495
472
442
405
362
317
268
218
167
115
60
3
-52
-106
-156
-197
-230
-257
-278
-292
-302
-309
-306
-296
-282
-261
-235
-208
-185
-163
-142
-122
-104
-85
-66
-46
-30
-14
-2
9
17
25
32
35
40
44
45
43
38
29
13
-11
-40
-77
-120
-167
-215
-263
-311
-354
-393
-428
-459
-485
-504
-517
-519
-507
-484
-446
-400
-346
-292
-239
-188
-140
-94
-49
-4
42
82
120
150
172
187
195
200
201
204
207
211
218
226
233
242
248
250
251
249
247
246
249
254
259
261
259
249
234
214
191
167
145
125
106
87
66
42
13
-17
-48
-77
-105
-125
-140
-151
-158
-166
-176
-185
-197
-207
-211
-212
-208
-200
-192
-184
-178
-176
-173
-171
-166
-161
-152
-141
-131
-119
-110
-103
-97
-91
-85
-81
-74
-68
-60
-53
-48
-46
-46
-50
-53
-57
-60
-61
-61
-61
-61
-62
-63
-65
-66
-65
-63
-60
-52
-44
-36
-25
-14
-4
4
9
13
14
15
18
20
24
24
22
15
4
-10
-25
-40
-51
-60
-68
-73
-80
-87
-96
-106
-116
-124
-127
-129
-125
-118
-109
-102
-96
-93
-90
-87
-84
-77
-66
-55
-42
-31
-23
-18
-14
-12
-10
-6
-2
3
6
10
13
15
16
19
19
21
22
21
21
23
26
32
39
46
52
58
61
65
68
74
81
90
99
109
118
125
131
135
136
135
135
134
136
139
141
143
144
140
133
123
114
106
100
97
96
95
92
88
81
72
61
51
44
39
35
34
34
33
32
28
24
19
14
11
10
10
12
14
15
17
18
17
16
14
14
14
15
18
23
28
34
40
44
45
43
39
33
27
20
14
5
-5
-17
-33
-52
-73
-99
-124
-146
-166
-182
-194
-201
-207
-208
-210
-208
-205
-199
-189
-174
-154
-131
-105
-79
-52
-29
-10
7
22
34
46
59
74
88
98
108
112
112
110
109
108
109
113
122
131
140
147
151
154
155
156
157
159
163
168
172
172
172
165
155
144
132
121
112
105
98
94
87
79
71
62
54
48
46
47
49
52
57
61
62
63
63
64
66
69
73
76
79
81
83
82
82
82
82
84
89
94
101
108
116
122
128
132
136
141
143
145
144
142
135
126
113
95
74
52
29
5
-19
-41
-64
-86
-107
-127
-146
-161
-173
-183
-189
-192
-195
-194
-194
-194
-194
-197
-198
-199
-201
-201
-200
-199
-199
-198
-197
-196
-194
-189
-182
-173
-161
-148
-132
-116
-99
-84
-68
-51
-33
-13
8
30
53
76
99
120
142
162
183
204
225
245
261
274
282
283
279
270
256
239
219
196
171
144
115
86
58
32
10
-5
-15
-16
-14
-4
8
25
43
62
82
102
120
136
149
157
159
155
143
125
100
69
34
-2
-41
-79
-117
-154
-189
-221
-248
-272
-290
-302
-309
-309
-304
-292
-276
-257
-235
-211
-187
-160
-133
-105
-76
-47
-18
9
36
61
83
104
125
144
162
180
198
214
229
241
251
257
261
261
260
257
253
247
240
232
222
209
197
182
168
154
142
130
120
111
102
93
84
72
60
46
31
15
-1
-19
-38
-59
-81
-106
-132
-159
-187
-215
-241
-263
-283
-300
-312
-321
-327
-331
-330
-325
-318
-306
-289
-268
-244
-218
-190
-161
-133
-105
-78
-52
-28
-4
16
35
51
63
72
76
77
74
66
56
43
29
15
-1
-17
-34
-51
-65
-78
-89
-99
-106
-110
-112
-110
-104
-98
-88
-79
-68
-57
-46
-35
-24
-15
-4
3
10
16
20
23
24
23
22
20
17
13
10
5
2
0
-3
-4
-6
-7
-7
-5
-3
0
6
12
19
27
36
45
54
62
71
77
83
87
91
92
92
90
86
80
71
61
49
37
24
10
-1
-14
-27
-38
-48
-58
-67
-75
-82
-89
-92
-97
-100
-103
-105
-106
-108
-111
-113
-116
-118
-122
-125
-129
-133
-136
-141
-145
-152
-157
-164
-171
-178
-185
-192
-199
-204
-210
-215
-218
-220
-223
-222
-220
-216
-211
-202
-193
-180
-167
-152
-135
-119
-101
-85
-67
-52
-35
-19
-5
8
19
30
40
48
56
64
70
77
85
93
102
113
127
140
156
173
191
209
231
254
276
301
325
348
372
393
414
435
451
465
480
491
498
505
506
507
505
500
492
482
469
455
438
420
401
379
356
332
307
280
252
224
194
165
136
105
74
45
15
-13
-41
-70
-97
-124
-148
-170
-191
-211
-229
-245
-260
-273
-283
-292
-299
-304
-308
-309
-309
-308
-306
-302
-298
-293
-286
-280
-272
-265
-258
-249
-241
-232
-225
-217
-209
-201
-193
-185
-178
-170
-163
-156
-149
-142
-136
-130
-124
-118
-112
-108
-103
-100
-96
-92
-87
-84
-80
-76
-72
-68
-64
-60
-56
-51
-46
-41
-37
-33
-28
-23
-19
-16
-12
-10
-6
-5
-2
0
3
5
8
10
12
15
18
22
27
31
36
41
47
53
58
65
70
75
80
84
88
91
93
95
95
96
94
92
89
85
81
76
71
66
60
53
47
40
35
28
23
17
13
9
5
2
0
-2
-4
-3
-4
-2
-1
1
3
6
10
14
18
22
28
33
39
44
51
57
64
71
79
87
95
103
111
118
126
133
139
146
150
155
158
161
162
162
159
155
151
146
138
129
119
109
96
83
69
54
40
23
7
-10
-25
-41
-56
-71
-84
-97
-109
-122
-131
-140
-146
-153
-157
-160
-161
-162
-161
-159
-155
-151
-147
-141
-136
-128
-122
-114
-107
-99
-90
-82
-73
-64
-55
-45
-34
-24
-14
-3
8
20
32
45
57
68
80
92
102
113
121
130
136
141
146
149
149
149
146
143
136
129
120
110
100
88
75
62
49
36
22
9
-3
-14
-25
-35
-42
-49
-56
-60
-65
-68
-69
-69
-69
-67
-66
-64
-61
-59
-55
-52
-47
-44
-40
-36
-31
-28
-24
-20
-15
-12
-8
-4
0
3
7
9
11
13
14
15
15
14
13
11
9
6
4
1
-2
-5
-8
-12
-13
-16
-17
-19
-21
-21
-21
-20
-20
-19
-19
-17
-15
-15
-13
-11
-9
-7
-5
-3
-1
1
4
6
9
11
14
17
18
21
22
24
25
26
26
26
24
24
21
20
17
14
11
7
3
-1
-4
-10
-14
-19
-22
-27
-31
-35
-39
-43
-47
-49
-53
-55
-57
-58
-60
-61
-61
-60
-60
-58
-58
-56
-54
-51
-47
-44
-41
-37
-35
-31
-28
-26
-22
-19
-16
-15
-13
-10
-9
-8
-7
-5
-5
-5
-4
-4
-4
-3
-3
-3
-4
-3
-3
-3
-2
-2
-1
0
1
2
4
4
6
7
9
10
12
14
15
15
16
16
16
16
16
15
15
13
13
12
10
10
9
8
8
8
8
7
6
7
7
7
7
7
6
6
6
7
6
6
7
6
6
7
8
8
9
10
10
12
14
15
16
18
20
20
23
24
25
26
28
29
30
31
32
34
34
34
35
35
35
34
35
35
35
34
33
33
32
32
32
32
31
31
31
30
30
29
29
28
27
26
26
24
23
21
19
17
15
13
12
10
8
6
4
2
1
-1
-2
-3
-5
-6
-7
-10
-10
-13
-13
-15
-17
-18
-20
-22
-25
-26
-29
-31
-33
-35
-37
-38
-40
-41
-41
-42
-43
-44
-44
-44
-44
-43
-43
-42
-42
-41
-40
-39
-38
-37
-35
-34
-34
-32
-31
-30
-28
-27
-26
-24
-23
-21
-19
-17
-17
-14
-12
-10
-9
-7
-4
-2
-1
1
4
6
8
10
12
14
15
16
17
20
22
22
23
25
27
28
30
31
34
36
38
39
41
42
44
47
49
51
52
55
56
58
59
60
61
63
63
64
65
64
63
63
62
60
58
55
52
49
43
40
34
29
24
17
11
5
-3
-10
-17
-24
-30
-38
-44
-51
-57
-64
-69
-74
-79
-84
-88
-91
-95
-96
-99
-100
-101
-101
-101
-103
-101
-100
-99
-97
-94
-91
-89
-85
-81
-78
-74
-70
-67
-61
-58
-53
-48
-44
-40
-36
-31
-26
-22
-18
-14
-9
-6
-2
0
5
9
11
14
18
21
23
25
28
29
31
33
34
36
37
38
39
40
40
41
41
41
42
42
43
42
42
42
41
40
40
40
38
38
36
35
34
33
33
31
30
29
28
27
25
23
22
21
20
18
16
13
12
10
7
5
4
1
-1
-3
-5
-7
-9
-10
-13
-14
-15
-16
-18
-18
-19
-21
-21
-23
-23
-24
-24
-24
-25
-26
-26
-26
-28
-27
-27
-28
-28
-27
-28
-27
-28
-28
-26
-26
-26
-26
-26
-26
-24
-25
-23
-23
-22
-20
-20
-19
-19
-17
-15
-14
-13
-12
-11
-10
-9
-8
-6
-5
-4
-3
-1
0
2
4
5
6
7
9
10
12
13
14
15
17
18
19
21
22
24
25
26
28
30
31
33
34
35
37
37
38
40
41
41
43
42
45
44
45
45
46
46
47
46
46
0
0
0
0
0
0
0
0
0
0
0
0
0
0
0
0
0
0
0
0
0
0
0
0
0
0
0
0
0
0
0
0
0
0
0
0
0
0
0
0
0
0
0
0
0
0
0
0
0
0
0
0
0
0
0
0
0
0
0
0
0
0
0
0
0
0
0
0
0
0
0
0
0
0
0
0
0
0
0
0
0
0
0
0
0
0
0
0
0
0
0
0
0
0
0
0
0
0
0
0
0
0
0
0
0
0
0
0
0
0
0
0
0
0
0
0
0
0
0
0
0
0
0
0
0
0
0
0
0
0
0
0
0
0
0
0
0
0
0
0
0
0
0
0
0
0
0
0
0
0
0
0
0
0
0
0
0
0
0
0
0
0
0
0
0
0
0
0
0
0
0
0
0
0
0
0
0
0
0
0
0
0
0
0
0
0
0
0
0
0
0
0
0
0
0
0
0
0
