0
0
0
0
0
0
0
0
0
0
0
0
0
0
0
0
0
0
0
0
0
0
0
0
0
0
0
0
0
0
0
0
0
0
0
0
0
0
0
0
0
0
0
0
0
0
0
0
0
0
0
0
0
0
0
0
0
0
0
0
0
0
0
0
0
0
0
0
0
0
0
0
0
0
0
0
0
0
0
0
0
0
0
0
0
0
0
0
0
0
0
0
0
0
0
0
0
0
0
0
0
0
0
0
0
0
0
0
0
0
0
0
0
0
0
0
0
0
0
0
0
0
0
0
0
0
0
0
0
0
0
0
0
0
0
0
0
0
0
0
0
0
0
0
0
0
0
0
0
0
0
0
0
0
0
0
0
0
0
0
0
0
0
0
0
0
0
0
0
0
0
0
0
0
0
0
0
0
0
0
0
0
0
0
0
0
0
0
0
0
0
0
0
0
0
0
0
0
-57
-63
-68
-73
-79
-83
-87
-91
-93
-96
-97
-99
-100
-100
-98
-98
-94
-91
-88
-84
-77
-73
-67
-59
-52
-44
-36
-27
-19
-10
-2
6
15
23
30
39
45
52
57
62
68
72
74
77
78
79
79
78
77
74
71
68
64
59
53
47
41
35
28
21
16
8
1
-5
-11
-18
-22
-28
-33
-37
-41
-44
-46
-48
-49
-49
-48
-48
-45
-43
-39
-36
-32
-27
-21
-15
-7
0
7
15
24
33
41
51
60
70
79
89
99
108
117
126
135
142
150
156
161
166
169
172
173
172
170
168
164
158
150
140
130
117
104
87
71
52
34
13
-9
-31
-54
-76
-101
-124
-147
-170
-191
-212
-232
-250
-266
-281
-293
-303
-310
-315
-317
-317
-314
-307
-298
-287
-272
-256
-236
-214
-190
-165
-137
-109
-79
-48
-16
15
46
76
106
135
163
188
211
233
251
268
281
291
299
302
301
299
292
284
272
255
238
217
194
169
142
114
85
54
22
-8
-41
-71
-102
-132
-159
-186
-211
-232
-254
-272
-286
-299
-308
-313
-316
-317
-313
-308
-297
-286
-270
-252
-232
-209
-186
-160
-131
-103
-74
-43
-13
17
47
77
106
132
158
181
204
223
241
256
268
278
284
288
289
287
283
275
266
254
240
226
208
189
169
148
126
106
84
64
44
23
5
-11
-27
-40
-52
-62
-70
-75
-78
-79
-78
-75
-69
-63
-53
-45
-33
-20
-8
5
19
33
46
57
70
80
89
96
102
107
109
107
106
101
95
86
76
63
50
35
18
0
-19
-39
-59
-78
-98
-117
-136
-154
-170
-186
-199
-211
-220
-227
-232
-235
-235
-234
-230
-222
-214
-203
-190
-176
-159
-141
-122
-102
-80
-58
-36
-14
9
31
52
73
92
111
129
143
158
169
179
187
193
196
196
195
192
187
179
170
157
142
128
111
92
74
53
32
10
-10
-32
-52
-74
-94
-114
-132
-149
-164
-177
-190
-200
-208
-213
-217
-219
-218
-214
-209
-201
-192
-180
-167
-152
-134
-116
-96
-75
-53
-31
-8
14
38
60
82
103
123
144
161
177
192
205
216
225
231
235
237
237
235
230
223
214
205
192
178
163
145
128
110
91
72
54
36
18
1
-17
-31
-44
-56
-66
-75
-82
-86
-89
-90
-89
-86
-82
-76
-68
-60
-50
-39
-28
-17
-4
7
18
29
39
48
55
62
68
71
72
72
70
66
61
54
45
35
23
10
-4
-19
-34
-50
-66
-82
-97
-113
-127
-140
-153
-165
-175
-182
-189
-194
-198
-199
-198
-196
-191
-186
-179
-169
-159
-146
-133
-119
-103
-87
-70
-54
-36
-19
0
17
34
51
67
83
97
111
123
133
144
151
158
163
166
167
167
165
161
155
148
139
128
115
102
87
72
55
39
21
3
-15
-33
-51
-70
-87
-102
-117
-131
-143
-154
-164
-172
-178
-181
-184
-184
-182
-178
-172
-165
-157
-146
-133
-120
-105
-90
-73
-56
-38
-19
-2
16
34
51
68
84
99
114
126
138
149
158
166
171
176
179
180
179
179
176
170
165
157
149
140
130
120
109
97
86
74
63
52
41
31
23
13
6
0
-4
-9
-12
-14
-15
-14
-13
-11
-7
-4
0
7
12
18
24
31
37
42
47
52
55
57
59
60
59
57
54
50
45
39
30
22
13
4
-8
-19
-31
-43
-55
-67
-78
-90
-100
-111
-121
-129
-135
-141
-146
-150
-152
-153
-153
-151
-148
-143
-138
-132
-124
-116
-107
-96
-85
-74
-62
-49
-38
-24
-11
0
13
24
36
49
59
69
79
88
96
102
109
113
118
122
123
123
124
121
118
115
109
102
96
87
78
67
55
43
30
17
3
-12
-25
-40
-54
-68
-82
-96
-107
-120
-131
-140
-149
-155
-161
-164
-166
-168
-167
-164
-160
-154
-147
-139
-129
-117
-105
-91
-77
-62
-47
-30
-13
2
19
35
50
65
78
93
104
116
125
133
141
146
150
153
153
153
152
147
143
137
129
122
113
104
93
82
70
59
49
37
26
17
7
-1
-9
-18
-24
-29
-33
-36
-38
-38
-39
-37
-35
-32
-27
-22
-18
-11
-6
1
9
15
20
27
33
38
42
45
48
51
52
52
50
49
46
42
38
32
24
18
10
2
-7
-17
-26
-35
-44
-54
-63
-71
-80
-87
-94
-100
-105
-110
-114
-116
-118
-118
-118
-117
-115
-111
-108
-102
-96
-90
-82
-74
-67
-58
-48
-38
-29
-18
-8
2
11
22
32
41
49
57
66
73
79
84
89
93
95
98
99
98
98
97
93
89
85
79
72
64
57
48
39
28
18
8
-2
-13
-23
-34
-43
-53
-63
-72
-79
-86
-93
-99
-103
-107
-107
-109
-109
-108
-107
-102
-99
-94
-88
-80
-74
-65
-56
-46
-38
-28
-17
-7
3
13
24
33
42
50
60
67
73
81
86
90
93
97
100
100
101
103
101
98
98
96
92
88
85
80
75
71
68
62
57
55
48
44
41
38
33
30
30
26
25
25
23
22
23
23
23
23
25
26
25
26
28
28
27
28
27
27
25
24
21
19
16
13
8
5
0
-4
-10
-17
-22
-28
-34
-39
-45
-51
-56
-61
-66
-71
-73
-76
-80
-81
-82
-82
-83
-83
-81
-79
-77
-75
-72
-68
-63
-59
-56
-49
-44
-40
-35
-27
-23
-19
-13
-8
-3
1
7
9
11
17
20
19
23
28
28
25
30
31
27
27
30
26
21
23
23
16
13
13
10
2
0
-1
-9
-13
-14
-18
-28
-31
-32
-38
-44
-46
-48
-55
-57
-55
-60
-66
-63
-60
-66
-68
-61
-60
-63
-61
-53
-51
-52
-44
-35
-38
-33
-19
-16
-19
-8
6
4
5
19
29
24
29
42
46
45
51
59
57
56
65
68
64
63
68
69
63
62
65
64
60
59
58
54
51
52
49
44
43
44
40
37
37
39
37
36
39
39
39
40
43
43
44
48
51
49
51
54
53
54
54
54
51
49
47
43
39
36
29
23
18
11
2
-5
-12
-20
-29
-36
-44
-54
-62
-67
-74
-82
-90
-92
-96
-102
-106
-107
-105
-107
-108
-104
-102
-101
-98
-92
-88
-82
-77
-70
-63
-57
-52
-44
-36
-30
-26
-18
-8
-5
-4
7
14
11
13
25
28
23
28
36
32
29
36
36
30
31
34
31
26
26
28
19
16
18
14
6
4
5
-1
-10
-10
-9
-18
-26
-23
-24
-37
-39
-30
-38
-52
-46
-37
-51
-59
-45
-42
-56
-55
-39
-43
-51
-42
-30
-32
-34
-21
-11
-12
-11
2
10
12
14
28
42
39
37
55
69
60
58
81
89
76
77
98
98
84
90
103
98
86
91
100
92
80
85
91
78
66
77
79
62
54
69
65
47
48
60
52
41
48
55
45
42
49
50
46
47
51
51
52
52
49
51
50
46
45
45
38
34
33
23
10
11
4
-11
-19
-20
-37
-53
-55
-65
-86
-92
-90
-105
-125
-122
-123
-140
-149
-141
-140
-152
-150
-138
-139
-144
-135
-121
-117
-115
-99
-85
-80
-74
-59
-45
-40
-30
-15
-3
2
9
19
26
30
34
39
49
51
46
48
53
47
38
44
47
33
28
32
22
8
7
5
-7
-9
-7
-24
-33
-24
-35
-57
-46
-33
-58
-69
-44
-48
-83
-77
-46
-63
-89
-62
-42
-73
-86
-54
-47
-76
-71
-35
-38
-67
-54
-24
-40
-54
-23
-3
-25
-28
2
4
-13
2
28
21
17
37
44
38
45
56
57
65
74
67
72
87
79
66
92
102
74
76
107
91
61
88
111
77
64
103
101
64
77
110
93
71
99
116
96
92
117
122
108
118
140
137
127
140
149
137
135
153
147
126
130
136
107
85
98
87
43
32
41
3
-44
-45
-52
-103
-132
-123
-146
-192
-209
-211
-238
-265
-265
-261
-274
-286
-284
-280
-278
-274
-262
-237
-220
-209
-186
-156
-136
-120
-89
-57
-32
-4
29
54
71
84
105
127
147
162
176
182
178
173
175
175
168
163
157
138
116
101
81
54
38
26
6
-13
-30
-56
-85
-104
-114
-118
-122
-134
-152
-164
-174
-182
-171
-152
-153
-164
-159
-152
-155
-141
-111
-100
-105
-96
-79
-72
-66
-49
-30
-24
-19
-2
11
9
5
20
42
47
52
68
63
39
48
85
97
89
96
96
68
67
108
129
111
105
108
92
87
117
136
118
103
109
110
103
115
127
115
104
121
138
131
122
127
129
129
156
188
185
160
158
172
185
210
245
247
215
200
213
225
232
247
245
213
184
175
165
142
121
102
76
43
12
-25
-76
-127
-161
-179
-194
-224
-271
-331
-388
-417
-415
-400
-401
-424
-463
-496
-498
-469
-425
-392
-373
-369
-365
-340
-288
-234
-187
-141
-100
-63
-23
21
61
98
138
183
228
263
281
286
289
298
316
340
354
342
312
278
251
233
226
216
191
147
92
39
1
-27
-48
-71
-105
-152
-204
-245
-267
-275
-280
-289
-307
-334
-354
-354
-337
-317
-302
-296
-293
-285
-269
-237
-200
-175
-156
-136
-113
-88
-60
-29
-5
16
41
66
77
82
91
101
120
148
163
150
126
114
117
135
167
182
153
106
84
90
112
142
158
127
75
49
61
88
114
126
109
78
63
78
104
123
135
139
143
153
161
167
172
189
219
255
282
276
248
236
263
316
366
384
352
290
254
278
337
374
347
267
169
116
131
180
185
109
-17
-128
-175
-155
-119
-138
-237
-373
-470
-485
-440
-404
-429
-513
-607
-651
-620
-546
-492
-500
-542
-566
-538
-464
-379
-323
-313
-313
-279
-203
-113
-46
-12
5
31
91
172
240
268
267
271
304
357
405
420
398
361
346
365
393
395
355
289
231
207
208
207
174
104
20
-42
-65
-72
-94
-142
-208
-272
-316
-326
-323
-339
-378
-414
-432
-433
-422
-407
-403
-413
-413
-388
-350
-320
-297
-273
-249
-218
-170
-119
-84
-64
-33
10
58
101
133
148
158
179
220
266
294
295
283
277
288
313
343
356
338
301
279
279
290
300
304
281
238
205
198
205
214
219
210
178
148
139
149
169
189
197
189
170
163
173
197
226
246
255
257
258
260
262
268
279
291
306
316
296
243
185
156
159
183
198
158
48
-78
-152
-152
-112
-88
-137
-270
-427
-520
-508
-440
-395
-430
-545
-675
-735
-692
-591
-514
-514
-581
-650
-654
-575
-454
-356
-322
-341
-360
-327
-234
-119
-25
24
34
39
73
147
234
304
345
355
353
361
390
431
462
473
463
435
409
394
389
380
358
321
272
220
177
138
98
50
-5
-66
-125
-174
-221
-272
-324
-370
-411
-445
-473
-501
-532
-560
-571
-568
-556
-547
-545
-546
-537
-506
-453
-396
-353
-327
-306
-271
-211
-132
-56
-5
16
31
61
117
187
244
269
264
254
265
299
343
372
365
335
307
300
315
332
334
311
274
241
228
232
237
229
210
192
178
175
184
186
182
179
184
196
213
228
233
230
231
248
274
304
331
344
339
332
332
345
370
401
420
404
353
296
259
259
284
301
265
159
34
-47
-60
-29
-12
-67
-199
-354
-447
-445
-394
-370
-426
-549
-677
-732
-692
-609
-561
-588
-667
-729
-719
-639
-535
-465
-460
-488
-494
-445
-351
-253
-185
-155
-149
-130
-80
-4
75
136
172
189
200
225
263
312
357
380
376
353
334
334
354
374
373
334
273
218
193
191
187
152
78
-13
-87
-122
-131
-152
-209
-296
-382
-433
-442
-433
-442
-484
-542
-581
-578
-542
-501
-483
-489
-501
-487
-436
-362
-293
-249
-224
-198
-151
-77
8
81
128
153
180
225
286
348
388
403
403
410
435
468
493
491
469
447
441
453
463
453
419
376
347
343
345
334
301
262
232
224
229
226
206
181
168
174
190
196
188
176
176
195
217
229
229
230
242
263
278
275
260
262
290
320
316
271
209
170
180
222
235
171
49
-56
-90
-63
-30
-55
-161
-302
-400
-413
-371
-346
-388
-488
-593
-647
-630
-576
-539
-555
-609
-653
-655
-607
-532
-468
-442
-446
-448
-417
-347
-257
-179
-134
-118
-102
-63
7
90
161
201
217
226
252
300
358
406
424
417
399
391
402
424
439
427
393
342
294
266
255
245
213
154
77
-1
-58
-84
-96
-128
-197
-290
-374
-416
-420
-409
-426
-489
-569
-616
-604
-556
-520
-523
-561
-592
-579
-512
-425
-368
-357
-362
-342
-279
-186
-97
-40
-19
-7
28
96
177
243
278
284
285
306
352
403
433
430
409
396
401
422
433
422
392
362
344
341
336
318
288
260
245
238
228
212
197
185
179
178
173
163
158
168
182
184
169
161
173
198
218
224
214
196
186
199
221
235
225
194
150
108
94
110
127
100
19
-78
-137
-135
-104
-102
-165
-279
-383
-418
-385
-348
-368
-450
-547
-603
-594
-545
-504
-515
-568
-613
-612
-566
-503
-457
-439
-446
-447
-419
-361
-293
-236
-200
-177
-159
-129
-75
-10
53
97
122
135
153
191
245
297
326
331
323
324
343
375
398
398
378
357
344
338
333
318
292
260
229
195
154
110
71
39
9
-34
-88
-147
-192
-216
-228
-249
-291
-339
-374
-382
-372
-365
-371
-390
-402
-389
-355
-318
-293
-277
-256
-221
-172
-120
-75
-40
-4
41
92
135
171
204
239
275
309
336
356
373
391
411
427
435
439
440
443
443
440
434
425
416
407
396
384
374
361
350
338
326
315
307
299
293
284
275
268
261
257
254
249
241
232
229
230
229
218
199
179
172
182
190
171
120
67
42
51
73
62
-6
-100
-162
-163
-134
-130
-183
-276
-362
-396
-379
-357
-377
-436
-500
-542
-549
-534
-519
-522
-539
-558
-568
-563
-542
-505
-468
-446
-444
-444
-428
-382
-318
-260
-232
-228
-221
-189
-128
-59
-10
10
11
22
57
110
157
184
188
184
191
212
237
254
255
249
239
229
221
213
201
184
164
139
106
68
34
6
-17
-48
-86
-129
-172
-208
-233
-251
-275
-308
-341
-366
-380
-387
-389
-393
-399
-406
-403
-387
-365
-341
-318
-297
-277
-247
-210
-166
-123
-88
-58
-29
6
49
93
129
157
178
201
228
261
289
305
315
323
335
347
358
362
357
349
343
342
340
333
322
312
299
288
282
278
275
266
254
243
239
241
245
242
236
234
233
235
238
243
246
252
258
255
237
224
235
257
263
238
191
148
135
154
172
143
64
-14
-51
-44
-32
-53
-118
-203
-267
-285
-278
-283
-320
-378
-431
-461
-468
-465
-462
-469
-488
-506
-513
-502
-477
-443
-416
-404
-403
-394
-363
-315
-261
-221
-199
-188
-171
-132
-77
-21
18
36
45
59
90
138
179
203
207
202
207
227
252
269
268
256
243
237
236
232
220
202
180
157
133
107
77
51
28
0
-34
-73
-110
-141
-160
-175
-201
-240
-273
-294
-299
-299
-303
-318
-337
-342
-328
-304
-284
-273
-264
-250
-223
-187
-147
-116
-89
-61
-30
6
41
79
114
142
166
188
211
239
265
288
298
301
304
314
329
341
340
328
311
303
307
316
316
299
275
254
251
262
273
266
244
220
214
228
244
249
239
223
217
223
238
248
251
248
246
241
231
226
233
243
242
218
178
141
126
135
141
112
46
-23
-64
-69
-64
-82
-138
-217
-279
-306
-306
-310
-339
-388
-441
-477
-488
-482
-474
-475
-490
-508
-520
-511
-480
-439
-409
-397
-396
-388
-356
-306
-249
-206
-186
-175
-155
-115
-59
-4
34
53
63
80
114
157
195
216
220
218
223
235
253
266
268
259
244
227
215
203
198
189
169
133
90
52
29
19
4
-32
-89
-144
-178
-188
-191
-208
-251
-304
-339
-343
-327
-319
-334
-365
-385
-381
-351
-320
-303
-300
-298
-278
-241
-196
-156
-127
-103
-74
-40
-3
39
78
111
136
154
174
199
231
259
275
276
274
279
291
307
316
310
293
276
268
271
280
281
268
240
215
211
229
253
257
234
204
191
214
257
287
279
245
222
236
280
322
332
305
266
249
267
303
327
310
261
205
174
177
196
196
153
71
-8
-49
-50
-41
-64
-132
-227
-298
-323
-314
-311
-344
-407
-468
-504
-506
-488
-477
-486
-509
-528
-530
-514
-479
-441
-411
-396
-390
-375
-340
-283
-219
-170
-144
-133
-112
-66
-2
59
101
118
123
138
177
229
271
291
290
283
284
299
322
336
331
308
279
258
247
239
226
197
157
111
69
37
11
-19
-59
-106
-156
-199
-231
-258
-287
-320
-354
-385
-407
-418
-425
-430
-435
-437
-433
-422
-402
-378
-351
-323
-296
-264
-225
-182
-139
-95
-53
-15
24
65
109
152
187
217
242
265
290
315
339
351
357
353
354
361
369
370
361
344
329
322
321
322
318
305
290
279
278
286
298
305
301
294
296
313
336
352
355
356
366
386
400
397
378
370
387
415
415
366
291
241
248
285
286
208
77
-30
-61
-33
-18
-76
-203
-337
-417
-420
-392
-396
-462
-562
-647
-681
-662
-624
-602
-616
-658
-692
-691
-643
-570
-505
-473
-471
-469
-440
-372
-280
-193
-138
-116
-107
-78
-10
81
165
212
220
216
233
285
355
408
425
409
385
378
395
420
435
422
379
326
281
256
243
225
188
123
41
-32
-81
-112
-143
-190
-258
-335
-406
-452
-474
-486
-506
-547
-598
-638
-647
-623
-591
-574
-581
-593
-581
-535
-467
-405
-364
-344
-316
-264
-187
-105
-44
-5
25
68
127
192
247
284
307
323
342
370
399
420
428
421
406
390
384
393
403
394
357
312
287
297
324
332
306
263
237
255
301
337
343
322
307
327
372
417
443
458
467
468
459
449
466
513
555
542
449
326
260
302
393
403
262
37
-127
-148
-67
-13
-88
-293
-521
-646
-620
-523
-488
-583
-758
-903
-941
-878
-778
-720
-747
-831
-899
-882
-781
-652
-557
-525
-538
-547
-508
-402
-260
-137
-75
-68
-66
-25
70
192
301
360
365
350
363
425
514
586
609
586
545
518
526
558
581
562
497
416
354
316
286
249
193
121
30
-66
-154
-222
-272
-311
-362
-443
-550
-648
-697
-690
-665
-679
-742
-817
-850
-817
-738
-666
-641
-657
-664
-618
-516
-398
-307
-257
-228
-186
-109
-1
112
196
238
261
297
357
430
493
528
538
535
531
537
553
568
567
548
513
475
449
439
438
430
406
372
347
337
340
349
356
361
368
383
406
436
463
484
505
542
599
655
671
641
607
616
671
742
771
705
540
375
348
473
581
488
199
-84
-198
-149
-65
-68
-220
-499
-773
-884
-791
-655
-663
-843
-1060
-1183
-1184
-1096
-968
-880
-908
-1025
-1103
-1038
-857
-674
-563
-525
-526
-524
-464
-305
-94
67
118
106
117
188
307
446
572
637
622
574
567
634
726
788
793
748
668
587
550
568
595
561
453
317
200
122
70
28
-30
-127
-262
-407
-518
-581
-617
-655
-716
-806
-907
-987
-1012
-988
-954
-943
-962
-988
-988
-945
-859
-755
-670
-623
-596
-544
-443
-310
-181
-88
-24
27
93
186
293
386
445
470
485
507
545
590
621
621
592
556
532
525
523
514
492
450
396
352
340
352
360
342
307
279
283
321
369
398
405
421
467
524
560
597
671
763
797
759
720
736
794
855
904
885
710
423
265
409
666
648
256
-202
-403
-355
-262
-231
-291
-526
-947
-1308
-1306
-997
-783
-924
-1264
-1502
-1548
-1475
-1305
-1059
-908
-1011
-1252
-1307
-1049
-690
-476
-421
-396
-363
-327
-221
22
306
450
428
397
474
607
705
780
873
940
919
847
814
841
864
851
829
799
717
573
441
387
386
363
275
142
-15
-177
-305
-350
-322
-327
-466
-717
-927
-965
-865
-778
-821
-970
-1115
-1171
-1123
-1003
-882
-836
-886
-959
-947
-821
-652
-532
-478
-456
-421
-350
-236
-93
40
123
164
214
299
395
468
518
562
601
619
619
616
618
610
592
581
580
562
508
444
416
434
452
443
409
373
344
334
363
422
471
480
468
470
506
582
683
781
844
877
913
966
1012
1031
1050
1092
1125
1115
1077
1013
853
594
402
456
650
637
244
-279
-565
-545
-440
-422
-503
-696
-1045
-1438
-1592
-1386
-1074
-1015
-1264
-1557
-1662
-1581
-1407
-1183
-965
-871
-942
-1022
-913
-617
-323
-158
-75
20
141
259
375
509
642
746
832
925
1005
1030
998
961
966
1012
1059
1054
963
804
647
558
544
536
464
318
139
-27
-145
-210
-245
-312
-446
-620
-760
-816
-823
-863
-977
-1106
-1158
-1108
-1027
-1009
-1069
-1133
-1128
-1036
-895
-764
-693
-695
-722
-699
-580
-406
-263
-207
-215
-215
-154
-34
99
195
230
231
243
291
359
411
430
423
408
395
393
394
386
356
324
316
347
388
393
355
317
323
373
430
463
469
468
473
488
520
562
593
602
605
638
717
810
867
877
882
909
943
960
965
977
991
974
922
844
711
480
211
78
169
312
218
-191
-676
-946
-943
-828
-766
-814
-982
-1248
-1517
-1635
-1537
-1339
-1226
-1270
-1387
-1441
-1371
-1220
-1063
-953
-879
-777
-602
-382
-197
-97
-47
27
177
391
615
773
811
746
671
687
808
954
1013
945
796
647
562
547
550
520
437
319
214
136
71
-2
-89
-172
-231
-262
-282
-322
-404
-518
-623
-669
-640
-580
-563
-621
-714
-760
-722
-624
-532
-488
-489
-501
-486
-427
-340
-265
-234
-235
-236
-212
-169
-125
-98
-91
-92
-74
-23
45
86
85
66
77
133
209
266
281
268
254
264
294
327
352
369
384
387
374
355
345
356
384
413
427
413
371
321
293
294
306
305
285
251
217
184
158
139
127
130
147
169
186
195
212
248
289
310
303
296
321
384
454
494
483
414
310
210
170
211
296
337
266
92
-100
-220
-231
-183
-155
-204
-317
-441
-515
-535
-547
-597
-678
-744
-738
-657
-559
-507
-535
-608
-646
-583
-419
-224
-82
-28
-29
-25
20
107
199
264
294
300
308
334
357
349
300
233
186
186
228
276
287
242
164
99
80
106
141
147
122
81
50
44
53
49
19
-35
-83
-102
-90
-69
-71
-110
-171
-222
-248
-257
-263
-277
-294
-298
-283
-264
-263
-289
-326
-347
-331
-280
-222
-188
-186
-196
-200
-191
-170
-145
-114
-77
-26
30
75
86
72
60
83
135
183
205
206
208
218
225
216
193
163
140
144
177
217
220
177
120
92
105
137
152
139
115
97
100
114
124
121
110
103
105
118
136
160
192
230
268
297
318
338
355
366
370
380
401
438
472
475
425
320
185
79
48
90
141
120
-4
-195
-372
-470
-485
-471
-488
-561
-653
-717
-732
-729
-754
-821
-887
-897
-813
-664
-521
-444
-448
-483
-475
-386
-229
-70
39
87
110
141
192
238
259
249
230
232
267
317
347
333
275
197
133
108
126
166
186
168
116
64
28
4
-18
-41
-51
-45
-33
-32
-54
-108
-177
-230
-238
-208
-175
-174
-212
-262
-298
-307
-297
-284
-272
-255
-232
-205
-193
-199
-218
-225
-203
-147
-73
-20
-9
-30
-58
-64
-40
4
70
140
187
195
177
160
162
167
165
167
196
248
290
283
222
141
83
81
123
177
209
216
208
198
185
173
157
150
163
206
269
316
321
288
254
241
243
252
282
353
455
545
582
570
538
523
540
583
631
661
671
671
664
624
513
331
122
-29
-68
-10
56
29
-135
-384
-616
-752
-778
-752
-743
-778
-827
-845
-816
-781
-795
-871
-950
-950
-819
-589
-352
-197
-154
-183
-207
-164
-53
85
208
301
374
438
493
517
493
430
363
333
355
415
470
486
449
361
247
136
54
11
4
17
32
29
0
-53
-116
-178
-231
-265
-279
-275
-255
-225
-196
-187
-217
-288
-376
-443
-455
-407
-322
-237
-188
-188
-222
-264
-291
-293
-272
-237
-194
-150
-108
-71
-53
-66
-107
-157
-188
-175
-114
-25
61
113
115
84
53
49
71
98
115
120
130
159
202
243
258
237
186
134
115
144
216
296
358
392
399
391
381
380
384
377
346
315
333
432
589
729
781
733
639
581
603
693
794
860
884
886
891
888
830
662
371
20
-268
-388
-323
-175
-113
-254
-588
-977
-1261
-1359
-1317
-1244
-1224
-1246
-1237
-1140
-988
-881
-902
-1035
-1159
-1132
-894
-508
-127
117
188
157
129
170
271
382
469
539
619
724
825
872
819
673
480
312
221
215
262
305
299
218
82
-79
-230
-342
-410
-436
-434
-418
-390
-355
-326
-321
-357
-430
-507
-542
-500
-392
-260
-159
-125
-151
-215
-282
-327
-340
-325
-288
-239
-185
-144
-127
-146
-201
-275
-340
-374
-367
-326
-267
-211
-173
-159
-168
-190
-209
-209
-180
-117
-31
59
133
177
192
191
187
196
219
251
284
316
350
391
441
490
519
520
498
478
474
493
523
549
566
577
598
635
684
735
779
823
881
962
1066
1176
1274
1336
1347
1317
1276
1241
1194
1061
772
331
-154
-518
-662
-628
-580
-683
-972
-1339
-1615
-1713
-1694
-1689
-1781
-1916
-1951
-1778
-1432
-1072
-869
-866
-954
-965
-793
-468
-110
171
356
507
687
905
1104
1211
1204
1132
1065
1050
1087
1137
1153
1100
972
779
550
323
127
-27
-156
-286
-425
-561
-659
-703
-716
-744
-825
-944
-1042
-1055
-962
-803
-647
-541
-476
-408
-305
-173
-55
6
17
13
37
98
166
206
199
149
84
17
-47
-112
-176
-244
-314
-382
-443
-491
-523
-541
-558
-578
-592
-588
-548
-475
-388
-307
-236
-163
-73
33
147
245
322
391
470
568
675
767
830
863
884
908
934
950
934
886
828
786
778
794
808
802
780
772
805
882
979
1065
1137
1223
1343
1489
1621
1702
1730
1720
1638
1398
911
207
-530
-1055
-1245
-1199
-1158
-1303
-1607
-1879
-1964
-1895
-1858
-2015
-2321
-2557
-2504
-2132
-1617
-1188
-955
-849
-721
-490
-193
71
242
348
464
652
916
1211
1473
1644
1687
1603
1439
1267
1139
1050
938
747
482
218
31
-67
-155
-327
-612
-940
-1194
-1300
-1286
-1241
-1238
-1277
-1290
-1215
-1054
-871
-735
-658
-590
-465
-266
-32
167
289
345
373
405
439
453
424
345
230
102
-13
-105
-188
-289
-427
-587
-731
-824
-865
-895
-943
-995
-1009
-947
-830
-722
-674
-668
-636
-504
-260
34
293
469
566
617
649
677
712
761
835
926
1020
1102
1169
1216
1223
1163
1038
883
759
700
692
687
656
623
643
743
888
1013
1087
1144
1247
1415
1594
1715
1762
1775
1766
1648
1291
657
-113
-772
-1166
-1349
-1511
-1774
-2063
-2198
-2089
-1843
-1683
-1737
-1939
-2111
-2125
-1996
-1813
-1632
-1434
-1166
-815
-414
-9
369
698
932
1040
1054
1059
1136
1279
1400
1415
1337
1256
1254
1308
1300
1125
786
392
63
-163
-343
-548
-789
-1008
-1141
-1172
-1143
-1116
-1119
-1144
-1160
-1143
-1079
-970
-831
-678
-525
-354
-148
99
357
568
687
713
694
666
632
567
447
285
126
6
-79
-166
-285
-436
-599
-746
-866
-960
-1038
-1096
-1126
-1117
-1060
-956
-821
-675
-533
-394
-252
-96
67
219
352
466
577
694
817
931
1025
1092
1134
1161
1177
1181
1167
1126
1056
969
887
823
778
741
705
672
658
678
742
835
928
1018
1135
1319
1556
1779
1919
1978
2007
2010
1880
1476
790
-2
-657
-1081
-1388
-1736
-2134
-2421
-2445
-2236
-1979
-1845
-1845
-1881
-1871
-1819
-1761
-1694
-1580
-1409
-1203
-964
-635
-165
393
881
1174
1304
1409
1582
1756
1790
1634
1389
1204
1128
1094
1017
883
723
558
369
156
-58
-266
-504
-809
-1150
-1425
-1553
-1557
-1530
-1532
-1520
-1403
-1162
-875
-641
-491
-380
-249
-81
90
240
362
462
539
599
656
718
757
726
601
421
246
101
-49
-251
-508
-760
-943
-1043
-1107
-1175
-1246
-1290
-1277
-1214
-1121
-1016
-907
-792
-667
-518
-337
-134
60
215
344
475
625
768
862
899
906
922
948
963
953
927
899
870
836
794
753
701
628
548
491
474
480
484
499
559
685
856
1043
1256
1510
1769
1964
2072
2138
2191
2137
1817
1184
407
-265
-751
-1173
-1672
-2188
-2519
-2557
-2399
-2224
-2097
-1973
-1830
-1715
-1674
-1652
-1578
-1471
-1415
-1405
-1310
-1002
-513
2
419
765
1127
1517
1836
1990
1980
1866
1693
1464
1197
957
784
645
476
277
126
72
51
-56
-287
-573
-822
-1021
-1218
-1421
-1579
-1657
-1655
-1582
-1418
-1145
-811
-497
-239
-9
237
479
658
735
728
678
618
564
517
462
380
274
174
101
40
-48
-186
-361
-548
-728
-896
-1041
-1167
-1274
-1352
-1375
-1321
-1197
-1040
-878
-713
-538
-342
-142
39
184
299
409
527
645
742
809
860
903
939
961
965
947
903
836
755
678
612
551
483
414
365
353
377
423
471
528
612
737
887
1056
1246
1474
1723
1939
2086
2191
2295
2344
2177
1698
1010
343
-201
-725
-1348
-1994
-2455
-2644
-2666
-2624
-2492
-2233
-1943
-1756
-1653
-1489
-1242
-1072
-1093
-1187
-1148
-928
-645
-363
-26
405
851
1228
1567
1916
2201
2282
2131
1883
1653
1424
1120
747
391
104
-114
-271
-360
-396
-446
-553
-689
-797
-868
-961
-1110
-1284
-1421
-1471
-1427
-1298
-1106
-871
-603
-295
56
419
736
958
1072
1103
1074
998
870
683
452
215
23
-113
-218
-318
-423
-521
-610
-701
-799
-899
-1015
-1153
-1295
-1388
-1403
-1363
-1300
-1201
-1037
-804
-536
-267
-11
220
408
552
671
770
829
832
805
786
790
798
794
780
765
747
723
694
656
589
489
378
287
230
195
176
184
229
309
422
578
779
997
1211
1438
1697
1952
2126
2209
2254
2251
2064
1578
903
269
-246
-799
-1485
-2143
-2552
-2716
-2799
-2839
-2706
-2387
-2081
-1912
-1756
-1463
-1137
-1002
-1051
-1063
-922
-746
-623
-448
-113
298
638
944
1349
1812
2126
2192
2132
2068
1948
1669
1266
867
495
104
-282
-558
-689
-770
-884
-986
-994
-937
-909
-947
-1007
-1060
-1125
-1195
-1217
-1154
-1046
-927
-764
-500
-150
208
524
805
1050
1219
1286
1271
1188
1015
736
413
127
-113
-350
-591
-776
-877
-931
-984
-1026
-1032
-1026
-1056
-1106
-1129
-1113
-1102
-1108
-1079
-972
-807
-627
-430
-194
63
302
511
706
883
1001
1039
1029
1012
986
926
834
746
685
637
588
545
514
485
441
389
349
324
301
278
277
314
385
486
632
830
1061
1304
1568
1849
2089
2252
2357
2418
2331
1961
1354
722
178
-395
-1124
-1882
-2423
-2703
-2877
-2995
-2924
-2624
-2280
-2047
-1818
-1435
-1007
-780
-778
-780
-662
-545
-524
-478
-276
13
259
513
914
1419
1822
2028
2146
2261
2294
2138
1827
1459
1048
561
55
-357
-651
-901
-1137
-1289
-1297
-1204
-1098
-1006
-914
-830
-785
-774
-759
-737
-741
-770
-760
-656
-461
-224
31
317
624
910
1140
1307
1400
1384
1237
995
720
426
94
-270
-604
-852
-1023
-1148
-1225
-1236
-1191
-1135
-1080
-1014
-934
-872
-848
-833
-782
-695
-602
-499
-360
-176
26
228
433
638
814
931
998
1042
1059
1024
937
836
754
686
612
538
485
457
435
412
400
402
405
400
397
417
463
533
633
775
953
1159
1394
1639
1849
2011
2139
2212
2123
1792
1286
768
276
-310
-1036
-1750
-2264
-2589
-2838
-3002
-2957
-2705
-2415
-2173
-1864
-1406
-946
-685
-595
-493
-330
-233
-251
-264
-170
-25
95
253
553
946
1283
1511
1710
1929
2084
2075
1913
1661
1335
919
444
-16
-432
-813
-1159
-1419
-1546
-1545
-1468
-1354
-1212
-1036
-841
-655
-508
-413
-366
-354
-355
-349
-321
-266
-182
-63
94
292
517
736
909
1009
1036
1003
906
731
467
141
-200
-525
-824
-1088
-1299
-1443
-1515
-1518
-1452
-1328
-1170
-1012
-859
-706
-550
-413
-309
-225
-147
-64
22
113
217
333
451
565
676
781
866
914
920
899
866
818
749
658
561
472
395
335
287
255
241
251
289
346
418
514
647
810
984
1168
1377
1592
1766
1887
1985
2047
1965
1658
1206
765
350
-174
-855
-1525
-2005
-2323
-2605
-2822
-2836
-2648
-2428
-2243
-1961
-1502
-1033
-756
-630
-463
-224
-72
-72
-90
-13
98
155
229
441
756
1018
1189
1374
1634
1860
1930
1853
1719
1544
1269
881
458
60
-331
-739
-1107
-1351
-1458
-1494
-1504
-1454
-1304
-1076
-841
-640
-462
-295
-161
-74
-20
29
75
102
117
154
232
337
442
536
616
674
698
690
636
521
339
114
-121
-360
-605
-847
-1059
-1215
-1314
-1358
-1344
-1278
-1176
-1050
-899
-724
-547
-389
-258
-137
-19
87
183
270
352
433
511
593
676
746
793
815
819
812
784
733
662
581
498
423
354
297
257
237
236
263
320
398
479
565
686
847
1026
1195
1369
1559
1731
1852
1939
2003
1970
1744
1349
934
556
105
-514
-1186
-1715
-2075
-2389
-2677
-2807
-2721
-2551
-2407
-2190
-1786
-1298
-948
-760
-553
-254
-4
69
59
119
226
266
265
366
598
819
951
1084
1325
1599
1750
1753
1703
1643
1499
1216
856
496
127
-292
-726
-1073
-1296
-1451
-1584
-1652
-1590
-1414
-1202
-996
-776
-534
-307
-127
16
145
246
286
286
298
338
371
373
371
399
443
463
454
433
399
319
191
39
-121
-308
-535
-769
-965
-1117
-1244
-1347
-1398
-1376
-1299
-1195
-1061
-890
-696
-511
-339
-168
0
143
253
342
423
497
550
584
613
641
658
659
650
636
618
579
525
473
422
368
306
252
216
197
194
212
249
298
358
449
587
753
916
1081
1265
1455
1609
1727
1819
1839
1700
1395
1036
704
320
-225
-868
-1424
-1816
-2144
-2465
-2676
-2685
-2568
-2447
-2277
-1931
-1458
-1065
-834
-623
-313
-10
126
131
162
248
283
246
267
418
595
690
776
977
1262
1471
1541
1561
1593
1570
1410
1145
861
555
175
-260
-647
-932
-1160
-1378
-1545
-1585
-1496
-1339
-1160
-946
-691
-424
-183
29
224
381
475
510
521
529
522
486
434
392
367
348
327
305
283
245
183
105
18
-89
-233
-401
-564
-705
-837
-966
-1072
-1134
-1145
-1119
-1062
-966
-836
-685
-523
-349
-165
7
155
284
400
498
567
609
635
647
643
621
594
565
529
484
434
388
349
311
272
238
214
204
204
220
255
305
354
409
490
609
744
872
1005
1160
1325
1461
1560
1648
1700
1634
1414
1122
844
537
88
-486
-1027
-1435
-1781
-2138
-2435
-2554
-2526
-2469
-2383
-2146
-1743
-1342
-1070
-835
-503
-133
107
193
262
380
457
430
400
472
586
630
640
747
967
1162
1248
1291
1370
1438
1397
1245
1056
847
558
188
-185
-501
-782
-1071
-1337
-1503
-1550
-1514
-1437
-1309
-1112
-863
-600
-340
-85
154
347
476
562
625
656
626
548
462
396
328
236
142
75
31
-19
-86
-141
-183
-242
-333
-431
-508
-580
-676
-785
-863
-900
-922
-935
-920
-855
-759
-653
-530
-376
-206
-50
85
222
360
473
544
592
637
670
671
643
610
578
533
468
397
339
287
232
177
142
132
131
129
146
199
275
345
405
481
593
724
841
952
1081
1229
1354
1435
1500
1561
1559
1424
1180
918
660
325
-142
-655
-1089
-1437
-1778
-2112
-2333
-2397
-2383
-2355
-2245
-1970
-1603
-1291
-1052
-771
-411
-84
105
215
345
479
528
510
525
601
657
647
658
770
931
1036
1078
1131
1214
1256
1204
1091
958
784
527
217
-81
-351
-627
-913
-1161
-1315
-1383
-1399
-1367
-1270
-1107
-895
-661
-414
-164
65
256
402
514
591
618
584
509
418
326
221
104
-5
-92
-156
-215
-264
-292
-305
-326
-364
-401
-430
-463
-522
-596
-658
-699
-734
-766
-777
-750
-697
-628
-536
-415
-274
-133
4
143
281
403
494
561
615
645
647
620
582
537
477
408
341
286
238
195
166
156
164
182
209
257
325
400
466
531
617
721
824
913
1004
1111
1218
1293
1339
1380
1393
1317
1134
901
674
410
40
-411
-829
-1162
-1469
-1790
-2051
-2172
-2187
-2182
-2134
-1950
-1638
-1329
-1090
-842
-510
-167
67
201
334
486
576
575
564
612
661
644
609
651
766
852
878
907
982
1049
1047
983
904
804
637
406
163
-63
-296
-557
-806
-994
-1110
-1181
-1214
-1191
-1100
-953
-773
-570
-346
-117
90
264
411
531
612
636
608
553
485
396
279
152
38
-60
-154
-242
-308
-351
-384
-419
-445
-455
-457
-472
-498
-517
-520
-526
-541
-550
-538
-509
-474
-430
-365
-281
-193
-101
1
113
218
305
382
456
518
553
562
557
546
519
471
415
362
311
257
209
175
160
155
152
164
207
273
340
397
462
558
676
785
876
974
1088
1186
1245
1280
1315
1308
1198
993
771
562
295
-81
-499
-856
-1146
-1435
-1727
-1930
-2000
-2011
-2013
-1946
-1737
-1443
-1187
-985
-737
-415
-122
62
184
326
461
518
505
515
564
582
543
517
571
664
721
740
784
863
919
914
875
825
739
588
389
186
-15
-239
-487
-720
-898
-1023
-1114
-1170
-1168
-1101
-983
-833
-658
-458
-247
-52
114
259
378
455
477
453
409
349
260
149
36
-59
-139
-215
-275
-309
-324
-337
-348
-347
-335
-335
-355
-380
-400
-421
-456
-492
-516
-523
-521
-510
-476
-416
-342
-261
-168
-61
50
149
236
316
387
441
469
478
476
463
435
397
356
315
271
228
192
168
154
141
135
139
158
191
232
278
328
383
449
530
618
703
784
869
959
1038
1096
1134
1142
1095
979
818
639
425
144
-196
-535
-826
-1092
-1356
-1588
-1731
-1790
-1805
-1779
-1662
-1453
-1221
-1017
-805
-540
-260
-49
91
218
352
440
459
456
479
501
480
448
461
526
583
612
654
731
811
851
854
847
819
734
592
429
257
63
-164
-394
-596
-759
-892
-995
-1049
-1045
-988
-892
-760
-596
-412
-229
-58
92
220
319
376
392
375
333
275
197
108
24
-49
-114
-166
-202
-219
-222
-222
-223
-216
-210
-214
-230
-253
-278
-308
-344
-378
-399
-413
-417
-410
-382
-333
-275
-205
-127
-38
51
137
220
296
359
407
443
467
478
476
464
442
414
384
355
327
300
276
259
248
240
241
249
266
287
312
343
383
430
485
546
610
678
749
817
876
918
939
930
878
779
643
480
283
41
-230
-495
-736
-965
-1178
-1348
-1451
-1500
-1505
-1463
-1352
-1185
-1004
-826
-632
-415
-209
-47
77
189
282
338
355
362
376
381
367
358
381
426
471
509
561
630
691
728
737
729
696
621
506
367
211
32
-161
-354
-527
-676
-798
-886
-930
-928
-887
-806
-694
-557
-410
-261
-115
18
125
203
256
280
273
242
190
132
66
-5
-73
-130
-172
-206
-231
-242
-243
-239
-239
-241
-243
-250
-267
-294
-323
-352
-381
-409
-430
-439
-433
-418
-389
-345
-284
-214
-140
-64
16
97
171
232
284
326
356
372
374
368
350
325
292
256
223
192
159
132
109
95
90
89
95
107
129
159
193
233
277
330
388
451
515
583
652
716
767
803
820
815
774
693
578
438
271
69
-154
-376
-585
-784
-967
-1117
-1216
-1270
-1287
-1265
-1192
-1074
-933
-787
-629
-454
-285
-140
-24
81
173
237
271
294
317
336
344
352
376
418
459
499
542
594
639
663
665
650
613
546
448
327
191
42
-119
-281
-431
-558
-664
-743
-789
-797
-767
-708
-622
-513
-389
-260
-135
-21
80
159
212
240
242
226
192
147
91
35
-15
-61
-101
-129
-145
-154
-159
-160
-159
-156
-160
-172
-187
-206
-229
-256
-280
-301
-315
-320
-315
-296
-263
-218
-166
-105
-37
30
99
163
221
268
306
334
352
361
362
353
336
317
296
274
252
228
205
185
168
155
147
141
137
138
142
152
169
188
210
236
268
307
353
403
456
513
573
632
685
729
759
769
751
703
631
532
400
239
59
-128
-315
-504
-677
-824
-936
-1014
-1058
-1056
-1008
-925
-817
-692
-546
-388
-239
-106
12
113
193
245
275
292
301
296
284
276
281
297
316
339
373
413
450
477
492
495
479
435
369
285
184
65
-65
-196
-322
-434
-530
-604
-649
-664
-648
-605
-533
-441
-334
-224
-115
-13
75
145
188
207
203
176
129
69
4
-64
-132
-190
-236
-268
-284
-289
-282
-263
-242
-219
-198
-181
-171
-171
-180
-194
-212
-232
-251
-266
-274
-269
-254
-230
-192
-143
-89
-28
35
98
158
210
252
285
307
316
313
300
277
248
215
180
144
111
82
58
41
31
29
31
38
52
69
88
108
128
144
159
170
179
185
186
187
186
189
194
203
215
231
251
271
290
306
317
319
305
278
240
186
116
33
-58
-152
-247
-340
-425
-494
-547
-584
-602
-597
-568
-522
-465
-395
-315
-230
-150
-75
-7
52
97
126
144
155
156
147
136
123
116
109
106
107
113
121
130
135
141
141
132
113
85
52
10
-39
-91
-141
-189
-231
-262
-281
-286
-280
-263
-234
-196
-152
-109
-68
-33
-5
13
20
19
9
-9
-32
-58
-84
-106
-126
-143
-152
-158
-161
-160
-159
-157
-158
-161
-165
-172
-179
-186
-191
-193
-191
-182
-168
-147
-118
-83
-44
0
45
89
132
169
204
232
254
268
276
280
279
273
266
256
245
233
222
211
200
190
180
170
162
156
152
148
146
148
152
157
163
172
182
193
204
218
233
251
269
288
309
330
347
361
370
371
360
336
299
248
184
108
23
-68
-160
-251
-333
-404
-459
-495
-514
-510
-486
-442
-384
-314
-235
-155
-74
0
67
121
162
188
201
200
187
167
139
108
77
47
22
2
-11
-19
-23
-22
-20
-15
-13
-15
-21
-32
-49
-69
-94
-118
-142
-163
-176
-181
-177
-161
-135
-100
-57
-7
45
97
143
184
213
231
233
222
195
154
102
40
-26
-94
-163
-227
-285
-333
-370
-395
-410
-412
-403
-386
-360
-330
-294
-255
-217
-180
-143
-107
-75
-46
-20
4
26
45
63
80
94
106
117
124
130
132
130
124
116
105
90
75
58
41
25
12
-1
-9
-14
-16
-15
-9
-1
10
22
34
49
65
80
93
106
118
127
136
141
143
142
140
133
124
112
100
87
73
60
48
38
30
23
20
19
22
25
31
39
47
55
63
70
75
80
84
85
86
85
81
76
71
62
52
37
22
4
-18
-43
-69
-97
-124
-152
-177
-199
-216
-228
-234
-235
-229
-217
-201
-180
-157
-132
-106
-83
-61
-42
-27
-17
-11
-9
-9
-15
-23
-32
-43
-53
-64
-73
-83
-87
-91
-93
-93
-92
-90
-86
-82
-79
-76
-74
-73
-71
-70
-67
-63
-58
-50
-42
-30
-17
-2
12
26
40
51
60
62
64
60
55
45
32
19
4
-11
-25
-37
-48
-55
-59
-61
-59
-56
-50
-43
-31
-20
-10
3
15
26
38
49
59
69
78
85
93
98
104
107
110
111
113
112
111
108
107
105
102
100
99
98
100
101
105
111
116
122
129
136
142
148
153
156
158
158
157
154
151
146
141
135
129
123
117
110
102
93
82
69
52
31
7
-20
-51
-83
-116
-149
-179
-204
-226
-240
-245
-243
-233
-214
-189
-158
-125
-90
-54
-21
8
31
50
61
67
66
59
49
35
21
7
-8
-18
-27
-33
-36
-34
-29
-22
-14
-5
6
14
22
29
32
35
36
35
34
33
31
30
30
31
34
38
43
48
53
55
58
57
54
46
37
23
7
-10
-29
-49
-69
-86
-101
-113
-120
-125
-126
-123
-117
-107
-94
-81
-66
-51
-35
-19
-4
9
21
32
41
48
54
60
62
66
68
69
69
70
70
70
69
68
67
65
63
61
58
55
53
50
47
43
41
37
34
31
28
25
24
23
22
22
22
22
22
21
20
20
17
13
8
3
-3
-10
-18
-25
-32
-38
-43
-47
-50
-50
-48
-47
-43
-39
-35
-31
-26
-23
-20
-17
-16
-14
-13
-13
-13
-14
-14
-14
-15
-15
-14
-15
-15
-16
-16
-16
-18
-19
-20
-23
-26
-30
-34
-40
-46
-53
-60
-67
-74
-82
-87
-93
-98
-102
-104
-106
-107
-107
-106
-105
-102
-99
-94
-91
-85
-80
-74
-68
-62
-56
-51
-45
-41
-37
-33
-30
-27
-26
-24
-23
-20
-18
-18
-16
-14
-13
-10
-8
-5
-4
-2
0
2
3
6
7
9
12
14
18
21
25
30
34
39
42
46
50
51
52
52
51
49
47
43
38
35
30
27
23
22
19
18
19
21
23
27
30
35
39
43
48
54
58
63
68
72
76
81
84
87
91
93
95
96
97
96
95
93
89
85
80
74
69
62
56
48
40
34
27
20
14
9
4
0
-3
-6
-9
-10
-11
-12
-14
-15
-16
-18
-20
-21
-24
-25
-28
-32
-34
-36
-40
-42
-46
-48
-50
-52
-53
-53
-53
-54
-52
-50
-48
-45
-42
-38
-36
-31
-27
-23
-19
-13
-9
-6
-3
1
4
6
8
10
12
14
15
17
18
20
21
22
23
24
23
22
21
20
19
17
14
13
13
11
10
10
8
9
8
10
9
11
11
12
11
11
10
9
10
7
6
5
4
3
2
1
0
-1
-1
-2
-2
-3
-2
-1
-1
1
3
5
7
11
13
17
21
25
28
33
37
41
44
48
51
54
55
56
57
58
56
54
53
50
47
44
40
35
31
25
21
15
11
7
2
0
-4
-6
-9
-12
-13
-14
-16
-18
-18
-20
-20
-22
-23
-24
-25
-26
-27
-29
-31
-32
-33
-33
-34
-34
-36
-35
-38
-37
-39
-39
-40
-41
-42
-45
-47
-49
-51
-55
-58
-61
-64
-66
-68
-70
-72
-73
-74
-73
-74
-73
-72
-71
-70
-68
-67
-65
-63
-61
-59
-55
-53
-49
-45
-42
-37
-33
-29
-25
-19
-16
-11
-6
-4
0
3
4
6
7
9
9
10
11
11
11
11
12
11
13
12
13
14
15
16
17
17
18
17
18
17
16
15
14
13
11
8
6
5
3
2
0
-1
0
-1
-1
-1
0
0
1
3
5
6
7
9
12
12
15
17
20
21
24
25
28
29
30
32
32
32
32
32
32
32
30
29
28
26
23
22
20
18
16
13
10
9
8
6
5
4
3
3
4
4
4
4
6
7
9
10
11
11
13
13
14
15
15
14
14
14
13
13
10
9
7
5
2
0
-2
-6
-8
-11
-14
-16
-19
-21
-23
-24
-24
-25
-24
-24
-23
-21
-19
-16
-14
-11
-9
-7
-5
-2
-1
1
2
2
5
6
6
7
9
11
12
13
14
15
17
18
18
19
20
21
21
22
22
22
23
23
24
24
26
27
27
28
27
28
28
28
28
27
26
25
24
21
20
17
15
13
11
8
7
5
4
2
1
0
0
-1
-2
-1
-2
-1
-1
0
0
0
1
3
4
4
6
6
8
8
9
10
10
11
11
10
10
9
10
10
9
8
8
8
7
7
6
6
6
6
6
5
5
5
4
4
4
3
3
2
2
-1
-2
-3
-4
-5
-6
-8
-10
-10
-13
-14
-15
-17
-18
-20
-20
-21
-22
-23
-23
-24
-24
-25
-25
-26
-27
-28
-28
-29
-29
-29
-29
-29
0
0
0
0
0
0
0
0
0
0
0
0
0
0
0
0
0
0
0
0
0
0
0
0
0
0
0
0
0
0
0
0
0
0
0
0
0
0
0
0
0
0
0
0
0
0
0
0
0
0
0
0
0
0
0
0
0
0
0
0
0
0
0
0
0
0
0
0
0
0
0
0
0
0
0
0
0
0
0
0
0
0
0
0
0
0
0
0
0
0
0
0
0
0
0
0
0
0
0
0
0
0
0
0
0
0
0
0
0
0
0
0
0
0
0
0
0
0
0
0
0
0
0
0
0
0
0
0
0
0
0
0
0
0
0
0
0
0
0
0
0
0
0
0
0
0
0
0
0
0
0
0
0
0
0
0
0
0
0
0
0
0
0
0
0
0
0
0
0
0
0
0
0
0
0
0
0
0
0
0
0
0
0
0
0
0
0
0
0
0
0
0
0
0
0
0
0
0
