0
0
0
0
0
0
0
0
0
0
0
0
0
0
0
0
0
0
0
0
0
0
0
0
0
0
0
0
0
0
0
0
0
0
0
0
0
0
0
0
0
0
0
0
0
0
0
0
0
0
0
0
0
0
0
0
0
0
0
0
0
0
0
0
0
0
0
0
0
0
0
0
0
0
0
0
0
0
0
0
0
0
0
0
0
0
0
0
0
0
0
0
0
0
0
0
0
0
0
0
0
0
0
0
0
0
0
0
0
0
0
0
0
0
0
0
0
0
0
0
0
0
0
0
0
0
0
0
0
0
0
0
0
0
0
0
0
0
0
0
0
0
0
0
0
0
0
0
0
0
0
0
0
0
0
0
0
0
0
0
0
0
0
0
0
0
0
0
0
0
0
0
0
0
0
0
0
0
0
0
0
0
0
0
0
0
0
0
0
0
0
0
0
0
0
0
0
0
64
62
61
62
63
60
57
52
46
43
40
37
36
29
17
3
-13
-30
-45
-56
-62
-67
-69
-71
-76
-79
-80
-78
-75
-65
-53
-40
-27
-15
-4
8
22
36
53
70
83
93
95
89
76
59
39
21
8
1
-2
-4
-2
-1
-4
-6
-8
-10
-7
-3
4
9
13
10
5
-5
-18
-30
-37
-40
-39
-35
-32
-31
-36
-42
-53
-63
-68
-66
-59
-43
-23
-1
20
36
48
54
56
56
54
51
47
43
36
28
18
7
0
-2
-1
7
19
31
42
47
43
33
17
-3
-20
-38
-49
-55
-57
-54
-52
-50
-51
-53
-57
-60
-63
-64
-60
-51
-39
-24
-8
5
18
30
42
55
71
85
99
109
114
113
101
84
64
43
26
14
6
3
3
2
0
-5
-14
-26
-41
-57
-73
-86
-96
-100
-96
-84
-66
-44
-24
-4
10
22
28
32
33
34
32
30
27
25
25
25
27
27
25
19
9
-2
-13
-22
-23
-18
-10
2
10
14
10
4
-6
-11
-12
-7
4
12
19
17
8
-5
-20
-33
-40
-39
-34
-24
-16
-9
-6
-5
-5
-5
-4
-5
-7
-14
-24
-36
-47
-51
-49
-39
-25
-9
3
9
11
7
2
-2
-1
3
10
19
22
18
11
0
-10
-16
-15
-9
2
15
27
37
45
51
57
62
68
72
71
65
51
32
11
-11
-32
-48
-59
-63
-62
-57
-49
-39
-25
-13
-2
1
-1
-11
-25
-42
-55
-62
-59
-47
-26
-2
22
41
56
63
61
51
37
18
-2
-21
-38
-49
-52
-51
-45
-37
-30
-29
-33
-37
-40
-38
-28
-11
8
28
47
57
58
55
47
37
26
17
10
2
-2
-4
-2
4
15
24
35
37
34
27
16
5
-3
-9
-12
-13
-16
-19
-21
-23
-22
-17
-7
3
13
22
24
22
16
8
-1
-10
-13
-10
-2
11
28
43
54
56
45
26
2
-24
-45
-57
-58
-49
-34
-17
-2
9
18
23
25
24
24
16
6
-7
-20
-27
-23
-10
14
43
72
90
97
88
65
35
4
-22
-43
-54
-60
-64
-69
-76
-84
-90
-92
-87
-73
-51
-25
4
30
52
68
76
78
74
67
60
50
38
28
18
9
4
3
8
20
38
56
72
80
80
70
50
23
-3
-30
-55
-76
-94
-105
-108
-105
-94
-82
-67
-55
-47
-42
-40
-33
-19
1
29
57
77
85
77
52
21
-8
-23
-21
-1
34
74
107
125
121
100
65
21
-22
-59
-87
-106
-116
-118
-110
-96
-76
-53
-30
-7
9
19
24
24
21
18
17
19
25
30
36
40
43
45
47
48
48
48
48
45
38
30
19
7
-6
-16
-26
-34
-42
-48
-52
-52
-47
-38
-23
-5
13
28
38
39
32
21
6
-12
-27
-40
-50
-58
-68
-76
-82
-86
-85
-75
-58
-36
-10
13
32
46
52
55
57
59
64
69
72
71
64
50
30
6
-15
-32
-42
-45
-43
-38
-35
-34
-35
-40
-43
-43
-36
-22
-4
15
32
43
45
39
22
2
-17
-33
-42
-39
-29
-14
3
20
35
46
50
49
45
39
29
19
10
0
-9
-16
-20
-20
-15
-4
10
24
38
46
46
35
16
-9
-33
-53
-65
-68
-62
-52
-40
-31
-25
-21
-20
-18
-13
-3
9
25
40
52
56
56
48
37
25
12
5
0
2
4
10
16
22
25
27
25
21
15
7
-3
-14
-25
-38
-51
-61
-69
-73
-75
-71
-61
-47
-31
-12
9
28
44
53
55
54
50
43
36
31
26
21
16
12
6
4
4
6
15
24
30
35
33
26
16
3
-7
-11
-11
-6
2
8
11
9
1
-11
-24
-36
-45
-50
-50
-48
-42
-33
-22
-13
-3
4
10
13
11
5
-2
-13
-25
-34
-38
-38
-31
-18
-1
22
46
67
84
92
90
78
59
34
8
-15
-33
-41
-44
-39
-31
-24
-20
-20
-22
-24
-27
-27
-23
-17
-12
-6
-2
-3
-5
-10
-16
-25
-32
-39
-45
-51
-56
-56
-54
-46
-37
-23
-7
8
24
35
46
52
54
51
43
33
24
13
4
2
4
12
24
37
51
58
62
59
53
45
36
30
27
31
41
55
74
97
119
145
169
192
219
244
265
288
306
319
327
328
321
306
284
258
227
194
156
117
75
32
-13
-58
-103
-146
-189
-227
-263
-293
-319
-342
-361
-376
-388
-395
-395
-392
-383
-369
-351
-330
-308
-284
-262
-240
-220
-200
-181
-166
-150
-139
-134
-133
-136
-146
-159
-177
-197
-218
-238
-258
-276
-289
-300
-306
-309
-306
-299
-287
-268
-246
-220
-186
-150
-111
-72
-34
1
31
56
72
84
90
91
94
97
103
112
126
143
163
183
204
224
241
256
265
270
269
259
245
227
209
188
171
159
154
157
168
190
221
261
311
366
422
479
531
577
619
655
692
731
775
825
880
945
1020
1104
1201
1312
1437
1562
1677
1766
1807
1774
1649
1424
1097
672
159
-416
-1027
-1645
-2247
-2797
-3261
-3616
-3844
-3935
-3877
-3671
-3334
-2894
-2372
-1795
-1199
-623
-94
376
770
1065
1259
1363
1393
1360
1277
1169
1064
973
902
862
862
899
957
1021
1082
1126
1136
1090
983
813
579
280
-71
-452
-842
-1220
-1570
-1861
-2071
-2188
-2205
-2118
-1925
-1640
-1282
-874
-434
10
426
793
1091
1311
1447
1499
1473
1385
1250
1076
877
672
467
264
64
-128
-310
-482
-651
-812
-959
-1090
-1205
-1295
-1352
-1370
-1350
-1294
-1200
-1070
-916
-749
-576
-405
-246
-110
5
99
180
249
312
377
455
545
644
748
853
952
1035
1093
1120
1112
1066
984
870
737
594
452
325
223
149
107
99
129
192
282
401
547
715
897
1090
1288
1492
1691
1878
2062
2243
2405
2530
2605
2622
2550
2364
2057
1640
1120
498
-205
-946
-1682
-2396
-3065
-3641
-4083
-4385
-4547
-4557
-4397
-4081
-3653
-3141
-2554
-1914
-1277
-679
-128
376
801
1115
1336
1490
1582
1601
1564
1513
1469
1419
1364
1332
1333
1349
1350
1336
1315
1269
1162
989
761
484
147
-251
-677
-1100
-1508
-1895
-2233
-2486
-2637
-2691
-2648
-2493
-2226
-1871
-1455
-991
-494
11
485
906
1265
1554
1755
1853
1860
1789
1647
1437
1172
876
571
256
-64
-374
-655
-906
-1134
-1335
-1494
-1609
-1692
-1747
-1761
-1729
-1662
-1573
-1460
-1314
-1145
-969
-794
-611
-424
-252
-97
51
202
346
477
601
732
858
968
1064
1150
1218
1255
1255
1233
1189
1114
1006
879
751
624
498
387
303
256
243
258
318
425
572
748
944
1164
1413
1677
1938
2201
2469
2730
2950
3109
3206
3224
3113
2837
2410
1866
1205
414
-464
-1351
-2206
-3029
-3790
-4408
-4834
-5096
-5219
-5164
-4892
-4443
-3898
-3278
-2562
-1788
-1049
-393
216
783
1241
1539
1724
1862
1939
1912
1816
1731
1674
1599
1505
1457
1477
1500
1478
1438
1409
1352
1201
965
683
358
-51
-534
-1022
-1478
-1915
-2334
-2685
-2908
-3006
-3004
-2893
-2646
-2269
-1810
-1297
-731
-124
469
994
1438
1817
2114
2293
2345
2296
2173
1968
1671
1311
923
512
63
-410
-852
-1240
-1591
-1912
-2166
-2322
-2388
-2387
-2313
-2143
-1900
-1628
-1348
-1040
-712
-414
-181
6
171
299
370
409
452
502
540
586
672
806
950
1082
1216
1358
1480
1551
1575
1561
1503
1382
1217
1039
860
675
488
329
233
206
242
332
489
725
1028
1377
1763
2186
2628
3040
3381
3644
3821
3861
3690
3298
2738
2038
1175
167
-892
-1918
-2903
-3838
-4636
-5194
-5523
-5693
-5696
-5449
-4955
-4327
-3643
-2873
-2014
-1174
-454
175
775
1287
1600
1742
1830
1898
1868
1738
1614
1560
1519
1447
1410
1481
1596
1649
1643
1646
1648
1542
1297
979
616
163
-405
-1005
-1553
-2058
-2557
-3003
-3300
-3419
-3411
-3295
-3027
-2597
-2062
-1482
-852
-164
523
1120
1599
1999
2320
2513
2539
2441
2259
1992
1625
1203
787
383
-41
-482
-873
-1180
-1435
-1677
-1885
-2022
-2100
-2153
-2176
-2131
-2023
-1904
-1789
-1635
-1417
-1173
-952
-746
-523
-292
-86
97
289
490
660
789
917
1075
1229
1340
1412
1472
1516
1516
1471
1404
1309
1163
972
782
624
483
340
219
153
148
199
311
496
724
967
1240
1567
1939
2306
2646
2969
3264
3487
3616
3655
3568
3290
2799
2159
1424
582
-380
-1395
-2371
-3278
-4113
-4809
-5281
-5538
-5648
-5612
-5346
-4842
-4202
-3518
-2770
-1947
-1131
-408
242
864
1399
1748
1935
2073
2191
2218
2138
2035
1972
1909
1813
1738
1738
1754
1698
1581
1475
1371
1182
872
492
82
-382
-919
-1462
-1945
-2375
-2783
-3130
-3326
-3347
-3243
-3046
-2726
-2269
-1710
-1106
-470
197
847
1405
1850
2212
2502
2673
2683
2551
2331
2040
1668
1231
769
315
-153
-627
-1057
-1399
-1679
-1941
-2177
-2336
-2405
-2413
-2388
-2304
-2151
-1961
-1762
-1532
-1242
-925
-644
-404
-163
94
327
511
668
822
959
1055
1138
1248
1364
1431
1448
1456
1474
1462
1389
1280
1157
1007
818
624
469
343
214
100
54
95
204
363
575
841
1144
1473
1839
2236
2629
2982
3293
3558
3756
3860
3839
3652
3273
2711
2011
1201
281
-725
-1756
-2748
-3667
-4473
-5099
-5509
-5733
-5802
-5676
-5311
-4746
-4074
-3345
-2545
-1704
-901
-173
502
1121
1604
1910
2098
2251
2355
2358
2277
2192
2128
2047
1956
1902
1896
1866
1759
1617
1486
1328
1068
700
275
-188
-703
-1259
-1793
-2264
-2695
-3085
-3374
-3492
-3443
-3275
-3007
-2616
-2102
-1502
-850
-170
510
1136
1661
2083
2422
2667
2777
2727
2545
2274
1934
1526
1067
584
94
-393
-850
-1240
-1546
-1794
-2011
-2192
-2300
-2327
-2303
-2253
-2177
-2060
-1914
-1749
-1551
-1312
-1055
-814
-588
-343
-68
205
447
660
867
1056
1212
1340
1458
1549
1581
1554
1507
1454
1372
1240
1072
897
716
527
353
217
115
31
-21
-3
97
260
472
725
1012
1314
1633
1979
2338
2671
2966
3234
3474
3648
3731
3713
3568
3237
2713
2059
1319
468
-510
-1542
-2526
-3437
-4279
-4993
-5492
-5777
-5917
-5904
-5641
-5120
-4465
-3775
-3011
-2141
-1252
-453
265
959
1575
1998
2243
2446
2633
2704
2621
2490
2406
2322
2173
2017
1933
1874
1735
1526
1347
1195
960
591
161
-261
-713
-1237
-1771
-2233
-2629
-3008
-3327
-3489
-3470
-3330
-3112
-2776
-2286
-1687
-1047
-381
314
990
1574
2043
2424
2722
2883
2873
2714
2458
2121
1698
1202
683
170
-335
-819
-1241
-1568
-1817
-2022
-2186
-2278
-2291
-2257
-2205
-2129
-2012
-1869
-1722
-1563
-1362
-1128
-894
-675
-437
-160
127
386
623
862
1089
1270
1405
1522
1624
1670
1646
1585
1513
1420
1281
1108
932
759
573
394
255
164
101
64
79
170
328
533
779
1058
1351
1652
1972
2306
2628
2914
3165
3382
3542
3616
3596
3463
3167
2685
2055
1336
530
-389
-1382
-2352
-3246
-4072
-4791
-5319
-5625
-5765
-5763
-5553
-5086
-4442
-3741
-2993
-2153
-1265
-445
277
960
1588
2058
2334
2518
2687
2776
2713
2564
2442
2342
2189
2002
1870
1786
1653
1439
1228
1059
844
505
88
-325
-749
-1236
-1749
-2205
-2583
-2929
-3232
-3401
-3388
-3244
-3020
-2695
-2227
-1639
-997
-338
338
1006
1601
2076
2450
2740
2908
2904
2733
2450
2095
1658
1138
574
24
-500
-1001
-1447
-1788
-2023
-2198
-2336
-2398
-2355
-2241
-2113
-1974
-1797
-1589
-1390
-1205
-997
-762
-545
-373
-201
17
254
457
626
805
995
1156
1278
1394
1507
1570
1556
1504
1455
1392
1265
1078
886
707
524
337
188
96
44
18
53
191
416
679
955
1255
1595
1964
2324
2663
2982
3272
3501
3642
3703
3685
3541
3199
2654
1983
1237
385
-588
-1606
-2573
-3467
-4301
-5009
-5486
-5736
-5849
-5835
-5588
-5069
-4402
-3703
-2952
-2098
-1218
-435
257
934
1554
1985
2218
2394
2580
2675
2614
2483
2396
2323
2185
2021
1922
1856
1709
1471
1246
1063
820
435
-26
-476
-932
-1443
-1972
-2427
-2801
-3140
-3423
-3551
-3483
-3286
-3024
-2663
-2156
-1536
-891
-255
380
983
1485
1855
2132
2329
2395
2290
2051
1757
1430
1046
617
195
-187
-534
-846
-1094
-1252
-1357
-1455
-1540
-1570
-1540
-1496
-1471
-1449
-1401
-1334
-1263
-1172
-1046
-892
-737
-580
-383
-137
118
349
557
763
967
1143
1279
1383
1453
1470
1439
1386
1326
1241
1109
950
809
692
591
504
451
444
476
553
694
895
1121
1344
1579
1856
2160
2447
2702
2940
3155
3309
3378
3366
3247
2964
2482
1853
1139
334
-584
-1577
-2544
-3430
-4229
-4912
-5398
-5664
-5758
-5702
-5439
-4926
-4237
-3492
-2715
-1869
-987
-171
539
1183
1751
2156
2377
2503
2613
2654
2566
2401
2257
2148
2014
1859
1743
1665
1544
1349
1143
961
732
381
-58
-510
-967
-1462
-1983
-2454
-2836
-3150
-3396
-3508
-3429
-3194
-2869
-2458
-1924
-1279
-610
24
623
1188
1659
1980
2167
2261
2251
2093
1796
1446
1095
720
307
-95
-422
-684
-917
-1116
-1231
-1275
-1311
-1350
-1355
-1303
-1239
-1211
-1196
-1140
-1052
-973
-901
-792
-639
-483
-339
-170
48
273
458
621
807
1002
1158
1261
1345
1426
1467
1445
1395
1341
1273
1157
1017
903
822
745
668
632
672
767
887
1032
1233
1491
1774
2063
2371
2703
3019
3267
3438
3541
3543
3368
2973
2397
1700
882
-79
-1133
-2178
-3154
-4067
-4879
-5481
-5820
-5954
-5937
-5713
-5214
-4505
-3726
-2919
-2035
-1104
-253
460
1095
1676
2106
2313
2389
2452
2483
2394
2215
2074
2005
1928
1812
1740
1745
1729
1607
1426
1261
1063
727
252
-261
-771
-1330
-1944
-2518
-2974
-3333
-3629
-3799
-3754
-3505
-3139
-2687
-2108
-1399
-650
52
706
1318
1834
2178
2351
2407
2358
2160
1809
1388
969
547
109
-307
-641
-885
-1080
-1229
-1301
-1291
-1257
-1242
-1219
-1161
-1096
-1067
-1071
-1067
-1038
-1010
-990
-940
-836
-700
-556
-388
-166
89
331
545
758
974
1158
1283
1361
1414
1433
1394
1305
1199
1084
947
792
652
556
489
444
437
496
631
818
1036
1279
1558
1872
2199
2517
2824
3120
3374
3549
3636
3641
3529
3234
2723
2052
1287
419
-570
-1625
-2640
-3565
-4410
-5132
-5628
-5861
-5914
-5827
-5529
-4959
-4213
-3432
-2636
-1766
-864
-61
602
1209
1763
2152
2329
2407
2508
2573
2505
2359
2266
2237
2171
2052
1968
1937
1848
1625
1347
1090
788
337
-235
-811
-1358
-1929
-2519
-3028
-3386
-3632
-3796
-3814
-3610
-3216
-2731
-2181
-1529
-780
-26
653
1256
1794
2216
2458
2533
2495
2363
2098
1701
1250
815
397
-30
-434
-760
-1005
-1207
-1378
-1480
-1511
-1515
-1534
-1542
-1497
-1423
-1363
-1318
-1243
-1127
-1002
-879
-727
-525
-303
-97
110
349
604
823
999
1158
1311
1421
1464
1465
1451
1406
1304
1156
1008
869
718
557
426
347
307
294
332
452
651
889
1145
1432
1767
2133
2493
2835
3171
3491
3750
3912
3984
3955
3770
3355
2722
1953
1087
96
-1016
-2151
-3198
-4141
-4985
-5652
-6041
-6171
-6136
-5937
-5478
-4756
-3919
-3092
-2243
-1324
-426
323
935
1501
1986
2270
2367
2430
2534
2578
2492
2376
2350
2370
2327
2237
2186
2142
1984
1674
1318
962
518
-84
-775
-1428
-2031
-2633
-3199
-3624
-3865
-3978
-3978
-3793
-3381
-2813
-2186
-1522
-786
-6
721
1333
1847
2266
2539
2625
2563
2418
2190
1840
1393
935
518
123
-274
-640
-929
-1160
-1374
-1559
-1673
-1725
-1775
-1837
-1860
-1813
-1733
-1658
-1571
-1429
-1240
-1047
-846
-601
-313
-34
211
455
722
974
1164
1300
1422
1518
1547
1510
1448
1377
1263
1083
881
701
542
374
216
113
77
81
118
231
449
731
1019
1306
1637
2027
2425
2781
3111
3448
3761
3977
4078
4100
4020
3713
3121
2340
1487
539
-580
-1808
-2967
-3973
-4884
-5686
-6225
-6418
-6389
-6256
-5926
-5257
-4354
-3459
-2637
-1750
-785
70
708
1249
1790
2204
2358
2375
2473
2634
2669
2565
2504
2569
2616
2538
2420
2348
2213
1873
1386
905
423
-193
-966
-1740
-2397
-2971
-3511
-3937
-4148
-4166
-4063
-3824
-3373
-2724
-2003
-1302
-597
138
846
1432
1875
2206
2420
2478
2387
2212
1998
1719
1350
943
580
274
-21
-327
-606
-842
-1061
-1291
-1500
-1656
-1787
-1934
-2074
-2139
-2111
-2036
-1944
-1798
-1564
-1268
-955
-620
-244
144
486
772
1038
1289
1476
1563
1581
1572
1530
1426
1274
1121
977
810
622
453
335
253
179
133
148
220
323
452
637
898
1185
1451
1705
1992
2326
2655
2946
3233
3553
3861
4072
4175
4208
4112
3745
3063
2192
1253
193
-1067
-2415
-3636
-4664
-5584
-6362
-6807
-6845
-6652
-6357
-5837
-4955
-3867
-2860
-1973
-1044
-67
736
1271
1699
2136
2441
2488
2431
2507
2686
2761
2706
2708
2835
2924
2851
2690
2521
2240
1719
1021
313
-376
-1155
-2037
-2871
-3520
-3985
-4322
-4493
-4422
-4125
-3689
-3150
-2466
-1637
-787
-42
580
1145
1651
2020
2213
2273
2261
2167
1976
1738
1536
1361
1142
862
601
400
203
-66
-404
-759
-1119
-1510
-1912
-2252
-2502
-2688
-2822
-2839
-2680
-2376
-2004
-1596
-1131
-620
-121
324
722
1071
1330
1466
1516
1532
1522
1455
1326
1181
1058
945
828
720
632
544
434
318
244
224
217
204
206
260
370
532
753
1027
1319
1599
1896
2257
2668
3068
3438
3811
4177
4459
4612
4659
4557
4155
3370
2331
1222
45
-1317
-2794
-4136
-5212
-6100
-6827
-7204
-7109
-6727
-6290
-5728
-4830
-3671
-2598
-1762
-989
-164
545
986
1300
1679
2034
2180
2195
2362
2739
3085
3250
3349
3505
3600
3472
3151
2749
2222
1435
424
-597
-1489
-2315
-3156
-3923
-4454
-4696
-4712
-4551
-4190
-3636
-2979
-2320
-1656
-936
-201
418
831
1096
1337
1577
1742
1810
1845
1902
1940
1920
1886
1884
1846
1652
1298
892
494
36
-550
-1206
-1823
-2358
-2828
-3195
-3377
-3367
-3239
-3028
-2683
-2165
-1548
-964
-454
16
461
830
1086
1258
1374
1422
1386
1308
1255
1235
1189
1092
980
901
841
755
637
511
380
233
87
-4
-18
-4
-1
24
144
381
688
1015
1361
1733
2127
2532
2949
3372
3784
4158
4471
4705
4842
4877
4761
4366
3601
2529
1329
89
-1250
-2708
-4112
-5261
-6138
-6819
-7228
-7207
-6800
-6249
-5673
-4920
-3886
-2771
-1851
-1131
-432
257
786
1154
1544
2024
2422
2638
2840
3217
3679
3988
4079
4066
3971
3673
3120
2419
1659
780
-288
-1430
-2432
-3192
-3771
-4237
-4549
-4623
-4457
-4112
-3642
-3068
-2429
-1821
-1311
-862
-391
108
535
832
1070
1362
1723
2085
2407
2705
2947
3045
2958
2747
2465
2053
1427
613
-252
-1060
-1807
-2501
-3089
-3503
-3734
-3803
-3690
-3361
-2867
-2322
-1812
-1320
-807
-305
111
412
634
812
942
1038
1145
1295
1451
1547
1584
1608
1640
1630
1523
1322
1066
781
471
155
-121
-336
-501
-610
-630
-534
-350
-123
140
468
865
1297
1713
2102
2486
2867
3226
3543
3847
4182
4535
4822
4968
4999
4938
4670
4004
2921
1627
306
-1084
-2639
-4211
-5498
-6412
-7099
-7593
-7680
-7241
-6511
-5793
-5048
-4058
-2878
-1839
-1096
-457
230
836
1221
1535
2005
2580
3020
3292
3612
4073
4480
4607
4473
4202
3771
3068
2107
1052
19
-1027
-2123
-3159
-3946
-4398
-4596
-4646
-4550
-4251
-3773
-3236
-2721
-2198
-1643
-1139
-779
-510
-172
293
774
1184
1584
2081
2645
3127
3456
3662
3735
3575
3115
2444
1690
875
-55
-1072
-2035
-2811
-3383
-3789
-4016
-4027
-3838
-3523
-3132
-2654
-2095
-1534
-1070
-715
-396
-65
248
499
704
916
1152
1374
1573
1772
1967
2081
2043
1883
1677
1447
1143
744
317
-69
-401
-688
-905
-996
-955
-841
-685
-470
-179
167
525
896
1303
1736
2150
2520
2876
3249
3625
3957
4245
4551
4895
5184
5309
5261
5069
4630
3760
2443
919
-576
-2060
-3645
-5206
-6429
-7180
-7615
-7842
-7714
-7102
-6204
-5345
-4568
-3670
-2617
-1667
-1017
-539
-15
554
1049
1506
2092
2831
3534
4048
4441
4826
5143
5185
4840
4179
3328
2321
1150
-109
-1303
-2322
-3180
-3913
-4445
-4649
-4523
-4230
-3922
-3598
-3190
-2729
-2332
-2032
-1728
-1360
-985
-648
-248
351
1136
1945
2660
3304
3896
4343
4521
4405
4042
3447
2600
1558
479
-504
-1381
-2192
-2902
-3406
-3653
-3702
-3643
-3503
-3274
-2980
-2690
-2427
-2141
-1789
-1404
-1056
-739
-374
83
577
1021
1393
1716
1975
2126
2157
2118
2030
1838
1503
1080
682
355
59
-246
-535
-765
-937
-1068
-1137
-1101
-964
-774
-572
-337
-21
396
886
1408
1931
2449
2946
3400
3806
4178
4517
4796
5001
5158
5286
5353
5299
5096
4702
3985
2825
1304
-302
-1800
-3240
-4713
-6076
-7048
-7541
-7709
-7648
-7251
-6457
-5479
-4591
-3812
-2958
-1994
-1125
-506
-37
470
1053
1630
2212
2892
3663
4359
4814
5035
5116
5075
4795
4159
3190
2037
836
-357
-1511
-2541
-3341
-3895
-4268
-4493
-4507
-4274
-3897
-3549
-3296
-3056
-2762
-2451
-2167
-1864
-1440
-875
-232
458
1237
2123
3020
3777
4299
4580
4635
4442
3982
3268
2378
1400
414
-507
-1298
-1919
-2379
-2728
-2996
-3171
-3226
-3184
-3108
-3043
-2969
-2831
-2599
-2278
-1871
-1376
-812
-226
343
878
1372
1794
2091
2225
2205
2073
1882
1666
1432
1183
932
690
457
229
16
-167
-339
-539
-781
-1016
-1173
-1212
-1145
-982
-721
-368
45
501
1008
1571
2147
2662
3071
3385
3637
3845
4003
4110
4189
4284
4401
4501
4531
4476
4326
3982
3246
2005
394
-1284
-2846
-4306
-5695
-6862
-7606
-7906
-7892
-7615
-6981
-5987
-4855
-3863
-3070
-2338
-1598
-932
-422
-10
434
965
1550
2172
2866
3641
4409
5009
5312
5299
5021
4499
3706
2637
1397
159
-969
-1972
-2829
-3467
-3810
-3892
-3820
-3661
-3416
-3114
-2851
-2713
-2670
-2613
-2462
-2213
-1889
-1460
-872
-110
774
1708
2647
3543
4298
4764
4850
4583
4075
3402
2576
1611
603
-324
-1089
-1682
-2113
-2372
-2480
-2512
-2565
-2672
-2795
-2869
-2877
-2835
-2750
-2583
-2290
-1858
-1319
-704
-32
651
1268
1728
2002
2120
2116
2011
1821
1584
1351
1143
958
791
650
542
445
323
142
-98
-379
-670
-938
-1139
-1224
-1157
-935
-582
-147
331
833
1351
1864
2339
2736
3033
3223
3322
3358
3378
3419
3510
3658
3848
4047
4212
4297
4263
4031
3468
2458
1014
-686
-2417
-4019
-5399
-6438
-7027
-7165
-6985
-6616
-6083
-5369
-4522
-3678
-2944
-2345
-1870
-1531
-1328
-1179
-943
-494
209
1116
2130
3133
4025
4707
5096
5159
4927
4463
3805
2951
1926
826
-209
-1072
-1714
-2112
-2258
-2189
-2012
-1857
-1804
-1874
-2052
-2308
-2602
-2862
-3010
-2993
-2788
-2403
-1848
-1130
-272
679
1644
2526
3244
3725
3914
3791
3399
2822
2161
1500
905
422
73
-155
-304
-428
-564
-738
-961
-1240
-1564
-1911
-2245
-2521
-2694
-2722
-2576
-2249
-1755
-1138
-468
179
729
1127
1351
1408
1324
1150
940
740
581
482
445
475
562
677
784
849
849
768
605
368
88
-188
-407
-532
-539
-415
-173
159
530
881
1165
1351
1424
1396
1293
1140
965
791
648
563
548
599
702
842
988
1113
1199
1240
1232
1168
1051
888
688
450
181
-111
-406
-685
-934
-1134
-1258
-1296
-1259
-1175
-1072
-974
-917
-928
-1018
-1182
-1386
-1593
-1754
-1823
-1765
-1569
-1247
-840
-402
8
343
568
660
623
478
265
28
-191
-363
-461
-469
-391
-244
-63
124
287
404
457
444
374
266
144
25
-67
-118
-119
-73
10
118
236
346
429
474
475
432
344
221
80
-55
-167
-245
-280
-268
-217
-146
-72
-20
3
-13
-72
-175
-310
-452
-589
-702
-777
-805
-775
-690
-563
-416
-272
-148
-65
-33
-50
-104
-172
-240
-298
-335
-342
-319
-267
-196
-112
-26
52
106
131
125
97
52
1
-43
-64
-59
-25
33
107
188
266
332
377
405
413
403
378
346
311
284
269
267
280
305
337
367
388
396
389
370
345
321
304
307
330
372
432
503
579
654
724
786
835
866
872
849
795
704
577
417
236
45
-139
-305
-440
-538
-600
-636
-659
-681
-720
-787
-881
-995
-1112
-1208
-1259
-1237
-1129
-936
-683
-403
-130
101
267
355
374
344
285
221
166
136
135
165
213
266
319
363
387
391
371
328
266
185
91
-5
-90
-155
-191
-198
-173
-125
-61
6
65
108
123
112
74
17
-46
-102
-139
-153
-140
-104
-54
-7
27
35
7
-60
-160
-283
-415
-542
-647
-718
-745
-722
-656
-554
-427
-291
-166
-70
-11
6
-10
-55
-116
-173
-211
-217
-186
-122
-31
74
176
259
313
332
315
270
205
137
72
26
2
3
20
43
58
59
46
23
-1
-15
-6
32
97
178
270
365
464
561
646
718
772
803
808
793
769
762
784
843
935
1049
1179
1309
1433
1553
1669
1783
1876
1914
1854
1661
1312
817
208
-448
-1072
-1595
-1972
-2191
-2272
-2257
-2191
-2117
-2062
-2024
-1993
-1950
-1880
-1775
-1633
-1453
-1225
-944
-599
-183
294
800
1285
1690
1961
2068
2014
1824
1548
1245
963
731
558
431
326
227
116
-14
-166
-343
-543
-768
-1017
-1276
-1525
-1728
-1851
-1864
-1750
-1516
-1192
-816
-439
-100
176
382
527
629
714
795
882
966
1031
1058
1029
930
763
534
258
-52
-385
-725
-1053
-1345
-1574
-1713
-1739
-1646
-1447
-1179
-889
-627
-426
-303
-255
-256
-269
-264
-219
-129
-3
148
311
477
635
775
884
940
926
830
650
410
144
-107
-306
-435
-489
-480
-431
-365
-301
-243
-182
-115
-30
75
198
337
486
640
791
944
1099
1254
1408
1552
1688
1811
1915
1989
2037
2074
2123
2214
2361
2564
2786
2958
2983
2762
2229
1383
295
-912
-2084
-3074
-3777
-4152
-4227
-4083
-3806
-3467
-3109
-2756
-2417
-2098
-1808
-1564
-1377
-1238
-1102
-899
-553
-33
658
1453
2246
2911
3343
3479
3324
2938
2405
1813
1230
694
226
-173
-504
-763
-942
-1038
-1078
-1104
-1169
-1319
-1575
-1917
-2284
-2592
-2749
-2695
-2412
-1926
-1307
-632
23
606
1087
1460
1727
1896
1969
1952
1862
1727
1584
1469
1400
1366
1329
1227
996
597
31
-653
-1371
-2027
-2537
-2840
-2926
-2807
-2528
-2138
-1683
-1205
-740
-326
-2
205
282
240
119
-17
-92
-53
125
424
786
1135
1397
1519
1479
1297
1009
667
308
-32
-336
-591
-782
-893
-914
-839
-683
-471
-244
-43
103
189
230
262
327
451
646
901
1179
1440
1646
1779
1841
1852
1833
1810
1795
1787
1771
1738
1702
1693
1747
1893
2130
2414
2648
2706
2470
1871
930
-248
-1493
-2611
-3434
-3861
-3893
-3617
-3176
-2707
-2314
-2040
-1880
-1790
-1713
-1610
-1472
-1316
-1154
-982
-769
-470
-51
498
1149
1818
2392
2754
2822
2581
2083
1427
739
143
-279
-497
-539
-473
-373
-301
-297
-372
-515
-706
-918
-1136
-1352
-1551
-1714
-1809
-1797
-1646
-1342
-896
-349
225
741
1122
1318
1327
1185
956
723
555
495
540
660
800
904
930
854
677
411
86
-271
-637
-991
-1301
-1535
-1660
-1645
-1475
-1161
-741
-279
153
485
673
702
593
390
150
-65
-214
-271
-225
-91
103
318
513
644
677
597
407
140
-158
-432
-631
-722
-697
-573
-389
-190
-17
101
152
140
81
-4
-89
-158
-192
-184
-131
-40
76
198
309
383
406
373
281
150
-5
-154
-275
-342
-349
-295
-196
-74
45
135
178
169
115
29
-69
-153
-202
-200
-137
-15
154
347
530
668
728
688
542
302
6
-299
-561
-736
-798
-745
-601
-411
-226
-96
-55
-114
-260
-460
-664
-830
-919
-907
-791
-589
-331
-57
195
395
519
561
526
435
313
195
105
66
94
185
321
485
642
765
835
837
772
652
497
331
183
71
12
7
56
141
248
352
435
478
476
427
337
224
106
3
-69
-100
-86
-32
49
143
226
287
310
294
237
153
52
-49
-137
-201
-232
-229
-196
-143
-81
-27
4
3
-34
-107
-202
-306
-399
-469
-500
-491
-443
-369
-281
-193
-122
-77
-63
-79
-118
-171
-227
-273
-297
-296
-267
-216
-151
-88
-39
-16
-26
-68
-135
-215
-293
-357
-394
-400
-375
-327
-266
-202
-145
-104
-83
-82
-98
-123
-149
-166
-171
-154
-115
-58
12
83
145
189
205
195
163
117
71
34
16
20
45
85
126
164
186
188
172
138
92
44
0
-30
-40
-27
8
63
128
194
252
294
317
320
305
278
242
201
160
121
83
52
26
10
3
-1
-2
-11
-35
-74
-128
-192
-256
-311
-348
-364
-354
-326
-287
-242
-202
-169
-147
-138
-138
-146
-157
-167
-169
-155
-127
-83
-27
32
87
126
144
138
113
75
32
-2
-27
-36
-31
-14
9
33
55
69
76
72
57
33
4
-25
-52
-68
-72
-62
-45
-26
-11
-7
-20
-50
-91
-133
-170
-192
-197
-187
-166
-140
-115
-92
-72
-53
-36
-24
-20
-32
-59
-100
-146
-182
-196
-178
-129
-57
18
84
125
138
133
118
109
112
125
141
145
130
92
38
-18
-60
-77
-64
-31
11
50
75
83
76
63
54
57
72
96
125
154
178
201
221
242
266
291
316
338
355
365
369
370
371
367
362
352
334
305
266
224
183
148
124
117
119
131
143
150
149
141
129
118
118
127
151
185
222
260
287
298
287
254
196
118
28
-67
-154
-223
-269
-289
-288
-274
-258
-249
-254
-273
-302
-332
-357
-370
-369
-357
-338
-310
-278
-239
-193
-142
-87
-34
10
38
53
55
50
48
52
64
82
98
106
100
84
62
37
20
8
3
0
-4
-12
-25
-38
-48
-51
-49
-43
-36
-32
-32
-33
-37
-38
-39
-41
-44
-53
-76
-105
-141
-181
-217
-244
-259
-260
-250
-226
-193
-155
-119
-90
-72
-69
-78
-98
-119
-136
-144
-137
-117
-88
-50
-11
29
67
101
127
139
134
113
80
37
-2
-27
-36
-23
5
38
69
90
94
87
72
57
47
44
50
63
80
97
118
136
152
160
159
145
119
86
58
42
44
70
115
166
216
245
250
229
186
133
82
41
21
21
40
71
107
139
162
178
182
179
170
160
146
136
132
139
161
204
266
341
413
472
501
494
452
384
308
241
198
183
196
222
252
273
275
259
223
172
111
45
-24
-89
-148
-190
-212
-212
-191
-154
-113
-76
-54
-49
-62
-88
-122
-149
-163
-161
-140
-104
-60
-17
16
29
21
-7
-53
-106
-155
-196
-223
-233
-232
-220
-207
-193
-183
-178
-180
-192
-215
-244
-276
-308
-332
-344
-346
-340
-332
-327
-328
-335
-341
-345
-339
-327
-312
-300
-296
-300
-310
-321
-320
-308
-283
-249
-214
-185
-165
-153
-146
-139
-128
-116
-105
-100
-100
-105
-110
-111
-103
-86
-65
-42
-24
-11
-2
8
21
40
68
98
128
152
168
178
183
185
186
186
184
177
170
161
153
146
142
137
135
132
128
125
122
122
123
124
124
122
123
127
133
144
154
157
147
124
89
50
18
-3
-7
-1
11
14
6
-15
-44
-68
-78
-70
-41
0
40
73
94
99
101
104
114
133
161
191
219
243
262
281
297
314
325
328
316
287
243
192
140
96
61
37
16
-4
-28
-58
-93
-130
-166
-196
-221
-240
-253
-262
-265
-261
-254
-243
-228
-214
-201
-190
-183
-180
-178
-179
-180
-178
-170
-158
-138
-115
-89
-65
-45
-30
-20
-12
-5
7
23
42
62
79
92
98
101
102
99
94
87
74
56
35
18
8
7
17
33
49
59
56
40
16
-9
-29
-35
-30
-15
-1
9
12
7
-2
-10
-15
-14
-11
-12
-19
-33
-55
-75
-91
-96
-94
-85
-76
-71
-74
-83
-95
-109
-118
-127
-132
-135
-139
-143
-146
-145
-138
-125
-109
-94
-83
-79
-81
-89
-98
-98
-90
-71
-44
-13
13
34
44
45
40
35
31
33
37
45
52
57
61
66
72
82
94
108
119
123
122
113
99
84
72
64
62
64
72
78
81
83
79
72
61
47
37
29
26
31
45
63
85
101
113
116
110
99
87
77
72
74
77
80
81
78
71
64
55
50
41
32
18
2
-12
-26
-32
-33
-29
-25
-24
-28
-36
-46
-53
-55
-51
-39
-27
-14
-7
-2
-1
0
0
2
2
-2
-10
-22
-35
-44
-47
-42
-31
-21
-14
-17
-29
-49
-69
-88
-96
-94
-85
-69
-50
-34
-19
-9
1
7
10
9
3
-6
-17
-24
-28
-21
-11
5
18
22
18
4
-17
-38
-56
-64
-65
-59
-49
-38
-29
-24
-21
-21
-23
-27
-33
-40
-46
-47
-44
-35
-23
-10
0
3
3
-5
-15
-26
-34
-37
-39
-35
-31
-25
-18
-10
-1
9
16
21
24
23
20
18
17
20
25
30
34
35
34
28
21
11
3
-6
-17
-27
-36
-45
-53
-58
-61
-60
-56
-48
-38
-28
-17
-8
-4
-6
-12
-21
-32
-38
-41
-37
-27
-15
-4
7
14
16
13
2
-9
-23
-37
-48
-52
-50
-46
-36
-25
-18
-16
-19
-25
-30
-31
-27
-17
-1
17
36
54
71
88
103
120
137
154
171
188
201
213
222
226
230
228
221
211
201
193
187
185
187
189
189
187
181
172
162
151
137
123
104
81
57
31
9
-9
-19
-26
-34
-43
-57
-74
-93
-107
-115
-113
-100
-79
-55
-32
-13
-2
5
7
6
3
1
-3
-6
-11
-14
-16
-15
-13
-9
-4
-3
-3
-6
-11
-16
-20
-21
-19
-16
-14
-12
-16
-23
-35
-50
-69
-88
-108
-126
-141
-150
-155
-154
-151
-148
-147
-148
-151
-159
-171
-183
-193
-202
-206
-204
-198
-186
-170
-152
-131
-111
-94
-81
-72
-66
-66
-65
-63
-58
-49
-36
-20
-2
15
27
35
36
31
22
9
-1
-8
-12
-9
0
14
31
48
63
73
77
75
69
62
56
54
59
70
84
99
113
121
120
114
103
86
69
56
44
37
35
38
42
46
49
51
48
41
30
19
9
2
-2
1
8
17
25
33
37
36
31
26
20
15
15
18
23
30
37
44
48
50
46
40
31
22
13
5
0
-3
-3
-1
0
0
-5
-12
-23
-37
-50
-61
-66
-67
-62
-53
-40
-28
-17
-9
-6
-8
-13
-21
-30
-38
-43
-44
-41
-34
-25
-14
-6
-2
-1
-3
-9
-18
-27
-35
-40
-42
-38
-32
-24
-15
-9
-6
-7
-12
-20
-29
-36
-42
-46
-45
-40
-36
-30
-24
-19
-17
-15
-17
-20
-24
-28
-32
-35
-37
-36
-32
-27
-20
-15
-9
-8
-9
-13
-18
-21
-22
-20
-15
-9
0
7
13
17
19
19
17
17
16
14
13
12
11
12
13
14
13
14
14
9
3
-2
-8
-12
-12
-11
-6
2
9
16
21
25
26
25
24
23
21
22
24
27
31
34
36
39
39
40
41
41
43
43
46
48
49
51
51
50
48
46
42
38
36
34
34
36
38
41
44
46
45
44
40
34
29
23
22
21
23
26
31
36
38
39
38
34
29
23
16
12
8
7
8
11
14
16
18
17
14
10
5
-1
-3
-4
-1
4
10
16
22
23
21
14
5
-7
-17
-26
-30
-28
-23
-14
-1
10
20
27
29
26
20
12
3
-5
-10
-10
-5
1
10
18
25
28
27
21
11
-3
-15
-27
-36
-41
-41
-35
-28
-18
-9
-2
2
1
-3
-11
-20
-30
-38
-42
-42
-38
-29
-18
-8
0
6
7
5
0
-7
-14
-20
-25
-26
-24
-21
-16
-10
-6
-3
-3
-4
-9
-14
-19
-23
-25
-26
-25
-22
-20
-18
-18
-17
-18
-22
-24
-25
-27
-26
-24
-21
-17
-13
-9
-6
-5
-6
-8
-8
-10
-10
-9
-8
-4
-1
2
5
6
6
3
1
-2
-5
-5
-5
-6
-4
-2
0
0
-1
-3
-6
-12
-17
-22
-24
-26
-24
-21
-16
-10
-5
-1
0
1
-3
-6
-10
-15
-18
-19
-18
-16
-11
-5
0
4
6
5
2
-4
-12
-19
-28
-34
-37
-37
-35
-30
-23
-17
-11
-9
-7
-8
-12
-17
-22
-25
-29
-29
-27
-26
-21
-16
-13
-10
-8
-8
-9
-12
-13
-15
-16
-17
-16
-16
-13
-12
-11
-11
-11
-12
-12
-13
-13
-12
-10
-7
-4
1
4
7
9
9
7
5
2
-3
-5
-5
-6
-5
-4
-2
0
-1
-2
-4
-8
-13
-18
-21
-23
-23
-21
-18
-13
-7
0
4
9
10
11
9
5
3
-2
-3
-5
-4
-1
1
5
9
11
13
12
12
10
9
8
8
9
12
16
21
26
31
34
35
35
34
31
29
27
24
24
24
26
30
34
40
44
48
50
51
51
50
49
46
45
45
45
47
49
53
57
59
64
65
66
67
68
68
69
69
70
70
72
73
74
74
74
72
71
69
68
66
64
62
62
60
60
58
57
54
51
48
45
42
39
38
37
36
36
36
35
34
32
30
26
21
17
14
10
8
6
5
5
6
8
6
7
6
5
3
0
-3
-5
-5
-6
-4
-3
-1
2
4
6
8
9
10
11
12
14
17
19
23
26
30
34
36
37
37
36
34
31
28
24
22
18
14
10
6
1
-4
-10
-17
-26
-34
-42
-50
-59
-65
-73
-79
-83
-87
-90
-91
-93
-94
-93
-92
-90
-88
-85
-82
-78
-74
-70
-65
-60
-56
-52
-48
-45
-42
-39
-38
-37
-35
-36
-35
-35
-37
-34
-37
-38
-40
-42
-43
-46
-48
-50
-51
-52
-52
-52
-51
-51
-50
-48
-47
-46
-45
-45
-45
-45
-45
-43
-42
-40
-38
-35
-30
-27
-22
-18
-14
-10
-9
-7
-5
-4
-5
-4
-3
-1
1
4
8
12
16
19
23
26
27
29
28
28
26
26
25
25
26
26
27
26
25
22
18
11
3
-7
-18
-30
-41
-53
-62
-72
-80
-89
-97
-107
-117
-127
-139
-150
-162
-173
-183
-191
-196
-202
-205
-205
-208
-208
-209
-211
-213
-214
-215
-217
-218
-217
-214
-209
-204
-197
-188
-180
-171
-163
-154
-145
-136
-128
-120
-110
-101
-93
-86
-81
-79
-82
-86
-94
-106
-117
-131
-145
-156
-166
-172
-173
-168
-158
-143
-121
-95
-63
-27
12
56
100
145
188
230
268
301
327
344
354
355
347
332
308
277
241
199
155
108
61
14
-33
-77
-119
-159
-193
-224
-251
-272
-290
-302
-311
-314
-311
-304
-292
-274
-251
-222
-189
-152
-110
-66
-21
25
72
115
156
193
226
255
280
298
314
324
331
336
336
333
328
317
304
289
270
250
228
204
179
155
130
106
81
59
35
12
-10
-32
-52
-71
-87
-101
-112
-117
-121
-118
-114
-105
-92
-77
-61
-42
-23
-2
20
42
66
90
114
139
164
188
210
232
250
266
278
288
292
292
289
283
275
263
249
235
217
198
179
159
138
116
96
74
55
38
22
7
-5
-15
-25
-32
-40
-46
-53
-59
-67
-74
-82
-91
-99
-107
-115
-124
-133
-143
-152
-162
-174
-185
-195
-206
-215
-224
-229
-233
-233
-231
-226
-217
-208
-196
-183
-169
-154
-138
-125
-110
-96
-80
-66
-53
-39
-26
-13
0
12
23
32
41
48
54
58
61
64
67
68
68
66
64
61
56
50
42
34
24
15
6
-2
-10
-15
-21
-25
-28
-30
-32
-34
-35
-36
-37
-38
-37
-37
-37
-36
-35
-32
-29
-27
-25
-23
-22
-21
-22
-23
-23
-25
-27
-28
-30
-31
-32
-34
-34
-34
-35
-34
-32
-30
-27
-23
-18
-11
-4
4
13
22
31
39
47
56
65
72
81
88
96
103
111
118
126
131
136
140
144
147
148
149
148
148
147
146
144
142
137
133
129
123
117
110
105
98
91
85
80
75
69
65
61
58
53
49
44
39
35
32
29
27
25
26
27
29
32
35
39
42
47
50
53
57
60
62
63
65
64
64
63
61
57
54
49
43
37
30
22
15
7
-1
-8
-15
-21
-27
-33
-38
-43
-48
-53
-57
-60
-63
-66
-68
-70
-71
-72
-71
-70
-68
-65
-63
-59
-54
-51
-46
-41
-36
-31
-25
-20
-15
-9
-4
3
9
16
21
27
32
37
41
44
46
48
46
45
43
39
34
28
20
13
6
-4
-14
-24
-35
-45
-56
-66
-75
-85
-92
-98
-103
-106
-107
-107
-105
-102
-96
-89
-82
-72
-60
-50
-38
-27
-14
-2
10
19
27
34
39
42
42
41
36
29
21
10
-3
-17
-32
-48
-65
-80
-95
-110
-123
-135
-144
-152
-157
-159
-158
-154
-148
-138
-126
-111
-94
-76
-57
-37
-18
3
20
39
54
69
81
91
99
105
109
111
112
110
109
106
101
97
92
86
80
73
66
59
51
43
36
27
19
11
3
-5
-13
-19
-26
-31
-36
-39
-43
-45
-47
-47
-47
-46
-45
-44
-41
-40
-38
-35
-34
-32
-30
-29
-29
-28
-27
-27
-26
-26
-24
-23
-22
-21
-20
-19
-18
-17
-16
-15
-14
-14
-12
-13
-11
-11
-10
-10
-9
-9
-8
-9
-8
-9
-10
-10
-12
-12
-12
-12
-13
-13
-12
-13
-12
-11
-11
-10
-11
-9
-10
-10
-11
-10
-10
-10
-9
-9
-8
-8
-7
-6
-5
-5
-4
-3
-3
-2
-1
0
1
2
3
5
6
7
8
9
10
11
11
11
11
11
12
12
13
13
12
13
13
12
11
9
9
6
4
3
0
-1
-3
-4
-6
-7
-7
-8
-9
-8
-8
-8
-7
-6
-5
-4
-4
-3
-1
0
0
1
1
2
4
3
5
5
6
7
7
8
8
9
9
9
10
11
11
12
12
13
14
15
16
18
18
20
21
22
23
24
25
26
28
29
29
32
32
33
35
36
37
38
39
40
40
42
42
43
42
42
43
43
42
42
41
40
38
37
34
31
29
26
23
20
18
16
13
11
9
7
4
3
1
-1
-3
-4
-7
-9
-11
-12
-15
-16
-19
-20
-22
-23
-24
-26
-26
-28
-28
-29
-28
-27
-27
-27
-26
-25
-24
-24
-23
-21
-22
-21
-20
-20
-20
-20
-18
-18
-17
-15
-14
-14
-12
-9
-9
-7
-6
-5
-4
-4
-3
-2
-2
-3
-1
-1
-1
-1
-2
-1
-1
0
1
1
1
4
4
5
6
6
6
6
6
6
5
4
3
2
2
0
-2
-2
-4
-5
-5
-7
-7
-10
-10
-10
-12
-13
-15
-15
-17
-18
-18
-19
-20
-21
-21
-22
-22
-22
-22
-22
-22
-21
-20
-19
-18
-18
-18
-16
-15
-13
-13
-12
-11
-10
-10
-8
-8
-6
-5
-3
-1
1
3
5
7
10
14
16
19
21
24
26
29
30
32
35
37
38
39
40
40
41
41
41
39
38
37
37
34
32
31
28
27
24
22
19
17
14
13
10
8
6
4
3
2
0
-1
-2
-2
-2
-3
-3
-3
-3
-3
-3
-3
-3
-3
-4
-4
-4
-5
-5
-5
-6
-5
-5
-6
-5
-6
-6
-6
-7
-7
-8
-7
-8
-7
-7
-7
-7
-7
-8
-8
-7
-7
-6
-6
-6
-6
-6
-5
-5
-5
-5
-5
-5
-5
-5
-5
-6
-6
-6
-7
-7
-7
-7
-7
-7
-7
-7
-7
-7
-8
-7
-7
-7
-7
-7
-7
-8
-8
-7
-8
-8
-8
-7
-8
-7
-6
-6
-5
-5
-5
-4
-3
-3
-3
-2
-2
-1
0
-1
0
-1
1
0
0
0
0
0
0
0
1
1
1
1
0
1
1
2
2
1
3
2
3
3
2
3
3
3
3
3
3
3
3
4
4
3
4
4
3
4
4
4
4
4
4
5
5
5
5
6
5
5
5
5
6
6
6
6
7
7
7
7
6
7
7
6
7
7
6
7
5
5
5
5
4
4
3
2
3
2
2
1
2
1
1
1
1
0
-1
-1
0
-1
-1
-1
-1
-1
-1
-1
-1
-2
-1
-1
-1
-1
-1
-1
0
0
0
0
0
-1
-1
-1
0
-1
0
-1
-2
-1
-2
-1
-2
-2
-3
-2
-2
-3
-3
-3
-3
-3
-3
-3
-4
-4
-3
-4
-4
-5
-5
-5
-6
-5
-6
-6
-7
-7
-7
-7
-8
-6
-7
-7
-7
-6
-7
-6
-7
-6
-5
-6
-5
-5
-4
-5
-4
-4
-4
-3
-3
-3
-3
-2
-2
-1
-2
-1
-1
0
-1
0
-1
-2
-2
-1
0
-1
0
0
-1
0
0
-1
0
0
1
0
0
1
1
1
1
2
1
1
2
1
1
2
1
2
1
2
2
1
2
1
1
2
2
1
2
1
1
1
2
1
2
2
2
2
2
2
1
1
2
2
2
1
2
1
1
1
1
0
1
1
1
0
0
0
0
0
0
0
-1
-1
-1
-1
-1
-2
-1
-3
-3
-2
-3
-3
-3
-3
-4
-3
-2
-3
-3
-3
-2
-3
-2
-2
-2
-2
-1
-1
-1
-1
-1
0
0
0
0
0
0
0
2
2
2
3
2
2
3
3
4
4
4
4
5
5
5
4
5
4
4
4
5
4
5
4
4
4
3
4
4
3
4
3
2
2
3
2
2
2
1
2
1
0
1
0
0
0
-1
0
0
-1
-1
-1
-2
-2
-2
-1
-2
-1
-2
-2
-1
-2
-2
-2
-2
-2
-2
-2
-2
-2
-2
-1
-2
-1
-1
-1
0
0
-1
0
0
0
1
0
0
1
0
1
1
2
1
2
1
2
1
1
2
2
1
1
2
2
2
2
2
2
2
1
0
1
2
1
0
1
1
1
1
0
0
1
1
0
0
-1
-1
0
0
0
-1
0
0
0
-1
-1
-1
0
-1
-1
0
-1
-1
-1
0
0
0
-1
0
0
-1
0
-1
0
0
0
0
0
-1
-1
0
0
0
0
0
-1
-1
-2
-2
-1
-2
-2
-1
-1
-2
-1
-2
-2
-2
-1
-1
-3
-1
-2
-2
-2
-2
-2
-2
-2
-2
-2
-2
-2
-2
-1
-2
-1
-1
-2
-1
-2
-1
-1
-1
-1
-1
0
-1
-1
-2
0
0
-1
-1
0
0
0
0
0
0
0
1
0
0
0
1
0
1
0
1
0
0
0
1
1
1
1
1
0
1
1
2
1
1
1
1
1
1
2
0
0
1
1
1
1
0
1
0
1
1
1
0
1
1
1
1
2
1
1
1
1
1
0
1
0
0
0
1
0
1
1
0
1
0
1
0
0
1
0
0
0
0
-1
0
0
0
-1
0
0
0
0
0
1
1
0
0
0
0
1
0
1
0
0
1
0
1
0
0
1
1
0
1
1
0
0
-1
0
0
0
-1
0
0
1
0
0
0
0
1
0
1
0
0
0
0
0
0
0
0
0
0
0
0
0
0
1
1
0
0
-1
0
0
1
0
0
-1
1
0
0
0
1
0
1
0
0
1
0
0
1
1
0
1
0
1
0
0
1
0
1
1
1
0
1
0
0
0
-1
0
0
0
0
0
1
0
0
-1
0
-1
0
-1
0
0
0
0
0
0
-1
0
-1
0
0
-1
0
0
0
0
0
-1
-2
0
-1
0
-1
-1
-1
-1
0
0
-1
0
0
0
0
0
0
0
1
0
0
0
0
0
0
0
0
-1
0
0
0
0
0
0
-1
-1
0
0
0
0
0
1
0
1
-1
0
0
-1
0
0
0
1
0
0
0
0
0
0
0
0
-1
0
0
0
-1
-1
-1
-1
-1
-1
0
0
0
-1
-1
0
-1
0
0
0
-1
0
0
0
0
0
1
0
0
0
0
0
0
0
0
0
0
1
0
0
0
0
0
0
0
0
0
0
0
0
0
-1
-1
0
0
0
0
0
0
-1
0
0
-1
0
0
0
0
0
0
0
0
0
0
0
0
0
0
0
0
0
-1
0
0
1
0
0
-1
1
0
0
0
0
0
0
0
0
0
0
-1
1
0
0
-1
0
0
0
1
0
-1
0
0
0
0
0
0
0
1
-1
0
-1
0
-1
-1
0
0
0
1
0
0
0
0
0
1
0
-1
-1
0
0
0
0
0
0
0
-1
0
-1
0
1
0
0
0
0
1
0
0
0
0
0
-1
0
0
0
0
0
0
0
1
0
1
0
0
0
0
-1
0
0
0
-1
0
0
0
0
0
0
0
0
-1
0
0
0
1
0
1
0
-1
0
1
0
0
-1
0
0
0
0
0
0
1
0
1
0
0
0
0
0
1
0
1
0
0
0
1
0
1
0
0
0
-1
0
0
0
1
0
0
0
1
0
-1
0
0
0
0
0
0
1
0
0
0
1
0
1
0
0
1
0
0
1
0
0
1
0
0
1
0
0
0
0
0
0
0
0
0
0
0
1
0
0
-1
0
0
-1
0
-1
0
0
1
0
0
0
0
-1
0
0
0
0
0
0
0
0
0
-1
0
0
0
0
-1
0
0
0
0
0
0
0
-1
0
0
0
0
0
0
0
1
0
0
0
0
0
-1
-1
0
0
0
0
1
0
0
0
0
0
0
0
0
0
-1
0
-1
1
0
0
0
0
-1
0
-1
0
0
0
-1
-1
0
0
0
0
1
0
-1
0
0
1
0
-1
0
0
0
0
0
-1
0
0
-1
0
0
0
0
0
-1
0
0
-1
0
0
0
0
0
0
1
0
-1
0
-1
-1
0
0
0
1
0
0
0
0
0
0
1
0
0
-1
0
0
1
0
0
0
0
0
1
0
0
-1
0
0
0
0
0
0
0
0
1
0
0
0
0
0
0
0
0
1
0
0
0
0
0
0
-1
0
0
0
0
1
0
0
1
0
0
0
1
-1
0
0
0
0
0
1
0
1
0
0
0
1
1
0
0
0
1
0
0
0
0
0
-1
0
0
0
1
0
0
0
1
1
0
1
0
0
0
0
0
0
0
1
0
1
0
-1
1
1
0
0
0
0
0
0
0
0
0
0
0
1
0
1
0
0
0
0
0
1
0
1
0
0
0
0
0
0
0
0
0
0
0
1
0
0
-1
0
0
0
0
0
0
0
0
0
0
-1
0
0
1
0
0
-1
0
0
0
0
0
0
0
0
-1
0
1
0
0
0
0
1
0
0
0
0
0
-1
0
0
-1
0
0
0
0
0
0
0
0
0
0
0
1
0
1
1
0
0
-1
1
0
0
0
0
0
0
0
0
0
0
0
0
1
0
0
0
0
1
0
0
1
0
0
0
0
0
-1
0
-1
0
0
1
1
0
0
-1
0
-1
-1
0
0
0
0
1
0
-1
0
0
0
0
0
0
0
0
1
-1
0
1
0
0
0
-1
0
0
0
1
0
-1
0
-1
-1
0
0
1
0
0
0
1
0
0
0
1
1
-1
0
-1
0
0
0
1
0
0
0
0
-1
0
0
-1
0
0
-1
-1
1
0
0
0
0
-1
0
1
0
0
0
-1
0
0
1
0
1
-1
0
0
0
-1
0
0
0
0
0
0
0
0
0
0
0
0
0
0
0
0
0
1
0
0
0
0
1
0
0
0
0
0
0
0
0
0
0
0
0
0
0
0
0
0
0
0
0
1
0
0
0
0
-1
0
0
1
0
0
0
0
0
-1
0
0
0
0
0
0
-1
0
0
-1
0
0
0
-1
0
0
0
0
-1
0
0
0
0
0
0
0
0
0
0
0
0
0
0
0
-1
0
0
0
-1
0
0
0
-1
0
0
0
0
1
0
0
0
0
-1
1
0
0
0
0
0
1
0
0
0
0
0
0
1
0
0
0
0
-1
0
-1
0
0
0
0
0
0
0
0
0
0
0
0
0
0
0
0
0
1
0
1
1
0
1
0
0
0
0
0
1
0
1
0
0
0
1
0
0
-1
0
0
1
0
-1
0
0
0
0
-1
-1
1
0
0
1
0
0
1
0
0
0
-1
1
0
0
0
0
0
0
-1
0
0
0
0
0
0
0
0
0
0
0
0
0
0
0
0
0
0
0
0
-1
0
-1
0
-1
0
0
0
-1
0
-1
0
-1
1
0
0
0
0
0
-1
0
-1
0
-1
0
0
0
0
-1
0
-1
0
1
0
0
0
0
0
0
1
0
0
0
0
0
0
-1
0
0
0
0
-1
0
0
0
1
0
1
1
0
0
0
0
0
0
0
0
0
0
1
0
1
0
0
0
0
0
0
0
1
0
0
0
1
0
1
1
0
0
0
0
-1
0
0
1
0
0
0
0
0
0
0
0
0
0
0
0
0
-1
0
0
0
0
0
0
0
0
0
-1
0
1
0
0
0
0
0
0
0
-1
1
0
0
0
1
0
1
0
0
0
0
0
0
0
-1
0
1
0
0
1
1
0
0
0
0
-1
1
1
0
0
1
1
0
1
0
0
0
0
0
0
0
0
0
0
1
0
0
0
0
0
0
-1
-1
1
0
0
1
0
0
-1
0
-1
0
0
1
0
0
0
0
1
-1
0
0
0
0
0
0
0
0
0
0
0
0
0
0
-1
0
0
0
0
1
0
0
0
1
0
0
0
0
0
0
1
0
0
0
0
1
0
0
0
0
0
1
1
1
1
0
1
-1
0
0
-1
0
0
0
0
-1
0
0
0
0
0
0
0
0
0
0
0
0
0
0
-1
-1
-1
0
0
0
-1
0
-2
0
-1
0
0
0
0
-1
0
0
0
0
0
0
0
0
0
1
0
0
0
1
0
0
0
1
0
1
1
1
0
1
0
1
1
1
1
1
1
1
1
0
1
0
1
1
1
1
1
0
1
0
1
0
0
0
0
0
0
1
-1
0
-1
0
-1
-1
0
0
0
0
-2
-1
-1
-1
-1
-1
0
-1
-1
-1
-1
-1
-1
-1
-2
-1
-1
-1
-1
-1
-1
-1
0
0
0
-1
-1
0
-1
0
-1
0
0
0
0
1
0
0
1
1
1
1
0
1
1
1
1
1
2
1
1
1
1
1
1
0
0
1
0
0
-1
-1
-1
-1
-1
-2
-2
-1
-2
-1
-1
-2
-2
-2
-3
-3
-2
-3
-3
-3
-3
-3
-2
-3
-3
-3
-3
-3
-2
-1
-2
-2
-2
-1
-1
-1
-1
-1
0
1
0
0
0
0
1
1
2
2
2
2
2
2
3
2
3
3
1
3
4
2
2
3
3
3
2
2
2
2
2
2
1
2
2
1
1
1
0
0
0
0
-1
0
0
-1
-1
-3
-2
-3
-3
-3
-4
-4
-3
-4
-4
-4
-5
-5
-5
-5
-6
-4
-5
-5
-5
-5
-5
-4
-4
-4
-4
-4
-3
-2
-2
-2
-1
-1
0
0
1
2
1
3
3
3
4
5
6
6
7
8
7
9
10
10
10
10
12
12
12
12
12
12
13
13
12
12
13
12
12
12
11
11
10
11
8
8
7
7
6
5
4
3
3
1
1
-1
-2
-3
-4
-5
-6
-7
-7
-8
-9
-10
-11
-11
-12
-14
-14
-15
-15
-15
-16
-15
-15
-15
-15
-14
-15
-16
-15
-13
-14
-12
-11
-11
-11
-10
-8
-7
-7
-6
-4
-4
-2
-1
0
1
2
3
4
5
6
6
7
9
9
10
10
11
12
12
12
13
13
13
13
13
14
13
13
13
13
12
12
12
11
10
9
9
9
7
7
6
5
5
3
3
3
2
0
0
-1
-2
-3
-2
-3
-4
-5
-5
-5
-7
-8
-8
-9
-10
-10
-11
-12
-12
-12
-13
-13
-14
-15
-15
-17
-17
-18
-19
-19
-20
-21
-22
-22
-23
-25
-24
-25
-27
-26
-27
-28
-29
-29
-28
-29
-29
-29
-29
-29
-28
-27
-27
-27
-25
-24
-24
-22
-21
-19
-18
-16
-15
-14
-12
-9
-7
-5
-3
0
1
4
7
10
12
14
18
21
23
26
29
31
35
37
40
41
44
48
49
50
53
53
54
56
57
56
58
58
57
57
56
55
53
52
51
48
46
44
41
38
35
31
28
23
20
16
12
8
3
0
-4
-8
-11
-15
-19
-22
-24
-28
-30
-32
-35
-36
-38
-39
-41
-41
-42
-43
-42
-42
-42
-41
-42
-39
-38
-37
-36
-35
-33
-32
-31
-30
-29
-27
-25
-25
-23
-22
-21
-20
-18
-17
-17
-15
-16
-14
-12
-11
-10
-7
-6
-4
-2
-2
0
3
5
6
9
12
13
16
18
19
22
24
24
27
27
29
31
32
32
32
33
33
32
31
31
31
30
28
28
27
25
25
23
22
20
19
17
16
14
12
11
9
7
5
4
2
0
-1
-3
-4
-6
-8
-10
-11
-14
-14
-16
-18
-19
-20
-22
-23
-24
-25
-25
-25
-27
-27
-26
-27
-26
-26
-25
-24
-23
-21
-20
-19
-17
-15
-14
-12
-10
-8
-7
-5
-4
-1
1
2
3
5
6
7
8
9
10
11
12
12
13
13
13
14
14
14
14
14
15
14
14
14
14
14
13
12
12
11
12
11
10
10
9
9
8
7
6
6
4
3
3
3
1
0
0
-1
-1
-2
-2
-3
-3
-4
-3
-3
-3
-3
-3
-3
-4
-4
-3
-3
-2
-2
-1
-2
-1
0
0
0
0
0
1
1
1
1
1
1
0
0
-1
-2
-2
-3
-4
-6
-6
-7
-9
-9
-10
-11
-13
-13
-14
-15
-16
-16
-16
-17
-18
-18
-19
-17
-18
-18
-18
-18
-17
-16
-16
-14
-15
-13
-12
-13
-11
-10
-9
-8
-6
-6
-5
-3
-3
-2
0
1
2
4
5
6
7
8
10
11
12
12
14
15
16
18
18
20
20
22
22
24
24
26
26
26
27
27
28
28
28
29
29
29
29
30
30
27
28
27
27
27
25
24
24
23
21
20
20
18
16
14
12
11
9
8
6
4
2
0
-2
-3
-5
-7
-8
-10
-12
-14
-14
-15
-18
-19
-20
-21
-22
-24
-24
-25
-27
-26
-27
-28
-28
-29
-29
-29
-30
-29
0
0
0
0
0
0
0
0
0
0
0
0
0
0
0
0
0
0
0
0
0
0
0
0
0
0
0
0
0
0
0
0
0
0
0
0
0
0
0
0
0
0
0
0
0
0
0
0
0
0
0
0
0
0
0
0
0
0
0
0
0
0
0
0
0
0
0
0
0
0
0
0
0
0
0
0
0
0
0
0
0
0
0
0
0
0
0
0
0
0
0
0
0
0
0
0
0
0
0
0
0
0
0
0
0
0
0
0
0
0
0
0
0
0
0
0
0
0
0
0
0
0
0
0
0
0
0
0
0
0
0
0
0
0
0
0
0
0
0
0
0
0
0
0
0
0
0
0
0
0
0
0
0
0
0
0
0
0
0
0
0
0
0
0
0
0
0
0
0
0
0
0
0
0
0
0
0
0
0
0
0
0
0
0
0
0
0
0
0
0
0
0
0
0
0
0
0
0
