0
0
0
0
0
0
0
0
0
0
0
0
0
0
0
0
0
0
0
0
0
0
0
0
0
0
0
0
0
0
0
0
0
0
0
0
0
0
0
0
0
0
0
0
0
0
0
0
0
0
0
0
0
0
0
0
0
0
0
0
0
0
0
0
0
0
0
0
0
0
0
0
0
0
0
0
0
0
0
0
0
0
0
0
0
0
0
0
0
0
0
0
0
0
0
0
0
0
0
0
0
0
0
0
0
0
0
0
0
0
0
0
0
0
0
0
0
0
0
0
0
0
0
0
0
0
0
0
0
0
0
0
0
0
0
0
0
0
0
0
0
0
0
0
0
0
0
0
0
0
0
0
0
0
0
0
0
0
0
0
0
0
0
0
0
0
0
0
0
0
0
0
0
0
0
0
0
0
0
0
0
0
0
0
0
0
0
0
0
0
0
0
0
0
0
0
0
0
130
152
175
197
221
251
291
333
365
376
370
373
399
443
459
403
266
97
-27
-57
-25
-16
-107
-300
-512
-638
-629
-538
-471
-500
-604
-687
-657
-504
-304
-161
-127
-170
-203
-155
-19
149
277
322
287
213
150
131
158
202
220
175
68
-61
-159
-186
-151
-109
-122
-205
-313
-371
-336
-224
-106
-49
-68
-115
-119
-41
104
247
327
333
297
273
298
364
431
460
428
355
275
217
187
175
153
100
12
-93
-179
-220
-215
-193
-192
-233
-298
-347
-339
-270
-176
-108
-93
-114
-122
-83
3
94
144
131
87
55
66
108
142
133
79
1
-64
-98
-103
-105
-125
-164
-210
-247
-262
-252
-231
-210
-199
-195
-188
-164
-118
-58
2
46
70
81
91
115
154
193
219
222
205
180
165
161
162
154
123
76
32
6
1
7
4
-17
-54
-88
-100
-88
-63
-43
-40
-49
-56
-54
-37
-13
4
11
8
0
-1
2
12
20
18
6
-13
-32
-39
-33
-24
-23
-36
-57
-76
-86
-81
-71
-64
-67
-75
-81
-78
-62
-39
-19
-8
-4
-1
9
30
58
83
96
98
93
90
97
110
120
119
106
88
76
73
79
84
82
69
49
34
30
36
48
56
54
43
31
26
33
47
58
61
57
53
52
60
70
77
77
72
65
59
55
55
56
52
42
27
10
-2
-6
-4
-6
-15
-34
-51
-64
-68
-66
-67
-73
-83
-91
-94
-92
-92
-93
-94
-97
-95
-92
-88
-86
-82
-79
-79
-85
-93
-98
-99
-94
-87
-87
-94
-104
-109
-108
-99
-91
-86
-91
-98
-105
-105
-100
-94
-88
-82
-77
-77
-77
-77
-77
-76
-70
-60
-48
-38
-35
-35
-34
-32
-25
-15
-5
8
20
31
42
53
63
81
106
134
156
168
174
180
196
224
262
305
352
406
466
524
570
616
680
766
853
904
895
845
807
818
861
848
692
380
30
-204
-255
-203
-216
-422
-789
-1151
-1316
-1238
-1042
-929
-995
-1165
-1257
-1143
-847
-516
-309
-276
-330
-333
-199
46
304
478
531
489
403
339
327
372
430
444
369
205
10
-135
-179
-146
-122
-182
-332
-497
-573
-514
-368
-236
-201
-257
-323
-301
-160
49
231
324
328
305
323
408
532
641
682
649
575
500
458
451
453
423
338
201
56
-57
-113
-123
-131
-180
-280
-401
-486
-496
-431
-340
-287
-301
-362
-410
-389
-283
-141
-29
3
-33
-79
-77
-7
98
170
166
91
-6
-64
-56
-7
30
6
-86
-210
-305
-329
-283
-215
-181
-211
-279
-329
-315
-232
-121
-40
-26
-54
-71
-36
54
158
231
242
210
177
180
224
283
313
295
239
176
138
136
155
163
130
58
-26
-86
-106
-93
-75
-84
-128
-187
-225
-219
-173
-120
-93
-98
-121
-128
-102
-45
17
55
62
46
32
40
73
118
153
164
148
123
113
123
148
165
163
144
129
130
157
195
230
254
274
297
328
375
435
507
585
648
679
664
615
558
512
477
431
352
236
98
-28
-136
-229
-327
-438
-553
-646
-703
-715
-700
-680
-665
-657
-643
-603
-533
-444
-348
-259
-181
-111
-41
27
93
150
193
223
241
249
249
242
229
203
164
114
61
12
-26
-51
-77
-116
-169
-225
-265
-277
-268
-256
-263
-287
-308
-305
-273
-231
-200
-191
-190
-181
-151
-107
-69
-56
-61
-68
-62
-47
-39
-47
-74
-109
-144
-171
-189
-199
-208
-219
-233
-253
-272
-283
-270
-237
-195
-162
-140
-120
-90
-43
25
104
179
237
275
305
337
382
439
499
548
583
620
684
779
877
947
1002
1081
1190
1299
1357
1354
1322
1331
1408
1481
1382
998
427
-53
-212
-89
49
-91
-599
-1274
-1751
-1779
-1453
-1144
-1165
-1496
-1829
-1861
-1522
-997
-581
-470
-613
-765
-689
-349
94
457
643
654
549
433
408
512
685
815
806
633
350
87
-23
41
140
97
-145
-478
-723
-764
-617
-429
-373
-514
-746
-878
-789
-520
-223
-39
-15
-85
-121
-22
211
479
664
717
673
615
613
690
809
895
881
749
560
401
332
341
366
322
164
-79
-305
-411
-387
-335
-366
-518
-715
-845
-834
-702
-561
-528
-626
-750
-776
-663
-484
-345
-304
-339
-380
-364
-277
-169
-112
-130
-185
-222
-223
-205
-179
-159
-159
-189
-236
-268
-266
-233
-185
-143
-129
-150
-178
-165
-92
3
74
113
148
204
290
401
519
609
656
689
753
855
960
1054
1144
1222
1256
1260
1303
1418
1544
1602
1575
1507
1444
1427
1473
1472
1223
651
-22
-445
-479
-314
-265
-538
-1127
-1788
-2155
-2032
-1622
-1364
-1501
-1858
-2089
-1991
-1593
-1085
-705
-617
-760
-857
-684
-273
171
501
679
698
583
465
500
701
929
1038
979
777
492
259
213
333
413
276
-47
-378
-567
-568
-429
-282
-291
-502
-767
-870
-738
-477
-239
-121
-137
-223
-252
-127
129
395
555
587
547
508
534
648
806
912
890
731
505
309
220
246
305
276
89
-224
-531
-713
-732
-669
-653
-776
-1016
-1227
-1269
-1133
-937
-821
-841
-941
-1009
-941
-724
-459
-285
-257
-306
-328
-266
-126
49
190
235
190
139
160
253
364
445
476
452
402
386
449
563
651
678
665
645
641
694
840
1038
1170
1193
1198
1303
1498
1689
1814
1859
1833
1802
1865
1985
1899
1399
646
74
-58
107
229
34
-568
-1394
-2012
-2070
-1689
-1392
-1550
-2028
-2425
-2474
-2174
-1683
-1253
-1126
-1304
-1481
-1346
-907
-403
0
274
407
379
299
357
615
933
1153
1223
1131
891
634
565
724
887
809
485
106
-156
-232
-141
-6
-32
-314
-699
-923
-880
-680
-493
-412
-458
-594
-703
-648
-408
-116
77
137
130
129
177
305
508
707
795
745
635
552
515
517
551
577
513
315
53
-168
-307
-394
-472
-577
-744
-955
-1118
-1162
-1114
-1067
-1079
-1139
-1199
-1203
-1114
-947
-783
-690
-666
-648
-580
-453
-291
-134
-15
54
116
205
326
447
546
615
659
688
722
773
832
877
899
901
880
853
877
986
1123
1196
1221
1292
1441
1592
1686
1732
1746
1756
1836
1992
1991
1546
733
40
-141
91
318
185
-416
-1325
-2087
-2234
-1792
-1349
-1454
-2041
-2594
-2723
-2404
-1833
-1309
-1130
-1353
-1641
-1577
-1097
-491
-17
280
420
400
316
374
677
1085
1380
1466
1360
1112
847
771
959
1191
1149
770
280
-67
-168
-62
96
75
-260
-760
-1091
-1075
-835
-607
-526
-620
-832
-1003
-951
-658
-309
-98
-54
-91
-108
-33
174
458
685
763
719
648
625
688
815
943
993
877
546
66
-355
-508
-388
-202
-214
-544
-1078
-1525
-1608
-1303
-901
-780
-1054
-1466
-1649
-1448
-1003
-605
-490
-679
-940
-974
-669
-190
193
326
261
168
190
383
701
1012
1173
1149
1039
964
988
1117
1292
1395
1329
1148
1023
1069
1252
1466
1640
1720
1673
1567
1548
1681
1892
2083
2185
2033
1445
557
-116
-184
190
487
300
-452
-1515
-2348
-2451
-1878
-1305
-1382
-2079
-2801
-3023
-2652
-1929
-1258
-1032
-1335
-1771
-1794
-1261
-486
151
500
558
401
234
335
790
1361
1718
1743
1525
1210
962
964
1242
1510
1417
924
337
-35
-104
42
210
140
-301
-917
-1323
-1309
-1027
-760
-690
-852
-1163
-1399
-1328
-943
-495
-247
-242
-344
-389
-262
55
456
758
838
735
613
620
794
1061
1271
1230
840
250
-181
-208
64
266
101
-421
-1036
-1426
-1395
-1037
-727
-821
-1273
-1692
-1765
-1493
-1097
-817
-798
-1016
-1238
-1199
-840
-377
-63
39
24
4
74
302
661
990
1148
1136
1066
1036
1091
1242
1442
1555
1467
1241
1109
1200
1415
1605
1707
1718
1638
1547
1586
1771
1952
2042
2089
2021
1562
677
-144
-368
-44
300
209
-446
-1507
-2504
-2829
-2320
-1607
-1524
-2192
-2985
-3289
-2973
-2250
-1483
-1107
-1341
-1843
-1955
-1409
-546
156
532
623
503
340
420
868
1452
1815
1847
1666
1391
1126
1052
1262
1539
1497
1027
407
-18
-137
-40
108
70
-331
-982
-1488
-1556
-1269
-951
-850
-1013
-1335
-1602
-1572
-1190
-676
-350
-317
-432
-476
-327
17
457
818
947
857
718
720
919
1224
1444
1349
852
181
-266
-246
108
390
255
-321
-1041
-1500
-1456
-1021
-648
-730
-1202
-1674
-1824
-1587
-1146
-798
-775
-1043
-1312
-1289
-910
-389
-3
156
142
72
102
352
786
1192
1401
1405
1284
1171
1199
1402
1654
1756
1642
1442
1337
1401
1600
1848
2017
1986
1792
1644
1678
1850
2072
2280
2259
1670
566
-401
-627
-194
277
250
-447
-1636
-2746
-3084
-2494
-1666
-1514
-2188
-3025
-3366
-3053
-2292
-1441
-973
-1179
-1722
-1894
-1379
-487
312
796
934
766
506
508
952
1616
2080
2146
1900
1500
1141
1060
1331
1665
1621
1098
397
-102
-239
-108
70
34
-405
-1112
-1668
-1742
-1414
-1062
-956
-1124
-1449
-1722
-1699
-1300
-730
-333
-251
-356
-423
-288
71
560
985
1152
1054
889
888
1078
1257
1218
942
566
264
131
154
200
102
-208
-622
-933
-1036
-1021
-1006
-1026
-1096
-1234
-1389
-1447
-1359
-1210
-1100
-1050
-1017
-956
-838
-634
-346
-66
109
189
272
441
693
984
1238
1380
1389
1328
1322
1438
1598
1682
1671
1644
1646
1667
1726
1852
1996
2056
2010
1952
1940
1955
2018
2155
2165
1669
643
-339
-675
-380
8
-12
-637
-1731
-2801
-3204
-2749
-2026
-1849
-2391
-3091
-3371
-3093
-2434
-1673
-1193
-1254
-1626
-1725
-1244
-421
327
806
1002
940
746
717
1075
1669
2109
2184
1964
1597
1232
1075
1230
1487
1450
973
303
-207
-407
-358
-233
-280
-686
-1340
-1853
-1927
-1653
-1353
-1243
-1350
-1595
-1807
-1759
-1372
-833
-432
-290
-320
-338
-195
148
600
992
1185
1173
1090
1052
1019
899
716
581
538
510
381
120
-186
-429
-577
-631
-646
-765
-1042
-1299
-1338
-1200
-1086
-1109
-1239
-1378
-1417
-1294
-1033
-749
-580
-541
-499
-338
-87
171
412
625
794
934
1085
1240
1359
1429
1481
1538
1579
1588
1611
1699
1811
1880
1907
1946
2006
2055
2092
2142
2168
2142
2139
2171
1978
1281
286
-420
-511
-234
-82
-386
-1194
-2242
-2995
-3011
-2458
-2042
-2262
-2877
-3297
-3227
-2757
-2095
-1528
-1350
-1549
-1703
-1406
-706
35
566
883
1013
968
909
1085
1530
1984
2207
2171
1950
1623
1330
1252
1403
1512
1278
716
125
-241
-348
-308
-308
-544
-1060
-1630
-1927
-1841
-1568
-1382
-1403
-1587
-1799
-1860
-1635
-1178
-713
-441
-369
-346
-214
71
455
842
1127
1249
1238
1144
988
817
725
748
810
780
560
194
-147
-319
-331
-300
-372
-630
-977
-1194
-1173
-1019
-921
-983
-1181
-1375
-1411
-1244
-955
-684
-544
-528
-498
-348
-101
185
472
720
886
994
1102
1222
1353
1496
1621
1669
1643
1634
1723
1885
2033
2111
2127
2121
2137
2208
2331
2417
2401
2352
2324
2095
1393
409
-288
-392
-168
-91
-461
-1308
-2358
-3089
-3088
-2531
-2126
-2391
-3078
-3515
-3372
-2816
-2131
-1582
-1429
-1656
-1807
-1452
-658
155
696
962
1048
1031
1041
1273
1757
2242
2442
2339
2071
1749
1484
1426
1563
1620
1319
698
69
-295
-385
-380
-471
-773
-1289
-1843
-2135
-2034
-1747
-1587
-1666
-1869
-2032
-2023
-1747
-1268
-799
-534
-473
-443
-273
71
492
861
1090
1126
991
828
794
920
1097
1153
982
626
241
-14
-63
46
107
-96
-541
-977
-1178
-1125
-953
-849
-941
-1214
-1496
-1573
-1371
-1045
-819
-782
-839
-843
-697
-388
-8
300
468
539
611
766
1001
1246
1443
1567
1593
1546
1548
1692
1921
2100
2167
2158
2139
2172
2296
2479
2597
2551
2405
2258
1976
1319
405
-258
-380
-227
-268
-731
-1575
-2558
-3234
-3226
-2700
-2334
-2614
-3283
-3678
-3462
-2830
-2132
-1627
-1489
-1675
-1779
-1368
-497
355
848
1035
1101
1144
1231
1485
1939
2381
2552
2415
2136
1851
1617
1529
1603
1613
1296
678
57
-321
-447
-477
-596
-924
-1452
-1995
-2277
-2183
-1903
-1740
-1829
-2058
-2211
-2133
-1788
-1288
-828
-552
-457
-406
-219
159
599
939
1145
1252
1234
1064
859
799
919
1079
1094
872
459
15
-240
-186
22
34
-332
-876
-1239
-1263
-1041
-807
-783
-1038
-1403
-1590
-1430
-1019
-637
-491
-539
-586
-502
-252
135
555
862
972
968
1003
1174
1443
1699
1862
1926
1919
1899
1945
2112
2336
2499
2545
2516
2473
2441
2437
2496
2559
2365
1646
554
-330
-575
-337
-142
-409
-1248
-2423
-3383
-3594
-3067
-2463
-2463
-3061
-3652
-3730
-3267
-2516
-1783
-1388
-1444
-1632
-1443
-727
191
916
1325
1484
1468
1401
1514
1950
2529
2898
2873
2536
2077
1674
1499
1606
1768
1622
1033
249
-348
-603
-628
-643
-848
-1318
-1933
-2390
-2458
-2202
-1924
-1867
-2029
-2241
-2300
-2083
-1608
-1034
-578
-370
-343
-272
6
423
801
1057
1207
1263
1233
1159
1110
1109
1104
1029
885
675
382
80
-70
-51
-61
-278
-654
-1010
-1193
-1173
-1037
-931
-981
-1197
-1427
-1455
-1218
-880
-635
-524
-477
-404
-240
42
398
724
929
1011
1076
1229
1464
1684
1832
1935
2008
2035
2048
2122
2282
2457
2564
2583
2550
2487
2400
2355
2373
2223
1578
507
-431
-765
-602
-436
-681
-1458
-2562
-3511
-3789
-3337
-2731
-2660
-3190
-3746
-3811
-3356
-2642
-1936
-1507
-1472
-1575
-1365
-677
214
933
1343
1517
1554
1543
1659
2051
2601
2968
2938
2588
2132
1748
1562
1599
1687
1531
980
208
-421
-706
-752
-809
-1044
-1488
-2038
-2467
-2565
-2350
-2092
-2036
-2180
-2339
-2333
-2094
-1653
-1120
-666
-429
-375
-301
-38
388
852
1237
1418
1304
970
701
746
1069
1363
1315
891
311
-138
-252
-39
205
113
-385
-975
-1287
-1213
-935
-737
-796
-1095
-1442
-1586
-1384
-948
-563
-422
-477
-553
-494
-214
254
753
1091
1183
1118
1107
1293
1628
1955
2173
2255
2207
2114
2144
2380
2699
2891
2872
2722
2570
2499
2527
2584
2416
1727
592
-432
-824
-650
-447
-692
-1501
-2639
-3627
-3984
-3622
-3027
-2847
-3244
-3771
-3904
-3528
-2874
-2206
-1723
-1530
-1502
-1302
-709
128
885
1383
1634
1723
1739
1842
2184
2729
3191
3276
2946
2424
1966
1730
1752
1876
1799
1302
497
-259
-677
-772
-799
-996
-1425
-1980
-2456
-2657
-2543
-2301
-2178
-2254
-2409
-2451
-2256
-1825
-1279
-792
-494
-383
-314
-115
286
793
1210
1372
1256
1002
836
906
1154
1341
1254
881
412
81
5
101
158
7
-360
-775
-1030
-1050
-938
-866
-931
-1114
-1310
-1382
-1257
-986
-704
-519
-454
-432
-327
-65
330
742
1051
1206
1258
1322
1485
1751
2057
2322
2472
2497
2484
2547
2720
2936
3094
3125
3026
2865
2738
2651
2422
1813
858
-53
-527
-569
-559
-871
-1615
-2612
-3493
-3889
-3737
-3390
-3307
-3584
-3914
-3945
-3623
-3116
-2609
-2208
-1933
-1702
-1334
-725
25
695
1158
1448
1643
1808
2025
2374
2822
3187
3266
3019
2605
2240
2048
2021
2028
1869
1418
740
80
-354
-562
-713
-969
-1368
-1828
-2231
-2466
-2504
-2423
-2360
-2398
-2488
-2489
-2303
-1948
-1512
-1106
-810
-642
-517
-311
26
434
802
1050
1154
1133
1039
974
1017
1127
1165
1037
769
465
227
111
78
7
-201
-530
-846
-1015
-1018
-960
-969
-1096
-1286
-1431
-1428
-1254
-987
-752
-621
-557
-460
-251
61
408
721
967
1153
1303
1465
1688
1970
2249
2450
2560
2644
2770
2954
3147
3287
3323
3232
3067
2915
2735
2321
1540
599
-94
-351
-389
-603
-1213
-2133
-3081
-3716
-3844
-3612
-3440
-3615
-3996
-4198
-4020
-3577
-3089
-2684
-2393
-2163
-1855
-1325
-581
176
737
1069
1289
1517
1814
2202
2666
3091
3298
3197
2879
2544
2342
2292
2293
2187
1846
1270
611
73
-245
-426
-644
-1012
-1500
-1965
-2281
-2407
-2407
-2386
-2424
-2529
-2608
-2532
-2247
-1838
-1443
-1146
-948
-784
-566
-216
247
679
906
888
779
782
969
1239
1416
1374
1116
778
533
473
530
526
333
-6
-350
-581
-686
-728
-782
-901
-1091
-1284
-1377
-1317
-1159
-1007
-922
-885
-829
-676
-395
-26
325
570
713
830
1001
1262
1595
1951
2249
2430
2516
2603
2780
3045
3316
3490
3515
3412
3264
3145
2987
2581
1821
903
207
-75
-130
-333
-921
-1846
-2830
-3527
-3737
-3582
-3428
-3557
-3888
-4117
-4042
-3713
-3302
-2925
-2610
-2321
-1967
-1451
-788
-111
427
797
1090
1391
1735
2129
2568
2978
3222
3201
2959
2662
2466
2420
2445
2388
2106
1575
913
329
-42
-239
-427
-755
-1235
-1750
-2156
-2376
-2430
-2416
-2432
-2516
-2604
-2574
-2362
-2013
-1636
-1315
-1074
-875
-648
-325
96
514
786
847
790
781
921
1170
1381
1418
1242
942
669
543
558
582
471
198
-140
-424
-600
-686
-738
-826
-986
-1188
-1338
-1357
-1251
-1103
-989
-928
-877
-765
-543
-219
138
445
655
785
912
1118
1446
1844
2197
2418
2526
2621
2797
3062
3339
3522
3543
3436
3302
3184
2957
2426
1590
743
221
61
-23
-370
-1111
-2098
-3007
-3531
-3583
-3413
-3393
-3660
-4010
-4143
-3966
-3608
-3237
-2934
-2682
-2400
-1977
-1375
-680
-69
359
661
955
1308
1723
2179
2629
2976
3107
2994
2735
2503
2412
2447
2476
2333
1926
1318
691
229
-22
-186
-441
-875
-1422
-1921
-2248
-2379
-2392
-2399
-2481
-2616
-2694
-2601
-2327
-1967
-1635
-1382
-1175
-944
-622
-212
187
465
601
680
803
987
1172
1286
1295
1206
1062
918
808
723
631
506
340
133
-115
-371
-587
-717
-782
-845
-961
-1119
-1263
-1329
-1285
-1156
-1003
-882
-783
-644
-424
-139
150
405
620
811
1008
1261
1587
1935
2208
2381
2517
2696
2935
3185
3387
3494
3488
3399
3285
3103
2701
1978
1102
429
150
99
-93
-665
-1578
-2569
-3302
-3568
-3456
-3309
-3420
-3753
-4018
-3998
-3720
-3352
-3022
-2750
-2482
-2126
-1608
-953
-302
200
532
798
1108
1505
1964
2431
2830
3059
3051
2844
2586
2431
2428
2491
2455
2185
1666
1022
449
83
-98
-253
-556
-1045
-1601
-2047
-2283
-2331
-2313
-2341
-2453
-2582
-2605
-2439
-2116
-1746
-1437
-1215
-1030
-807
-495
-111
272
568
733
796
838
924
1071
1228
1307
1252
1072
848
678
618
621
584
415
113
-221
-473
-582
-585
-590
-692
-898
-1120
-1240
-1194
-1026
-837
-717
-667
-612
-476
-228
90
407
653
818
952
1139
1432
1788
2109
2337
2497
2654
2854
3087
3307
3461
3510
3462
3334
3081
2604
1883
1103
544
308
211
-67
-706
-1625
-2549
-3185
-3405
-3337
-3276
-3428
-3730
-3942
-3900
-3636
-3301
-3008
-2767
-2501
-2113
-1559
-906
-299
149
449
709
1042
1485
1989
2463
2804
2948
2890
2716
2548
2485
2523
2550
2427
2084
1563
998
529
220
19
-209
-573
-1069
-1578
-1958
-2150
-2203
-2225
-2304
-2442
-2558
-2549
-2363
-2047
-1712
-1448
-1258
-1070
-809
-465
-106
182
355
453
555
711
905
1065
1121
1056
913
769
679
649
635
577
434
211
-47
-282
-441
-522
-559
-612
-724
-883
-1028
-1091
-1043
-913
-765
-645
-547
-433
-262
-32
221
452
636
790
961
1202
1509
1812
2041
2196
2343
2540
2788
3035
3223
3311
3302
3229
3078
2749
2151
1368
670
294
199
89
-334
-1131
-2102
-2921
-3338
-3354
-3216
-3217
-3437
-3719
-3832
-3702
-3421
-3114
-2836
-2556
-2205
-1740
-1186
-628
-155
205
513
852
1259
1709
2137
2483
2699
2762
2685
2537
2418
2388
2411
2368
2151
1740
1215
714
340
104
-83
-345
-746
-1236
-1683
-1972
-2086
-2102
-2127
-2216
-2335
-2401
-2341
-2138
-1839
-1526
-1259
-1038
-816
-562
-300
-72
123
324
541
742
880
931
914
857
789
736
697
655
586
492
378
228
29
-198
-394
-501
-520
-511
-548
-666
-836
-979
-1022
-934
-757
-566
-411
-295
-181
-38
143
360
596
826
1028
1211
1407
1624
1835
2012
2166
2334
2535
2752
2945
3073
3114
3081
3012
2886
2590
2019
1247
544
154
61
-4
-348
-1071
-2004
-2824
-3263
-3293
-3125
-3047
-3177
-3404
-3536
-3472
-3251
-2964
-2655
-2317
-1924
-1476
-996
-535
-128
220
539
881
1261
1660
2031
2329
2520
2582
2518
2374
2237
2184
2204
2194
2028
1651
1140
641
273
57
-88
-290
-629
-1068
-1490
-1776
-1898
-1924
-1944
-2000
-2076
-2110
-2052
-1888
-1638
-1364
-1118
-911
-714
-474
-171
158
422
537
501
414
421
589
841
1009
955
690
356
136
116
231
321
251
18
-272
-487
-572
-566
-554
-592
-683
-783
-828
-790
-690
-574
-484
-414
-325
-166
71
347
603
791
907
971
1042
1192
1448
1755
1999
2118
2160
2224
2376
2593
2799
2916
2922
2865
2792
2658
2304
1631
783
110
-139
-62
-42
-426
-1254
-2253
-3032
-3339
-3224
-2966
-2855
-2976
-3196
-3323
-3277
-3093
-2834
-2514
-2107
-1627
-1138
-724
-414
-163
111
459
874
1300
1672
1952
2134
2234
2254
2198
2096
2002
1961
1960
1912
1716
1339
864
431
138
-26
-161
-373
-696
-1082
-1441
-1698
-1823
-1846
-1832
-1838
-1875
-1903
-1869
-1741
-1536
-1293
-1051
-830
-619
-395
-164
30
147
201
261
376
528
654
690
623
488
348
253
222
228
221
161
45
-113
-283
-423
-508
-525
-508
-503
-546
-632
-717
-744
-687
-558
-408
-272
-165
-59
71
238
425
610
779
924
1048
1165
1293
1450
1619
1772
1902
2024
2167
2324
2471
2571
2613
2614
2614
2603
2465
2041
1317
528
15
-74
65
43
-406
-1247
-2177
-2836
-3040
-2875
-2619
-2515
-2626
-2847
-3032
-3086
-2981
-2725
-2334
-1858
-1381
-996
-742
-569
-373
-65
348
793
1187
1489
1701
1848
1940
1976
1958
1911
1875
1871
1863
1788
1587
1263
881
535
291
135
-8
-214
-505
-836
-1142
-1373
-1512
-1572
-1584
-1594
-1626
-1660
-1657
-1582
-1431
-1230
-1011
-806
-627
-464
-291
-88
132
308
371
301
181
141
270
506
677
641
402
111
-57
-36
107
227
217
68
-139
-306
-386
-397
-393
-411
-450
-484
-493
-472
-432
-382
-318
-232
-117
30
210
409
596
736
813
849
893
995
1172
1397
1605
1736
1787
1814
1892
2050
2251
2418
2501
2508
2482
2404
2166
1670
996
417
187
287
411
207
-441
-1336
-2122
-2526
-2532
-2335
-2184
-2226
-2443
-2723
-2937
-2994
-2854
-2526
-2076
-1610
-1242
-1044
-983
-920
-695
-251
320
833
1156
1283
1325
1394
1526
1687
1822
1900
1920
1885
1795
1647
1448
1216
981
772
598
427
215
-62
-375
-667
-896
-1060
-1185
-1287
-1369
-1435
-1491
-1544
-1567
-1530
-1413
-1242
-1065
-912
-782
-645
-500
-367
-265
-181
-73
75
235
350
387
354
294
257
274
336
405
434
398
305
178
56
-32
-79
-95
-106
-139
-207
-305
-409
-488
-515
-484
-409
-319
-236
-171
-120
-56
40
177
329
469
580
668
750
842
956
1090
1234
1366
1485
1600
1718
1836
1933
2001
2050
2114
2186
2177
1939
1422
783
308
184
321
413
172
-443
-1214
-1842
-2149
-2164
-2050
-1974
-2020
-2193
-2444
-2675
-2777
-2664
-2341
-1900
-1488
-1225
-1139
-1143
-1076
-808
-340
201
645
896
978
1006
1085
1246
1446
1621
1730
1761
1714
1598
1439
1277
1144
1036
917
751
523
264
13
-207
-399
-576
-749
-913
-1055
-1166
-1241
-1287
-1319
-1345
-1359
-1335
-1250
-1112
-957
-824
-718
-605
-460
-308
-198
-158
-150
-90
63
256
380
372
279
201
209
291
379
414
386
319
235
141
49
-22
-50
-45
-47
-90
-188
-309
-402
-429
-385
-299
-210
-150
-120
-95
-39
60
179
288
372
445
527
617
698
768
840
934
1047
1162
1276
1397
1536
1671
1762
1774
1733
1697
1701
1683
1530
1199
794
493
388
394
318
29
-439
-932
-1296
-1488
-1562
-1592
-1622
-1675
-1781
-1955
-2148
-2248
-2158
-1879
-1529
-1254
-1138
-1144
-1146
-1018
-717
-296
125
433
585
625
653
758
962
1213
1423
1523
1497
1372
1211
1077
1008
995
978
880
672
391
124
-53
-133
-170
-238
-372
-555
-732
-853
-892
-867
-817
-784
-787
-813
-825
-788
-690
-549
-400
-278
-201
-171
-164
-127
-10
180
362
426
324
139
23
81
282
477
524
398
189
15
-58
-45
12
75
110
78
-45
-237
-415
-483
-415
-269
-154
-144
-235
-359
-427
-393
-273
-122
-2
67
92
101
123
169
236
315
394
472
535
582
616
658
724
812
898
960
987
998
1012
1037
1058
1061
1037
982
883
725
517
307
163
111
110
75
-54
-281
-543
-760
-889
-922
-891
-834
-794
-819
-928
-1085
-1205
-1200
-1050
-815
-605
-503
-520
-586
-608
-519
-318
-64
170
323
372
343
289
271
318
415
502
510
413
239
59
-58
-90
-72
-60
-97
-187
-297
-389
-430
-415
-359
-294
-252
-250
-279
-306
-294
-228
-125
-23
44
62
51
42
64
128
217
297
339
340
314
284
258
239
225
218
218
212
176
94
-18
-114
-157
-146
-123
-135
-194
-273
-330
-348
-342
-337
-341
-343
-335
-327
-331
-349
-357
-326
-253
-171
-120
-113
-126
-117
-66
12
85
131
151
158
168
181
193
203
214
226
230
217
188
157
138
134
140
141
130
111
98
100
116
135
154
168
185
207
237
271
307
341
363
366
349
332
336
367
412
439
424
368
297
238
201
182
164
139
102
49
-22
-107
-192
-247
-255
-230
-202
-210
-259
-334
-394
-421
-416
-403
-400
-416
-445
-474
-501
-511
-501
-469
-423
-380
-354
-345
-337
-311
-253
-174
-95
-31
8
33
60
96
142
193
245
286
315
327
326
320
321
330
344
350
339
310
271
231
200
178
161
140
115
85
52
25
8
5
11
18
20
19
16
21
29
39
51
65
86
110
126
129
116
100
91
95
103
100
79
43
3
-36
-74
-111
-149
-181
-205
-229
-262
-308
-355
-388
-394
-384
-366
-363
-372
-380
-374
-348
-309
-266
-225
-185
-141
-92
-45
0
47
100
160
219
271
310
339
363
388
415
440
456
463
460
448
429
405
376
351
327
303
276
239
196
149
105
69
44
21
-1
-26
-52
-76
-92
-101
-100
-92
-82
-72
-63
-55
-46
-33
-16
4
21
39
49
58
61
61
60
60
59
56
45
31
10
-12
-33
-53
-75
-101
-131
-162
-191
-218
-245
-270
-296
-318
-334
-345
-350
-350
-345
-335
-317
-295
-269
-240
-208
-171
-135
-95
-58
-22
11
44
76
108
136
164
190
211
225
232
233
231
228
223
214
199
173
140
108
77
49
22
-5
-34
-62
-90
-116
-137
-153
-161
-161
-157
-151
-146
-138
-127
-111
-91
-66
-43
-22
-1
17
38
62
82
98
111
122
130
137
138
134
123
106
87
68
49
26
2
-27
-59
-91
-122
-150
-174
-194
-212
-229
-244
-256
-264
-264
-259
-247
-231
-212
-193
-173
-151
-124
-95
-63
-30
2
37
71
101
129
154
178
201
225
247
263
271
272
269
265
259
251
236
215
188
159
130
102
74
47
22
-1
-24
-44
-64
-78
-85
-84
-79
-74
-71
-69
-67
-60
-46
-29
-9
8
23
34
44
54
66
80
93
103
106
100
88
74
59
48
35
19
-1
-27
-53
-75
-96
-113
-127
-142
-156
-170
-182
-190
-192
-190
-183
-175
-163
-153
-139
-122
-101
-76
-48
-18
9
34
58
82
106
130
151
169
184
195
201
206
208
208
206
200
191
177
162
145
127
109
89
68
45
25
1
-19
-39
-57
-71
-83
-91
-98
-104
-106
-104
-97
-87
-76
-65
-54
-42
-27
-9
8
26
40
54
66
77
86
94
100
104
107
107
102
94
85
74
61
49
36
19
0
-19
-38
-56
-70
-83
-93
-100
-105
-109
-111
-109
-101
-90
-77
-60
-45
-32
-17
-2
14
32
50
66
79
90
98
104
111
114
118
118
115
106
95
82
68
56
44
29
13
-8
-26
-44
-60
-72
-83
-92
-102
-111
-119
-123
-125
-123
-117
-110
-103
-96
-87
-77
-64
-50
-36
-22
-10
2
14
25
36
47
57
64
68
70
70
69
66
63
56
48
37
23
9
-4
-17
-30
-43
-56
-68
-82
-92
-99
-105
-108
-109
-108
-107
-103
-98
-91
-80
-66
-53
-39
-25
-10
3
16
30
42
55
65
73
79
82
83
82
79
74
67
60
50
39
26
11
-3
-19
-32
-45
-57
-68
-78
-89
-97
-103
-106
-107
-103
-98
-94
-87
-78
-69
-58
-44
-31
-16
-2
9
20
31
42
52
61
68
72
73
73
71
68
65
61
55
48
38
28
18
9
2
-6
-13
-20
-28
-35
-42
-46
-49
-51
-52
-53
-52
-51
-49
-44
-37
-31
-22
-14
-7
1
9
17
25
32
40
45
49
51
53
55
55
54
52
47
42
35
26
19
9
0
-10
-20
-30
-41
-50
-59
-65
-69
-73
-75
-75
-74
-70
-64
-58
-50
-40
-29
-18
-6
6
19
33
44
56
66
75
82
88
92
95
96
95
91
87
80
73
64
54
45
36
24
13
1
-9
-19
-28
-37
-44
-51
-56
-59
-62
-63
-63
-59
-55
-49
-42
-35
-27
-19
-10
0
9
18
26
33
40
45
50
53
55
57
57
55
53
50
46
41
36
29
23
16
10
4
-1
-6
-10
-15
-18
-22
-24
-26
-26
-24
-22
-20
-16
-13
-9
-5
2
9
16
22
29
33
37
41
45
47
49
51
50
49
46
42
39
33
28
22
14
8
-1
-10
-19
-26
-35
-44
-51
-57
-64
-66
-69
-71
-71
-69
-65
-62
-56
-50
-41
-33
-24
-15
-5
4
13
22
31
39
45
52
56
61
63
65
64
62
60
57
51
46
39
32
25
17
9
1
-7
-14
-22
-28
-35
-40
-45
-49
-52
-53
-53
-53
-51
-51
-47
-43
-39
-34
-29
-23
-19
-13
-7
-3
2
6
9
11
13
14
15
13
13
11
8
4
1
-3
-5
-9
-12
-16
-19
-23
-24
-27
-28
-29
-30
-30
-31
-30
-29
-27
-24
-21
-17
-13
-8
-5
1
7
12
17
22
27
31
34
36
38
39
38
37
36
33
29
26
21
16
10
4
-3
-9
-16
-22
-29
-35
-40
-46
-48
-52
-55
-56
-56
-55
-53
-49
-45
-42
-36
-30
-23
-15
-8
-2
6
13
20
26
33
37
41
45
48
50
51
52
51
50
47
44
40
36
31
26
21
15
9
3
-1
-6
-11
-16
-19
-23
-25
-27
-28
-28
-28
-26
-25
-24
-21
-19
-16
-12
-9
-6
-4
0
2
5
7
9
9
10
10
11
11
9
7
6
3
2
-1
-3
-5
-9
-11
-12
-15
-17
-16
-18
-17
-18
-17
-16
-15
-13
-10
-7
-5
-1
3
6
11
15
18
23
26
31
32
35
37
39
39
40
38
37
36
33
30
26
22
18
13
8
4
-2
-6
-10
-15
-18
-21
-25
-27
-28
-29
-29
-28
-27
-26
-24
-20
-17
-14
-10
-4
-1
3
7
12
17
20
24
28
29
32
33
34
34
35
34
33
32
30
27
25
22
18
15
13
9
7
4
0
-2
-4
-7
-8
-10
-10
-11
-12
-12
-11
-10
-10
-9
-7
-7
-4
-4
-3
1
0
1
2
3
4
3
3
4
3
3
2
2
0
-1
-3
-4
-5
-7
-8
-10
-12
-13
-14
-14
-14
-14
-15
-14
-12
-12
-10
-8
-6
-4
-2
0
4
6
7
11
12
14
16
19
20
20
21
21
22
22
20
19
18
16
12
11
7
3
1
-3
-6
-10
-13
-16
-19
-22
-25
-28
-29
-31
-32
-33
-33
-33
-32
-31
-29
-28
-25
-22
-20
-17
-13
-11
-7
-4
0
1
4
8
8
10
12
11
12
12
12
11
10
8
7
5
3
1
0
-2
-3
-5
-6
-7
-7
-7
-9
-8
-7
-7
-5
-5
-3
-2
-1
1
1
4
5
5
7
6
6
6
6
6
4
4
2
1
0
-2
-3
-5
-6
-8
-9
-10
-11
-12
-13
-14
-14
-15
-13
-13
-13
-12
-12
-10
-10
-8
-7
-6
-4
-3
-3
0
1
2
4
4
6
5
6
7
7
7
7
8
8
8
7
6
6
5
4
4
3
2
1
0
0
0
-2
-2
-3
-4
-3
-3
-4
-2
-3
-3
-2
-2
0
0
1
2
3
3
5
5
8
8
8
9
8
9
9
8
8
7
8
6
6
4
3
3
2
0
-1
-3
-3
-4
-5
-4
-5
-6
-6
-6
-6
-6
-5
-5
-4
-4
-2
-1
-1
0
1
2
3
4
5
6
6
8
8
9
9
10
10
10
10
10
9
8
7
6
5
4
3
3
2
1
0
0
-1
-1
-1
0
0
0
0
1
2
2
3
5
6
7
7
8
8
9
9
9
9
8
8
6
5
4
4
1
0
-2
-2
-4
-5
-7
-7
-9
-9
-9
-9
-9
-8
-8
-8
-7
-7
-7
-4
-4
-3
-2
-2
0
1
2
2
4
4
5
5
5
5
6
6
5
5
5
4
4
4
3
2
1
1
1
0
-1
-2
-2
-2
-3
-4
-4
-5
-4
-6
-6
-6
-6
-5
-5
-5
-4
-4
-4
-3
-2
-2
-1
-1
0
0
0
0
1
1
1
1
2
1
0
0
-1
-1
-3
-2
-3
-4
-6
-6
-7
-7
-9
-10
-11
-11
-11
-12
-11
-11
-10
-10
-9
-8
-7
-7
-6
-4
-3
-2
-2
0
0
0
2
2
2
2
2
2
2
2
2
1
0
0
-1
-1
-2
-3
-3
-4
-4
-5
-6
-5
-6
-5
-6
-6
-5
-5
-4
-4
-2
-3
-2
-1
0
0
1
1
1
2
3
3
4
4
4
4
4
5
5
4
4
4
4
3
2
2
1
0
0
-1
-1
-2
-2
-3
-3
-3
-4
-4
-3
-4
-4
-4
-3
-3
-3
-3
-3
-2
-2
-1
-1
1
0
1
1
1
2
2
2
3
2
3
3
2
3
2
1
2
3
2
2
2
1
1
1
1
1
-1
0
0
0
0
0
0
1
0
2
1
1
2
3
2
2
2
3
3
4
3
3
4
4
4
4
5
4
3
4
3
3
3
2
2
1
2
1
1
0
-1
0
-1
-1
-2
-1
-1
-2
-1
-2
-1
0
0
0
2
2
3
3
4
5
6
6
7
7
8
8
8
8
8
8
8
8
7
7
7
6
5
4
4
3
2
2
1
1
1
1
0
0
-1
-1
-1
-1
-1
-1
-1
-2
-1
-1
-2
-2
-2
-1
-2
-2
-1
-2
-1
-1
0
-1
-1
-1
-1
0
-1
0
0
0
0
1
0
0
0
0
1
0
0
1
0
1
1
1
1
2
2
2
2
2
2
2
2
2
2
3
3
3
3
3
2
2
2
2
2
1
2
1
0
-1
-1
-1
-2
-2
-3
-3
-4
-4
-4
-5
-5
-5
-5
-6
-6
-6
-6
-6
-6
-7
-6
-5
-5
-5
-5
-4
-3
-4
-3
-3
-3
-2
-2
-1
-1
-1
0
0
1
0
0
1
0
1
1
1
1
1
1
0
0
0
0
-1
0
-1
-1
-1
-2
-2
-2
-3
-3
-3
-3
-4
-4
-4
-4
-3
-5
-4
-4
-4
-4
-3
-3
-3
-2
-2
-3
-2
-1
-2
-1
-2
-1
-1
-1
0
1
0
1
1
1
1
1
1
1
1
1
1
2
1
1
1
2
1
1
1
1
1
2
1
1
0
0
0
0
-1
-1
-1
-1
-1
-1
-2
-2
-2
-2
-2
-3
-2
-2
-2
-2
-2
-2
-2
-1
-2
-2
-1
-1
-2
-1
-1
0
-1
0
-1
0
0
1
1
1
2
2
2
2
3
3
3
3
3
3
4
3
3
4
3
3
4
3
2
2
2
1
2
2
1
0
1
1
-1
0
-1
-1
-1
-2
-2
-1
-2
-3
-1
-1
-2
-1
-3
-2
-2
-1
-1
-1
-1
0
0
0
1
1
1
2
2
3
2
3
3
3
4
3
3
3
3
4
5
4
4
3
3
4
3
3
2
3
2
1
2
2
1
1
1
1
1
1
1
1
0
0
1
1
1
1
0
1
1
1
1
1
1
1
1
1
0
1
0
1
1
1
0
0
0
0
0
-1
0
-1
-1
-1
-1
-1
-2
-1
-1
-1
-1
-1
-1
-1
0
0
0
0
0
1
0
0
1
1
1
1
1
1
1
1
1
1
1
1
0
1
1
0
0
0
0
0
-1
-1
-1
-2
-2
-2
-2
-2
-2
-2
-3
-2
-3
-3
-2
-3
-2
-2
-2
-1
-1
-1
-1
-2
-1
-1
-1
-1
0
0
0
0
0
-1
-1
-1
-2
-1
-1
-1
-1
-2
-1
-1
-1
-2
-2
-2
-1
-2
-1
-2
-2
-2
-2
-2
-2
-2
-1
-2
-1
-1
-1
-1
-2
-2
-1
-1
-1
-1
-1
-2
-2
-1
-2
-2
-2
-2
-2
-2
-2
-2
-1
-1
-2
-2
-1
-1
-2
-1
-1
0
0
-1
0
-1
1
0
0
0
1
0
1
1
1
1
1
1
0
1
0
1
0
-1
0
-1
0
-1
-1
0
0
0
-1
-1
-1
-1
-1
-1
-1
-1
-1
0
-2
0
-1
0
0
-1
-1
0
0
0
0
1
0
0
0
0
1
1
1
1
1
1
1
1
0
1
1
0
1
1
1
1
0
0
1
1
0
1
0
0
1
0
1
0
1
1
1
1
1
1
0
0
1
0
0
1
1
1
1
1
1
0
1
1
1
0
1
0
1
1
2
1
2
1
1
1
2
1
2
1
1
1
2
2
2
1
0
2
2
0
1
1
1
1
1
1
1
1
1
1
1
1
1
2
0
1
1
1
1
1
1
1
0
1
0
1
1
1
1
1
0
1
1
1
1
0
2
1
1
1
1
1
0
1
0
1
1
1
0
1
1
1
1
1
0
0
0
0
1
0
1
1
0
0
0
-1
0
0
1
-1
-1
0
0
0
-1
0
0
-1
0
-1
-1
0
-1
0
-1
0
0
-1
0
-1
0
0
0
0
0
-1
0
0
0
0
0
0
1
0
1
0
0
0
1
0
0
-1
0
-1
-1
-1
-1
-1
-1
0
-1
-1
-1
-1
-1
-1
0
0
-1
-1
-1
0
-1
-1
0
-2
-1
-1
-1
-1
-1
-1
-2
-1
0
-1
-1
-1
0
-2
-1
-1
-1
-1
-1
-1
-1
-1
-1
0
-1
-1
-1
-1
-1
-2
0
0
0
0
-1
-1
-1
-1
0
0
0
0
0
0
0
0
1
0
0
0
1
0
1
0
0
0
-1
0
0
0
0
0
-1
-1
0
0
0
0
-1
0
0
-1
0
-1
0
0
-1
0
0
0
0
0
-1
-1
0
0
-1
0
-1
0
1
0
0
0
0
0
0
0
0
0
0
1
0
1
0
0
1
1
0
0
0
0
1
0
0
0
0
0
0
1
0
1
0
0
0
-1
0
0
-1
-1
0
0
0
0
0
0
0
-1
-1
0
0
0
-1
0
0
0
0
-1
0
1
0
0
0
-1
-1
0
1
0
0
1
1
1
0
0
0
1
1
0
1
0
0
1
1
1
1
0
1
1
0
1
0
1
1
0
0
1
0
0
1
1
1
0
1
0
0
-1
0
0
0
0
0
0
0
0
0
0
0
1
1
-1
1
0
-1
0
0
0
0
0
0
0
0
0
-1
1
0
0
0
0
0
0
0
0
0
0
0
1
0
0
-1
1
1
0
0
1
0
0
0
0
0
0
1
0
0
0
0
0
0
0
0
0
-1
0
0
1
0
0
1
0
0
0
1
0
0
0
0
0
0
1
-1
-1
0
0
0
0
-1
0
-1
0
0
0
-1
0
0
0
0
1
0
0
0
0
0
-1
0
-1
0
0
0
-1
0
0
0
0
-1
0
0
-1
0
-1
0
-1
0
-1
-1
0
-1
-1
0
-1
0
-1
-1
0
0
0
0
0
-1
0
-1
0
0
0
0
0
0
-1
0
0
0
0
0
0
0
0
-1
0
-1
-1
-1
-1
-1
0
0
0
0
0
0
0
0
0
0
0
0
-1
-1
0
0
0
0
-1
0
0
0
1
0
0
0
-1
0
0
1
0
0
-1
1
0
0
-1
0
-1
0
0
0
0
0
0
0
0
0
0
0
1
0
0
0
-1
1
1
1
0
1
-1
0
-1
-1
0
0
0
0
0
1
0
0
0
0
-1
1
0
1
1
0
0
0
0
0
1
0
0
0
0
0
0
0
0
1
0
-1
0
0
0
0
0
0
-1
1
1
0
1
0
1
0
0
0
0
1
1
1
0
0
0
0
0
0
-1
0
0
0
0
0
0
0
-1
0
0
0
0
0
1
0
2
-1
0
0
0
0
0
0
1
0
0
1
0
0
0
1
1
0
1
0
0
0
0
-1
0
0
0
0
1
0
0
0
0
0
0
1
0
-1
0
0
0
0
0
1
1
0
0
0
0
0
0
0
1
0
1
0
0
0
0
0
0
0
0
1
0
0
0
0
0
-1
0
0
0
0
0
0
-1
0
0
-1
0
0
0
0
0
0
0
0
0
0
0
0
0
0
0
0
0
-1
0
0
1
0
0
-1
1
0
0
0
0
0
0
0
0
0
0
-1
1
0
0
-1
0
0
0
0
0
-1
0
0
0
0
0
0
0
0
-1
0
-1
-1
-1
-1
-1
0
0
1
0
-1
0
0
0
0
0
-1
-1
0
0
0
0
0
0
0
-1
0
-1
-1
0
0
0
0
0
1
0
0
0
0
0
-1
-1
0
0
0
0
-1
0
1
0
0
0
0
0
0
-1
0
0
0
-1
0
0
0
0
0
0
0
0
-1
0
0
0
1
0
1
0
-1
0
1
0
0
-1
0
0
0
0
0
0
1
0
1
0
0
0
0
0
1
0
1
0
0
0
1
0
1
0
0
0
-1
0
0
0
0
0
0
0
0
0
-1
0
0
0
0
0
0
0
0
0
0
1
0
1
0
0
1
0
0
1
0
0
1
0
0
1
0
0
0
0
0
0
0
0
0
0
0
1
0
0
0
0
0
-1
0
-1
0
0
1
1
0
0
1
-1
0
0
0
0
0
0
1
0
0
-1
0
0
0
0
-1
0
1
0
0
0
0
0
0
0
0
1
0
1
0
0
1
0
0
0
0
0
0
0
0
0
0
0
1
0
1
0
0
0
1
0
1
0
-1
0
-1
1
0
0
0
0
-1
0
0
0
0
0
0
0
1
1
0
1
1
0
0
0
1
1
0
-1
0
0
1
0
0
0
0
0
0
0
0
0
0
1
0
0
0
-1
1
0
0
0
0
1
1
0
0
0
-1
-1
0
0
0
1
0
0
0
0
0
0
1
0
0
-1
0
0
0
0
0
0
0
0
1
0
0
-1
0
-1
-1
0
-1
-1
0
-1
0
-1
-1
-1
-1
-1
-1
-1
-1
0
-1
-1
-2
-1
-1
-1
-2
-1
-1
-1
-1
0
-1
0
0
-1
-1
-1
0
-1
0
-1
0
0
-1
0
0
0
-1
-1
-1
0
0
-1
-1
-1
-1
-2
-2
-2
-2
-2
-3
-2
-2
-2
-1
-2
-2
-1
-1
0
-1
0
0
0
0
0
0
0
0
1
0
1
0
-1
1
1
-1
0
0
0
-1
-1
-1
0
-1
-1
-2
-1
-2
-1
-2
-2
-2
-2
-2
-1
-1
-1
-1
-1
-1
-1
-1
-1
-1
0
0
0
0
1
1
0
0
1
1
1
1
2
2
0
1
1
0
-1
0
0
0
0
0
-1
-1
-2
-2
-1
-1
-1
-2
-2
-1
1
1
2
1
1
0
1
2
3
4
4
2
0
0
0
0
1
0
0
0
1
1
-1
-6
-10
-13
-14
-15
-17
-17
-16
-14
-9
-5
-3
-4
-6
-6
-3
2
9
14
17
19
24
29
34
38
38
36
37
41
49
56
61
59
52
46
42
40
36
29
20
11
8
10
11
7
-5
-19
-35
-51
-73
-104
-139
-174
-201
-223
-246
-275
-302
-303
-256
-161
-34
83
158
180
163
142
143
180
239
297
333
327
273
183
83
8
-8
33
104
158
148
67
-54
-161
-205
-175
-94
-11
38
28
-27
-102
-170
-208
-209
-172
-114
-53
-16
-12
-38
-77
-99
-93
-59
-16
24
53
68
78
78
67
42
14
-1
15
64
123
162
161
114
43
-20
-50
-41
-2
43
77
85
67
27
-23
-69
-96
-92
-61
-17
18
29
13
-18
-47
-67
-73
-71
-67
-57
-40
-16
6
17
9
-13
-34
-37
-16
17
50
65
64
54
45
39
38
36
36
40
50
63
69
63
42
13
-16
-40
-57
-63
-59
-44
-24
-7
-5
-25
-63
-101
-118
-101
-60
-9
27
33
11
-26
-58
-70
-56
-25
11
39
49
0
0
0
0
0
0
0
0
0
0
0
0
0
0
0
0
0
0
0
0
0
0
0
0
0
0
0
0
0
0
0
0
0
0
0
0
0
0
0
0
0
0
0
0
0
0
0
0
0
0
0
0
0
0
0
0
0
0
0
0
0
0
0
0
0
0
0
0
0
0
0
0
0
0
0
0
0
0
0
0
0
0
0
0
0
0
0
0
0
0
0
0
0
0
0
0
0
0
0
0
0
0
0
0
0
0
0
0
0
0
0
0
0
0
0
0
0
0
0
0
0
0
0
0
0
0
0
0
0
0
0
0
0
0
0
0
0
0
0
0
0
0
0
0
0
0
0
0
0
0
0
0
0
0
0
0
0
0
0
0
0
0
0
0
0
0
0
0
0
0
0
0
0
0
0
0
0
0
0
0
0
0
0
0
0
0
0
0
0
0
0
0
0
0
0
0
0
0
