0
0
0
0
0
0
0
0
0
0
0
0
0
0
0
0
0
0
0
0
0
0
0
0
0
0
0
0
0
0
0
0
0
0
0
0
0
0
0
0
0
0
0
0
0
0
0
0
0
0
0
0
0
0
0
0
0
0
0
0
0
0
0
0
0
0
0
0
0
0
0
0
0
0
0
0
0
0
0
0
0
0
0
0
0
0
0
0
0
0
0
0
0
0
0
0
0
0
0
0
0
0
0
0
0
0
0
0
0
0
0
0
0
0
0
0
0
0
0
0
0
0
0
0
0
0
0
0
0
0
0
0
0
0
0
0
0
0
0
0
0
0
0
0
0
0
0
0
0
0
0
0
0
0
0
0
0
0
0
0
0
0
0
0
0
0
0
0
0
0
0
0
0
0
0
0
0
0
0
0
0
0
0
0
0
0
0
0
0
0
0
0
0
0
0
0
0
0
21
-13
-34
-45
-40
-12
24
41
32
16
-6
-34
-42
-31
-15
4
31
39
21
-5
-24
-37
-35
-13
12
20
13
12
7
-10
-24
-18
-11
-14
-3
19
20
0
-5
-1
-16
-27
-9
8
0
-5
15
17
-13
-21
-4
-8
-22
-1
25
10
-15
-7
2
-15
-14
9
11
-13
-18
2
9
-2
0
8
-12
-26
-7
10
5
3
5
1
-8
-11
-10
-9
-3
9
16
15
0
-25
-32
-16
9
23
25
15
-9
-37
-34
-10
11
22
29
21
-4
-32
-37
-20
-4
15
36
31
5
-17
-31
-29
-12
1
15
28
23
2
-14
-20
-23
-20
2
26
17
-2
3
10
-4
-17
-12
-13
-22
-5
34
45
18
-8
-18
-29
-38
-15
24
33
20
24
24
-13
-51
-43
-13
3
22
56
54
-4
-41
-29
-26
-25
10
41
37
19
8
3
-17
-40
-29
1
11
20
43
37
-3
-29
-31
-28
-16
16
43
32
19
16
-10
-37
-21
-5
-12
12
54
40
-6
-10
-2
-30
-38
19
45
1
-5
40
28
-23
-12
14
-22
-48
6
59
38
11
24
9
-54
-68
-6
33
24
41
73
34
-46
-65
-30
-20
-16
47
101
56
-16
-34
-41
-71
-46
44
87
48
18
16
-30
-70
-33
20
24
26
39
20
-20
-27
-12
-9
-3
16
18
3
9
14
-5
-9
8
9
-5
-1
11
0
-18
2
29
15
-9
-3
2
-16
-23
18
45
-1
-28
25
28
-30
-11
35
-20
-65
9
64
15
-17
22
2
-67
-41
35
27
-10
13
37
9
-25
-23
-7
-28
-46
17
72
35
-7
-12
-38
-58
-28
19
45
27
3
13
3
-37
-37
-19
-21
3
38
38
27
0
-49
-59
-24
-1
12
35
39
8
-19
-14
-14
-33
-30
-3
14
24
32
22
-6
-39
-57
-36
-3
12
32
49
28
-17
-41
-35
-29
-28
2
50
43
1
-2
-4
-51
-68
-14
29
26
32
47
4
-61
-57
-6
6
2
38
41
-23
-37
8
-3
-31
1
11
-18
0
32
12
-15
-13
-12
-11
5
27
18
-16
-21
-1
-1
0
15
7
-16
-21
-1
21
10
-12
3
9
-14
-3
26
19
-10
-27
-9
16
0
-8
35
22
-48
-26
48
24
-32
9
35
-41
-40
74
57
-41
0
31
-59
-36
66
21
-36
27
37
-22
-6
28
-22
-68
-14
58
38
14
44
-1
-92
-51
34
13
-1
50
36
-29
-14
22
-21
-56
-5
29
10
26
51
9
-48
-42
-3
6
3
34
38
-24
-45
2
8
-9
14
11
-24
-29
-14
3
25
9
-15
9
12
-27
-20
12
-22
-49
28
75
6
-18
15
-41
-90
3
73
21
7
48
5
-65
-29
29
-12
-37
43
57
-31
-16
46
-36
-90
18
55
-25
8
82
-8
-88
-2
31
-37
-1
62
-2
-39
7
0
-13
16
11
-3
19
14
2
24
23
-12
-18
9
19
2
17
50
11
-33
12
35
-11
0
47
20
-11
30
56
0
-37
-8
0
-9
42
82
23
-31
-14
-3
-8
24
50
16
-24
-3
13
-7
5
25
6
4
11
3
9
-16
-45
23
48
-26
16
60
-73
-102
31
17
-42
46
72
-32
-55
-4
-23
-48
-14
-1
-8
19
-2
-46
-9
-21
-112
-53
67
14
-49
34
48
-79
-98
8
10
-75
-46
59
40
-59
-37
21
-44
-85
0
60
29
-22
-26
11
2
-60
-37
46
23
-63
-15
81
-2
-102
10
79
-36
-44
49
17
-34
-20
-8
42
30
-64
-5
79
-48
-82
68
63
-38
-4
33
-14
-44
-31
9
44
0
-46
29
59
-62
-57
68
5
-73
45
88
-21
-54
-8
-19
-65
-11
73
9
-39
36
-1
-66
36
42
-74
-16
68
-10
-26
59
27
-88
-72
24
8
-38
36
76
-8
-30
36
21
-52
-46
26
42
5
34
75
-17
-91
-14
22
-27
20
79
26
-3
10
-20
-23
12
-9
-9
43
17
-29
33
65
-23
-47
9
-8
-29
30
54
17
-15
-32
-18
10
-15
-40
11
44
-7
4
82
1
-126
-46
42
-18
4
85
7
-93
-73
-29
11
14
-7
43
20
-88
-24
54
-49
-58
31
4
-14
18
-6
-32
-62
-71
12
59
26
22
-4
-61
-63
-26
32
48
-5
2
27
-29
-22
31
-13
-47
0
48
56
32
25
-6
-99
-65
46
30
64
123
-3
-76
-2
-17
-46
31
89
49
9
58
57
-73
-114
-39
-2
64
142
117
53
-53
-178
-93
78
70
80
154
52
-64
-53
-50
-15
-13
-38
107
144
-9
28
24
-154
-89
51
31
93
106
-12
-24
-39
-79
-3
21
-21
20
41
-9
3
40
-13
-60
-8
8
-17
44
83
9
-32
7
-8
-25
41
36
-39
-10
30
-5
40
93
-26
-94
-1
-6
-39
61
63
-39
-23
7
-20
-14
-34
-82
-63
1
25
19
24
-33
-139
-112
-17
2
42
69
2
-23
-21
-61
-19
43
2
-1
73
61
-19
-11
20
-39
-47
59
94
15
-26
-16
-62
-88
-9
43
30
-6
-71
-63
-35
-87
-38
67
38
-11
5
11
-38
-83
-11
79
58
29
71
83
-18
-66
35
39
-44
39
132
42
-31
-1
-30
-96
-53
30
20
-14
2
-7
-33
-34
-41
-45
-35
-19
32
61
40
28
-18
-51
-11
3
38
80
21
-1
23
-51
-67
21
-2
-59
-19
-16
-56
-42
-5
30
8
-33
6
30
21
62
85
95
111
140
192
175
119
106
98
153
243
254
194
73
-26
-40
-33
-7
-3
-66
-142
-198
-188
-174
-249
-289
-261
-236
-199
-145
-128
-193
-242
-168
-93
-53
27
25
-22
42
107
118
142
148
149
125
129
212
162
51
68
36
0
23
-37
-35
-58
-236
-207
-109
-266
-277
-121
-197
-279
-197
-214
-273
-260
-247
-155
-75
-78
-17
-28
-127
-104
-75
-26
132
173
130
169
159
88
105
170
169
180
260
301
247
205
181
53
20
198
172
47
192
176
-68
-37
94
-11
-147
-52
84
-34
-128
-3
-38
-219
-190
-40
-14
-73
-47
42
23
-64
-8
125
122
106
197
238
197
146
151
245
247
182
252
327
266
171
175
216
96
36
240
288
100
68
86
-35
-112
-42
49
-1
-96
-53
-12
-92
-161
-150
-118
-135
-149
-19
70
-66
-127
-44
-104
-158
-46
0
-41
-9
-10
-78
-56
-46
-125
-93
-36
-80
-61
20
18
-61
-96
-98
-138
-111
-49
-50
-35
-97
-166
-65
-72
-155
-39
-34
-112
-3
42
32
71
-16
-27
78
36
43
136
65
6
36
39
110
130
53
99
101
33
102
157
140
107
58
94
124
73
95
131
28
-67
35
123
37
60
139
9
-88
20
58
-28
-16
23
-30
-24
25
-34
-134
-181
-192
-181
-100
15
-9
-148
-197
-174
-218
-224
-89
-23
-107
-136
-90
-106
-205
-258
-175
-139
-183
-132
-60
-61
-142
-198
-101
-82
-163
-75
19
23
-5
-55
39
75
-87
-54
102
24
-63
76
180
86
-13
-1
23
-60
-120
31
100
-31
-48
-15
-70
-106
-147
-127
-22
-49
-93
26
59
-67
-103
-46
-52
-57
8
71
78
31
-31
-47
1
13
-47
-1
82
-25
-68
71
26
-131
-90
-6
-24
-35
9
44
-62
-148
13
107
-6
26
92
-8
-39
39
110
104
26
63
98
10
20
54
13
57
67
32
111
90
-33
-7
39
1
-11
20
64
39
-43
-53
-19
-74
-140
-30
89
-21
-96
0
-20
-120
-79
25
15
-109
-90
45
-1
-94
-45
-21
-104
-124
-11
72
23
-53
-28
20
-46
-63
54
82
-14
-29
75
89
-26
-8
82
18
-13
89
137
91
19
-15
22
16
-21
42
96
-8
-130
-86
1
-58
-105
7
32
-113
-115
21
9
-84
-60
5
-22
-64
-28
-10
-20
-28
-71
-19
78
11
-39
58
75
-3
25
164
190
70
51
106
62
66
184
233
206
156
102
134
188
177
195
253
233
195
267
321
234
193
236
238
295
405
430
391
330
309
343
333
336
365
282
197
229
211
90
14
-43
-159
-217
-173
-158
-231
-314
-348
-387
-445
-444
-412
-403
-412
-405
-367
-341
-370
-404
-368
-299
-290
-259
-174
-180
-231
-219
-215
-202
-152
-155
-178
-152
-145
-208
-235
-153
-126
-199
-183
-104
-136
-205
-183
-129
-149
-200
-167
-117
-158
-191
-149
-159
-178
-125
-131
-118
-17
-23
-59
29
74
29
77
191
206
148
173
255
221
181
305
350
225
209
271
256
220
212
264
272
176
169
225
164
71
55
101
145
119
99
115
66
-11
-28
35
107
63
21
80
64
-19
-23
9
27
3
-9
81
105
6
26
91
39
28
123
171
113
93
136
91
42
133
195
132
99
121
83
55
118
142
106
108
115
104
122
152
112
43
78
165
189
216
248
176
79
96
161
201
228
200
136
112
103
103
101
49
-8
-49
-48
17
11
-69
-124
-217
-271
-187
-113
-130
-170
-199
-232
-238
-169
-83
-102
-188
-202
-148
-118
-92
-67
-105
-170
-172
-114
-58
-22
-35
-109
-86
26
65
93
128
80
21
43
138
188
110
31
-17
-82
-47
42
45
11
-57
-152
-156
-124
-143
-153
-170
-239
-292
-307
-335
-409
-498
-495
-400
-334
-231
-90
-92
-171
-151
-91
-63
-10
64
95
123
197
282
347
373
363
379
442
550
695
818
884
872
748
557
361
161
9
-32
-11
-20
-81
-212
-432
-693
-917
-1046
-1077
-1040
-940
-821
-765
-808
-933
-1077
-1168
-1155
-1008
-756
-490
-298
-206
-183
-206
-249
-253
-186
-47
138
320
448
465
361
193
23
-55
-11
78
162
203
146
8
-162
-316
-420
-481
-487
-438
-362
-262
-180
-184
-229
-226
-198
-115
85
317
465
521
534
539
534
540
582
679
815
932
1068
1222
1250
1187
1171
1181
1208
1291
1366
1391
1353
1273
1223
1195
1182
1239
1326
1392
1465
1590
1800
2044
2219
2249
2012
1471
812
298
145
292
431
423
189
-407
-1231
-1932
-2309
-2440
-2479
-2360
-2058
-1842
-1866
-2047
-2324
-2652
-2889
-2798
-2242
-1467
-859
-536
-469
-604
-792
-827
-538
0
531
970
1332
1538
1511
1262
935
704
611
684
944
1242
1355
1124
603
53
-370
-637
-680
-535
-374
-346
-475
-678
-939
-1308
-1698
-1976
-2089
-2005
-1767
-1485
-1287
-1318
-1553
-1813
-1929
-1776
-1378
-864
-366
-35
71
31
-71
-150
-119
47
335
678
964
1097
1005
736
460
309
338
546
821
1007
998
795
518
256
75
59
186
364
500
519
424
255
73
-16
63
285
560
799
973
1138
1330
1527
1745
2015
2327
2629
2852
2987
2950
2544
1789
1011
551
479
570
632
539
66
-818
-1760
-2352
-2547
-2613
-2659
-2529
-2294
-2228
-2366
-2534
-2672
-2865
-2996
-2698
-1921
-1111
-607
-378
-321
-412
-539
-394
165
835
1324
1667
1957
2112
2009
1750
1578
1516
1494
1597
1876
2147
2097
1646
1054
530
99
-161
-157
8
66
-127
-425
-696
-1036
-1462
-1802
-1985
-2068
-2064
-1914
-1649
-1501
-1594
-1773
-1879
-1866
-1690
-1329
-844
-439
-249
-181
-156
-171
-176
-88
129
425
707
949
1088
1027
804
563
428
434
536
701
839
818
639
418
242
130
91
194
420
622
712
706
634
563
568
704
967
1244
1518
1834
2105
2280
2442
2647
2865
3019
3134
3222
2983
2255
1396
839
656
586
453
299
-84
-957
-2011
-2669
-2839
-2933
-3162
-3201
-2941
-2830
-3054
-3263
-3253
-3267
-3407
-3221
-2408
-1477
-1004
-857
-686
-528
-539
-437
172
1007
1499
1682
1929
2223
2213
1898
1725
1825
1876
1819
1935
2192
2134
1545
842
424
150
-156
-305
-190
-135
-452
-932
-1231
-1448
-1803
-2102
-2053
-1813
-1753
-1871
-1944
-2010
-2204
-2317
-2056
-1544
-1148
-926
-700
-487
-448
-485
-347
-46
205
387
631
876
893
705
567
569
618
678
808
934
864
598
339
194
113
73
122
236
280
212
133
104
80
60
145
395
733
1021
1216
1343
1444
1606
1890
2263
2664
3027
3316
3513
3609
3634
3439
2797
1871
1125
832
838
807
648
280
-569
-1796
-2813
-3205
-3212
-3298
-3402
-3237
-3028
-3178
-3543
-3715
-3686
-3722
-3648
-2970
-1840
-1010
-763
-720
-604
-539
-491
-15
972
1836
2183
2304
2502
2578
2272
1916
1938
2139
2186
2200
2371
2408
1859
924
242
-50
-257
-439
-411
-295
-524
-1152
-1713
-1983
-2220
-2492
-2488
-2114
-1767
-1826
-2111
-2325
-2527
-2679
-2462
-1778
-1009
-612
-534
-472
-452
-520
-456
-100
400
747
920
1070
1081
821
477
337
469
686
851
965
904
561
100
-203
-246
-135
-2
130
204
140
6
-61
-30
53
185
464
896
1269
1444
1498
1606
1830
2107
2479
3026
3583
3902
3963
3943
3859
3346
2320
1340
918
961
1020
910
667
-19
-1396
-2883
-3637
-3605
-3459
-3522
-3427
-3123
-3170
-3714
-4172
-4166
-4003
-3901
-3378
-2139
-915
-492
-646
-722
-605
-525
-194
842
2147
2825
2802
2704
2742
2513
2001
1855
2266
2638
2640
2583
2601
2185
1078
-15
-401
-333
-334
-372
-269
-372
-1085
-2018
-2492
-2540
-2588
-2593
-2216
-1616
-1376
-1638
-2008
-2297
-2564
-2596
-2030
-995
-139
146
77
-83
-308
-462
-263
324
939
1266
1372
1362
1112
614
164
70
303
607
858
985
796
248
-374
-692
-609
-337
-35
240
357
234
14
-76
20
198
454
889
1412
1763
1849
1827
1921
2192
2541
2982
3525
4018
4303
4380
4411
4362
3829
2707
1558
988
1006
1095
941
584
-202
-1635
-3203
-4059
-4030
-3826
-3936
-3960
-3654
-3544
-3972
-4468
-4487
-4230
-4061
-3553
-2260
-839
-259
-460
-619
-408
-168
196
1201
2552
3301
3204
2948
2972
2838
2308
2017
2338
2741
2712
2485
2378
1972
853
-355
-831
-707
-640
-772
-809
-925
-1586
-2528
-3026
-2980
-2863
-2818
-2486
-1853
-1510
-1724
-2097
-2304
-2373
-2257
-1677
-651
219
458
273
57
-79
-121
66
580
1143
1381
1320
1149
865
423
-15
-127
117
407
534
469
184
-312
-847
-1088
-902
-523
-204
-16
47
2
-92
-104
60
336
671
1102
1562
1897
2015
2025
2168
2486
2871
3329
3848
4288
4496
4490
4464
4281
3523
2286
1225
817
862
827
583
123
-900
-2515
-3982
-4543
-4350
-4197
-4275
-4133
-3836
-3945
-4474
-4792
-4576
-4234
-3922
-3083
-1617
-412
-139
-387
-394
-121
160
787
2053
3305
3724
3424
3155
3088
2762
2276
2248
2677
2917
2682
2337
2019
1260
9
-961
-1158
-975
-967
-1112
-1213
-1574
-2425
-3252
-3485
-3250
-2986
-2732
-2241
-1713
-1644
-1972
-2228
-2216
-2008
-1593
-813
153
731
724
465
265
215
299
610
1151
1558
1570
1305
946
566
167
-106
-38
227
382
311
43
-349
-806
-1168
-1171
-825
-412
-133
-26
-32
-78
-106
14
334
742
1189
1650
2013
2191
2222
2325
2665
3083
3457
3857
4277
4587
4678
4676
4669
4220
3020
1592
760
712
826
618
206
-513
-1902
-3633
-4730
-4739
-4380
-4419
-4524
-4210
-3928
-4243
-4803
-4836
-4378
-3993
-3459
-2161
-550
242
19
-273
-12
427
861
1811
3234
4153
4012
3459
3278
3191
2715
2309
2541
3012
2970
2442
1964
1429
346
-917
-1487
-1284
-1045
-1199
-1465
-1732
-2370
-3286
-3794
-3600
-3139
-2821
-2471
-1926
-1562
-1684
-2000
-2081
-1862
-1448
-775
177
996
1215
911
539
397
491
775
1223
1642
1720
1403
937
518
173
-101
-196
-70
89
63
-183
-571
-1012
-1376
-1479
-1220
-769
-403
-255
-278
-349
-337
-139
248
711
1124
1468
1794
2069
2226
2301
2443
2790
3273
3717
4071
4354
4515
4526
4496
4571
4469
3652
2177
825
240
254
272
80
-374
-1450
-3197
-4808
-5366
-4999
-4654
-4658
-4529
-4195
-4193
-4635
-4880
-4545
-4042
-3594
-2653
-1055
306
615
243
113
415
842
1586
2892
4163
4497
3928
3330
3094
2813
2398
2328
2679
2843
2438
1814
1259
441
-768
-1739
-1923
-1617
-1473
-1634
-1928
-2454
-3293
-3994
-4044
-3532
-2951
-2513
-2081
-1685
-1546
-1630
-1673
-1517
-1180
-662
103
945
1453
1419
1020
630
500
661
1044
1460
1618
1358
794
222
-163
-377
-468
-460
-429
-484
-670
-938
-1224
-1492
-1638
-1541
-1201
-779
-452
-293
-268
-267
-131
225
723
1192
1536
1775
1982
2196
2407
2636
2911
3248
3594
3851
4029
4219
4417
4570
4677
4770
4600
3667
1994
411
-290
-185
-1
-133
-591
-1625
-3377
-5160
-5927
-5546
-4973
-4795
-4601
-4154
-3988
-4413
-4824
-4571
-3928
-3319
-2355
-719
824
1270
786
439
675
1154
1866
3103
4445
4930
4331
3496
3064
2745
2308
2150
2465
2707
2336
1595
906
75
-1095
-2105
-2366
-2040
-1784
-1869
-2143
-2633
-3405
-4084
-4158
-3597
-2844
-2232
-1738
-1359
-1216
-1242
-1187
-901
-442
63
616
1201
1603
1655
1405
1091
932
922
1025
1211
1310
1137
666
87
-343
-596
-729
-768
-799
-911
-1123
-1350
-1484
-1542
-1545
-1441
-1223
-934
-629
-342
-84
137
355
640
991
1344
1657
1924
2163
2387
2597
2821
3088
3379
3640
3790
3846
3976
4233
4519
4750
4914
4880
4157
2483
544
-578
-558
-118
-16
-329
-1126
-2721
-4797
-6190
-6134
-5299
-4775
-4548
-4113
-3738
-4035
-4708
-4797
-4139
-3365
-2502
-1017
800
1763
1415
713
614
1022
1658
2771
4288
5254
4929
3846
3012
2575
2159
1911
2168
2596
2476
1724
859
25
-1037
-2135
-2664
-2459
-2030
-1876
-2030
-2463
-3222
-4026
-4342
-3926
-3065
-2186
-1496
-1090
-1009
-1087
-1059
-807
-392
131
761
1417
1877
1982
1756
1334
915
702
793
1108
1363
1267
768
42
-628
-1046
-1181
-1095
-962
-980
-1184
-1455
-1651
-1741
-1756
-1641
-1367
-999
-626
-297
-28
155
277
458
808
1277
1717
2033
2225
2335
2414
2527
2749
3071
3385
3606
3704
3755
3883
4093
4308
4470
4591
4551
3857
2233
302
-864
-870
-413
-295
-618
-1416
-2972
-5029
-6439
-6340
-5355
-4672
-4410
-4053
-3741
-4036
-4682
-4706
-3916
-3013
-2153
-795
915
1875
1556
839
710
1111
1736
2809
4300
5285
4941
3722
2712
2209
1892
1785
2099
2498
2298
1418
424
-443
-1385
-2306
-2767
-2598
-2194
-2009
-2138
-2585
-3324
-4046
-4293
-3832
-2877
-1863
-1122
-809
-871
-1036
-1046
-797
-279
435
1191
1772
2011
1902
1538
1057
704
666
925
1266
1382
1082
412
-406
-1061
-1363
-1324
-1082
-902
-991
-1324
-1701
-1923
-1940
-1780
-1441
-998
-612
-352
-176
-23
124
304
625
1121
1640
2004
2167
2197
2202
2270
2481
2878
3335
3654
3750
3672
3592
3680
3950
4312
4638
4862
4791
3889
1968
-165
-1303
-1103
-427
-133
-319
-1130
-2951
-5359
-6898
-6619
-5355
-4441
-3964
-3472
-3303
-3978
-4895
-4868
-3871
-2824
-1831
-300
1453
2208
1600
737
579
942
1609
2926
4698
5726
5145
3617
2374
1731
1447
1623
2322
2913
2587
1424
180
-840
-1795
-2539
-2708
-2321
-1880
-1775
-2011
-2568
-3407
-4155
-4329
-3719
-2576
-1408
-626
-442
-755
-1125
-1144
-684
125
963
1569
1840
1801
1593
1311
1021
824
752
802
931
985
783
245
-513
-1185
-1537
-1512
-1215
-943
-970
-1313
-1753
-1995
-1926
-1600
-1137
-721
-474
-358
-226
31
381
721
1032
1331
1618
1871
2073
2236
2367
2463
2568
2788
3120
3438
3615
3614
3552
3615
3867
4229
4556
4786
4774
3981
2079
-175
-1385
-1018
-80
243
-170
-1153
-2958
-5352
-6957
-6585
-5011
-3965
-3792
-3690
-3586
-4128
-5034
-5015
-3801
-2529
-1692
-544
1073
1978
1428
463
357
970
1744
2908
4563
5654
5065
3328
1965
1531
1573
1880
2538
3059
2594
1164
-273
-1156
-1740
-2207
-2334
-2060
-1798
-1912
-2303
-2822
-3471
-4050
-4161
-3573
-2487
-1399
-724
-657
-1057
-1458
-1466
-962
-55
964
1724
1942
1658
1211
864
699
738
960
1240
1353
1137
594
-148
-872
-1359
-1479
-1256
-890
-691
-906
-1469
-2029
-2270
-2100
-1598
-942
-401
-218
-355
-512
-434
-93
412
971
1466
1759
1810
1746
1744
1872
2111
2418
2787
3162
3392
3418
3332
3266
3354
3651
4109
4568
4830
4785
4215
2806
801
-808
-1164
-508
110
89
-582
-2037
-4253
-6320
-6913
-5873
-4474
-3715
-3442
-3418
-3929
-4897
-5321
-4487
-3049
-1888
-855
429
1439
1407
691
378
770
1425
2337
3754
5120
5319
4142
2636
1722
1429
1599
2260
3047
3106
2017
408
-876
-1649
-2055
-2092
-1798
-1536
-1685
-2178
-2729
-3248
-3696
-3867
-3556
-2795
-1874
-1114
-755
-865
-1197
-1351
-1097
-447
416
1225
1685
1653
1304
958
776
751
833
958
1019
914
621
197
-279
-731
-1061
-1205
-1144
-973
-889
-1023
-1311
-1574
-1669
-1563
-1258
-821
-452
-289
-249
-135
129
459
786
1101
1352
1489
1572
1742
2026
2306
2479
2586
2712
2890
3114
3357
3572
3740
3900
4097
4333
4570
4727
4454
3249
1234
-551
-1072
-445
271
386
-204
-1686
-4054
-6297
-6912
-5696
-4099
-3313
-3210
-3434
-4176
-5256
-5555
-4420
-2760
-1665
-922
73
931
905
360
311
865
1463
2186
3498
4914
5206
4088
2628
1752
1464
1648
2433
3422
3541
2281
436
-933
-1599
-1790
-1573
-1097
-907
-1416
-2306
-2995
-3356
-3534
-3505
-3142
-2542
-1962
-1513
-1219
-1174
-1346
-1451
-1163
-443
422
1105
1408
1296
926
592
563
855
1201
1315
1115
735
328
-18
-248
-367
-483
-687
-927
-1062
-1085
-1128
-1241
-1356
-1408
-1380
-1248
-980
-660
-451
-370
-289
-68
289
677
1011
1230
1295
1284
1366
1657
2093
2463
2642
2674
2662
2723
2932
3257
3617
3927
4132
4228
4257
4347
4369
3741
2169
328
-654
-466
94
318
109
-790
-2769
-5255
-6627
-6013
-4466
-3442
-3129
-3182
-3826
-5123
-5948
-5142
-3311
-1950
-1291
-578
175
223
-252
-144
720
1423
1762
2532
3848
4578
4027
2973
2302
1897
1591
1890
2919
3628
2978
1362
-100
-1018
-1548
-1566
-968
-384
-662
-1714
-2715
-3253
-3476
-3432
-3004
-2375
-1995
-1939
-1891
-1735
-1613
-1533
-1305
-845
-290
238
699
995
1022
823
600
546
682
890
1030
1019
830
458
-5
-363
-523
-573
-630
-687
-727
-837
-1035
-1190
-1216
-1188
-1174
-1091
-883
-651
-474
-282
-44
165
290
410
609
851
1082
1322
1590
1843
2013
2106
2192
2325
2511
2765
3071
3368
3603
3782
3948
4083
4185
4306
4269
3577
2063
412
-402
-240
202
411
255
-646
-2628
-4979
-6158
-5573
-4232
-3243
-2760
-2776
-3658
-5163
-5934
-5052
-3310
-1956
-1100
-334
41
-379
-901
-513
549
1331
1795
2607
3614
3884
3273
2631
2356
2049
1727
2041
2990
3496
2839
1550
400
-529
-1237
-1272
-530
136
-142
-1165
-2181
-2902
-3352
-3304
-2605
-1752
-1435
-1664
-1947
-2054
-2057
-1883
-1362
-657
-152
68
212
380
453
399
391
528
708
818
886
934
841
507
81
-177
-211
-173
-153
-140
-206
-477
-843
-1014
-919
-759
-677
-616
-557
-604
-684
-563
-204
167
370
451
499
515
566
802
1233
1663
1902
1956
1956
1991
2111
2383
2794
3199
3464
3608
3737
3862
3956
4079
4135
3691
2478
989
102
72
377
572
533
-100
-1756
-3936
-5270
-5062
-4033
-3125
-2538
-2395
-3158
-4668
-5634
-5091
-3629
-2337
-1392
-596
-337
-902
-1494
-1125
-63
781
1333
2091
2861
2947
2462
2179
2231
2086
1776
1964
2682
3070
2644
1860
1134
307
-553
-814
-261
339
219
-464
-1217
-1988
-2740
-2979
-2404
-1570
-1243
-1424
-1678
-1920
-2217
-2248
-1682
-849
-367
-314
-340
-332
-402
-414
-115
356
597
528
419
405
343
187
118
197
238
119
-14
-35
-77
-280
-511
-557
-463
-416
-415
-351
-324
-494
-722
-700
-398
-59
188
386
460
291
46
78
476
988
1396
1662
1744
1587
1354
1366
1753
2312
2783
3083
3229
3203
3051
2978
3168
3458
3368
2622
1514
598
151
76
231
444
256
-776
-2399
-3721
-4115
-3760
-3110
-2415
-2001
-2363
-3479
-4480
-4558
-3827
-2868
-1903
-1023
-652
-1035
-1596
-1542
-891
-193
430
1180
1821
1902
1584
1454
1587
1587
1461
1624
2079
2327
2161
1863
1542
969
242
-116
103
464
534
338
-21
-664
-1496
-2006
-1862
-1369
-1018
-917
-972
-1254
-1746
-2062
-1860
-1345
-961
-797
-697
-680
-818
-912
-714
-358
-160
-116
-24
117
152
122
189
294
262
154
174
317
389
333
259
186
62
-51
-14
143
216
106
-77
-214
-282
-262
-106
128
247
153
-27
-107
-28
173
462
753
897
839
727
738
908
1166
1461
1741
1914
1954
1972
2076
2238
2389
2539
2707
2776
2556
2006
1333
795
504
434
535
684
564
-94
-1163
-2134
-2605
-2575
-2224
-1712
-1342
-1525
-2301
-3150
-3510
-3295
-2720
-1943
-1180
-836
-1107
-1615
-1809
-1561
-1074
-441
303
874
975
749
611
687
802
940
1253
1650
1818
1695
1527
1407
1173
840
683
799
932
888
758
598
259
-264
-659
-707
-567
-478
-441
-432
-609
-1022
-1394
-1444
-1253
-1049
-862
-669
-623
-829
-1090
-1144
-1012
-847
-636
-328
-75
-45
-141
-170
-133
-111
-28
219
509
646
629
572
476
313
189
235
398
514
509
412
231
-21
-247
-324
-245
-113
-21
3
-42
-152
-268
-304
-218
-58
114
266
376
436
469
525
617
727
851
998
1155
1299
1422
1536
1632
1695
1735
1769
1797
1803
1736
1542
1244
949
737
591
477
393
285
14
-444
-913
-1207
-1344
-1411
-1410
-1361
-1419
-1684
-1999
-2139
-2093
-1989
-1843
-1622
-1432
-1407
-1463
-1396
-1189
-978
-786
-523
-228
-48
39
189
420
586
658
762
919
1012
1010
1032
1099
1078
926
778
710
641
527
453
438
354
140
-93
-242
-344
-448
-494
-457
-445
-546
-682
-743
-755
-777
-761
-658
-569
-594
-659
-642
-581
-561
-527
-406
-276
-231
-206
-97
32
87
108
174
240
242
242
305
360
334
266
217
164
91
49
56
45
-19
-86
-131
-176
-214
-204
-169
-166
-190
-179
-131
-90
-63
-25
8
5
7
69
170
247
285
311
322
316
340
440
584
704
777
816
829
840
900
1022
1152
1226
1240
1191
1064
881
719
637
610
583
529
426
241
-31
-328
-552
-659
-679
-669
-676
-738
-889
-1107
-1291
-1351
-1287
-1163
-1024
-899
-839
-863
-894
-847
-710
-527
-315
-85
109
222
283
339
386
403
414
444
475
475
447
406
334
224
107
28
-14
-33
-42
-48
-72
-124
-185
-224
-221
-187
-140
-92
-49
-28
-32
-38
-18
21
64
113
166
202
196
168
142
117
90
73
85
103
100
80
59
30
-14
-49
-43
-13
20
45
63
57
13
-45
-81
-88
-74
-50
-24
-19
-48
-97
-140
-157
-149
-119
-84
-60
-59
-79
-108
-131
-131
-106
-61
-5
50
90
107
103
96
100
127
177
246
312
355
363
346
322
309
326
371
430
472
483
469
442
425
438
479
529
558
544
490
412
344
318
335
369
388
376
314
213
105
34
6
1
3
-4
-38
-110
-202
-276
-317
-337
-338
-319
-301
-302
-320
-338
-347
-356
-364
-367
-364
-366
-375
-384
-389
-398
-415
-430
-434
-424
-402
-372
-335
-301
-278
-262
-241
-202
-149
-92
-35
12
43
64
84
118
161
199
228
247
262
272
280
293
305
307
294
276
263
253
241
227
205
168
120
71
31
2
-27
-58
-88
-125
-163
-195
-216
-228
-238
-245
-248
-250
-248
-242
-232
-223
-214
-200
-179
-150
-122
-99
-87
-85
-90
-91
-82
-62
-47
-45
-58
-87
-122
-152
-167
-164
-157
-158
-169
-187
-205
-218
-215
-195
-166
-137
-108
-76
-45
-12
26
71
119
169
220
273
321
360
393
420
441
462
487
515
536
540
530
505
470
432
400
378
357
329
289
234
168
96
31
-19
-57
-85
-117
-155
-200
-250
-298
-334
-355
-359
-360
-363
-370
-377
-387
-393
-388
-371
-347
-324
-302
-283
-268
-259
-248
-227
-201
-174
-150
-126
-108
-99
-93
-81
-62
-40
-19
3
21
31
34
40
50
60
67
75
82
82
78
77
78
75
71
73
82
94
109
126
142
148
147
150
164
182
202
218
223
214
191
165
148
138
126
111
87
51
6
-39
-78
-106
-131
-151
-175
-200
-229
-258
-285
-303
-311
-308
-296
-279
-261
-248
-239
-230
-211
-183
-143
-97
-55
-20
2
19
40
66
101
134
162
181
189
192
196
205
218
231
239
237
231
221
212
205
200
195
189
177
161
144
129
113
99
87
77
67
57
45
35
26
16
10
8
7
10
12
15
20
23
27
34
41
52
64
76
85
89
86
81
78
76
75
73
70
57
37
12
-11
-31
-49
-66
-82
-103
-127
-149
-165
-175
-181
-186
-191
-198
-202
-198
-183
-162
-139
-119
-105
-94
-79
-58
-26
10
45
69
84
89
93
97
106
119
128
128
117
99
78
59
42
27
16
2
-15
-35
-55
-75
-94
-109
-119
-125
-128
-131
-133
-137
-144
-147
-145
-139
-126
-111
-96
-84
-76
-68
-61
-50
-36
-21
-8
6
15
22
28
31
36
40
46
50
53
55
55
53
47
40
30
22
15
10
3
-5
-17
-33
-52
-66
-77
-81
-80
-79
-80
-86
-92
-96
-91
-79
-62
-45
-30
-20
-12
-3
10
29
47
65
77
86
91
94
99
100
101
98
90
82
70
57
42
25
8
-9
-25
-37
-48
-58
-69
-80
-88
-93
-93
-90
-83
-74
-67
-61
-55
-49
-38
-24
-8
6
18
26
34
39
45
52
61
67
73
73
70
63
56
50
44
37
30
22
10
-1
-12
-23
-33
-43
-50
-57
-60
-62
-64
-68
-72
-75
-74
-69
-60
-52
-46
-43
-41
-40
-32
-20
-5
10
22
30
33
37
44
53
63
71
77
78
77
73
71
66
61
55
47
39
31
22
13
3
-8
-19
-27
-35
-40
-44
-47
-51
-53
-54
-52
-49
-41
-32
-21
-10
0
10
21
31
43
55
68
80
90
95
97
98
96
95
93
89
84
77
68
57
45
34
22
11
2
-5
-13
-20
-27
-34
-40
-42
-42
-38
-32
-28
-25
-21
-17
-11
0
12
24
34
41
47
50
56
62
69
76
79
79
78
75
71
69
64
61
58
53
50
44
37
27
19
12
7
4
2
-1
-6
-14
-22
-26
-28
-26
-23
-21
-22
-24
-27
-28
-24
-18
-12
-7
-1
3
6
8
11
18
25
33
40
44
44
43
40
38
36
35
34
28
20
8
-5
-17
-25
-32
-39
-45
-55
-64
-72
-77
-78
-76
-72
-66
-61
-59
-53
-48
-39
-28
-16
-2
10
19
27
33
38
45
51
57
61
62
59
53
47
40
34
29
22
13
3
-8
-18
-27
-33
-39
-45
-49
-54
-58
-61
-62
-63
-63
-61
-59
-56
-50
-46
-42
-37
-36
-32
-27
-21
-13
-7
-2
1
1
2
4
7
9
11
9
8
5
2
-1
-2
-4
-7
-10
-14
-18
-21
-24
-28
-29
-32
-33
-34
-35
-36
-36
-35
-34
-29
-24
-18
-13
-8
-2
2
8
14
21
27
33
38
41
43
43
42
39
38
36
33
29
23
14
7
-1
-7
-13
-20
-28
-35
-42
-49
-54
-55
-57
-56
-54
-53
-51
-50
-45
-42
-35
-28
-19
-11
-1
6
13
18
22
27
31
36
42
45
48
48
47
43
41
39
36
33
30
24
19
12
7
3
-1
-5
-9
-14
-18
-20
-24
-24
-25
-25
-23
-22
-20
-19
-17
-14
-11
-9
-6
-2
2
6
8
11
12
14
15
16
18
20
21
21
20
19
19
17
16
13
11
9
8
6
5
3
0
-2
-5
-6
-7
-7
-8
-7
-7
-6
-5
-3
0
3
7
9
14
17
23
28
33
37
43
45
48
49
50
50
50
50
48
45
41
35
28
21
13
7
0
-7
-14
-21
-29
-35
-39
-44
-46
-48
-50
-49
-49
-46
-43
-38
-32
-26
-20
-13
-6
0
7
12
19
26
32
38
43
47
47
48
46
46
46
45
44
42
37
31
25
18
11
8
3
-1
-6
-10
-15
-20
-23
-26
-30
-30
-30
-29
-28
-26
-25
-23
-20
-17
-14
-11
-7
-3
0
3
7
8
11
11
11
11
11
11
10
7
6
3
0
-3
-6
-8
-11
-13
-19
-21
-23
-25
-26
-26
-27
-25
-24
-22
-20
-18
-16
-14
-11
-8
-5
1
5
10
13
15
17
20
22
23
25
27
27
27
26
24
21
17
13
8
3
1
-2
-6
-10
-16
-22
-28
-32
-35
-37
-39
-41
-43
-44
-44
-44
-42
-42
-41
-39
-37
-34
-31
-26
-22
-17
-14
-11
-8
-6
-4
-2
3
6
10
14
16
16
15
15
14
13
14
15
15
14
12
9
7
5
2
-1
-2
-4
-6
-8
-9
-10
-11
-12
-11
-11
-9
-9
-7
-8
-5
-5
-3
0
3
5
7
7
6
5
4
4
5
4
4
2
0
-2
-5
-8
-12
-15
-17
-17
-17
-16
-16
-17
-20
-21
-23
-22
-19
-15
-11
-7
-4
-2
-1
0
-1
-1
0
3
6
12
16
18
19
18
15
13
12
13
15
18
21
26
28
29
30
27
22
17
12
10
7
7
7
7
4
-1
-6
-12
-19
-25
-29
-31
-30
-27
-24
-19
-16
-12
-9
-7
-5
-3
-1
1
3
10
18
26
32
35
33
28
21
14
12
12
15
19
20
20
16
9
2
-4
-9
-10
-9
-5
0
1
1
-1
-4
-5
-5
-1
1
6
9
11
12
14
15
17
18
19
20
21
21
21
20
18
15
11
10
7
6
4
1
-3
-7
-8
-7
-7
-6
-6
-9
-12
-15
-14
-10
-4
2
6
7
5
3
0
0
1
2
5
9
11
14
13
9
6
3
2
4
7
9
9
8
6
7
9
11
11
7
-1
-8
-13
-14
-10
-5
0
1
0
-6
-13
-21
-26
-26
-20
-12
-1
8
12
13
12
11
11
10
9
6
3
2
7
18
30
40
41
28
6
-20
-41
-49
-41
-19
8
31
41
33
10
-20
-48
-64
-63
-44
-15
15
35
42
33
10
-18
-42
-58
-63
-52
-31
-6
19
38
45
39
16
-15
-45
-65
-60
-33
12
58
91
94
68
23
-23
-55
-61
-43
-9
27
50
54
39
11
-22
-48
-59
-53
-38
-21
-8
-3
-6
-9
-10
-10
-9
-12
-23
-36
-43
-36
-17
10
36
44
30
1
-30
-48
-48
-26
10
42
56
48
19
-20
-50
-60
-46
-13
27
53
55
34
1
-35
-58
-59
-38
-6
24
47
51
40
20
-2
-20
-29
-31
-27
-19
-2
19
46
67
69
42
-9
-65
-108
-110
-61
19
98
139
124
57
-31
-101
-128
-99
-32
45
101
120
91
32
-34
-88
-113
-95
-43
14
54
65
37
-19
-71
-94
-84
-43
11
52
68
53
15
-30
-61
-60
-26
34
99
142
134
76
-14
-103
-145
-112
-17
90
163
166
89
-31
-137
-184
-159
-70
39
108
116
78
14
-50
-78
-60
-23
18
52
61
41
17
7
8
19
41
54
46
22
-13
-47
-60
-48
-10
41
82
93
68
6
-70
-129
-143
-106
-23
73
143
154
99
-1
-107
-174
-170
-92
35
154
209
187
103
-14
-114
-143
-102
-26
57
120
142
114
62
13
-30
-78
-118
-134
-119
-66
30
133
176
128
18
-109
-213
-235
-145
22
174
243
215
114
-5
-88
-106
-55
25
78
86
67
42
22
13
7
2
-12
-40
-70
-96
-103
-76
-32
4
38
61
30
-43
-115
-156
-143
-63
47
121
130
89
18
-61
-103
-66
16
73
87
92
82
48
20
4
-12
-18
6
53
88
89
60
4
-73
-115
-72
16
70
85
61
-15
-98
-125
-101
-65
-22
22
29
8
5
20
-9
-82
-119
-91
-34
27
88
118
82
-6
-87
-97
-43
14
39
30
-20
-74
-61
8
52
49
18
-59
-165
-214
-149
-23
69
104
105
48
-64
-139
-133
-108
-80
-12
78
123
114
101
66
-40
-158
-176
-121
-58
29
130
165
103
-13
-136
-217
-246
-225
-125
8
79
104
110
12
-156
-233
-237
-250
-169
46
180
156
116
73
-75
-224
-202
-72
13
59
117
137
78
17
17
21
-22
-46
-30
-27
-26
27
89
86
55
68
86
43
-15
-28
-23
-12
63
201
301
283
183
70
-29
-68
10
156
259
278
209
79
-21
-20
14
33
82
127
76
6
28
78
73
36
-5
-41
-67
-89
-59
41
100
79
61
5
-125
-198
-183
-176
-97
102
241
239
201
129
-4
-113
-110
22
218
380
459
440
290
69
-86
-137
-150
-128
-52
-18
-100
-200
-283
-431
-556
-553
-534
-536
-436
-315
-310
-315
-254
-238
-263
-197
-85
-52
-24
79
113
58
129
275
272
242
310
263
114
117
200
182
186
243
201
128
139
94
-80
-218
-242
-265
-294
-220
-102
-100
-181
-214
-217
-248
-235
-139
-40
22
89
166
182
136
102
72
9
4
70
81
48
79
88
6
-11
49
-13
-107
-23
88
128
292
480
446
379
446
472
463
584
706
666
563
483
369
215
94
12
-55
-106
-164
-248
-320
-362
-372
-320
-227
-158
-112
-70
-73
-84
-14
50
-16
-96
-91
-128
-224
-240
-208
-210
-199
-175
-203
-253
-240
-160
-89
-26
85
159
145
183
292
333
324
362
433
496
538
604
679
606
412
346
328
116
-110
-166
-262
-457
-564
-605
-694
-776
-761
-649
-516
-382
-197
-21
67
175
327
445
607
798
862
875
913
872
810
816
764
622
468
282
114
14
-95
-169
-155
-226
-363
-364
-376
-523
-547
-431
-438
-473
-348
-270
-359
-420
-428
-497
-520
-410
-346
-390
-366
-326
-460
-593
-539
-504
-550
-485
-411
-495
-584
-589
-585
-521
-445
-474
-469
-404
-465
-502
-350
-313
-430
-335
-167
-227
-240
-83
-122
-282
-191
-31
-51
-19
163
241
181
156
164
138
113
142
229
280
205
131
137
51
-55
30
73
-101
-144
-12
-55
-137
-24
-13
-185
-198
-95
-114
-93
37
53
28
125
152
67
85
103
-39
-110
-13
-40
-159
-74
31
-62
-62
76
51
30
238
386
429
645
885
935
1013
1144
1082
976
1058
1076
980
1087
1158
905
781
870
674
426
539
550
248
191
388
291
73
181
240
-107
-283
-28
28
-142
18
221
-8
-256
-186
-164
-310
-310
-139
-72
-184
-285
-275
-319
-453
-444
-348
-425
-544
-533
-574
-715
-781
-742
-646
-581
-598
-560
-461
-506
-567
-441
-339
-416
-441
-311
-266
-354
-323
-206
-262
-346
-231
-156
-213
-172
-121
-189
-221
-216
-234
-171
-77
-49
-30
-67
-163
-161
-93
-74
11
147
144
74
136
185
57
-12
114
170
126
252
420
355
247
257
193
71
77
185
287
322
318
379
371
197
140
236
186
123
285
407
315
244
267
215
107
130
207
179
164
208
160
80
84
73
35
95
203
211
156
135
83
-41
-95
-56
-2
92
183
153
84
33
-80
-162
-70
79
135
182
258
203
21
-84
-116
-175
-179
-61
88
155
140
96
26
-63
-149
-178
-41
133
140
168
235
64
-90
-34
-94
-132
55
123
95
195
179
56
69
76
-25
-43
82
139
56
93
213
92
-35
83
65
-80
27
99
-66
-52
100
5
-69
65
12
-156
-82
-43
-160
-91
43
21
58
133
59
-48
-94
-121
-91
9
108
148
139
72
-61
-160
-162
-141
-91
-8
40
68
61
-2
-72
-154
-200
-152
-96
-17
100
60
-68
-81
-116
-224
-212
-120
-84
-89
-82
-29
-23
-143
-176
-59
-73
-156
-61
-10
-129
-148
-100
-136
-158
-171
-172
-109
-103
-92
4
-50
-138
-37
-45
-136
-7
36
-118
-89
-1
-82
-71
65
71
-14
-22
27
8
-48
10
96
27
-13
111
114
-34
-34
34
-2
5
91
152
131
-7
-67
36
-18
-165
-28
137
0
-114
-12
-17
-181
-176
12
32
-105
-56
70
-51
-202
-80
48
-63
-100
77
89
-79
-32
117
41
-41
71
83
-84
-93
49
43
-31
10
40
-54
-166
-144
-40
-77
-125
57
106
-105
-55
84
-121
-200
6
0
-58
75
69
-56
-55
-87
-169
-90
34
37
13
-20
-126
-203
-186
-140
-73
7
-4
-91
-126
-129
-138
-116
-77
-49
-49
-83
-74
-63
-150
-171
-72
-69
-98
8
76
23
-13
-6
2
-30
-56
32
53
-67
-33
35
-109
-135
4
-33
-64
72
75
-28
3
62
48
33
64
121
107
43
62
77
15
35
88
86
137
136
40
43
58
-14
29
147
160
127
102
71
12
-15
100
185
130
160
194
55
14
116
82
43
153
166
57
82
156
87
39
129
144
48
54
148
146
87
107
146
82
4
42
116
113
94
133
146
70
32
66
25
-2
79
89
65
120
79
7
64
26
-64
65
125
-53
-39
124
8
-128
14
39
-147
-106
25
-73
-89
53
-19
-128
-22
-14
-149
-130
-46
-65
-63
25
77
54
9
-38
-55
-48
-49
-13
32
-8
-38
-15
-60
-106
-58
-64
-135
-96
-6
0
8
23
-54
-118
-94
-92
-61
27
15
-13
12
-70
-76
51
-48
-144
9
-59
-258
-110
22
-103
-57
93
-13
-135
-53
-26
-113
-40
106
40
-28
77
23
-186
-139
-17
-134
-139
105
112
-58
45
98
-142
-146
59
12
-6
184
181
36
41
47
-57
-82
8
28
-18
39
82
-49
-105
-23
-81
-140
12
108
43
32
67
27
-57
-49
40
37
24
140
139
-12
9
39
-132
-138
29
7
-13
99
37
-75
-32
-65
-103
47
82
-30
28
79
-65
-93
43
50
-54
-55
16
-3
-60
-4
68
0
-89
-60
-8
-12
8
67
64
0
-27
1
44
67
54
27
13
-9
-38
-15
54
56
3
9
32
-15
-41
7
33
24
28
69
92
0
-83
-40
-66
-120
2
94
45
43
49
3
-23
-40
-12
54
57
57
99
85
26
5
4
-23
-28
34
66
41
65
75
17
5
11
-5
24
23
-20
12
65
87
104
99
116
89
-43
-36
89
22
-13
190
199
-19
7
78
-112
-121
133
101
-39
110
133
-53
1
97
5
7
51
4
35
75
29
27
42
33
28
-3
18
62
-10
-59
-3
-20
-52
15
36
-10
-20
-48
-99
-87
-38
-19
-31
-20
20
-13
-57
25
61
-50
-56
28
-12
-22
47
18
24
85
10
-9
124
96
-34
16
113
85
59
130
178
90
-12
0
3
-47
-14
72
113
141
160
142
94
48
30
19
18
79
150
139
118
141
83
-25
-14
27
2
22
61
44
56
47
-29
-15
13
-95
-93
73
55
-78
-4
68
-115
-182
19
33
-138
-102
-32
-123
-160
-96
-26
-3
-57
-40
21
-40
-53
6
-59
-70
-19
-86
-76
15
-28
-43
7
-57
-122
-101
-73
-63
-43
14
10
-86
-100
-92
-182
-176
-80
-84
-81
-39
-56
-65
-81
-135
-97
-47
-123
-137
-17
-37
-120
-11
38
-109
-110
-8
-73
-128
-37
15
-38
-87
-28
35
-73
-125
-2
-25
-125
-42
28
-20
-35
-26
-53
-94
-85
-38
-68
-78
23
-7
-133
-49
57
-40
-69
58
63
-69
-94
-3
0
-67
13
126
42
-35
47
10
-130
-43
86
34
67
176
140
69
12
-52
-29
1
1
79
139
131
96
-10
-46
5
-83
-125
41
84
14
81
96
-3
-5
-25
-102
-32
29
-43
37
165
41
-14
97
-11
-124
3
14
-30
107
114
8
86
76
-109
-67
70
-28
-65
102
88
-27
83
124
-18
7
27
-94
-54
24
18
120
118
-2
9
-64
-155
-39
-35
-43
152
91
-91
62
93
-107
-34
89
13
5
40
58
127
107
60
86
43
-9
-19
-32
71
130
10
56
176
47
-3
117
87
31
43
34
82
76
15
109
126
-17
-12
11
-73
-51
26
44
46
29
46
13
-120
-78
20
-115
-98
147
119
-4
116
149
-20
-89
9
77
7
20
193
163
-12
20
31
-106
-98
-52
-70
25
42
-59
10
8
-174
-147
-55
-136
-79
67
24
-29
0
-34
-102
-110
-16
62
5
40
172
60
-92
5
22
-120
-83
66
66
-7
32
109
23
-94
-26
14
-94
-87
38
46
-61
-83
8
7
-84
-4
115
10
-64
2
-43
-71
12
-4
-10
54
-41
-142
-60
-49
-147
-58
126
83
-48
23
39
-200
-237
14
33
-65
114
179
-77
-153
-35
-93
-161
-35
50
-8
-58
-45
-35
-78
-126
-100
-53
-90
-135
-81
-37
-80
-95
-20
9
-73
-87
-9
-62
-171
-110
-56
-107
-58
15
-29
-35
-11
-78
-128
-58
-11
-75
-85
24
14
-126
-115
-25
-103
-178
-76
-9
-78
-76
-3
-18
-52
-61
-105
-87
-47
-80
-10
84
-7
-29
22
-106
-129
32
-3
-65
62
89
-34
-79
-21
11
-64
-84
32
15
-76
14
48
-43
8
60
-13
-13
52
59
16
-11
77
151
67
63
195
165
31
36
125
115
13
52
195
121
-11
81
111
-16
4
79
46
44
66
70
103
101
84
80
24
8
45
14
80
209
103
28
147
31
-121
70
151
62
188
221
47
33
12
-112
-46
86
95
106
137
127
56
-10
35
63
40
116
130
51
122
127
-41
-7
110
30
23
165
167
47
-2
15
19
6
51
173
183
37
10
78
-27
-75
102
144
38
66
79
-32
-76
-35
20
54
20
39
79
-33
-106
7
35
-49
24
120
-2
-68
76
49
-105
3
99
-75
-131
-9
-28
-98
-51
19
32
-14
-67
-65
-62
-108
-118
-51
-2
-7
-9
-33
-53
-37
-101
-153
-6
79
-30
3
113
-7
-148
-94
-21
-31
-37
24
73
11
-40
7
22
0
6
-40
-72
-18
-41
-58
84
107
-30
-17
-5
-152
-124
12
-31
-14
110
33
-124
-100
-57
-172
-226
-34
43
-151
-105
110
-77
-236
-5
-34
-230
-43
37
-126
-8
71
-136
-124
0
-113
-138
9
27
-15
19
30
-4
-14
16
23
7
54
81
6
-2
74
57
-4
8
55
65
-2
-9
134
133
-34
35
159
-13
-81
110
99
-13
95
148
18
-34
19
19
-56
-29
112
87
-21
63
77
-70
-64
-41
-104
-31
26
-16
56
82
-30
-59
-64
-99
-68
-30
29
110
81
63
89
-20
-86
1
5
-24
77
145
93
33
12
-6
-60
-97
-28
41
6
10
68
10
-52
18
8
-63
15
59
-41
-49
50
65
-15
-21
83
22
-156
-61
62
-68
-49
83
-21
-73
2
-76
-114
-18
-35
-93
-45
1
-10
-12
13
37
49
31
-5
-2
-4
-40
-19
23
32
79
58
-43
-32
-17
-106
-97
5
50
48
5
-12
19
-70
-163
-38
64
-8
-2
82
44
-31
-40
-31
7
22
-19
17
69
-16
-72
-10
3
-32
-16
40
67
10
-34
-3
-25
-89
-55
7
16
21
7
-14
-21
-44
-50
1
26
21
48
28
-33
-4
2
-87
-52
39
-39
-74
15
-5
-35
20
21
20
10
-83
-82
8
-8
-4
113
131
11
-64
-40
-12
-29
-9
92
138
51
-33
-27
-21
-62
-73
7
110
99
21
33
20
-78
-55
18
17
81
88
-35
-27
-1
-94
-35
78
33
29
72
11
-41
-19
-2
-7
26
101
88
14
40
36
-72
-60
41
60
39
33
51
52
-42
-88
13
42
-53
-25
111
86
-10
65
102
-21
-16
74
49
65
114
63
47
59
4
2
26
7
12
10
0
17
-4
-9
19
-16
-15
24
-48
-70
16
-2
-13
77
51
-7
56
40
-34
25
60
-17
-22
30
23
12
27
9
-34
-13
35
-16
-44
42
8
-135
-107
-19
-20
7
29
26
55
-39
-165
-61
36
-30
24
133
68
-32
-61
-85
-87
-71
-37
33
48
9
29
26
-60
-73
-46
-100
-98
-1
20
-14
34
70
-26
-101
-51
-57
-140
-87
7
-11
-7
14
-25
-42
-92
-153
-74
-16
-46
26
84
31
-8
-50
-68
-56
-115
-76
39
-26
-44
80
18
-84
-24
-20
-69
-66
-62
7
65
11
34
100
-5
-114
-106
-101
-49
31
27
63
117
-21
-130
-25
-23
-111
-5
65
-40
-19
58
-31
-81
17
24
-81
-53
58
-10
-86
20
24
-78
-15
23
-60
-13
29
-53
-42
17
-4
3
34
12
-6
-17
-53
-40
33
33
-10
20
10
-65
-48
-4
13
55
8
-45
19
-15
-89
15
60
-28
-12
29
8
13
47
60
10
-19
36
1
-57
47
93
3
21
72
13
-53
-57
-14
3
-24
32
73
-15
-29
20
-33
-43
25
14
-6
41
59
31
6
-1
-13
-20
35
104
79
25
22
12
-34
-28
59
93
9
-36
22
14
-32
31
69
8
24
43
-29
9
68
-35
-20
110
16
-65
82
77
-76
15
143
5
-84
40
43
-58
46
153
44
3
36
-55
-60
56
54
57
131
76
-6
21
16
-45
-59
3
70
41
15
95
54
-103
-66
24
-46
-23
84
13
-46
50
41
-53
2
78
-11
-74
49
109
-4
-3
102
34
-73
-10
44
-20
-23
69
91
31
19
33
-29
-75
-15
36
30
56
81
28
-25
-23
-44
-76
-31
22
4
13
57
12
-53
-32
-33
-54
2
32
24
68
60
8
17
23
15
17
-25
-5
56
-11
-28
84
59
-40
-36
-56
-71
-46
-64
18
135
44
-22
54
-20
-120
-47
-1
19
81
44
38
106
-15
-137
-10
24
-112
-64
65
17
-67
-30
32
0
-81
-77
-28
-50
-54
37
104
72
10
-23
-36
-50
-37
7
42
47
13
-18
-2
-18
-87
-99
-56
-43
-33
16
52
23
-68
-98
-30
-27
-67
14
64
-48
-99
-16
18
-17
-22
32
35
-89
-94
57
2
-99
64
105
-60
-19
76
-8
-72
-42
32
54
-46
-25
75
-60
-173
-48
-11
-75
-22
60
42
-44
-59
8
-40
-84
64
124
10
12
76
8
-70
-30
37
25
-1
32
35
-27
-65
-86
-94
-37
28
42
41
31
-28
-106
-97
-6
29
41
112
99
-24
-40
27
-9
-66
34
138
50
-38
26
16
-104
-106
-16
35
55
36
-8
-10
-23
-84
-75
35
77
14
25
60
-9
-35
-7
-25
9
50
17
25
28
-30
-42
-48
-69
-16
17
-3
10
25
-6
-55
-42
31
10
-15
95
85
-46
14
76
-55
-43
138
114
-23
59
142
-52
-152
21
55
-48
17
90
9
-71
-70
-42
-47
-19
65
49
1
51
11
-77
-25
25
15
60
73
25
3
-7
-18
-17
13
34
-6
-21
5
-15
1
63
49
26
39
15
-33
-59
-28
42
55
59
105
81
-27
-104
-100
-61
-47
33
137
87
22
11
-89
-110
0
9
22
106
83
26
2
-21
3
-12
-47
28
84
42
13
22
26
-33
-54
57
64
-29
29
37
-71
-16
78
24
-32
-10
39
-9
-79
29
63
-103
-71
47
-31
-6
88
-21
-72
-5
-54
-54
47
34
19
84
51
-7
34
6
-84
-39
54
59
58
70
29
-56
-99
-35
-9
-84
-48
29
-66
-83
52
14
-109
-83
-43
-39
0
37
71
51
-28
-16
41
30
42
48
-9
-14
-5
-30
30
57
-22
-9
-4
-126
-119
-13
-48
-58
59
67
-30
-30
0
-54
-84
-21
31
31
39
65
52
-23
-80
-52
-20
-34
-26
5
12
8
-12
-16
23
-12
-104
-47
63
7
-30
66
38
-88
-50
35
-17
-79
-36
16
-27
-29
82
47
-115
-65
22
-88
-50
139
75
-55
16
33
-79
-107
-43
8
-8
-20
56
49
-92
-114
-46
-53
-13
84
94
50
12
-12
-37
-47
45
126
46
23
87
-45
-167
-25
49
-34
0
48
-36
-66
-22
-31
-32
4
-11
-10
59
79
31
-5
-46
-61
-9
23
47
94
26
-93
-76
-37
-67
-33
50
53
-1
-34
-28
-9
-15
-1
79
118
56
6
16
-8
-53
-10
62
33
-6
31
18
-65
-55
14
-19
-56
13
32
-33
-12
35
-32
-55
33
46
4
39
67
13
-47
-30
55
80
34
56
68
-40
-77
21
41
11
73
82
-31
-50
8
-41
-73
4
19
-15
20
24
-33
-39
-27
-51
-23
56
61
19
47
60
-21
-23
53
10
-40
52
94
23
28
69
-10
-90
-23
44
-7
0
86
25
-94
-25
45
-27
-6
83
29
-24
12
-5
-16
34
38
12
-8
-32
-22
-1
7
45
54
17
-9
-14
21
53
9
-6
35
21
17
59
53
16
-19
-55
-26
27
17
3
16
-15
-66
-43
1
-12
-14
18
9
-3
24
5
-25
12
21
-4
28
47
8
-9
-16
-32
-12
8
-1
19
25
-30
-43
-19
-58
-50
57
70
-13
1
30
-68
-124
-6
75
25
26
65
-12
-79
-25
6
-20
15
53
0
-43
8
33
-34
-43
22
13
-27
1
-8
-55
-27
-9
-22
46
56
-60
-85
-34
-60
-43
60
78
24
-5
-35
-62
-44
-23
-19
1
30
26
-9
-19
-12
-62
-100
-49
-1
3
21
18
0
-5
-49
-77
-20
-3
-41
18
84
22
-33
-7
-38
-96
-47
18
0
7
41
-1
-33
-5
-22
-48
-21
0
-1
-1
2
3
-23
-44
-21
1
-4
-11
-29
-39
-27
-27
14
75
48
-3
-1
-8
-11
32
64
68
67
57
33
6
4
5
-26
-29
14
25
9
1
-12
-15
-9
-23
-28
-10
0
-1
6
49
69
0
-47
0
9
-24
27
86
45
15
44
25
-11
-2
-11
-9
33
36
40
66
19
-28
-9
-26
-48
-3
21
13
22
28
22
-3
-50
-44
-10
-17
11
85
97
55
32
5
-45
-52
-1
19
17
58
55
-22
-50
-9
-11
-41
-28
3
-13
-51
-32
13
2
-21
-7
-20
-53
-46
-36
-36
-25
-22
-19
0
-1
-11
-17
-54
-67
-27
-13
7
81
93
22
-5
10
-23
-58
-4
70
58
33
49
18
-48
-55
-35
-40
-40
-25
-6
12
8
-7
-8
-32
-84
-67
22
45
24
47
28
-29
2
57
52
54
59
3
-41
4
85
108
76
66
62
-5
-66
-7
80
62
26
83
104
26
-12
22
30
-2
0
68
97
50
37
47
7
-11
6
6
15
35
34
25
14
10
-8
-50
-29
37
20
-14
11
-4
-58
-37
31
37
-13
-38
-45
-69
-57
8
47
35
-8
-62
-76
-53
-43
-27
2
13
8
7
9
22
6
-38
-36
24
64
58
54
49
19
-8
8
55
72
24
-20
7
28
2
19
63
20
-54
-35
15
6
-6
9
6
-4
3
18
38
27
-11
-11
-5
-24
0
28
-8
-18
20
12
-22
-27
-19
-39
-62
-31
10
-12
-15
15
-29
-77
-42
-48
-102
-77
-14
-18
-54
-62
-65
-115
-165
-130
-66
-55
-54
-39
-51
-74
-76
-78
-82
-58
-30
-24
-17
5
-9
-70
-110
-85
-34
-29
-66
-77
-86
-142
-155
-57
23
-12
-69
-81
-88
-97
-57
34
96
72
27
45
66
43
56
116
136
126
135
139
113
86
83
95
120
155
153
97
56
49
18
-9
30
88
79
23
10
20
-36
-85
-36
21
27
31
18
-9
-10
-19
-36
5
61
30
-26
-11
18
-11
-30
6
26
3
-11
3
9
-2
-9
2
19
38
48
36
24
23
6
-22
-10
31
22
-7
7
11
-37
-67
-46
-25
-38
-51
-23
12
-13
-35
2
15
-33
-43
4
17
2
4
-2
-24
-36
-54
-80
-81
-84
-123
-148
-131
-119
-139
-168
-166
-155
-177
-191
-161
-136
-136
-118
-73
-30
-20
-34
-21
9
9
39
120
147
124
138
140
92
84
117
112
93
101
96
53
12
-5
-20
-44
-48
-32
-37
-54
-60
-65
-74
-63
-48
-42
-29
-10
-7
1
21
28
30
43
46
51
81
100
96
110
123
113
107
117
129
127
115
115
115
93
74
74
69
56
54
54
50
32
-1
-1
40
64
80
133
160
108
72
110
150
172
229
295
287
220
178
167
133
115
154
185
158
112
68
5
-60
-90
-77
-77
-106
-135
-187
-273
-322
-315
-319
-347
-343
-331
-369
-401
-355
-302
-296
-270
-210
-184
-179
-146
-99
-62
-38
-16
8
15
-1
-13
-17
-23
-24
-20
-15
-21
-45
-73
-87
-90
-70
-40
-18
18
41
27
29
61
74
79
115
150
145
123
126
131
116
120
143
133
99
71
34
3
2
9
8
15
5
-42
-91
-118
-138
-151
-143
-112
-97
-111
-127
-122
-124
-134
-119
-79
-57
-60
-49
-15
-3
-8
-3
-2
-20
-41
-45
-33
-14
-1
8
19
31
39
40
53
84
112
143
187
232
254
262
272
272
263
266
274
267
272
279
266
242
218
184
151
145
157
169
171
173
170
150
150
174
182
164
151
145
131
120
130
140
123
94
68
39
13
-11
-28
-31
-31
-38
-56
-87
-129
-172
-216
-251
-253
-245
-268
-297
-302
-313
-349
-365
-332
-302
-310
-297
-259
-253
-260
-225
-183
-177
-191
-195
-199
-201
-183
-143
-117
-118
-128
-136
-141
-123
-92
-70
-52
-29
-15
-12
5
29
30
16
24
42
38
37
65
92
92
87
80
57
24
9
28
64
94
105
91
55
16
-12
-17
1
33
50
42
29
11
-21
-49
-44
-19
-3
6
12
0
-33
-54
-40
-16
6
30
38
27
14
13
26
56
88
104
111
105
89
84
99
112
124
127
103
70
50
48
65
90
101
84
55
33
27
40
70
103
115
104
85
70
64
60
59
67
74
60
27
-1
-19
-45
-60
-49
-34
-37
-55
-64
-57
-58
-60
-44
-21
-14
-7
11
26
28
19
15
19
33
49
55
58
55
39
27
39
60
68
66
66
63
51
44
53
66
70
76
86
82
60
37
22
27
50
78
99
102
72
22
-12
-10
18
58
97
107
74
10
-46
-68
-55
-13
40
75
64
16
-44
-82
-83
-45
10
59
84
66
22
-13
-15
0
27
63
80
64
37
25
24
32
51
62
47
21
-3
-16
-10
16
45
56
38
4
-40
-77
-87
-68
-36
-10
-6
-26
-66
-108
-137
-141
-122
-91
-70
-70
-86
-107
-129
-139
-127
-104
-85
-75
-71
-72
-76
-77
-67
-47
-29
-18
-16
-22
-34
-44
-51
-48
-36
-27
-29
-38
-52
-74
-96
-109
-104
-92
-84
-76
-70
-77
-92
-102
-105
-108
-108
-102
-93
-87
-84
-86
-91
-101
-112
-115
-110
-100
-88
-81
-76
-68
-61
-58
-55
-49
-50
-54
-49
-31
-13
-5
-1
-6
-23
-44
-54
-48
-34
-17
-9
-9
-21
-41
-57
-58
-46
-29
-18
-17
-21
-30
-43
-52
-46
-35
-29
-30
-27
-31
-45
-51
-43
-31
-24
-23
-28
-44
-62
-66
-53
-35
-17
-10
-22
-43
-58
-66
-61
-43
-21
-8
-10
-14
-21
-33
-42
-36
-26
-18
-12
-6
-6
-12
-17
-16
-15
-14
-11
-6
2
10
19
26
31
31
25
15
13
17
23
32
43
48
38
19
5
-2
-7
2
23
42
48
46
36
24
14
14
28
49
66
74
74
65
47
28
18
20
29
36
47
55
50
38
26
14
8
9
17
33
46
50
42
32
22
15
9
14
24
28
28
32
35
33
28
24
23
22
25
35
50
64
72
73
68
61
52
50
61
76
92
102
104
98
86
75
71
74
80
86
92
90
82
71
60
52
49
51
50
47
40
32
23
22
26
31
32
26
18
6
-5
-5
4
17
28
31
23
4
-18
-33
-35
-25
-7
9
16
9
-9
-30
-44
-45
-33
-13
8
18
17
4
-12
-24
-29
-24
-14
-2
3
1
-6
-17
-26
-34
-39
-41
-40
-40
-39
-38
-37
-41
-46
-53
-62
-69
-72
-71
-62
-54
-49
-49
-52
-61
-69
-73
-71
-61
-50
-41
-35
-32
-35
-41
-48
-49
-47
-41
-33
-23
-18
-18
-19
-21
-22
-20
-15
-6
4
14
24
31
41
50
57
62
70
78
86
95
108
118
126
127
127
125
123
122
126
131
135
137
137
136
134
133
133
139
146
153
161
168
175
177
182
188
195
199
201
198
193
185
179
173
167
157
141
123
104
83
65
51
43
35
26
12
-3
-22
-39
-48
-48
-40
-33
-30
-33
-38
-48
-54
-53
-48
-40
-33
-26
-25
-25
-30
-33
-38
-41
-44
-47
-48
-54
-58
-63
-69
-78
-92
-110
-129
-144
-154
-158
-158
-157
-162
-174
-193
-209
-223
-228
-223
-210
-198
-189
-187
-191
-199
-206
-206
-198
-183
-164
-145
-130
-119
-109
-98
-81
-57
-23
17
61
108
155
201
247
298
351
407
463
522
577
626
673
713
747
771
787
794
790
777
756
733
704
668
622
566
501
430
357
289
230
177
131
86
41
-6
-52
-92
-119
-136
-141
-143
-141
-143
-151
-163
-178
-190
-200
-210
-219
-230
-245
-265
-288
-310
-333
-356
-377
-396
-411
-425
-433
-439
-441
-442
-443
-444
-443
-442
-437
-430
-418
-404
-390
-375
-363
-352
-342
-331
-317
-296
-274
-246
-220
-197
-177
-161
-147
-129
-110
-86
-63
-42
-26
-18
-14
-13
-11
-9
-2
2
5
2
-5
-15
-25
-33
-36
-39
-38
-41
-45
-53
-60
-67
-71
-73
-72
-72
-75
-82
-91
-102
-111
-122
-130
-138
-147
-158
-171
-184
-197
-209
-219
-224
-226
-227
-223
-218
-210
-200
-186
-166
-143
-118
-90
-59
-29
3
36
69
101
130
154
175
192
206
216
223
225
219
205
183
155
123
90
56
24
-11
-47
-84
-122
-159
-194
-220
-238
-250
-255
-257
-256
-252
-244
-234
-218
-196
-173
-149
-124
-99
-76
-56
-39
-22
-7
7
20
35
51
63
79
95
110
126
141
158
176
194
215
234
251
265
276
283
284
283
279
272
263
252
238
221
198
173
146
118
96
74
52
31
10
-11
-34
-56
-76
-94
-111
-126
-141
-156
-169
-178
-186
-189
-189
-187
-183
-178
-171
-161
-145
-126
-105
-83
-63
-45
-30
-15
-2
11
26
40
49
53
53
48
43
37
32
26
22
15
7
-2
-8
-14
-17
-20
-21
-21
-24
-23
-20
-15
-8
0
8
14
16
16
17
18
22
24
27
24
17
4
-12
-28
-42
-56
-66
-79
-93
-111
-131
-150
-166
-178
-185
-187
-186
-182
-176
-168
-154
-135
-114
-88
-61
-32
0
33
70
106
144
179
209
234
256
276
295
316
333
350
360
363
360
351
342
334
329
326
324
319
309
294
277
258
240
227
216
206
196
182
166
149
130
110
94
78
63
51
41
32
27
25
23
22
25
30
39
52
71
93
117
141
160
176
189
200
211
221
232
239
240
234
222
201
175
148
120
93
66
40
13
-16
-47
-77
-107
-132
-156
-175
-191
-203
-213
-221
-229
-238
-245
-252
-258
-260
-259
-252
-243
-229
-213
-199
-183
-168
-150
-129
-102
-73
-39
-6
24
48
67
80
90
98
104
107
107
101
90
75
53
29
5
-17
-39
-58
-76
-93
-110
-126
-138
-149
-158
-165
-170
-174
-175
-176
-176
-174
-171
-169
-170
-170
-170
-171
-171
-169
-164
-160
-155
-152
-150
-150
-149
-147
-145
-140
-132
-124
-115
-106
-100
-93
-87
-79
-71
-61
-49
-36
-25
-17
-10
-4
1
6
10
13
15
15
16
15
12
10
8
4
1
-2
-6
-11
-14
-18
-23
-28
-31
-35
-40
-43
-48
-53
-56
-61
-64
-66
-67
-67
-66
-63
-59
-54
-48
-41
-33
-23
-14
-4
7
16
27
36
44
50
55
58
60
60
59
57
54
49
43
36
28
19
10
0
-10
-19
-29
-36
-43
-50
-54
-58
-62
-64
-66
-65
-64
-61
-58
-53
-46
-40
-33
-25
-19
-12
-6
-2
5
9
13
18
22
25
27
29
30
31
31
31
30
30
30
31
32
31
31
30
28
26
25
23
22
23
24
24
25
25
23
23
21
22
23
25
26
29
31
33
33
34
35
37
39
41
43
47
49
52
54
56
57
59
61
64
66
68
70
72
74
74
75
76
75
75
75
76
76
76
76
76
75
74
73
70
68
66
65
64
62
60
58
54
49
45
41
37
34
32
30
28
26
25
22
20
19
19
19
20
22
25
27
30
32
35
38
40
44
48
52
56
60
64
66
67
69
68
68
66
65
63
60
56
52
45
39
31
24
17
11
4
-3
-9
-14
-19
-21
-25
-30
-33
-36
-37
-39
-40
-40
-39
-41
-41
-42
-42
-44
-44
-44
-44
-43
-43
-41
-41
-40
-40
-38
-37
-36
-33
-31
-29
-27
-24
-22
-19
-16
-14
-11
-9
-5
-1
3
6
10
14
17
21
24
28
30
34
35
38
41
43
44
45
46
45
45
46
44
44
43
42
40
38
36
33
28
26
22
18
12
9
4
1
-3
-8
-13
-17
-22
-25
-28
-30
-32
-33
-35
-37
-37
-39
-40
-41
-41
-43
-43
-44
-47
-48
-49
-51
-54
-56
-59
-60
-62
-64
-64
-64
-64
-64
-61
-59
-56
-52
-48
-43
-37
-31
-25
-18
-12
-6
-1
4
10
13
19
22
24
27
28
29
30
30
29
26
26
23
21
18
15
11
9
6
3
0
-1
-3
-5
-6
-6
-6
-5
-3
-3
0
1
3
6
8
11
13
16
18
19
20
22
23
23
23
23
21
21
19
18
17
14
13
11
8
6
3
1
-1
-3
-5
-8
-10
-13
-14
-16
-18
-21
-22
-23
-23
-24
-26
-27
-27
-28
-28
-28
-28
-28
-29
-29
-27
-26
-25
-22
-21
-19
-17
-13
-10
-6
-1
6
12
19
26
35
42
52
60
68
77
84
92
97
103
107
110
110
110
106
101
95
86
76
63
49
34
18
1
-16
-33
-49
-65
-80
-93
-103
-112
-117
-120
-120
-117
-111
-102
-91
-77
-61
-43
-25
-6
15
34
53
70
86
101
113
123
130
132
135
134
130
124
117
107
96
85
73
59
47
35
23
13
4
-4
-10
-16
-21
-24
-26
-28
-28
-28
-28
-28
-28
-29
-30
-31
-35
-38
-41
-48
-52
-59
-66
-69
-77
-84
-89
-93
-97
-100
-102
-102
-101
-99
-96
-90
-85
-78
-70
-61
-51
-41
-31
-21
-11
-1
9
19
28
36
43
51
59
64
70
75
80
84
87
91
94
97
98
101
101
103
104
105
106
106
105
105
105
104
101
100
98
96
91
89
85
80
76
70
64
58
52
45
39
32
24
16
9
1
-7
-16
-22
-31
-38
-45
-53
-60
-67
-72
-79
-84
-89
-95
-98
-101
-104
-107
-108
-108
-109
-108
-107
-106
-104
-102
-99
-97
-94
-92
-89
-86
-84
-83
-79
-78
-76
-75
-73
-72
-70
-68
-67
-65
-63
-61
-58
-55
-52
-49
-45
-41
-38
-33
-29
-25
-20
-16
-12
-8
-4
0
3
8
11
14
17
19
22
24
26
28
30
32
33
35
35
36
38
38
40
40
40
41
40
41
40
39
38
36
35
33
29
27
24
20
17
12
8
3
-3
-8
-12
-18
-23
-28
-33
-37
-42
-46
-50
-55
-58
-60
-62
-64
-65
-66
-65
-65
-65
-64
-63
-62
-60
-58
-56
-54
-52
-50
-48
-46
-43
-41
-39
-36
-33
-32
-28
-26
-22
-20
-17
-13
-10
-5
-1
3
7
12
17
20
26
29
34
39
42
45
48
49
52
52
53
54
53
52
50
48
46
43
40
37
34
30
28
24
19
16
13
10
7
4
2
-1
-3
-5
-7
-8
-9
-9
-11
-11
-11
-10
-11
-10
-9
-8
-7
-6
-4
-2
0
2
3
6
7
10
12
14
16
18
19
21
23
23
25
27
27
29
28
30
30
30
31
31
31
31
31
30
30
30
30
28
28
27
27
26
24
23
21
20
18
16
15
13
12
10
8
6
3
1
0
-3
-4
-7
-9
-10
-11
-12
-14
-14
-16
-16
-17
-18
-19
-18
-18
-19
-18
-18
-18
-17
-16
-15
-15
-14
-13
-12
-11
-10
-10
-9
-7
-6
-5
-4
-3
-1
-2
-1
0
1
2
4
4
6
6
7
9
10
10
12
13
15
15
16
17
19
20
21
23
24
25
26
27
28
29
29
31
32
32
32
33
33
35
34
34
34
35
35
35
35
35
35
35
35
35
35
34
34
34
33
32
31
31
29
28
28
26
25
23
22
21
19
17
16
14
11
10
9
7
6
3
3
1
-1
-2
-4
-5
-7
-8
-10
-11
-13
-14
-15
-17
-17
-20
-21
-23
-24
-26
-27
-29
-30
-31
-32
-34
-35
-36
-38
-38
-39
-40
-40
-41
-42
-42
-43
-43
-44
-43
-43
-44
-43
-43
-43
-43
-42
-41
-40
-39
-38
-37
-35
-34
-33
-31
-29
-28
-26
-24
-23
-20
-19
-17
-15
-13
-12
-10
-8
-7
-6
-4
-2
0
0
2
3
4
5
6
6
7
9
9
10
10
10
11
11
11
11
9
9
9
8
8
8
7
6
5
5
3
2
2
2
0
-1
-2
-2
-3
-3
-4
-4
-4
-4
-4
-4
-3
-3
-3
-2
-2
-1
-1
0
1
1
3
3
5
6
6
8
8
9
10
12
13
13
14
15
16
18
18
19
20
20
22
21
23
23
24
24
24
24
25
25
25
25
25
25
25
25
25
26
25
25
25
24
24
24
23
24
23
23
23
23
23
22
22
21
21
21
21
21
21
20
21
21
21
21
21
21
21
21
21
21
21
22
22
21
21
21
21
21
0
0
0
0
0
0
0
0
0
0
0
0
0
0
0
0
0
0
0
0
0
0
0
0
0
0
0
0
0
0
0
0
0
0
0
0
0
0
0
0
0
0
0
0
0
0
0
0
0
0
0
0
0
0
0
0
0
0
0
0
0
0
0
0
0
0
0
0
0
0
0
0
0
0
0
0
0
0
0
0
0
0
0
0
0
0
0
0
0
0
0
0
0
0
0
0
0
0
0
0
0
0
0
0
0
0
0
0
0
0
0
0
0
0
0
0
0
0
0
0
0
0
0
0
0
0
0
0
0
0
0
0
0
0
0
0
0
0
0
0
0
0
0
0
0
0
0
0
0
0
0
0
0
0
0
0
0
0
0
0
0
0
0
0
0
0
0
0
0
0
0
0
0
0
0
0
0
0
0
0
0
0
0
0
0
0
0
0
0
0
0
0
0
0
0
0
0
0
