0
0
0
0
0
0
0
0
0
0
0
0
0
0
0
0
0
0
0
0
0
0
0
0
0
0
0
0
0
0
0
0
0
0
0
0
0
0
0
0
0
0
0
0
0
0
0
0
0
0
0
0
0
0
0
0
0
0
0
0
0
0
0
0
0
0
0
0
0
0
0
0
0
0
0
0
0
0
0
0
0
0
0
0
0
0
0
0
0
0
0
0
0
0
0
0
0
0
0
0
0
0
0
0
0
0
0
0
0
0
0
0
0
0
0
0
0
0
0
0
0
0
0
0
0
0
0
0
0
0
0
0
0
0
0
0
0
0
0
0
0
0
0
0
0
0
0
0
0
0
0
0
0
0
0
0
0
0
0
0
0
0
0
0
0
0
0
0
0
0
0
0
0
0
0
0
0
0
0
0
0
0
0
0
0
0
0
0
0
0
0
0
0
0
0
0
0
0
54
50
44
28
4
-27
-73
-136
-214
-294
-356
-384
-371
-330
-269
-192
-106
-23
43
87
120
151
184
210
217
203
177
155
141
129
123
127
140
155
159
137
98
52
7
-31
-68
-99
-122
-132
-132
-130
-128
-123
-112
-97
-84
-79
-78
-80
-76
-71
-62
-49
-28
-2
27
56
79
97
106
108
102
90
77
68
62
66
72
79
84
84
79
66
47
26
5
-15
-33
-46
-54
-55
-52
-46
-36
-27
-19
-17
-25
-37
-52
-65
-73
-74
-66
-45
-19
11
38
57
70
74
71
63
50
38
28
25
27
35
46
61
76
89
96
95
87
73
51
28
7
-8
-15
-15
-8
2
13
23
29
23
13
-2
-18
-36
-52
-66
-77
-76
-67
-54
-40
-26
-14
-10
-11
-20
-35
-49
-57
-58
-55
-44
-30
-17
-3
6
4
-3
-13
-24
-36
-52
-66
-75
-79
-77
-72
-64
-54
-41
-29
-21
-15
-12
-10
-6
-1
3
11
25
41
56
70
83
92
100
109
117
123
131
139
149
159
167
175
183
191
199
205
208
210
212
211
212
212
212
218
225
235
247
257
269
281
293
306
314
316
311
298
272
231
178
114
42
-28
-99
-163
-215
-259
-291
-313
-328
-340
-350
-359
-369
-377
-385
-391
-393
-385
-367
-337
-294
-242
-182
-114
-45
20
80
130
173
209
236
256
269
276
277
274
265
249
226
197
163
121
70
13
-46
-109
-172
-234
-291
-342
-384
-419
-446
-462
-470
-471
-464
-448
-426
-399
-366
-332
-293
-251
-208
-162
-112
-63
-13
37
84
125
158
185
202
211
212
206
195
183
166
149
131
112
94
76
59
39
18
-3
-24
-43
-59
-67
-69
-63
-51
-29
0
37
81
134
194
261
329
396
462
522
578
626
670
709
737
753
750
722
663
572
447
295
121
-63
-249
-430
-590
-732
-849
-942
-1015
-1072
-1119
-1161
-1201
-1242
-1278
-1308
-1330
-1333
-1313
-1265
-1188
-1082
-948
-794
-627
-456
-288
-130
13
139
246
336
412
481
543
600
657
711
759
800
828
838
828
793
736
655
557
446
330
210
94
-16
-118
-215
-306
-392
-478
-561
-642
-719
-786
-844
-885
-904
-901
-875
-824
-755
-671
-577
-481
-387
-302
-228
-167
-117
-76
-43
-12
22
59
102
150
200
248
294
327
344
346
331
295
247
188
123
58
-3
-57
-101
-131
-148
-153
-149
-133
-111
-85
-54
-19
21
66
119
180
249
325
406
490
574
659
738
811
878
941
997
1049
1095
1139
1181
1219
1254
1282
1298
1297
1272
1213
1118
979
798
579
330
66
-203
-462
-698
-902
-1070
-1199
-1294
-1361
-1405
-1439
-1464
-1490
-1517
-1542
-1561
-1569
-1556
-1516
-1441
-1329
-1180
-997
-790
-567
-341
-123
78
257
407
530
628
703
764
814
860
904
947
989
1026
1052
1062
1050
1011
945
850
728
583
425
258
94
-66
-213
-347
-464
-568
-658
-741
-813
-879
-938
-989
-1028
-1052
-1059
-1045
-1010
-950
-872
-775
-663
-547
-430
-319
-220
-137
-71
-24
12
35
54
73
93
120
151
186
223
254
277
285
275
244
196
128
48
-40
-129
-208
-272
-316
-335
-328
-298
-245
-175
-95
-8
79
163
241
312
374
431
488
544
604
671
750
838
934
1037
1142
1243
1338
1419
1484
1527
1542
1526
1475
1388
1260
1094
893
664
417
159
-97
-342
-570
-771
-946
-1094
-1217
-1318
-1404
-1476
-1540
-1593
-1639
-1674
-1693
-1694
-1667
-1612
-1524
-1405
-1252
-1072
-871
-656
-435
-219
-11
178
347
494
620
725
814
890
954
1011
1064
1107
1142
1164
1169
1155
1118
1054
965
854
723
576
421
263
108
-41
-181
-310
-430
-539
-637
-728
-811
-884
-947
-996
-1031
-1047
-1040
-1010
-956
-878
-781
-670
-550
-431
-314
-212
-125
-53
-2
36
63
84
104
127
155
190
232
275
317
352
377
382
368
333
276
201
114
22
-67
-147
-209
-247
-258
-243
-202
-138
-56
34
128
220
307
383
449
507
557
606
657
714
782
862
956
1059
1173
1289
1405
1508
1594
1653
1679
1664
1604
1496
1341
1147
916
660
395
127
-130
-366
-575
-754
-905
-1027
-1129
-1216
-1292
-1365
-1435
-1502
-1565
-1619
-1657
-1672
-1661
-1614
-1532
-1411
-1256
-1071
-864
-643
-419
-200
3
186
349
485
597
690
766
829
887
939
989
1036
1076
1107
1125
1124
1101
1054
979
880
761
622
472
316
157
2
-147
-284
-410
-526
-630
-725
-808
-881
-945
-994
-1028
-1045
-1041
-1015
-970
-902
-819
-721
-616
-510
-407
-312
-229
-159
-104
-58
-22
9
38
70
107
147
190
234
277
312
335
343
332
301
249
181
102
17
-68
-147
-213
-257
-277
-275
-248
-200
-138
-63
16
96
172
243
305
359
410
458
507
563
626
701
789
891
1002
1122
1243
1355
1452
1522
1559
1550
1493
1384
1225
1020
778
514
240
-31
-285
-513
-708
-869
-998
-1096
-1173
-1237
-1296
-1353
-1417
-1484
-1551
-1616
-1669
-1702
-1708
-1678
-1609
-1499
-1349
-1164
-956
-728
-496
-269
-55
136
300
435
543
626
690
742
786
829
872
914
960
1002
1038
1059
1061
1040
990
912
806
676
523
355
180
4
-166
-323
-466
-591
-697
-784
-852
-902
-939
-959
-967
-961
-941
-910
-866
-811
-743
-667
-587
-501
-415
-329
-247
-171
-100
-37
20
72
120
164
205
244
277
305
328
342
344
334
311
274
225
166
101
33
-33
-92
-141
-173
-189
-186
-164
-125
-73
-12
61
135
212
286
358
426
491
555
621
688
763
845
935
1036
1144
1258
1369
1470
1552
1605
1621
1592
1513
1383
1202
978
721
445
164
-108
-361
-585
-773
-923
-1038
-1123
-1184
-1230
-1271
-1311
-1354
-1403
-1453
-1502
-1542
-1565
-1564
-1531
-1460
-1350
-1204
-1023
-816
-593
-360
-131
84
279
446
581
687
765
818
855
878
895
912
930
950
973
992
1007
1010
997
963
904
818
705
566
406
228
43
-144
-324
-492
-638
-759
-851
-911
-940
-942
-919
-879
-826
-765
-700
-636
-579
-527
-483
-442
-406
-367
-324
-276
-219
-153
-78
5
91
178
259
330
385
425
445
443
420
379
324
256
185
112
44
-18
-69
-105
-128
-136
-131
-113
-87
-54
-16
25
69
115
163
211
264
320
382
452
527
612
706
810
923
1041
1163
1282
1394
1488
1556
1594
1589
1539
1441
1293
1102
874
619
352
83
-174
-412
-621
-795
-938
-1050
-1136
-1203
-1257
-1306
-1354
-1403
-1454
-1506
-1554
-1592
-1611
-1607
-1571
-1503
-1398
-1257
-1084
-884
-666
-440
-216
-4
190
358
497
607
688
745
782
807
822
833
846
860
874
887
897
896
881
845
786
701
588
451
290
112
-74
-261
-441
-604
-744
-855
-933
-976
-988
-970
-928
-870
-801
-730
-661
-600
-546
-503
-470
-442
-416
-387
-351
-306
-249
-177
-95
-3
91
186
273
347
403
438
447
432
397
341
272
193
113
37
-31
-84
-122
-144
-147
-137
-112
-79
-40
1
44
86
126
165
202
241
285
334
393
462
543
638
747
867
996
1128
1259
1378
1478
1550
1582
1570
1509
1397
1237
1033
797
539
272
9
-238
-460
-651
-806
-930
-1021
-1089
-1140
-1179
-1216
-1255
-1298
-1347
-1399
-1448
-1490
-1514
-1517
-1490
-1427
-1328
-1191
-1022
-825
-611
-384
-160
51
244
411
547
654
730
780
809
822
825
826
826
830
837
847
856
856
846
818
768
691
586
454
299
126
-59
-242
-418
-573
-702
-799
-861
-888
-880
-843
-784
-712
-631
-552
-482
-421
-376
-344
-324
-310
-300
-287
-264
-229
-181
-114
-33
58
155
250
337
412
464
493
494
469
417
347
264
173
82
0
-68
-118
-146
-154
-142
-110
-67
-15
40
95
145
188
224
253
279
304
334
371
422
489
575
683
807
945
1090
1237
1371
1486
1569
1609
1602
1542
1427
1261
1051
808
544
273
9
-238
-458
-643
-790
-904
-984
-1039
-1077
-1108
-1136
-1169
-1210
-1262
-1318
-1377
-1430
-1470
-1490
-1478
-1433
-1350
-1229
-1072
-885
-677
-456
-232
-17
182
354
498
608
685
734
757
761
753
741
727
718
715
717
723
727
723
707
672
613
529
418
282
127
-44
-219
-391
-550
-690
-799
-876
-917
-924
-897
-843
-770
-684
-594
-508
-431
-369
-321
-290
-269
-258
-250
-239
-220
-187
-139
-75
2
89
181
270
351
415
455
473
463
426
365
288
196
100
6
-79
-150
-203
-234
-244
-233
-203
-159
-105
-46
13
69
119
163
199
230
261
296
338
395
470
566
682
815
959
1104
1242
1356
1438
1475
1459
1386
1257
1073
846
586
308
29
-237
-480
-687
-852
-974
-1056
-1102
-1124
-1129
-1128
-1130
-1141
-1165
-1204
-1253
-1307
-1359
-1401
-1421
-1413
-1367
-1284
-1162
-1001
-809
-594
-365
-134
88
290
465
606
710
778
812
817
799
768
730
692
658
633
616
607
601
594
579
549
500
430
333
214
73
-82
-243
-404
-554
-684
-786
-853
-886
-880
-842
-775
-685
-582
-475
-371
-276
-199
-138
-96
-69
-56
-47
-38
-26
-1
37
90
157
233
315
397
470
530
571
587
576
540
478
398
304
202
100
6
-74
-136
-175
-192
-185
-157
-112
-55
7
74
138
196
248
293
334
373
418
470
534
616
713
826
948
1074
1192
1293
1365
1398
1384
1318
1198
1030
819
576
315
51
-205
-437
-639
-802
-925
-1007
-1056
-1077
-1076
-1066
-1054
-1047
-1051
-1068
-1094
-1130
-1167
-1198
-1215
-1210
-1176
-1109
-1005
-868
-699
-505
-295
-80
131
326
499
640
748
820
855
861
841
802
753
699
646
600
562
533
509
489
464
431
386
325
244
144
26
-104
-241
-379
-509
-625
-718
-785
-821
-824
-799
-745
-669
-578
-481
-380
-286
-203
-133
-76
-34
-4
17
37
57
82
117
160
213
274
338
403
461
509
541
554
544
514
460
388
302
207
110
18
-66
-133
-182
-212
-219
-207
-178
-134
-82
-21
40
102
160
217
271
328
389
456
534
621
720
827
937
1042
1134
1205
1243
1244
1201
1111
978
803
596
365
123
-116
-345
-552
-730
-875
-986
-1062
-1109
-1132
-1139
-1136
-1129
-1123
-1125
-1132
-1146
-1163
-1179
-1187
-1182
-1156
-1108
-1031
-924
-789
-628
-448
-255
-57
136
315
475
607
711
780
816
824
807
771
722
666
611
558
513
472
436
402
367
324
273
208
128
35
-73
-191
-314
-435
-549
-650
-732
-790
-822
-825
-803
-753
-685
-599
-505
-407
-310
-222
-141
-72
-17
27
64
96
126
157
193
236
283
337
394
450
500
543
571
582
572
542
491
421
337
244
145
50
-37
-110
-166
-203
-218
-213
-189
-151
-98
-42
22
86
147
208
269
328
392
462
542
629
725
827
931
1030
1115
1180
1213
1212
1166
1081
952
784
586
367
135
-97
-319
-521
-696
-840
-952
-1031
-1080
-1106
-1113
-1108
-1098
-1087
-1079
-1077
-1080
-1084
-1089
-1090
-1079
-1053
-1007
-938
-840
-718
-573
-409
-231
-46
135
309
466
601
708
786
833
853
845
818
775
721
663
603
546
493
442
393
345
294
238
171
97
12
-85
-188
-296
-405
-508
-601
-680
-738
-775
-785
-771
-732
-673
-598
-508
-411
-312
-216
-126
-46
23
84
135
179
220
259
299
341
388
437
489
538
584
621
646
656
649
622
575
512
432
343
247
150
59
-21
-86
-135
-166
-176
-167
-141
-101
-52
6
67
131
195
261
328
399
474
554
642
735
835
934
1026
1108
1171
1207
1210
1175
1101
986
836
654
448
228
6
-211
-415
-596
-750
-875
-969
-1035
-1076
-1097
-1103
-1100
-1093
-1088
-1086
-1086
-1090
-1094
-1095
-1090
-1071
-1036
-981
-902
-800
-677
-532
-371
-202
-28
142
300
442
563
659
727
767
780
770
742
698
646
588
529
473
420
370
325
278
228
175
112
40
-44
-137
-240
-347
-456
-561
-658
-739
-802
-841
-856
-846
-811
-755
-680
-593
-497
-398
-303
-214
-134
-64
-7
41
82
117
151
186
222
263
307
354
400
444
481
507
519
512
486
441
378
296
204
104
3
-93
-179
-249
-302
-333
-344
-332
-303
-258
-201
-136
-66
5
77
149
222
296
372
453
539
631
724
820
910
988
1051
1091
1099
1073
1010
908
769
600
407
197
-20
-234
-437
-622
-781
-912
-1013
-1085
-1130
-1153
-1158
-1153
-1141
-1129
-1118
-1110
-1107
-1108
-1106
-1099
-1084
-1053
-1004
-934
-840
-723
-584
-427
-257
-82
93
260
414
546
655
736
788
812
812
790
751
699
642
580
518
459
401
347
294
240
183
124
57
-15
-94
-179
-268
-358
-447
-530
-602
-663
-708
-733
-740
-726
-692
-640
-574
-496
-409
-318
-227
-139
-55
22
91
155
213
264
312
357
400
442
482
518
552
579
599
607
603
587
555
510
453
386
312
234
157
85
21
-29
-67
-89
-96
-87
-63
-27
19
74
135
201
271
343
418
496
579
666
756
847
940
1029
1111
1180
1229
1254
1249
1214
1142
1034
896
728
537
333
122
-86
-287
-467
-624
-758
-864
-941
-995
-1028
-1041
-1046
-1043
-1036
-1032
-1030
-1032
-1036
-1040
-1041
-1033
-1012
-975
-918
-839
-738
-614
-472
-317
-151
17
182
338
477
595
689
756
796
810
801
773
731
678
620
560
502
448
397
349
302
254
202
146
82
7
-74
-165
-261
-359
-457
-546
-626
-690
-736
-761
-762
-742
-700
-640
-564
-479
-387
-296
-206
-123
-49
16
72
120
159
196
229
264
300
337
374
413
447
477
498
505
498
477
436
379
308
225
132
37
-56
-143
-217
-278
-321
-343
-348
-332
-299
-252
-194
-126
-52
26
104
185
266
351
435
522
611
703
795
884
969
1042
1099
1136
1147
1129
1078
993
877
731
561
372
172
-33
-232
-421
-592
-741
-866
-966
-1040
-1090
-1122
-1137
-1142
-1140
-1135
-1129
-1125
-1120
-1116
-1109
-1096
-1074
-1039
-986
-913
-820
-706
-573
-424
-263
-96
72
232
380
511
621
706
764
798
808
797
771
732
686
636
584
535
488
442
397
352
303
248
185
112
31
-60
-159
-263
-366
-467
-559
-639
-704
-747
-771
-771
-750
-709
-653
-585
-508
-427
-347
-267
-195
-131
-72
-19
29
73
118
163
211
260
312
363
412
456
491
514
522
513
485
440
375
297
207
111
13
-80
-166
-239
-295
-333
-349
-344
-321
-280
-226
-161
-90
-14
63
141
216
290
364
439
516
597
684
774
868
960
1051
1133
1200
1246
1265
1254
1207
1125
1007
855
676
476
264
45
-169
-370
-553
-712
-842
-945
-1019
-1070
-1097
-1109
-1107
-1100
-1090
-1081
-1073
-1069
-1065
-1060
-1050
-1032
-999
-950
-881
-788
-673
-537
-381
-211
-34
147
321
483
628
752
847
915
956
971
964
937
897
850
798
744
693
646
603
562
522
479
431
375
310
232
145
47
-59
-170
-282
-387
-486
-569
-637
-684
-710
-714
-697
-659
-606
-541
-469
-389
-312
-236
-166
-104
-48
2
45
85
123
162
201
241
283
325
366
403
433
451
457
447
419
375
314
239
151
59
-37
-129
-214
-284
-338
-372
-385
-376
-347
-299
-237
-162
-80
4
91
175
255
332
405
474
544
614
685
759
835
912
989
1059
1118
1159
1181
1175
1139
1068
963
825
659
469
261
45
-171
-380
-575
-749
-896
-1016
-1107
-1170
-1209
-1228
-1232
-1224
-1211
-1196
-1182
-1170
-1160
-1152
-1142
-1125
-1101
-1061
-1005
-929
-831
-714
-574
-421
-253
-79
94
262
418
554
670
760
823
861
873
865
839
800
753
701
649
600
552
508
467
426
382
334
278
214
140
54
-42
-145
-254
-361
-466
-563
-648
-714
-763
-790
-795
-779
-743
-692
-627
-552
-475
-395
-319
-248
-185
-128
-81
-40
-2
32
64
99
136
175
214
254
290
320
339
346
337
312
269
213
142
63
-22
-106
-185
-252
-304
-339
-352
-342
-315
-267
-204
-130
-45
39
125
209
289
364
431
497
559
621
685
752
824
899
976
1053
1126
1189
1236
1262
1263
1232
1168
1069
937
776
588
380
163
-56
-272
-474
-655
-813
-941
-1041
-1112
-1157
-1181
-1189
-1182
-1170
-1154
-1138
-1123
-1112
-1103
-1093
-1080
-1059
-1027
-981
-916
-832
-727
-603
-459
-302
-134
38
208
371
520
651
757
839
893
920
924
908
874
831
780
728
677
631
588
550
514
478
440
395
341
275
196
104
0
-113
-234
-355
-471
-581
-675
-751
-807
-837
-844
-827
-789
-733
-664
-585
-502
-419
-341
-267
-202
-145
-95
-50
-8
33
75
119
168
221
275
331
382
426
458
477
478
459
423
366
293
209
116
24
-64
-139
-200
-242
-260
-256
-229
-182
-119
-44
38
124
207
286
356
418
470
515
553
590
626
668
714
768
830
897
969
1038
1101
1150
1177
1180
1151
1087
989
856
691
502
291
72
-149
-363
-560
-736
-886
-1004
-1091
-1148
-1180
-1190
-1182
-1164
-1142
-1118
-1097
-1081
-1072
-1066
-1062
-1056
-1043
-1021
-983
-927
-849
-747
-624
-482
-322
-152
23
197
363
515
648
756
838
895
924
930
916
888
848
803
758
713
673
637
606
576
546
515
472
421
355
275
179
68
-55
-186
-322
-456
-583
-698
-795
-872
-925
-952
-953
-931
-888
-828
-755
-674
-592
-510
-433
-364
-302
-248
-200
-157
-115
-71
-26
25
81
141
204
266
325
374
412
435
437
418
380
322
247
160
67
-26
-112
-187
-246
-283
-296
-286
-252
-198
-127
-45
43
132
218
296
364
420
466
499
527
548
570
593
624
663
711
768
831
897
959
1013
1052
1069
1057
1015
938
829
686
515
322
115
-98
-308
-507
-687
-844
-971
-1069
-1135
-1174
-1188
-1183
-1161
-1134
-1103
-1075
-1051
-1034
-1023
-1018
-1014
-1009
-997
-972
-931
-870
-787
-677
-546
-395
-226
-47
136
316
488
643
775
881
960
1009
1030
1027
1003
965
917
865
813
764
722
686
654
626
598
566
524
470
399
311
202
76
-62
-212
-369
-522
-668
-799
-911
-996
-1053
-1080
-1079
-1050
-996
-924
-840
-746
-652
-560
-474
-399
-332
-276
-228
-184
-143
-100
-52
1
64
134
212
294
374
450
515
567
597
607
591
552
491
411
320
221
124
33
-41
-97
-130
-136
-117
-75
-11
67
156
248
337
420
489
543
583
607
618
619
616
614
617
629
653
690
741
801
871
939
1002
1053
1084
1089
1062
1004
908
778
620
438
237
30
-179
-379
-560
-719
-851
-952
-1023
-1064
-1079
-1074
-1053
-1023
-989
-957
-930
-910
-899
-894
-893
-893
-890
-876
-850
-804
-738
-648
-535
-401
-248
-84
88
262
428
582
717
830
915
973
1003
1008
990
953
904
846
786
726
671
623
581
547
516
488
456
416
368
304
223
126
11
-119
-261
-409
-559
-704
-838
-955
-1047
-1115
-1153
-1161
-1143
-1097
-1029
-946
-851
-751
-652
-558
-474
-399
-338
-287
-245
-208
-175
-140
-100
-51
8
76
152
235
319
400
473
530
568
582
571
535
474
393
296
191
85
-15
-100
-168
-212
-230
-224
-192
-141
-73
4
86
164
233
293
337
365
379
379
368
354
339
329
327
339
365
406
461
526
598
671
737
790
824
832
810
758
671
556
413
250
74
-108
-288
-456
-608
-737
-838
-913
-958
-979
-978
-961
-932
-897
-861
-828
-801
-783
-774
-771
-775
-777
-777
-768
-747
-709
-651
-574
-474
-355
-221
-74
79
232
378
512
629
724
796
841
863
861
838
799
750
693
636
579
528
484
448
421
401
383
369
351
327
294
248
185
107
12
-99
-223
-356
-491
-625
-750
-859
-947
-1010
-1045
-1051
-1029
-979
-906
-818
-718
-616
-512
-419
-337
-268
-214
-174
-145
-123
-105
-84
-56
-18
34
98
176
264
357
450
537
611
667
696
699
672
617
536
435
319
196
77
-32
-125
-192
-234
-247
-230
-189
-127
-51
32
118
197
264
315
349
365
362
346
321
291
263
240
231
237
262
306
369
444
532
622
709
785
842
874
877
845
780
684
558
407
241
66
-106
-270
-420
-546
-648
-721
-767
-787
-785
-767
-737
-703
-670
-642
-622
-614
-616
-628
-647
-669
-690
-705
-708
-695
-661
-605
-528
-428
-310
-177
-34
111
253
385
505
603
679
732
760
765
752
723
682
634
586
539
498
462
436
420
411
405
403
400
394
378
352
310
252
177
86
-20
-139
-263
-391
-515
-630
-729
-810
-868
-898
-903
-883
-839
-777
-701
-617
-531
-447
-371
-305
-251
-209
-178
-156
-139
-123
-106
-82
-47
-4
53
120
194
272
350
421
481
522
543
541
510
457
382
288
181
70
-38
-139
-224
-289
-330
-347
-339
-308
-260
-196
-126
-54
16
76
125
161
181
187
183
170
151
135
120
117
125
150
188
240
307
386
469
553
634
702
755
786
789
766
712
630
522
393
248
91
-67
-219
-362
-487
-591
-674
-734
-772
-789
-790
-780
-763
-745
-728
-717
-712
-715
-725
-740
-757
-772
-781
-780
-765
-733
-682
-611
-520
-412
-290
-158
-22
113
245
365
470
557
623
669
695
703
696
676
650
619
588
559
535
516
503
494
489
486
479
471
454
430
394
347
287
215
133
40
-59
-164
-269
-372
-468
-554
-628
-687
-728
-749
-751
-736
-705
-660
-605
-542
-477
-411
-348
-291
-240
-196
-158
-125
-96
-68
-36
-1
39
86
140
200
263
326
388
442
487
518
532
528
503
460
402
328
246
159
73
-6
-76
-129
-166
-183
-181
-161
-126
-79
-25
35
92
145
189
225
249
261
263
259
250
239
230
227
232
247
271
308
354
409
469
532
592
645
687
715
724
713
678
623
546
448
336
212
83
-48
-177
-296
-403
-496
-572
-633
-674
-703
-720
-727
-728
-727
-726
-726
-728
-735
-742
-750
-756
-758
-752
-736
-709
-665
-608
-536
-448
-347
-237
-119
2
123
240
348
444
527
593
646
679
698
704
701
689
671
650
628
607
585
566
545
526
503
477
444
406
362
307
246
177
102
24
-59
-144
-230
-312
-390
-464
-530
-588
-636
-675
-701
-715
-719
-708
-689
-658
-618
-572
-520
-463
-405
-346
-288
-230
-177
-125
-75
-26
22
70
117
166
213
260
306
349
386
419
442
455
457
447
426
392
346
292
232
167
101
39
-19
-67
-104
-130
-141
-140
-125
-101
-68
-28
14
57
97
133
164
186
202
212
216
216
214
211
209
211
219
232
251
275
305
338
374
409
443
470
491
501
499
484
456
410
353
281
199
108
11
-87
-187
-284
-374
-455
-526
-587
-635
-671
-697
-713
-721
-722
-720
-714
-707
-699
-691
-682
-671
-658
-643
-620
-591
-555
-509
-454
-389
-315
-235
-146
-57
34
124
209
287
357
416
464
500
524
538
541
538
527
510
490
467
442
416
390
362
334
305
275
241
206
169
129
85
41
-6
-54
-103
-151
-196
-243
-286
-327
-365
-398
-427
-450
-465
-476
-477
-472
-459
-436
-407
-371
-330
-284
-236
-188
-139
-93
-49
-8
29
63
95
124
153
179
206
232
257
281
302
320
333
340
341
333
318
294
265
229
189
146
103
60
21
-12
-37
-57
-67
-70
-63
-50
-30
-6
21
50
79
106
130
149
164
175
181
184
184
183
181
182
184
191
203
218
239
262
291
321
352
383
410
433
449
458
458
446
423
388
342
283
218
144
64
-19
-100
-181
-257
-327
-388
-438
-481
-514
-538
-554
-563
-567
-566
-563
-558
-552
-547
-539
-530
-519
-505
-487
-464
-435
-400
-358
-309
-254
-192
-127
-58
12
82
150
212
268
317
357
388
410
424
429
428
420
408
394
379
362
345
327
309
291
271
249
226
200
172
141
106
70
33
-6
-44
-82
-120
-156
-190
-222
-254
-281
-308
-331
-350
-368
-381
-390
-395
-394
-387
-375
-358
-335
-308
-277
-243
-206
-169
-131
-94
-59
-27
4
32
57
81
101
119
136
150
163
174
183
188
193
194
191
185
175
162
145
124
101
77
52
27
3
-19
-38
-53
-64
-69
-68
-62
-54
-42
-24
-5
14
34
53
72
89
103
114
123
129
134
140
144
148
153
161
169
182
196
214
234
257
280
303
325
343
356
362
361
350
328
296
255
203
143
79
10
-60
-130
-196
-257
-311
-358
-396
-424
-444
-457
-464
-463
-460
-454
-447
-437
-426
-417
-407
-395
-383
-368
-349
-328
-300
-268
-229
-185
-137
-82
-26
33
93
152
208
260
306
345
376
400
414
421
424
417
407
392
374
355
334
312
291
268
246
224
201
177
152
124
98
68
35
1
-33
-69
-107
-144
-180
-216
-250
-280
-309
-334
-354
-370
-381
-387
-389
-384
-375
-363
-345
-323
-299
-273
-246
-217
-189
-161
-134
-108
-86
-63
-43
-25
-7
8
24
37
51
63
75
86
94
100
105
106
106
102
95
85
74
60
45
30
17
4
-7
-14
-19
-20
-19
-13
-6
4
16
29
42
56
68
78
88
95
101
106
109
112
113
116
118
120
123
128
133
138
144
153
160
168
176
185
195
203
211
219
226
230
235
234
231
224
211
194
170
141
105
65
21
-27
-76
-127
-176
-224
-268
-308
-341
-368
-389
-403
-411
-413
-409
-403
-392
-380
-365
-348
-332
-313
-294
-274
-252
-228
-201
-172
-140
-104
-66
-26
16
60
103
145
185
221
254
281
303
321
333
340
341
339
331
324
312
300
286
274
259
246
232
219
206
193
179
165
150
132
115
95
74
51
27
1
-27
-53
-82
-110
-138
-164
-191
-213
-233
-249
-261
-270
-273
-274
-270
-263
-253
-241
-228
-213
-199
-183
-170
-156
-143
-132
-120
-108
-95
-82
-66
-50
-32
-13
6
26
46
64
81
95
105
111
116
115
111
104
95
86
75
67
59
53
51
51
54
59
66
74
83
93
100
106
108
108
106
101
93
84
71
61
49
39
30
24
19
17
16
20
24
29
35
42
49
56
64
67
74
81
88
96
104
112
122
130
139
146
150
152
149
143
130
112
90
61
28
-9
-48
-88
-128
-167
-203
-235
-263
-286
-304
-316
-321
-323
-320
-313
-305
-296
-283
-270
-257
-244
-230
-216
-201
-186
-169
-150
-129
-106
-80
-53
-23
7
39
69
99
127
152
175
194
208
219
226
229
227
225
218
210
202
194
184
176
169
162
156
151
147
142
135
128
120
109
96
79
60
38
14
-13
-41
-69
-98
-125
-151
-174
-193
-209
-220
-225
-228
-225
-220
-212
-202
-189
-178
-166
-153
-142
-131
-120
-110
-99
-88
-75
-61
-43
-24
-2
22
48
75
102
128
152
174
193
207
217
222
222
216
208
197
181
166
149
134
119
106
96
87
81
77
74
70
68
65
61
56
48
38
28
16
4
-8
-20
-31
-38
-44
-48
-47
-44
-38
-28
-18
-6
7
19
31
40
49
57
64
69
74
80
86
93
102
112
123
136
149
161
172
179
184
183
176
162
143
116
85
46
4
-40
-86
-132
-175
-215
-251
-281
-306
-322
-333
-339
-338
-334
-325
-316
-304
-291
-276
-264
-252
-240
-227
-213
-200
-184
-167
-147
-125
-100
-72
-44
-13
19
50
81
111
135
158
175
188
198
203
203
201
196
188
180
172
165
159
155
151
149
149
149
149
148
145
141
133
122
108
89
67
42
14
-16
-46
-77
-107
-134
-161
-183
-202
-218
-230
-238
-244
-246
-246
-247
-244
-240
-238
-233
-228
-223
-216
-207
-197
-184
-169
-150
-127
-101
-75
-44
-13
20
53
85
116
143
169
189
207
218
225
229
229
223
217
208
197
185
173
161
150
138
127
116
107
97
88
78
67
58
47
34
21
8
-6
-19
-33
-45
-56
-66
-73
-79
-82
-82
-78
-73
-66
-57
-47
-35
-24
-12
0
11
21
30
39
46
54
61
70
79
89
100
113
126
137
150
160
170
174
175
171
162
147
128
102
73
40
4
-33
-70
-104
-137
-167
-192
-211
-227
-238
-242
-243
-241
-237
-231
-224
-216
-209
-203
-199
-195
-190
-187
-183
-177
-170
-160
-148
-132
-116
-94
-72
-48
-22
3
27
49
70
88
103
113
121
126
128
129
129
130
130
131
132
136
142
148
155
164
172
178
183
184
183
177
167
152
133
110
84
55
25
-8
-39
-70
-99
-126
-150
-171
-189
-205
-217
-227
-233
-238
-242
-244
-244
-243
-241
-237
-231
-223
-214
-202
-187
-169
-149
-126
-100
-71
-42
-11
20
51
80
108
133
154
173
187
199
205
209
208
205
198
190
181
170
159
147
137
127
119
112
104
98
93
88
82
77
72
67
60
51
43
35
26
17
7
-1
-9
-14
-18
-21
-20
-18
-14
-7
1
10
19
29
40
49
58
64
69
75
78
79
81
83
85
88
93
99
107
115
125
136
148
156
165
169
170
166
158
145
127
103
75
43
10
-24
-58
-91
-122
-149
-172
-190
-204
-214
-219
-221
-222
-220
-216
-213
-210
-209
-207
-206
-206
-205
-205
-203
-199
-192
-181
-167
-151
-131
-109
-83
-57
-30
-3
23
47
68
87
101
113
122
127
129
130
129
129
128
126
127
129
131
132
136
139
140
141
139
134
125
114
98
79
57
32
6
-22
-49
-77
-103
-126
-149
-167
-183
-193
-203
-208
-211
-212
-211
-210
-207
-203
-199
-193
-188
-182
-174
-165
-155
-142
-128
-111
-94
-73
-51
-30
-7
16
39
60
78
97
111
124
134
141
145
146
146
143
140
135
129
124
117
111
105
99
92
86
80
75
69
63
56
50
43
35
27
18
11
4
-4
-11
-17
-24
-28
-31
-33
-34
-34
-34
-31
-29
-24
-19
-12
-4
2
10
18
28
37
46
55
64
74
80
89
95
103
109
114
120
123
126
129
132
133
135
136
135
135
132
128
122
116
107
96
84
69
52
35
16
-4
-25
-45
-66
-84
-103
-119
-135
-147
-159
-168
-174
-180
-184
-186
-187
-187
-186
-184
-182
-179
-175
-169
-163
-156
-147
-138
-127
-116
-103
-89
-74
-60
-45
-30
-15
0
13
26
38
49
58
66
74
80
85
90
93
96
98
99
101
101
101
101
100
99
98
95
92
88
82
75
68
60
50
37
23
9
-6
-22
-38
-54
-69
-83
-96
-106
-116
-123
-128
-130
-131
-129
-126
-121
-116
-108
-100
-92
-84
-75
-66
-57
-47
-38
-28
-17
-7
4
16
28
39
51
63
74
85
93
102
109
114
116
119
118
118
115
113
109
104
100
96
91
87
82
79
76
74
71
67
64
61
57
53
47
42
36
29
22
16
10
2
-3
-9
-14
-18
-20
-23
-22
-21
-20
-18
-15
-10
-6
-3
2
6
10
15
18
21
24
28
31
35
37
41
43
46
49
51
54
56
58
60
61
60
60
59
57
54
51
47
44
39
36
32
29
24
19
15
11
6
1
-5
-12
-18
-28
-36
-45
-56
-66
-75
-86
-96
-103
-112
-116
-121
-125
-127
-128
-128
-126
-125
-122
-119
-116
-113
-110
-106
-103
-99
-96
-91
-87
-82
-76
-70
-62
-55
-48
-39
-31
-23
-16
-7
-1
5
10
14
18
20
21
22
23
23
23
24
24
24
25
26
25
25
25
23
22
18
15
9
3
-5
-14
-23
-33
-42
-51
-62
-70
-77
-83
-87
-90
-91
-91
-90
-89
-87
-84
-81
-79
-75
-72
-70
-67
-65
-62
-58
-55
-50
-46
-39
-31
-24
-16
-6
3
12
21
29
36
43
47
51
53
55
54
53
52
51
49
48
47
47
47
48
49
51
52
54
55
56
54
54
52
48
45
40
35
30
24
18
14
10
6
3
1
1
1
2
4
5
7
10
13
15
17
19
21
23
25
27
29
32
36
40
44
49
54
59
64
69
73
79
81
83
84
85
84
83
80
77
74
70
66
63
59
55
53
50
47
45
42
40
36
34
31
28
24
22
19
16
13
12
9
7
6
4
2
1
-1
-2
-4
-6
-9
-11
-15
-17
-20
-24
-27
-30
-32
-34
-36
-36
-34
-34
-32
-29
-27
-24
-22
-18
-17
-14
-13
-11
-11
-11
-10
-11
-10
-11
-11
-11
-10
-10
-10
-9
-8
-8
-8
-8
-8
-9
-10
-11
-13
-14
-16
-17
-19
-19
-21
-20
-21
-20
-20
-20
-20
-19
-20
-20
-21
-22
-25
-27
-29
-30
-33
-35
-36
-37
-37
-37
-36
-35
-34
-33
-30
-30
-28
-27
-27
-26
-26
-26
-27
-29
-28
-29
-29
-29
-28
-27
-25
-23
-21
-17
-15
-12
-9
-8
-7
-6
-5
-5
-5
-6
-8
-7
-10
-8
-9
-8
-6
-5
-3
-2
0
3
4
5
6
6
6
6
5
5
3
2
0
0
-1
-1
0
1
2
4
6
8
9
11
11
13
13
13
13
11
10
9
7
5
5
2
3
2
1
1
2
1
2
1
2
1
1
1
0
-1
-2
-2
-4
-4
-5
-4
-4
-4
-3
-1
0
2
2
4
5
6
7
8
9
9
9
9
8
8
8
7
7
8
8
9
9
9
9
9
11
11
11
11
11
12
10
10
9
9
8
8
7
7
6
5
5
4
3
2
0
0
-1
-3
-5
-6
-7
-9
-10
-12
-13
-13
-15
-17
-16
-17
-17
-18
-19
-19
-19
-19
-19
-20
-20
-19
-19
-18
-17
-17
-17
-14
-14
-12
-9
-8
-5
-4
-1
2
5
5
8
10
11
13
14
17
16
18
19
20
21
22
22
23
24
25
24
24
23
23
22
21
21
19
18
15
14
12
11
9
8
6
3
4
3
1
0
0
0
-1
-2
-2
-2
-2
-2
-2
-2
-1
1
1
2
3
4
5
6
7
9
11
13
14
15
15
17
18
20
21
21
22
24
24
25
25
25
26
26
26
25
26
25
25
23
23
21
21
20
18
18
17
17
16
15
15
14
13
13
13
11
11
9
9
6
5
4
2
1
0
-2
-3
-5
-5
-5
-6
-7
-7
-7
-7
-8
-8
-8
-9
-9
-9
-10
-10
-10
-10
-9
-8
-8
-7
-6
-5
-5
-4
-3
-1
0
1
1
1
3
2
3
3
2
2
1
2
1
0
0
-1
-2
-3
-4
-5
-7
-9
-10
-12
-13
-14
-16
-17
-18
-18
-20
-20
-21
-23
-24
-24
-25
-25
-26
-26
-29
-29
-29
-29
-30
-30
-30
-30
-29
-28
-28
-27
-25
-23
-22
-19
-17
-16
-14
-11
-10
0
0
0
0
0
0
0
0
0
0
0
0
0
0
0
0
0
0
0
0
0
0
0
0
0
0
0
0
0
0
0
0
0
0
0
0
0
0
0
0
0
0
0
0
0
0
0
0
0
0
0
0
0
0
0
0
0
0
0
0
0
0
0
0
0
0
0
0
0
0
0
0
0
0
0
0
0
0
0
0
0
0
0
0
0
0
0
0
0
0
0
0
0
0
0
0
0
0
0
0
0
0
0
0
0
0
0
0
0
0
0
0
0
0
0
0
0
0
0
0
0
0
0
0
0
0
0
0
0
0
0
0
0
0
0
0
0
0
0
0
0
0
0
0
0
0
0
0
0
0
0
0
0
0
0
0
0
0
0
0
0
0
0
0
0
0
0
0
0
0
0
0
0
0
0
0
0
0
0
0
0
0
0
0
0
0
0
0
0
0
0
0
0
0
0
0
0
0
