0
0
0
0
0
0
0
0
0
0
0
0
0
0
0
0
0
0
0
0
0
0
0
0
0
0
0
0
0
0
0
0
0
0
0
0
0
0
0
0
0
0
0
0
0
0
0
0
0
0
0
0
0
0
0
0
0
0
0
0
0
0
0
0
0
0
0
0
0
0
0
0
0
0
0
0
0
0
0
0
0
0
0
0
0
0
0
0
0
0
0
0
0
0
0
0
0
0
0
0
0
0
0
0
0
0
0
0
0
0
0
0
0
0
0
0
0
0
0
0
0
0
0
0
0
0
0
0
0
0
0
0
0
0
0
0
0
0
0
0
0
0
0
0
0
0
0
0
0
0
0
0
0
0
0
0
0
0
0
0
0
0
0
0
0
0
0
0
0
0
0
0
0
0
0
0
0
0
0
0
0
0
0
0
0
0
0
0
0
0
0
0
0
0
0
0
0
0
15
37
54
64
66
56
38
17
-1
-11
-11
-7
1
11
17
18
5
-18
-48
-76
-99
-112
-114
-102
-81
-54
-22
4
22
31
33
31
28
25
22
20
24
30
35
35
32
29
25
18
10
-1
-9
-15
-21
-29
-39
-47
-49
-50
-51
-53
-49
-45
-39
-37
-38
-38
-32
-23
-17
-13
-6
5
17
24
22
18
22
27
32
32
33
40
52
59
57
53
52
51
47
37
26
18
17
12
6
0
-2
1
4
4
3
4
7
6
0
-8
-17
-21
-22
-22
-17
-6
6
17
25
28
28
21
12
3
-2
-2
5
15
28
42
53
57
53
41
25
5
-12
-29
-42
-48
-46
-42
-38
-34
-34
-38
-47
-61
-73
-81
-85
-81
-75
-65
-51
-39
-32
-31
-37
-46
-56
-64
-69
-65
-52
-30
-5
19
40
53
57
50
33
10
-11
-29
-39
-39
-28
-11
11
29
39
41
33
12
-13
-41
-63
-75
-74
-60
-34
-3
31
64
86
98
100
94
82
69
62
64
75
94
122
152
184
213
237
253
265
272
274
275
276
278
286
298
312
331
352
370
388
393
384
359
316
253
172
76
-24
-120
-211
-290
-356
-408
-445
-476
-504
-537
-570
-608
-647
-684
-708
-712
-697
-658
-602
-527
-437
-340
-246
-156
-74
-4
59
117
175
236
300
365
428
489
543
583
606
602
572
517
444
355
260
162
70
-13
-82
-140
-186
-228
-271
-318
-369
-423
-478
-530
-573
-601
-612
-599
-561
-504
-434
-359
-284
-211
-145
-87
-39
0
35
70
106
148
193
239
282
318
344
358
354
336
304
263
219
177
144
123
114
115
130
154
181
208
231
249
269
291
322
359
404
454
513
584
671
768
862
947
1018
1077
1114
1121
1091
1019
899
730
533
333
146
-35
-210
-365
-486
-576
-649
-719
-792
-878
-989
-1116
-1231
-1313
-1368
-1401
-1405
-1362
-1267
-1132
-976
-807
-645
-502
-385
-283
-177
-71
22
105
189
293
413
543
669
778
860
905
918
906
878
821
735
628
521
434
361
290
217
133
35
-85
-220
-358
-500
-660
-826
-971
-1070
-1123
-1139
-1119
-1064
-992
-911
-825
-730
-642
-578
-541
-511
-468
-416
-355
-280
-187
-87
8
108
208
295
347
365
361
340
303
259
216
174
131
90
58
37
17
-13
-51
-92
-134
-181
-225
-253
-261
-251
-221
-171
-90
14
132
257
383
507
615
704
786
876
980
1083
1179
1279
1388
1490
1559
1587
1562
1470
1296
1051
782
514
240
-46
-308
-516
-664
-779
-872
-943
-1013
-1113
-1248
-1380
-1490
-1589
-1692
-1783
-1819
-1783
-1684
-1534
-1341
-1116
-888
-670
-460
-252
-60
89
193
275
367
477
598
723
855
985
1099
1196
1277
1332
1338
1278
1166
1032
893
747
591
438
291
142
-6
-134
-245
-361
-501
-655
-792
-905
-1001
-1079
-1123
-1135
-1131
-1106
-1038
-933
-819
-720
-630
-535
-443
-364
-292
-218
-144
-82
-22
56
152
243
317
380
435
474
485
476
452
408
339
258
179
105
34
-34
-89
-130
-166
-199
-216
-215
-201
-180
-156
-117
-59
19
115
232
361
487
602
718
851
1001
1135
1242
1329
1412
1487
1536
1556
1537
1459
1302
1087
862
640
400
124
-158
-400
-595
-758
-891
-996
-1093
-1217
-1360
-1483
-1564
-1637
-1732
-1832
-1889
-1882
-1832
-1737
-1590
-1403
-1206
-1014
-803
-561
-319
-120
30
160
290
416
530
641
756
866
965
1058
1159
1250
1301
1297
1251
1184
1101
987
844
689
534
381
236
103
-22
-156
-304
-456
-593
-718
-842
-967
-1082
-1166
-1213
-1221
-1192
-1135
-1061
-975
-870
-747
-624
-515
-428
-355
-289
-223
-155
-88
-20
48
122
212
313
409
483
538
575
595
590
557
494
408
304
197
103
21
-52
-115
-168
-200
-211
-197
-169
-145
-123
-95
-48
17
96
185
288
393
498
616
767
940
1101
1234
1352
1468
1574
1641
1667
1652
1573
1415
1202
983
770
533
260
-10
-234
-414
-571
-709
-821
-922
-1045
-1187
-1313
-1409
-1505
-1625
-1742
-1811
-1823
-1795
-1733
-1624
-1464
-1274
-1073
-859
-627
-394
-192
-27
117
257
387
490
577
672
781
893
991
1087
1187
1270
1313
1313
1294
1259
1182
1058
913
772
631
477
324
191
68
-69
-216
-346
-453
-566
-701
-836
-945
-1033
-1102
-1142
-1136
-1103
-1062
-998
-892
-759
-633
-528
-433
-339
-258
-192
-128
-64
-11
30
84
169
266
349
423
498
567
616
643
648
623
558
468
373
280
181
76
-16
-88
-138
-166
-165
-139
-107
-74
-28
37
111
181
259
343
425
502
590
705
837
968
1091
1217
1348
1466
1557
1616
1637
1593
1474
1294
1082
851
592
306
20
-235
-453
-632
-778
-887
-972
-1057
-1149
-1238
-1311
-1388
-1483
-1588
-1676
-1729
-1749
-1740
-1688
-1579
-1421
-1235
-1027
-795
-545
-303
-89
100
272
415
516
589
659
735
806
863
920
989
1062
1123
1168
1198
1202
1166
1091
990
876
736
566
379
200
29
-137
-297
-439
-561
-670
-774
-862
-931
-990
-1044
-1086
-1103
-1100
-1084
-1055
-1000
-920
-829
-734
-630
-517
-408
-309
-215
-122
-41
25
84
144
202
250
292
334
378
415
441
460
466
455
425
385
334
267
184
101
24
-47
-110
-159
-187
-197
-188
-158
-105
-37
40
128
229
337
441
536
624
712
805
901
995
1086
1176
1262
1341
1404
1444
1447
1391
1273
1109
912
690
434
157
-118
-370
-591
-779
-924
-1029
-1111
-1184
-1246
-1286
-1311
-1343
-1388
-1434
-1470
-1497
-1510
-1497
-1441
-1349
-1233
-1091
-913
-701
-473
-241
-18
193
374
523
644
746
826
879
906
917
926
942
961
979
992
997
990
971
941
896
822
717
582
430
268
99
-76
-255
-427
-586
-723
-836
-920
-981
-1025
-1046
-1039
-1008
-964
-908
-845
-780
-710
-640
-570
-502
-437
-375
-312
-244
-170
-93
-14
68
152
231
308
378
439
489
523
539
540
523
493
450
393
329
259
190
125
68
24
-11
-38
-50
-48
-33
-6
31
77
133
196
268
352
440
527
612
703
807
915
1020
1119
1215
1303
1370
1415
1435
1414
1335
1201
1030
835
611
361
105
-145
-374
-581
-753
-880
-977
-1058
-1127
-1177
-1209
-1237
-1263
-1292
-1322
-1352
-1377
-1383
-1360
-1307
-1228
-1124
-993
-833
-642
-429
-209
4
200
376
526
652
755
835
882
897
893
889
892
891
886
878
870
854
832
810
782
731
646
538
422
296
150
-7
-169
-335
-501
-655
-784
-886
-971
-1038
-1078
-1081
-1056
-1008
-942
-861
-776
-693
-610
-524
-443
-380
-330
-284
-239
-195
-149
-93
-31
32
101
181
265
348
426
488
535
560
564
549
513
456
379
292
200
113
34
-32
-83
-120
-141
-136
-108
-63
-11
50
120
195
269
343
415
479
535
589
655
731
811
894
986
1081
1171
1249
1309
1335
1311
1230
1100
929
720
476
210
-62
-325
-567
-775
-936
-1056
-1145
-1207
-1244
-1254
-1252
-1247
-1246
-1255
-1273
-1297
-1318
-1326
-1321
-1295
-1247
-1170
-1059
-909
-726
-518
-300
-85
123
318
491
638
752
828
864
872
862
843
819
787
753
725
705
695
692
687
673
640
587
514
424
310
166
1
-179
-364
-540
-705
-848
-966
-1055
-1110
-1126
-1103
-1047
-968
-875
-775
-672
-572
-482
-407
-350
-311
-284
-265
-245
-218
-181
-133
-71
4
93
193
300
400
486
555
600
620
616
584
527
447
351
246
148
59
-16
-76
-116
-134
-126
-92
-42
21
88
158
230
300
369
429
480
519
557
602
659
728
805
893
987
1086
1184
1270
1331
1350
1317
1229
1092
914
695
447
176
-100
-364
-599
-793
-944
-1054
-1128
-1174
-1190
-1179
-1152
-1124
-1104
-1096
-1106
-1123
-1141
-1156
-1160
-1153
-1128
-1075
-986
-855
-688
-496
-290
-79
134
337
523
681
804
885
927
935
920
889
842
787
731
683
649
627
618
614
608
595
568
525
463
372
250
101
-68
-248
-432
-606
-766
-903
-1008
-1075
-1097
-1078
-1020
-933
-826
-706
-584
-465
-358
-271
-207
-167
-145
-137
-133
-127
-116
-91
-52
8
88
185
294
404
504
591
656
693
700
672
610
519
406
281
156
38
-64
-146
-202
-226
-217
-177
-113
-35
54
147
239
323
394
451
492
519
540
565
597
643
704
779
871
976
1085
1187
1267
1309
1304
1246
1136
977
773
528
256
-26
-298
-549
-765
-937
-1069
-1159
-1211
-1227
-1212
-1178
-1135
-1102
-1078
-1069
-1070
-1080
-1096
-1113
-1127
-1128
-1104
-1049
-955
-824
-665
-481
-278
-67
148
352
537
690
803
877
915
918
890
839
771
696
622
558
509
474
451
437
426
414
392
356
296
211
98
-37
-193
-361
-532
-699
-851
-979
-1073
-1127
-1139
-1111
-1046
-950
-832
-699
-561
-431
-315
-222
-155
-110
-88
-82
-86
-94
-99
-92
-70
-26
36
118
211
309
406
491
561
604
616
595
540
455
349
230
108
-11
-114
-194
-243
-258
-238
-187
-110
-16
90
198
303
397
473
532
575
603
627
647
673
709
754
813
883
962
1038
1102
1142
1150
1118
1044
925
763
564
334
86
-165
-408
-629
-821
-979
-1099
-1181
-1224
-1232
-1214
-1177
-1131
-1086
-1045
-1012
-988
-971
-965
-960
-952
-935
-899
-839
-752
-638
-500
-340
-161
28
221
407
576
720
834
914
960
974
957
913
850
775
696
620
551
494
448
408
377
347
311
267
210
134
39
-77
-207
-347
-489
-627
-753
-858
-934
-976
-982
-950
-887
-795
-685
-561
-433
-312
-204
-114
-45
2
29
42
45
44
44
54
76
112
163
229
301
377
450
513
560
583
579
550
494
416
321
217
112
14
-68
-129
-164
-170
-149
-103
-36
48
139
236
330
418
494
561
617
665
710
754
797
845
896
951
1006
1055
1093
1109
1100
1061
986
878
735
563
366
153
-65
-280
-483
-666
-825
-954
-1054
-1122
-1160
-1173
-1166
-1143
-1114
-1080
-1046
-1013
-984
-958
-934
-908
-875
-833
-773
-696
-599
-484
-350
-200
-41
124
289
444
585
703
796
862
898
907
889
848
793
729
660
591
526
464
410
361
312
263
207
144
68
-21
-120
-231
-349
-468
-583
-688
-779
-848
-890
-904
-893
-855
-794
-715
-623
-525
-428
-337
-255
-186
-130
-87
-54
-30
-10
11
34
64
103
151
204
262
322
376
421
453
467
462
435
387
322
244
158
68
-16
-90
-149
-189
-209
-206
-182
-142
-84
-18
57
135
212
286
357
424
489
553
615
679
743
808
872
931
980
1015
1028
1014
971
896
790
653
490
307
109
-94
-295
-484
-657
-809
-935
-1035
-1106
-1150
-1171
-1172
-1159
-1137
-1109
-1078
-1047
-1018
-989
-959
-928
-890
-842
-783
-706
-611
-500
-374
-233
-82
75
232
383
523
645
744
819
869
893
893
870
831
779
719
655
591
527
466
405
346
285
222
151
74
-11
-105
-205
-308
-413
-516
-609
-691
-758
-804
-829
-830
-811
-771
-711
-639
-557
-471
-383
-302
-226
-158
-98
-46
-2
37
72
107
143
182
226
270
316
362
403
437
462
474
471
450
412
358
293
219
141
63
-10
-71
-120
-151
-163
-157
-134
-93
-41
21
90
162
236
307
378
447
515
585
652
721
790
855
917
969
1008
1028
1023
993
933
841
723
576
408
225
32
-162
-350
-525
-681
-815
-925
-1010
-1068
-1103
-1117
-1112
-1099
-1075
-1049
-1019
-989
-959
-929
-898
-862
-821
-769
-703
-621
-526
-414
-289
-151
-4
147
297
441
571
685
778
848
895
917
916
894
856
803
740
675
604
532
460
389
318
246
174
97
17
-65
-153
-242
-332
-419
-501
-575
-640
-689
-723
-738
-736
-716
-680
-630
-566
-494
-417
-338
-259
-184
-115
-49
9
60
105
147
184
221
257
292
323
353
378
399
412
416
408
388
355
310
255
192
126
57
-9
-70
-121
-159
-182
-189
-180
-158
-122
-76
-19
45
112
183
256
329
402
478
557
635
714
789
860
921
973
1009
1021
1010
971
904
810
688
544
383
206
23
-159
-334
-498
-646
-774
-879
-962
-1022
-1060
-1080
-1085
-1077
-1065
-1047
-1024
-1003
-980
-955
-928
-895
-856
-803
-738
-658
-563
-454
-331
-197
-55
90
237
374
499
608
699
769
816
839
839
819
780
727
664
593
516
438
359
280
202
126
51
-22
-98
-173
-249
-324
-396
-467
-534
-593
-644
-682
-709
-721
-717
-700
-668
-623
-567
-499
-426
-348
-271
-194
-119
-48
17
77
131
177
220
255
286
313
333
346
352
353
345
330
306
275
235
192
145
94
45
-2
-45
-82
-114
-136
-147
-148
-137
-117
-87
-46
4
63
131
204
283
365
451
542
633
722
809
889
960
1019
1062
1087
1087
1059
1006
924
817
686
535
368
191
11
-168
-339
-495
-636
-755
-855
-932
-986
-1020
-1037
-1039
-1032
-1016
-997
-974
-949
-920
-891
-860
-823
-777
-722
-655
-572
-477
-368
-246
-115
24
165
306
440
562
669
758
826
873
895
898
876
837
784
720
647
568
485
402
318
237
158
82
6
-69
-141
-213
-283
-349
-413
-472
-525
-570
-603
-625
-634
-629
-610
-581
-539
-486
-425
-355
-283
-210
-135
-62
7
73
134
190
241
285
322
355
381
401
411
414
408
393
368
337
296
247
192
133
75
16
-37
-87
-129
-162
-184
-193
-193
-178
-155
-123
-80
-30
28
91
159
231
308
389
475
563
653
744
832
911
985
1045
1088
1107
1099
1064
998
904
782
636
471
290
101
-87
-269
-438
-592
-725
-835
-921
-982
-1022
-1041
-1044
-1036
-1021
-1000
-977
-952
-928
-905
-883
-857
-825
-785
-734
-669
-591
-497
-389
-269
-136
3
145
283
414
532
634
717
780
820
836
829
803
760
702
634
560
479
397
314
234
157
83
10
-60
-129
-194
-257
-317
-374
-428
-477
-519
-555
-579
-596
-600
-593
-577
-547
-507
-457
-399
-334
-266
-193
-120
-50
20
85
145
197
243
282
313
338
354
362
361
351
335
310
276
238
191
139
83
26
-29
-83
-134
-176
-211
-236
-248
-248
-238
-215
-184
-142
-91
-35
29
98
171
245
323
404
488
574
660
744
824
897
963
1014
1047
1059
1046
1005
935
839
716
569
402
222
35
-153
-333
-502
-655
-787
-896
-982
-1040
-1076
-1092
-1093
-1080
-1057
-1030
-999
-967
-936
-908
-880
-849
-816
-774
-721
-659
-582
-493
-388
-269
-139
-2
139
279
412
533
640
729
797
842
862
860
836
796
740
672
595
512
426
340
256
176
98
24
-47
-113
-177
-237
-293
-344
-393
-438
-477
-509
-535
-552
-559
-557
-546
-524
-491
-450
-398
-340
-277
-209
-140
-67
3
72
136
196
248
294
331
360
379
388
384
372
349
319
278
232
179
121
61
2
-54
-107
-153
-191
-220
-239
-246
-240
-224
-198
-164
-120
-70
-12
52
118
190
266
346
430
517
606
696
787
874
956
1029
1091
1135
1159
1159
1133
1077
994
882
747
589
415
231
42
-143
-317
-480
-623
-744
-840
-913
-961
-986
-994
-988
-970
-947
-919
-889
-860
-832
-808
-782
-754
-720
-678
-625
-560
-481
-387
-280
-160
-28
106
243
377
500
611
707
784
838
870
879
865
834
787
726
654
574
489
402
316
230
147
68
-8
-81
-149
-214
-275
-330
-384
-431
-475
-511
-542
-563
-576
-580
-575
-559
-533
-498
-453
-402
-342
-280
-214
-146
-79
-11
53
110
163
210
250
280
301
313
314
303
284
253
215
168
113
54
-10
-75
-135
-192
-241
-282
-312
-330
-336
-328
-310
-280
-243
-196
-144
-87
-24
41
110
182
256
335
417
502
591
680
768
855
933
1003
1058
1095
1109
1095
1053
982
883
756
605
432
245
50
-146
-337
-514
-675
-816
-933
-1023
-1088
-1130
-1147
-1149
-1136
-1114
-1084
-1052
-1019
-985
-953
-922
-888
-850
-807
-753
-688
-611
-520
-415
-298
-170
-31
108
249
383
508
619
712
786
838
866
872
857
825
775
714
643
567
486
402
320
242
165
92
22
-44
-108
-169
-226
-282
-335
-384
-429
-470
-502
-527
-542
-548
-545
-530
-503
-466
-421
-369
-309
-246
-179
-112
-43
22
84
141
193
238
276
308
329
343
347
340
325
299
263
221
171
116
56
-5
-65
-119
-168
-210
-242
-262
-273
-270
-256
-231
-196
-153
-101
-44
21
91
166
243
325
410
498
589
682
776
865
951
1029
1096
1150
1185
1200
1187
1149
1084
989
868
724
557
376
183
-14
-207
-392
-564
-717
-850
-958
-1040
-1099
-1132
-1147
-1145
-1129
-1104
-1071
-1037
-998
-960
-922
-883
-841
-795
-741
-677
-603
-516
-416
-304
-180
-48
91
231
368
497
615
719
804
868
911
930
927
905
865
810
743
668
586
502
417
332
251
171
93
18
-54
-126
-195
-262
-326
-387
-442
-493
-536
-570
-592
-606
-607
-597
-574
-543
-499
-451
-395
-335
-274
-211
-148
-86
-27
28
79
128
171
210
243
269
289
300
302
295
280
251
214
166
111
51
-15
-80
-144
-204
-257
-299
-329
-345
-345
-332
-301
-260
-204
-140
-68
11
94
180
265
353
438
524
610
693
775
854
929
999
1062
1113
1149
1171
1169
1145
1093
1016
912
782
630
457
269
74
-125
-319
-504
-674
-825
-953
-1055
-1131
-1182
-1210
-1215
-1203
-1177
-1141
-1098
-1053
-1003
-956
-908
-860
-810
-757
-697
-631
-552
-464
-364
-253
-130
1
136
275
407
535
651
752
834
896
935
954
949
926
885
829
763
688
607
523
436
351
265
182
100
20
-57
-132
-205
-275
-342
-403
-461
-511
-553
-585
-607
-618
-616
-605
-583
-550
-509
-461
-408
-351
-291
-232
-172
-113
-56
-1
50
98
144
185
220
249
268
280
281
269
246
211
165
107
43
-27
-98
-167
-230
-284
-326
-354
-367
-364
-346
-313
-267
-212
-146
-75
-2
75
153
230
306
380
454
528
602
676
751
829
905
979
1050
1112
1162
1197
1212
1203
1168
1104
1010
888
739
569
379
177
-29
-234
-431
-614
-777
-916
-1028
-1113
-1170
-1200
-1208
-1196
-1171
-1133
-1089
-1043
-995
-951
-909
-867
-827
-783
-736
-682
-617
-540
-449
-345
-224
-94
47
193
340
483
616
736
837
915
970
1000
1007
991
956
904
839
767
689
609
530
452
376
304
232
162
92
20
-52
-127
-205
-283
-360
-436
-507
-574
-629
-673
-705
-722
-723
-709
-679
-636
-582
-519
-450
-376
-302
-231
-161
-99
-40
11
55
95
129
157
182
200
216
227
231
229
221
203
179
144
100
52
-2
-59
-116
-169
-214
-251
-276
-284
-276
-253
-214
-160
-93
-16
67
157
247
335
422
504
581
651
718
780
837
891
942
990
1034
1071
1101
1121
1128
1116
1086
1031
951
847
716
564
389
199
0
-205
-408
-601
-777
-935
-1067
-1171
-1246
-1293
-1312
-1307
-1282
-1238
-1185
-1123
-1056
-990
-924
-861
-803
-743
-684
-624
-558
-484
-403
-309
-204
-89
37
171
308
447
582
708
820
916
991
1042
1070
1074
1056
1018
961
891
810
724
635
544
455
368
284
202
123
42
-39
-121
-204
-291
-377
-462
-546
-626
-699
-762
-814
-853
-875
-881
-869
-840
-796
-739
-671
-593
-511
-428
-345
-265
-191
-123
-63
-9
37
76
108
136
159
178
194
203
208
205
196
179
153
118
77
28
-25
-81
-135
-186
-229
-261
-280
-283
-271
-243
-198
-139
-70
12
99
192
284
375
461
542
615
680
736
786
828
865
896
923
947
966
980
986
983
967
936
888
820
730
617
482
329
159
-22
-212
-404
-591
-767
-928
-1068
-1183
-1270
-1329
-1359
-1362
-1343
-1301
-1245
-1177
-1099
-1020
-939
-861
-786
-714
-645
-578
-510
-436
-357
-270
-172
-63
55
184
318
456
593
725
846
954
1043
1110
1155
1173
1170
1143
1096
1031
954
866
773
676
580
483
391
301
214
129
43
-42
-129
-220
-311
-406
-499
-591
-678
-758
-826
-881
-920
-941
-942
-923
-887
-832
-764
-682
-592
-497
-402
-307
-218
-136
-62
2
56
104
143
174
202
225
246
262
278
288
295
295
289
275
252
221
179
131
77
20
-36
-91
-138
-175
-199
-208
-199
-173
-128
-70
1
84
173
265
358
445
527
599
663
715
757
791
816
835
850
861
871
878
883
886
881
870
847
809
756
682
588
474
340
188
21
-155
-337
-518
-694
-856
-1001
-1123
-1221
-1289
-1330
-1345
-1332
-1295
-1240
-1169
-1090
-1003
-916
-828
-742
-662
-586
-513
-442
-370
-296
-217
-132
-37
65
175
293
417
541
663
778
884
974
1046
1099
1128
1132
1113
1073
1012
936
844
744
638
532
428
327
234
147
66
-9
-81
-150
-219
-290
-365
-443
-524
-607
-689
-769
-842
-905
-953
-984
-998
-988
-958
-908
-837
-752
-654
-549
-440
-332
-230
-138
-56
13
67
110
140
161
175
183
190
195
204
212
222
234
244
251
254
248
233
209
176
133
83
29
-27
-81
-127
-165
-187
-196
-186
-159
-116
-56
16
98
186
273
360
441
512
571
619
654
674
686
688
685
676
667
660
653
649
646
642
635
622
600
566
518
451
365
261
138
1
-148
-306
-464
-618
-764
-897
-1010
-1101
-1167
-1206
-1218
-1205
-1170
-1116
-1044
-962
-870
-776
-681
-588
-504
-423
-349
-279
-215
-154
-90
-24
46
120
205
295
392
492
594
694
787
871
941
995
1026
1038
1026
990
935
860
769
667
560
448
338
234
137
50
-27
-92
-151
-202
-248
-295
-341
-393
-448
-510
-577
-648
-719
-788
-850
-903
-940
-959
-958
-935
-891
-826
-741
-644
-536
-421
-307
-196
-94
-4
71
132
178
209
227
236
238
236
236
234
236
242
253
265
279
291
299
300
293
275
246
204
152
94
30
-35
-96
-151
-193
-219
-229
-220
-188
-140
-76
2
89
181
269
352
427
489
536
567
584
588
583
570
555
539
528
523
525
535
552
571
592
608
616
612
590
547
482
396
286
158
15
-139
-297
-453
-600
-734
-846
-935
-997
-1031
-1038
-1019
-977
-917
-842
-759
-673
-585
-504
-427
-362
-303
-255
-214
-177
-142
-107
-67
-20
36
102
180
266
359
457
555
651
739
813
872
911
929
923
894
843
771
685
584
476
365
257
154
62
-18
-85
-139
-179
-207
-229
-246
-261
-279
-303
-333
-374
-423
-479
-541
-605
-667
-723
-767
-799
-811
-802
-773
-722
-652
-565
-464
-355
-246
-137
-35
56
132
193
235
261
270
268
256
236
214
192
174
162
156
157
163
174
188
199
207
209
200
181
152
111
60
3
-60
-120
-177
-227
-264
-286
-290
-274
-240
-187
-117
-36
53
146
237
323
398
458
504
532
544
540
525
500
471
442
417
401
394
398
416
442
475
511
546
573
586
580
553
501
423
319
194
47
-111
-277
-443
-602
-747
-870
-970
-1040
-1082
-1092
-1075
-1032
-970
-894
-807
-718
-629
-546
-474
-413
-362
-324
-293
-269
-248
-226
-199
-164
-118
-59
13
96
191
293
399
505
604
694
769
825
860
869
857
821
762
686
597
496
392
288
188
98
20
-46
-95
-133
-156
-172
-181
-186
-193
-205
-224
-254
-293
-344
-403
-468
-535
-601
-660
-708
-741
-757
-749
-723
-675
-605
-520
-421
-315
-207
-100
-1
85
158
213
251
271
275
266
249
223
196
170
148
131
122
120
126
136
151
165
176
183
183
173
153
124
85
39
-11
-62
-111
-153
-188
-210
-216
-205
-180
-136
-79
-9
69
153
237
318
391
452
501
534
549
550
536
511
476
438
401
367
340
324
320
327
346
377
412
449
485
512
527
525
502
455
384
290
175
43
-104
-254
-406
-552
-684
-797
-886
-949
-985
-993
-972
-930
-868
-792
-709
-621
-537
-457
-388
-329
-283
-246
-220
-200
-182
-165
-141
-112
-72
-20
45
122
209
305
404
503
597
682
754
808
843
855
843
811
757
686
600
504
401
298
198
104
21
-49
-106
-148
-179
-196
-205
-210
-212
-215
-223
-236
-260
-291
-331
-378
-430
-484
-535
-581
-617
-641
-649
-639
-610
-563
-500
-422
-333
-238
-140
-45
45
123
189
239
274
293
297
287
269
243
213
183
154
130
112
101
98
100
107
116
125
134
136
135
125
108
82
48
10
-34
-77
-119
-156
-186
-205
-213
-207
-188
-154
-108
-53
10
77
146
211
271
321
360
384
395
391
374
346
311
269
228
189
156
133
120
121
135
160
195
239
284
331
371
400
416
415
393
351
288
208
110
-1
-119
-241
-360
-472
-570
-654
-717
-761
-781
-781
-761
-724
-674
-615
-551
-487
-423
-366
-316
-275
-243
-219
-202
-190
-178
-166
-150
-128
-97
-57
-5
54
122
197
274
350
423
490
546
588
614
623
616
589
550
497
433
362
288
213
143
77
21
-25
-61
-86
-102
-108
-108
-103
-99
-94
-93
-97
-109
-128
-155
-188
-227
-270
-315
-356
-393
-423
-442
-451
-445
-426
-393
-348
-294
-231
-163
-94
-26
37
91
135
169
190
199
198
185
165
140
114
88
65
44
31
25
26
32
44
60
74
89
100
106
106
97
81
58
29
-4
-40
-75
-108
-135
-155
-166
-164
-154
-132
-102
-63
-18
31
80
128
171
207
238
258
267
268
261
246
225
201
176
152
132
118
110
110
119
137
161
193
227
264
301
334
360
378
386
380
359
325
275
214
140
58
-30
-122
-213
-299
-379
-450
-507
-552
-581
-595
-596
-585
-561
-531
-494
-456
-416
-378
-343
-313
-288
-267
-251
-235
-221
-206
-188
-165
-135
-96
-50
4
65
130
200
269
338
400
457
502
537
558
566
560
542
512
473
426
374
321
267
217
171
132
100
75
58
46
41
39
38
37
35
29
19
2
-20
-50
-84
-122
-162
-202
-241
-276
-306
-325
-339
-340
-332
-313
-284
-248
-204
-157
-108
-59
-13
27
61
87
104
112
111
105
92
76
58
39
24
12
5
2
6
14
25
41
57
71
84
92
94
89
78
62
39
12
-17
-46
-73
-95
-112
-121
-121
-112
-95
-70
-39
-2
35
74
111
142
167
186
196
198
192
180
162
139
115
91
68
51
35
26
23
27
35
50
69
91
115
140
165
188
206
223
234
239
238
230
217
197
170
138
101
59
14
-33
-81
-131
-179
-225
-268
-308
-342
-372
-396
-414
-426
-431
-432
-428
-419
-406
-389
-370
-349
-325
-301
-275
-246
-216
-184
-150
-115
-78
-39
1
42
83
125
166
204
241
274
302
325
344
358
364
366
361
351
337
321
300
276
252
226
201
176
152
129
109
90
72
55
39
23
9
-7
-23
-41
-61
-81
-103
-127
-152
-177
-204
-227
-249
-270
-287
-299
-308
-311
-309
-302
-293
-277
-257
-238
-216
-193
-172
-151
-132
-116
-103
-91
-82
-76
-71
-66
-63
-60
-54
-48
-41
-30
-20
-8
4
17
28
39
47
53
58
59
57
53
48
40
32
24
16
11
8
8
9
14
23
33
45
58
72
84
95
104
109
111
109
102
92
79
65
48
32
16
2
-9
-17
-21
-20
-16
-6
8
24
45
66
90
114
139
163
184
205
224
240
254
265
273
278
278
275
266
252
234
212
184
152
116
76
33
-11
-56
-100
-142
-183
-220
-252
-279
-300
-316
-326
-330
-328
-321
-308
-293
-273
-249
-221
-193
-163
-132
-100
-68
-36
-4
27
55
84
111
137
160
182
203
221
237
250
261
269
273
274
271
265
254
240
222
202
179
157
132
107
83
61
39
20
3
-12
-26
-40
-53
-65
-78
-93
-108
-125
-143
-163
-183
-203
-223
-242
-259
-274
-285
-293
-297
-297
-293
-285
-274
-259
-242
-224
-203
-181
-160
-138
-117
-97
-78
-61
-44
-29
-14
-2
10
22
33
45
57
68
81
92
103
114
125
132
137
139
139
135
129
119
104
87
69
51
30
11
-7
-22
-36
-46
-53
-56
-57
-56
-52
-48
-43
-39
-35
-32
-31
-32
-32
-35
-38
-40
-41
-42
-40
-37
-30
-21
-9
6
22
40
60
80
101
120
140
159
175
191
204
217
226
234
237
240
241
238
233
224
214
198
182
161
136
110
80
47
13
-23
-58
-94
-130
-162
-191
-217
-240
-256
-269
-275
-277
-273
-266
-254
-240
-222
-202
-182
-161
-140
-120
-102
-83
-66
-51
-36
-22
-9
5
18
29
42
56
68
79
91
102
112
120
127
133
137
138
139
139
138
136
135
133
131
130
129
128
128
127
126
123
118
113
102
92
76
57
36
10
-17
-46
-77
-108
-141
-171
-199
-225
-246
-264
-278
-286
-289
-289
-285
-275
-264
-250
-234
-216
-197
-178
-158
-139
-120
-101
-81
-62
-42
-20
-1
21
41
62
81
101
119
133
146
156
163
167
167
165
160
153
145
135
124
113
102
92
83
76
69
62
57
52
49
45
42
36
32
27
22
15
7
0
-7
-15
-22
-28
-34
-38
-42
-43
-42
-40
-36
-28
-21
-11
-1
10
21
34
46
57
69
78
87
96
103
112
119
126
133
141
150
157
166
176
184
191
197
199
200
197
189
177
160
138
111
81
48
13
-25
-61
-97
-130
-160
-185
-206
-221
-231
-235
-234
-229
-219
-208
-194
-179
-165
-151
-139
-127
-119
-112
-108
-103
-99
-95
-91
-85
-79
-69
-57
-43
-28
-8
10
29
49
67
83
99
111
120
126
131
132
131
129
125
121
117
113
111
109
108
107
106
104
102
98
91
82
70
53
35
13
-12
-35
-65
-92
-119
-145
-169
-190
-208
-221
-231
-236
-238
-235
-229
-221
-210
-196
-181
-165
-149
-132
-116
-99
-83
-66
-50
-35
-21
-6
9
22
35
48
59
71
79
87
94
99
101
103
101
99
96
92
86
79
71
63
56
49
40
34
28
22
15
12
7
3
0
-5
-8
-13
-16
-20
-24
-28
-32
-37
-40
-43
-45
-47
-46
-46
-43
-39
-34
-28
-19
-9
1
13
25
36
49
61
73
82
91
101
106
110
114
114
115
115
113
110
107
104
101
98
95
91
90
87
85
81
79
75
70
63
53
44
32
18
4
-13
-29
-47
-65
-81
-97
-110
-122
-132
-138
-143
-145
-143
-139
-133
-127
-117
-108
-99
-89
-81
-71
-64
-57
-52
-46
-40
-36
-31
-26
-20
-12
-5
5
14
24
35
45
56
65
75
83
88
93
95
94
94
90
85
80
72
65
56
48
40
33
25
18
12
6
0
-6
-12
-18
-25
-32
-39
-46
-55
-63
-70
-77
-84
-91
-95
-100
-102
-102
-101
-99
-94
-89
-83
-75
-66
-57
-47
-37
-28
-18
-10
-2
6
14
20
25
30
34
39
42
45
48
50
53
54
56
56
58
59
59
59
59
57
57
55
53
52
49
46
42
39
35
30
26
22
18
13
10
5
0
-4
-8
-11
-15
-18
-20
-22
-25
-26
-26
-26
-27
-25
-24
-22
-18
-15
-11
-6
-1
4
9
14
20
26
32
37
42
48
51
55
59
62
65
66
66
66
66
64
62
60
56
53
48
45
40
36
32
27
25
21
18
15
13
12
12
10
9
8
8
5
3
-1
-5
-10
-15
-22
-29
-37
-44
-53
-61
-68
-76
-82
-85
-89
-91
-92
-91
-88
-84
-80
-75
-69
-65
-59
-55
-50
-47
-43
-40
-39
-37
-35
-34
-32
-30
-27
-25
-22
-18
-15
-11
-7
-5
-1
2
3
4
5
4
3
-1
-3
-6
-10
-13
-16
-20
-22
-25
-27
-27
-28
-29
-28
-28
-28
-28
-28
-29
-29
-31
-33
-35
-37
-41
-44
-47
-50
-51
-54
-53
-53
-53
-51
-48
-44
-39
-35
-29
-23
-16
-9
-3
3
9
15
20
26
30
34
36
39
43
45
46
47
50
51
51
53
54
54
54
54
54
53
51
50
47
42
39
35
30
25
19
15
10
5
1
-4
-7
-10
-12
-14
-15
-15
-15
-14
-14
-12
-12
-11
-10
-9
-9
-7
-7
-6
-5
-4
-3
0
1
3
7
10
14
18
22
27
31
36
39
43
48
51
53
56
58
59
60
61
60
60
59
57
55
54
49
46
42
37
32
27
21
15
10
4
-1
-6
-9
-14
-17
-19
-22
-23
-23
-22
-21
-21
-19
-17
-15
-12
-10
-8
-5
-1
1
3
6
8
11
14
17
20
21
24
26
28
29
31
32
32
32
32
30
28
27
27
24
22
19
18
17
15
13
11
9
6
4
1
-1
-5
-10
-13
-18
-23
-28
-33
-38
-42
-45
-49
-51
-53
-55
-55
-55
-55
-54
-51
-50
-48
-45
-43
-40
-37
-35
-33
-29
-27
-23
-22
-18
-14
-11
-7
-4
-1
3
6
9
11
13
15
17
17
17
17
16
15
13
11
9
7
5
4
2
1
0
-1
-2
-4
-5
-6
-7
-8
-9
-10
-11
-13
-14
-16
-17
-19
-20
-21
-22
-23
-23
-24
-24
-23
-23
-24
-24
-23
-23
-22
-21
-20
-19
-17
-16
-14
-13
-10
-8
-6
-2
0
2
5
7
10
11
13
14
15
15
15
15
15
14
13
12
11
10
10
10
9
8
8
7
7
7
6
6
5
6
4
3
2
1
0
-1
-3
-4
-5
-6
-7
-8
-8
-9
-10
-9
-10
-10
-9
-8
-8
-7
-7
-6
-5
-4
-3
-3
-1
0
0
1
1
1
3
3
4
5
4
5
6
6
6
6
7
6
7
8
7
8
8
8
8
7
8
8
7
8
7
7
8
7
7
7
6
6
6
6
5
5
4
4
5
4
5
4
5
4
5
4
4
5
5
4
4
5
4
4
3
4
4
4
4
5
4
5
5
4
4
3
3
2
1
0
-1
-1
-3
-4
-5
-5
-6
-6
-7
-7
-8
-6
-7
-6
-6
-5
-4
-3
-3
-2
-1
1
1
2
2
2
4
4
4
3
4
4
4
4
4
4
3
4
4
4
4
4
4
5
5
5
5
5
5
6
6
6
7
7
7
6
6
5
6
6
5
5
4
4
4
3
3
4
3
3
4
3
3
3
4
3
4
5
5
4
5
6
5
6
6
6
7
6
6
7
6
5
6
6
5
5
3
3
3
4
3
3
2
3
2
2
3
2
2
2
2
2
1
2
2
2
3
1
1
1
0
1
2
1
1
0
0
1
0
0
-1
0
-1
-2
-1
-2
-2
-2
-2
-2
-2
-2
-3
-3
-3
-3
-2
-2
-2
-2
-3
-3
-3
-2
-3
-4
-4
-4
-4
-4
-6
-5
-6
-5
-6
-6
-6
-6
-6
-6
-5
-7
-6
-7
-7
-7
-7
-7
-8
-7
-7
-7
-7
-7
-7
-6
-5
-5
-5
-5
-4
-3
-4
-4
-3
-3
-3
-4
-3
-3
-3
-3
-3
-3
-3
-3
-3
-3
-2
-2
-2
-2
-2
-2
-2
-2
-2
-3
-3
-3
-3
-4
-4
-5
-6
-5
-6
-6
-6
-6
-5
-6
-6
-5
-5
-5
-5
-6
-4
-5
-4
-5
-4
-3
-3
-3
-3
-3
-3
-2
-3
-2
-1
-1
0
0
1
1
2
1
2
2
2
2
2
1
2
1
1
1
1
1
1
1
1
1
1
1
0
0
0
0
0
0
-1
-2
-2
-2
-3
-3
-3
-3
-4
-3
-3
-4
-3
-3
-3
-3
-2
-2
-2
-1
-1
0
1
0
1
1
2
2
2
2
3
3
4
4
5
6
5
6
5
6
6
6
6
5
6
5
5
4
4
4
4
3
2
2
2
1
1
1
1
0
0
0
-2
-1
-2
-2
-2
-3
-3
-3
-3
-3
-4
-3
-3
-3
-3
-3
-2
-2
-2
-1
0
0
0
1
1
2
2
3
4
5
5
6
6
6
7
8
8
9
9
9
10
10
10
10
11
11
11
11
11
10
10
9
10
9
8
8
7
7
6
5
5
3
3
3
2
1
0
-1
-1
-1
-1
-2
-3
-4
-4
-5
-4
-5
-5
-5
-6
-6
-6
-5
-5
-5
-6
-5
-4
-5
-5
-4
-4
-3
-3
-2
-2
-1
0
0
0
1
2
3
2
3
3
3
4
4
5
5
4
6
5
6
5
6
5
5
4
5
5
4
4
3
3
1
1
0
-1
-1
-3
-3
-4
-5
-5
-6
-7
-7
-8
-8
-9
-9
-10
-11
-11
-11
-10
-10
-10
-10
-10
-9
-9
-9
-7
-7
-5
-6
-5
-3
-3
-2
-2
0
0
0
2
1
2
3
3
4
4
4
5
4
4
4
4
4
3
2
2
1
0
-1
-1
-3
-3
-4
-5
-6
-7
-9
-10
-11
-11
-12
-13
-15
-14
-15
-16
-16
-16
-17
-16
-16
-15
-15
-15
-13
-13
-12
-11
-9
-9
-8
-6
-4
-3
-2
0
0
2
3
5
6
7
8
8
10
11
12
12
12
13
12
13
13
13
12
13
12
11
11
11
11
9
8
8
6
5
4
4
3
2
2
0
0
0
0
0
0
0
0
0
0
0
0
0
0
0
0
0
0
0
0
0
0
0
0
0
0
0
0
0
0
0
0
0
0
0
0
0
0
0
0
0
0
0
0
0
0
0
0
0
0
0
0
0
0
0
0
0
0
0
0
0
0
0
0
0
0
0
0
0
0
0
0
0
0
0
0
0
0
0
0
0
0
0
0
0
0
0
0
0
0
0
0
0
0
0
0
0
0
0
0
0
0
0
0
0
0
0
0
0
0
0
0
0
0
0
0
0
0
0
0
0
0
0
0
0
0
0
0
0
0
0
0
0
0
0
0
0
0
0
0
0
0
0
0
0
0
0
0
0
0
0
0
0
0
0
0
0
0
0
0
0
0
0
0
0
0
0
0
0
0
0
0
0
0
0
0
0
0
0
0
0
0
0
0
0
0
0
0
0
0
0
0
0
0
0
0
0
0
0
