0
0
0
0
0
0
0
0
0
0
0
0
0
0
0
0
0
0
0
0
0
0
0
0
0
0
0
0
0
0
0
0
0
0
0
0
0
0
0
0
0
0
0
0
0
0
0
0
0
0
0
0
0
0
0
0
0
0
0
0
0
0
0
0
0
0
0
0
0
0
0
0
0
0
0
0
0
0
0
0
0
0
0
0
0
0
0
0
0
0
0
0
0
0
0
0
0
0
0
0
0
0
0
0
0
0
0
0
0
0
0
0
0
0
0
0
0
0
0
0
0
0
0
0
0
0
0
0
0
0
0
0
0
0
0
0
0
0
0
0
0
0
0
0
0
0
0
0
0
0
0
0
0
0
0
0
0
0
0
0
0
0
0
0
0
0
0
0
0
0
0
0
0
0
0
0
0
0
0
0
0
0
0
0
0
0
0
0
0
0
0
0
0
0
0
0
0
0
32
-24
-15
-72
-82
3
10
39
91
17
-41
-36
-86
-70
20
31
48
67
11
-33
-47
-55
-43
-2
61
54
29
31
-50
-91
-49
-44
23
75
40
31
-36
-90
-46
-40
9
74
35
24
7
-62
-47
-21
-26
28
47
16
27
-11
-60
-35
-37
-20
45
33
20
17
-40
-39
-19
-23
12
16
1
15
1
-10
-3
-15
-31
-25
4
12
11
37
13
-33
-12
-9
-26
4
12
-4
17
24
17
7
-27
-36
-36
-22
37
48
27
23
-31
-60
-36
-19
12
26
27
27
-8
0
-9
-55
-16
-6
-1
66
45
14
8
-61
-50
-4
-5
56
66
8
12
-18
-54
-15
-12
-9
39
41
27
27
-17
-58
-55
-35
11
59
76
53
-4
-48
-65
-61
-3
51
63
71
44
-16
-50
-54
-51
-24
40
74
64
56
1
-75
-79
-58
-14
60
86
80
32
-33
-50
-61
-42
27
40
43
70
27
-16
-19
-51
-62
-15
38
62
61
52
-14
-78
-46
-30
-13
77
74
19
37
-13
-62
-26
-21
-2
41
48
58
25
-30
-39
-60
-41
25
49
61
53
1
-29
-45
-42
-10
12
36
60
42
15
3
-34
-54
-28
-2
31
63
60
39
-5
-45
-46
-40
-9
33
52
54
34
3
-24
-55
-45
-16
-11
42
71
30
26
5
-62
-60
-23
-10
27
67
63
31
0
-21
-54
-55
-12
10
39
75
57
17
-20
-61
-74
-50
8
59
74
69
23
-47
-80
-80
-42
26
76
90
57
-4
-58
-83
-60
-8
41
78
72
33
-13
-60
-71
-45
-6
53
88
66
27
-27
-80
-76
-33
17
64
70
36
-3
-44
-60
-42
-15
14
43
48
30
3
-37
-64
-56
-29
11
44
42
12
-26
-51
-48
-29
-2
20
22
16
7
-1
-11
-23
-25
-16
-2
25
39
28
11
-17
-36
-25
-9
10
29
26
15
3
-13
-21
-26
-26
-11
6
20
27
15
-12
-35
-45
-38
-15
11
21
16
3
-13
-29
-35
-28
-16
-2
14
26
22
5
-17
-30
-28
-12
13
28
20
-2
-18
-28
-27
-14
-2
2
-4
-8
-13
-23
-27
-25
-22
-8
10
14
7
-6
-28
-37
-22
-1
19
34
32
17
0
-6
-9
-11
-2
10
18
27
24
3
-20
-40
-49
-37
-18
-3
0
-12
-27
-37
-41
-38
-34
-32
-30
-24
-11
1
2
2
-6
-15
-13
-2
14
27
31
28
22
17
11
6
-1
-9
-17
-20
-16
-12
-7
-2
-7
-21
-35
-47
-52
-37
-9
20
42
35
11
-16
-33
-28
-1
34
59
64
52
29
5
-10
-15
-6
11
26
33
25
5
-19
-34
-35
-24
-10
-2
-4
-10
-17
-16
-12
-13
-20
-27
-28
-20
-5
10
18
14
3
-9
-15
-11
-2
12
25
26
15
1
-14
-25
-26
-16
-4
0
-7
-21
-38
-48
-48
-34
-11
7
9
-1
-20
-40
-53
-56
-48
-39
-31
-28
-29
-35
-47
-61
-71
-69
-54
-34
-16
-9
-14
-20
-20
-14
-6
-3
-7
-18
-26
-24
-17
-12
-14
-19
-21
-18
-21
-32
-54
-83
-108
-118
-110
-92
-82
-88
-105
-117
-115
-102
-78
-45
-14
9
23
38
50
49
46
54
69
83
95
104
106
103
108
119
129
125
105
80
62
56
63
66
49
8
-33
-50
-33
5
41
68
90
116
163
227
278
292
270
249
280
378
513
634
713
753
754
717
662
632
689
866
1159
1459
1509
1066
169
-850
-1575
-1763
-1440
-870
-477
-606
-1225
-1983
-2529
-2699
-2472
-1904
-1169
-508
-52
163
110
-178
-489
-508
-98
595
1311
1805
1886
1542
1004
588
432
459
566
691
736
577
194
-327
-895
-1421
-1777
-1838
-1647
-1409
-1302
-1351
-1478
-1599
-1627
-1472
-1134
-713
-316
30
331
532
585
556
557
644
789
948
1059
1029
827
541
299
140
27
-68
-152
-254
-394
-533
-623
-673
-702
-666
-515
-263
10
242
431
585
724
891
1118
1380
1609
1768
1877
1974
2066
2130
2141
2146
2238
2429
2590
2628
2588
2565
2672
3058
3710
4022
3037
571
-2342
-4373
-4957
-4315
-2971
-1824
-1911
-3362
-5101
-6036
-6033
-5396
-4097
-2211
-378
896
1669
1948
1442
366
-208
490
2075
3716
4887
5201
4336
2611
1008
169
-140
-302
-276
-40
69
-254
-938
-1844
-2972
-4073
-4534
-4022
-2882
-1748
-969
-593
-631
-936
-1120
-880
-275
489
1366
2352
3176
3476
3191
2565
1873
1326
1123
1328
1661
1715
1350
697
-107
-985
-1784
-2308
-2556
-2673
-2702
-2602
-2466
-2451
-2530
-2484
-2189
-1726
-1149
-453
270
855
1244
1517
1699
1707
1565
1420
1345
1272
1122
898
605
209
-244
-621
-853
-989
-1123
-1237
-1263
-1199
-1082
-932
-751
-563
-399
-213
78
470
879
1233
1550
1850
2099
2278
2418
2532
2582
2571
2590
2686
2772
2750
2644
2511
2341
2182
2169
2341
2543
2620
2483
1816
220
-2060
-4009
-4769
-4419
-3567
-2676
-2224
-2726
-4031
-5144
-5243
-4437
-3162
-1491
371
1750
2244
2158
1879
1428
1024
1311
2457
3740
4391
4255
3454
2059
438
-720
-1122
-1121
-1097
-1072
-1065
-1328
-1992
-2822
-3511
-3924
-3935
-3367
-2280
-1096
-266
86
132
66
53
279
848
1642
2409
2987
3325
3316
2863
2088
1305
756
492
460
539
493
119
-558
-1334
-2022
-2517
-2747
-2711
-2528
-2321
-2110
-1870
-1626
-1432
-1279
-1103
-856
-494
10
609
1169
1536
1611
1427
1090
747
513
429
442
434
295
-22
-486
-992
-1424
-1680
-1713
-1545
-1268
-995
-804
-706
-658
-586
-405
-71
391
888
1330
1669
1873
1942
1947
1973
2055
2166
2273
2337
2324
2236
2125
2044
2009
2026
2074
2120
2196
2352
2532
2594
2481
2115
1169
-578
-2602
-3886
-3979
-3364
-2681
-2221
-2312
-3261
-4608
-5288
-4815
-3651
-2243
-585
1042
1933
1925
1593
1348
1140
1174
1955
3309
4313
4384
3695
2528
998
-467
-1227
-1214
-978
-907
-962
-1180
-1795
-2739
-3557
-3921
-3831
-3307
-2330
-1148
-242
125
106
-8
-32
179
737
1576
2426
3022
3262
3138
2666
1950
1212
697
497
528
600
512
128
-560
-1390
-2122
-2568
-2670
-2480
-2093
-1622
-1213
-992
-1003
-1163
-1287
-1192
-766
-73
659
1146
1236
986
587
249
119
220
438
599
581
357
-49
-562
-1050
-1373
-1464
-1363
-1169
-1002
-980
-1117
-1295
-1338
-1135
-711
-164
386
812
1046
1134
1189
1298
1474
1711
1969
2150
2148
1960
1680
1409
1207
1133
1213
1368
1477
1489
1450
1434
1499
1694
2025
2431
2739
2795
2632
2418
2103
1296
-184
-1823
-2867
-3112
-2924
-2630
-2422
-2677
-3594
-4620
-4906
-4287
-3265
-2127
-835
352
1001
1164
1283
1473
1548
1688
2298
3220
3809
3723
3140
2222
1032
-99
-711
-802
-800
-958
-1217
-1573
-2148
-2857
-3390
-3558
-3385
-2893
-2092
-1171
-459
-117
-37
-12
126
493
1117
1876
2552
2963
3031
2776
2285
1696
1158
787
629
597
522
254
-253
-940
-1670
-2248
-2532
-2501
-2233
-1840
-1457
-1195
-1082
-1049
-1037
-1000
-832
-421
216
908
1442
1642
1389
728
-40
-526
-529
-148
331
596
411
-238
-1110
-1828
-2123
-1971
-1521
-992
-609
-545
-817
-1240
-1530
-1491
-1072
-351
469
1114
1371
1267
1022
864
927
1235
1700
2108
2234
2018
1584
1114
754
600
684
921
1148
1250
1237
1182
1176
1309
1629
2080
2526
2835
2933
2849
2726
2590
2081
787
-1067
-2609
-3231
-3133
-2796
-2482
-2489
-3219
-4474
-5313
-5089
-4125
-2963
-1660
-270
717
1010
1000
1102
1233
1345
1831
2851
3833
4123
3677
2767
1536
229
-636
-797
-606
-567
-819
-1279
-1953
-2792
-3507
-3810
-3672
-3195
-2443
-1542
-771
-368
-299
-335
-236
161
893
1809
2630
3124
3206
2917
2394
1836
1399
1119
971
902
789
467
-132
-901
-1664
-2271
-2597
-2584
-2303
-1935
-1637
-1466
-1393
-1342
-1233
-1021
-711
-294
220
767
1232
1509
1528
1273
809
280
-141
-332
-282
-99
11
-148
-633
-1318
-1957
-2299
-2215
-1765
-1167
-694
-533
-708
-1049
-1287
-1219
-787
-73
726
1359
1636
1557
1293
1050
996
1209
1641
2087
2299
2152
1702
1119
610
348
392
656
957
1146
1181
1110
1033
1084
1375
1873
2416
2840
3056
3050
2907
2781
2582
1850
313
-1523
-2772
-3094
-2858
-2483
-2229
-2507
-3580
-4900
-5465
-4933
-3802
-2514
-1129
117
773
836
798
923
1091
1390
2160
3309
4188
4297
3671
2541
1152
-67
-625
-501
-181
-143
-515
-1237
-2202
-3155
-3772
-3894
-3579
-2937
-2076
-1218
-624
-404
-453
-540
-400
171
1143
2218
3040
3400
3269
2761
2118
1601
1324
1226
1199
1162
991
553
-166
-1025
-1834
-2417
-2638
-2463
-2044
-1630
-1404
-1408
-1547
-1645
-1534
-1190
-727
-254
216
689
1101
1334
1274
882
276
-250
-397
-106
372
659
491
-155
-1048
-1823
-2157
-1968
-1447
-901
-570
-547
-806
-1196
-1478
-1446
-1047
-367
423
1101
1444
1369
1038
756
758
1095
1651
2203
2482
2337
1857
1299
889
713
763
967
1208
1351
1348
1246
1137
1119
1277
1630
2113
2584
2871
2884
2719
2525
2153
1189
-412
-2015
-2901
-3002
-2709
-2324
-2138
-2617
-3856
-5095
-5393
-4624
-3348
-1958
-604
379
688
574
582
851
1188
1647
2443
3408
4011
3935
3242
2112
788
-272
-657
-432
-87
-78
-562
-1458
-2515
-3373
-3758
-3653
-3203
-2553
-1831
-1192
-760
-555
-526
-530
-333
270
1233
2251
2993
3263
3034
2462
1847
1468
1371
1397
1380
1230
894
349
-358
-1108
-1777
-2259
-2460
-2353
-2021
-1669
-1510
-1611
-1860
-2040
-1968
-1569
-890
-112
546
954
1097
1014
753
420
189
197
438
760
935
764
199
-604
-1354
-1766
-1727
-1355
-910
-661
-720
-1028
-1415
-1667
-1607
-1209
-598
36
547
844
891
767
657
744
1075
1571
2080
2418
2431
2104
1608
1190
998
1023
1178
1342
1396
1298
1118
981
964
1101
1394
1805
2251
2627
2822
2785
2612
2420
2034
1080
-446
-1926
-2726
-2818
-2567
-2232
-2099
-2617
-3854
-5066
-5341
-4551
-3228
-1804
-501
353
542
372
400
770
1258
1807
2538
3343
3852
3815
3242
2239
1020
0
-440
-286
81
197
-217
-1148
-2294
-3214
-3620
-3508
-3042
-2417
-1808
-1348
-1042
-837
-712
-635
-458
26
855
1821
2642
3088
3041
2565
1933
1490
1389
1519
1647
1584
1260
685
-45
-785
-1416
-1896
-2199
-2275
-2120
-1838
-1609
-1558
-1698
-1954
-2164
-2104
-1618
-792
101
795
1137
1086
714
246
-28
65
463
945
1250
1179
672
-135
-955
-1488
-1582
-1303
-874
-546
-498
-768
-1233
-1652
-1772
-1495
-908
-196
436
824
905
765
613
639
915
1390
1921
2323
2435
2229
1825
1417
1165
1125
1252
1442
1585
1610
1522
1402
1351
1433
1636
1928
2268
2541
2622
2529
2355
1985
1067
-454
-2035
-3008
-3212
-2923
-2420
-2012
-2212
-3256
-4587
-5251
-4829
-3627
-2103
-612
446
784
605
447
625
1041
1554
2150
2787
3306
3534
3353
2696
1642
502
-335
-641
-456
-83
26
-454
-1445
-2528
-3294
-3567
-3363
-2811
-2165
-1667
-1357
-1100
-832
-616
-471
-269
131
753
1528
2305
2851
2944
2566
1956
1439
1212
1258
1394
1401
1139
608
-72
-744
-1299
-1711
-2004
-2185
-2216
-2080
-1854
-1655
-1561
-1587
-1697
-1802
-1749
-1406
-790
-87
474
753
740
519
249
105
193
464
741
848
707
341
-171
-698
-1097
-1265
-1211
-1038
-868
-787
-825
-964
-1125
-1181
-1027
-659
-172
307
686
912
980
964
985
1126
1364
1617
1818
1923
1906
1778
1617
1508
1481
1521
1596
1688
1783
1877
1973
2072
2190
2328
2421
2412
2337
2228
1869
920
-585
-2108
-3086
-3393
-3187
-2654
-2148
-2232
-3130
-4317
-4968
-4713
-3725
-2325
-862
215
628
571
524
763
1210
1695
2132
2497
2792
3024
3128
2960
2409
1527
513
-332
-727
-637
-364
-344
-772
-1515
-2320
-2958
-3228
-3046
-2580
-2128
-1816
-1536
-1176
-773
-416
-126
112
331
607
1067
1720
2378
2777
2773
2425
1937
1520
1289
1229
1223
1110
779
257
-309
-780
-1125
-1398
-1641
-1855
-2014
-2078
-1999
-1796
-1589
-1516
-1594
-1680
-1586
-1224
-650
-25
454
642
546
337
246
384
661
889
916
713
361
-1
-250
-350
-378
-454
-632
-853
-996
-991
-874
-729
-622
-565
-519
-414
-189
145
486
722
837
910
1030
1229
1472
1697
1823
1805
1686
1584
1593
1712
1854
1940
1933
1872
1836
1885
2021
2193
2336
2386
2325
2212
2096
1834
1140
-72
-1489
-2657
-3308
-3380
-2931
-2258
-1916
-2290
-3198
-4042
-4355
-4012
-3101
-1874
-728
-10
276
423
683
1073
1475
1756
1875
1900
1976
2197
2500
2697
2588
2065
1209
316
-296
-527
-539
-556
-715
-1060
-1554
-2036
-2298
-2292
-2166
-2088
-2071
-2012
-1822
-1468
-956
-374
121
397
482
534
700
1019
1420
1786
2010
2049
1931
1743
1572
1441
1279
999
594
163
-185
-410
-533
-622
-763
-1032
-1411
-1772
-1981
-2013
-1964
-1927
-1903
-1848
-1717
-1477
-1121
-715
-385
-208
-131
-22
207
525
830
1007
983
768
459
210
110
124
124
15
-193
-413
-554
-569
-472
-329
-236
-245
-309
-308
-172
70
323
510
604
628
640
716
891
1116
1296
1370
1368
1360
1407
1514
1648
1754
1793
1767
1718
1719
1812
1984
2156
2245
2226
2085
1740
1084
143
-883
-1764
-2364
-2621
-2515
-2196
-1977
-2094
-2501
-2953
-3236
-3245
-2942
-2379
-1731
-1183
-774
-401
31
506
935
1229
1352
1339
1293
1328
1499
1760
1982
2021
1815
1430
1004
631
328
73
-165
-436
-758
-1071
-1271
-1321
-1291
-1287
-1353
-1476
-1615
-1692
-1614
-1345
-953
-561
-252
-36
128
284
464
675
889
1064
1169
1218
1257
1312
1368
1373
1289
1120
883
618
374
188
44
-107
-303
-544
-814
-1083
-1323
-1502
-1609
-1666
-1691
-1678
-1608
-1474
-1286
-1054
-797
-539
-303
-97
79
238
376
494
584
635
646
619
550
448
340
249
186
149
133
135
132
106
63
32
28
53
102
170
240
286
303
314
352
424
523
630
734
826
900
964
1041
1138
1235
1309
1364
1420
1481
1549
1636
1746
1866
1965
2021
1997
1820
1407
757
-15
-748
-1310
-1627
-1698
-1615
-1546
-1628
-1862
-2142
-2346
-2410
-2321
-2112
-1861
-1627
-1411
-1148
-781
-326
134
503
718
786
776
771
841
999
1190
1327
1352
1273
1140
995
844
681
489
252
-35
-327
-551
-665
-688
-684
-696
-748
-840
-949
-1018
-1008
-920
-798
-682
-580
-474
-338
-165
40
250
422
522
554
561
589
659
754
841
884
862
772
642
503
379
264
135
-24
-214
-423
-631
-819
-974
-1096
-1189
-1267
-1321
-1336
-1300
-1206
-1057
-864
-640
-411
-198
-13
138
244
296
306
292
278
275
286
295
288
247
178
104
54
43
68
113
162
198
215
211
199
189
183
174
168
173
196
238
286
345
412
480
551
627
719
819
906
971
1013
1047
1080
1124
1190
1288
1406
1518
1594
1608
1518
1273
855
314
-251
-755
-1129
-1340
-1406
-1406
-1431
-1529
-1668
-1790
-1859
-1861
-1807
-1718
-1619
-1513
-1357
-1106
-753
-353
10
268
403
439
436
456
544
687
831
917
923
870
790
705
620
532
416
252
44
-167
-328
-421
-455
-462
-463
-482
-529
-589
-629
-631
-605
-572
-546
-516
-469
-390
-270
-114
52
190
276
318
342
374
426
485
534
548
517
449
366
287
216
137
33
-101
-254
-409
-550
-670
-770
-856
-933
-990
-1001
-947
-827
-670
-506
-362
-248
-166
-96
-27
51
123
173
187
177
152
126
109
107
117
126
130
133
143
162
184
205
224
233
231
225
218
213
210
212
219
244
286
343
407
465
514
552
590
646
725
821
916
993
1039
1055
1055
1072
1131
1232
1353
1451
1472
1360
1085
667
177
-300
-699
-974
-1122
-1186
-1230
-1304
-1408
-1514
-1591
-1632
-1630
-1593
-1538
-1469
-1368
-1196
-942
-626
-297
-8
212
354
442
506
575
656
730
772
772
747
718
697
677
641
568
444
266
67
-113
-244
-324
-369
-398
-420
-450
-486
-515
-528
-524
-521
-520
-519
-497
-447
-363
-246
-108
31
152
246
320
381
434
473
493
487
450
383
302
219
148
83
16
-66
-170
-299
-447
-598
-735
-843
-909
-922
-878
-781
-645
-492
-349
-228
-135
-68
-13
41
95
142
169
174
161
143
132
129
131
128
112
81
50
34
48
86
130
168
189
188
172
154
151
165
196
239
295
361
432
497
555
605
650
694
744
812
895
982
1058
1114
1159
1206
1270
1352
1433
1473
1412
1199
829
351
-151
-596
-923
-1116
-1208
-1267
-1351
-1474
-1604
-1704
-1749
-1739
-1684
-1616
-1546
-1461
-1321
-1091
-778
-424
-89
180
362
469
539
605
684
762
816
829
806
770
733
701
658
581
450
265
51
-155
-316
-422
-485
-524
-561
-602
-648
-685
-697
-682
-652
-619
-589
-551
-492
-402
-277
-121
42
188
302
382
440
480
503
511
500
463
400
323
244
173
104
22
-82
-218
-384
-568
-748
-889
-976
-998
-958
-864
-732
-584
-440
-307
-191
-95
-18
43
90
129
158
181
200
215
225
225
210
184
150
116
90
78
86
112
142
171
191
198
194
181
170
172
188
218
264
328
412
507
605
707
807
897
978
1057
1147
1246
1343
1439
1532
1623
1698
1744
1740
1642
1407
1014
496
-69
-600
-1026
-1310
-1461
-1540
-1611
-1712
-1831
-1931
-1985
-1976
-1910
-1805
-1679
-1533
-1342
-1076
-730
-342
37
358
591
736
822
887
957
1031
1088
1106
1082
1026
952
872
777
655
486
262
3
-257
-476
-628
-719
-773
-810
-849
-892
-925
-928
-892
-823
-739
-653
-561
-450
-313
-144
48
241
413
541
629
684
719
737
732
700
636
549
449
350
262
172
55
-107
-325
-583
-846
-1070
-1212
-1249
-1186
-1050
-881
-711
-559
-428
-310
-195
-77
32
119
180
217
239
257
278
302
318
319
300
270
238
212
196
190
194
206
225
243
256
256
240
210
175
155
165
216
309
430
567
706
839
956
1067
1181
1308
1448
1586
1721
1845
1958
2051
2112
2110
1993
1696
1197
534
-194
-871
-1393
-1709
-1851
-1905
-1967
-2087
-2246
-2382
-2439
-2394
-2261
-2080
-1887
-1685
-1437
-1097
-657
-163
306
677
908
1019
1064
1107
1189
1300
1394
1424
1377
1264
1118
966
807
622
383
79
-267
-605
-875
-1047
-1134
-1172
-1203
-1249
-1308
-1352
-1344
-1268
-1135
-975
-808
-636
-445
-221
34
308
563
760
875
922
930
927
922
908
866
781
640
466
286
124
-30
-199
-411
-681
-995
-1306
-1548
-1659
-1619
-1454
-1220
-979
-774
-613
-474
-328
-153
32
201
324
390
412
411
407
407
399
371
318
252
193
164
164
184
206
219
224
221
221
222
222
210
184
164
170
228
338
491
665
839
994
1133
1285
1464
1672
1881
2074
2243
2393
2525
2625
2653
2525
2143
1461
540
-457
-1337
-1951
-2246
-2290
-2242
-2271
-2454
-2738
-2990
-3087
-2982
-2710
-2359
-2017
-1708
-1386
-961
-393
257
863
1301
1510
1525
1454
1419
1490
1649
1801
1845
1737
1510
1233
965
708
439
115
-282
-722
-1122
-1399
-1519
-1528
-1503
-1512
-1572
-1656
-1702
-1646
-1467
-1196
-900
-627
-376
-118
175
508
853
1152
1347
1413
1375
1292
1218
1169
1116
1018
849
614
339
66
-181
-412
-671
-993
-1372
-1739
-2002
-2090
-1980
-1712
-1364
-1034
-776
-587
-416
-216
18
262
482
644
732
758
752
735
697
616
485
328
185
81
30
28
53
75
82
85
105
150
200
225
215
191
196
268
426
657
922
1160
1338
1473
1624
1840
2111
2394
2651
2865
3033
3160
3242
3228
2981
2347
1284
-67
-1421
-2485
-3066
-3150
-2924
-2700
-2742
-3102
-3594
-3948
-3973
-3637
-3042
-2373
-1786
-1312
-838
-223
552
1352
1972
2280
2273
2075
1881
1854
2027
2269
2381
2232
1833
1305
783
340
-33
-399
-825
-1318
-1802
-2141
-2257
-2177
-2028
-1937
-1953
-2036
-2088
-2001
-1709
-1239
-706
-241
110
399
702
1047
1407
1726
1939
1980
1859
1665
1503
1397
1284
1089
784
386
-71
-518
-884
-1153
-1387
-1660
-1974
-2272
-2488
-2586
-2530
-2313
-1966
-1546
-1101
-640
-182
233
556
780
935
1049
1137
1197
1218
1172
1032
797
512
249
44
-105
-223
-327
-417
-480
-508
-481
-383
-239
-115
-58
-37
16
145
358
661
1038
1424
1736
1974
2234
2585
2986
3351
3646
3891
4071
4158
4155
4019
3566
2540
905
-1031
-2783
-3969
-4423
-4224
-3708
-3378
-3603
-4317
-5069
-5384
-5060
-4189
-3031
-1892
-996
-353
250
1036
1990
2857
3345
3359
3047
2679
2491
2570
2807
2939
2683
1953
941
-22
-720
-1170
-1519
-1887
-2312
-2761
-3098
-3144
-2841
-2370
-2005
-1878
-1885
-1830
-1571
-1036
-255
605
1289
1648
1758
1829
1975
2162
2305
2332
2190
1864
1441
1076
847
667
373
-120
-776
-1484
-2124
-2579
-2782
-2760
-2639
-2530
-2450
-2322
-2075
-1688
-1188
-623
-51
455
842
1119
1340
1522
1613
1566
1394
1152
871
561
253
-10
-239
-483
-745
-959
-1064
-1077
-1044
-987
-899
-776
-615
-392
-87
259
571
809
1000
1209
1493
1875
2302
2663
2902
3065
3237
3446
3680
3934
4174
4302
4230
3977
3566
2849
1573
-290
-2383
-4190
-5321
-5606
-5102
-4178
-3468
-3461
-4067
-4691
-4750
-4047
-2724
-1085
477
1599
2205
2575
3049
3645
4062
4017
3502
2734
1982
1450
1199
1089
803
63
-1110
-2373
-3312
-3734
-3743
-3566
-3367
-3202
-3035
-2745
-2199
-1400
-561
53
391
650
1058
1676
2399
3058
3463
3462
3056
2462
1962
1654
1400
1026
496
-113
-705
-1194
-1510
-1664
-1785
-2012
-2327
-2540
-2498
-2214
-1822
-1452
-1156
-933
-730
-435
20
569
1019
1225
1211
1124
1077
1083
1081
986
726
282
-252
-702
-951
-1045
-1124
-1276
-1487
-1675
-1764
-1699
-1463
-1116
-775
-515
-285
28
468
958
1380
1680
1863
1954
1997
2092
2315
2595
2748
2675
2504
2431
2509
2655
2824
3039
3230
3251
3075
2804
2382
1481
-138
-2198
-4035
-5104
-5247
-4565
-3385
-2318
-2026
-2633
-3498
-3766
-3065
-1625
101
1699
2801
3220
3151
3057
3175
3270
2942
2114
1082
199
-386
-709
-917
-1258
-1963
-3030
-4092
-4668
-4547
-3933
-3201
-2561
-2006
-1453
-846
-145
640
1361
1812
1963
2054
2357
2859
3284
3367
3022
2309
1379
478
-134
-412
-576
-872
-1324
-1763
-2031
-2102
-2018
-1839
-1646
-1508
-1374
-1105
-627
-50
422
657
678
596
520
514
572
616
543
322
38
-181
-280
-319
-399
-570
-807
-1045
-1197
-1207
-1102
-998
-995
-1086
-1177
-1183
-1079
-874
-600
-298
-13
247
512
804
1095
1321
1454
1531
1606
1684
1723
1712
1699
1715
1704
1627
1581
1709
2000
2305
2558
2838
3168
3390
3386
3190
2790
1903
309
-1694
-3390
-4252
-4243
-3590
-2622
-1843
-1817
-2607
-3528
-3719
-2897
-1411
242
1698
2660
2958
2770
2527
2455
2359
1953
1249
533
23
-297
-597
-1031
-1697
-2590
-3545
-4233
-4341
-3837
-3035
-2308
-1778
-1303
-754
-156
428
999
1520
1897
2131
2395
2800
3158
3136
2618
1791
920
177
-336
-575
-658
-808
-1147
-1561
-1833
-1871
-1739
-1531
-1284
-985
-612
-163
313
710
889
788
489
193
81
171
322
349
164
-191
-584
-865
-939
-833
-679
-611
-651
-739
-799
-806
-784
-775
-802
-837
-829
-751
-621
-479
-345
-200
-7
264
592
908
1137
1243
1258
1258
1309
1409
1487
1489
1457
1472
1541
1607
1684
1866
2162
2453
2688
2971
3350
3655
3684
3438
2931
1927
208
-1898
-3611
-4383
-4247
-3525
-2570
-1870
-1967
-2865
-3783
-3817
-2766
-1099
650
2130
3038
3194
2817
2379
2125
1888
1458
904
435
98
-258
-811
-1617
-2600
-3575
-4295
-4525
-4165
-3367
-2496
-1859
-1451
-1036
-473
152
731
1288
1842
2314
2664
2967
3219
3192
2675
1781
860
163
-285
-549
-712
-899
-1226
-1641
-1958
-2043
-1929
-1712
-1434
-1063
-573
-7
517
839
868
668
410
263
296
424
457
230
-259
-827
-1233
-1362
-1260
-1065
-902
-832
-834
-845
-818
-754
-697
-676
-669
-634
-545
-442
-398
-433
-486
-450
-259
74
456
764
917
931
914
969
1121
1309
1435
1423
1308
1232
1311
1496
1656
1783
2002
2364
2749
3080
3407
3707
3795
3574
3182
2638
1593
-207
-2341
-3950
-4540
-4253
-3467
-2579
-2120
-2538
-3566
-4230
-3757
-2272
-438
1229
2471
3085
3018
2578
2173
1895
1562
1115
708
433
145
-392
-1277
-2403
-3502
-4265
-4487
-4162
-3458
-2650
-1992
-1562
-1195
-677
0
669
1238
1772
2317
2797
3126
3260
3128
2623
1795
919
273
-95
-331
-577
-880
-1221
-1557
-1818
-1929
-1860
-1644
-1320
-887
-337
261
735
901
730
388
104
30
168
398
525
373
-101
-754
-1326
-1610
-1570
-1314
-974
-671
-507
-550
-751
-960
-1036
-944
-725
-433
-136
38
3
-183
-349
-356
-171
172
597
973
1158
1123
979
877
897
1021
1183
1318
1401
1469
1566
1674
1781
1956
2288
2719
3105
3408
3696
3931
3951
3710
3277
2536
1154
-871
-2877
-4067
-4231
-3728
-2980
-2348
-2268
-2943
-3866
-4119
-3279
-1721
-29
1487
2619
3103
2896
2337
1795
1353
985
765
718
629
204
-648
-1801
-3004
-3941
-4342
-4159
-3583
-2852
-2135
-1552
-1150
-828
-414
146
778
1444
2165
2859
3321
3414
3172
2688
2032
1317
712
306
19
-276
-622
-979
-1314
-1614
-1843
-1931
-1815
-1488
-988
-393
184
589
709
559
308
161
217
400
543
504
229
-234
-767
-1210
-1428
-1396
-1207
-985
-798
-678
-670
-786
-931
-966
-849
-642
-422
-235
-147
-205
-350
-433
-368
-174
111
464
793
969
960
874
833
864
957
1116
1304
1432
1480
1525
1626
1757
1918
2207
2656
3108
3421
3634
3840
3964
3868
3541
2951
1833
2
-2135
-3731
-4269
-3937
-3230
-2556
-2281
-2688
-3559
-4135
-3777
-2533
-883
769
2137
2918
2961
2475
1818
1218
792
647
721
715
355
-398
-1441
-2634
-3706
-4296
-4266
-3809
-3167
-2435
-1707
-1176
-884
-624
-197
385
1044
1792
2586
3196
3406
3213
2762
2156
1484
894
487
205
-63
-345
-645
-994
-1401
-1762
-1934
-1863
-1571
-1087
-500
-3
230
216
124
82
110
198
334
442
411
201
-132
-524
-917
-1220
-1327
-1223
-1014
-821
-713
-724
-847
-985
-1012
-886
-676
-486
-364
-319
-336
-369
-355
-249
-62
182
456
705
864
907
877
866
927
1055
1205
1336
1424
1470
1509
1575
1683
1859
2149
2558
3003
3378
3677
3915
4019
3894
3531
2899
1791
91
-1821
-3203
-3611
-3241
-2603
-2130
-2131
-2720
-3566
-4003
-3589
-2437
-932
594
1820
2427
2356
1892
1348
844
491
454
670
765
412
-376
-1400
-2478
-3396
-3882
-3836
-3414
-2828
-2188
-1604
-1213
-1007
-796
-425
114
786
1572
2355
2920
3123
2993
2625
2111
1572
1141
850
626
410
180
-109
-513
-988
-1393
-1613
-1620
-1420
-1047
-602
-247
-93
-114
-203
-257
-215
-50
205
445
541
409
66
-373
-759
-962
-930
-735
-534
-462
-558
-760
-976
-1113
-1114
-970
-729
-493
-361
-373
-482
-583
-582
-434
-162
175
497
725
819
803
759
782
922
1151
1385
1548
1613
1598
1551
1539
1615
1800
2078
2398
2683
2861
2936
2982
3039
3052
2931
2576
1845
658
-768
-1920
-2369
-2135
-1606
-1203
-1200
-1658
-2349
-2829
-2795
-2311
-1601
-773
77
714
930
782
476
124
-188
-303
-155
58
91
-83
-384
-810
-1349
-1835
-2097
-2145
-2071
-1870
-1539
-1205
-988
-850
-693
-519
-351
-123
218
604
940
1215
1431
1518
1435
1259
1074
895
720
603
563
531
437
288
123
-57
-243
-377
-430
-420
-381
-333
-311
-347
-409
-422
-352
-239
-156
-154
-239
-350
-401
-345
-227
-138
-148
-263
-436
-589
-662
-646
-585
-521
-473
-462
-502
-588
-690
-768
-783
-718
-591
-458
-370
-342
-347
-358
-350
-286
-147
50
260
437
556
611
626
648
722
857
1021
1172
1269
1295
1261
1207
1178
1208
1294
1409
1518
1581
1562
1432
1222
1013
885
863
914
959
903
682
334
-20
-272
-412
-487
-552
-646
-787
-945
-1061
-1120
-1171
-1245
-1318
-1355
-1353
-1318
-1250
-1172
-1118
-1094
-1066
-1021
-980
-952
-917
-857
-788
-707
-607
-494
-397
-327
-273
-232
-201
-162
-100
-23
48
108
170
228
264
283
300
315
324
343
385
435
472
495
515
510
466
395
333
294
279
285
290
256
163
36
-81
-165
-203
-199
-175
-169
-205
-272
-347
-410
-443
-429
-386
-346
-328
-331
-351
-382
-401
-391
-352
-306
-267
-237
-227
-240
-252
-241
-197
-123
-25
76
153
198
230
272
342
445
578
724
854
956
1031
1081
1114
1158
1229
1325
1421
1487
1478
1362
1169
991
909
925
980
990
870
595
246
-40
-199
-266
-309
-366
-462
-595
-718
-785
-818
-876
-961
-1022
-1036
-1008
-945
-855
-785
-773
-805
-833
-849
-862
-850
-784
-695
-622
-557
-480
-409
-369
-346
-315
-283
-255
-200
-97
16
97
144
174
180
168
165
185
213
245
299
379
447
473
467
430
371
313
282
276
269
251
233
211
163
89
4
-86
-170
-223
-225
-195
-168
-154
-155
-177
-218
-261
-285
-289
-277
-241
-186
-142
-128
-136
-150
-161
-163
-150
-126
-113
-114
-112
-97
-79
-57
-23
20
62
102
152
212
279
361
467
588
703
816
926
1026
1106
1184
1271
1351
1412
1447
1425
1310
1122
943
846
834
857
842
710
427
73
-220
-377
-433
-449
-478
-554
-688
-833
-930
-982
-1035
-1086
-1100
-1072
-1030
-975
-902
-845
-836
-850
-851
-834
-815
-779
-709
-630
-576
-536
-482
-426
-384
-342
-292
-250
-221
-171
-85
7
70
113
149
167
169
177
197
210
218
252
310
360
384
382
350
290
224
186
174
168
160
147
111
34
-63
-147
-211
-250
-265
-257
-255
-272
-290
-293
-289
-290
-292
-291
-298
-299
-277
-230
-182
-151
-130
-121
-123
-125
-109
-77
-47
-20
13
41
54
62
76
100
123
158
213
281
353
437
534
630
720
816
922
1023
1112
1202
1297
1384
1452
1483
1442
1301
1099
926
847
849
876
849
690
387
33
-247
-396
-451
-474
-504
-575
-691
-811
-896
-960
-1032
-1100
-1119
-1087
-1024
-941
-857
-804
-810
-844
-866
-863
-834
-769
-663
-559
-486
-437
-393
-356
-325
-284
-226
-168
-114
-43
47
124
171
200
220
226
224
232
251
270
299
348
400
423
411
384
352
321
302
297
288
261
228
203
172
119
43
-38
-118
-193
-241
-253
-251
-254
-253
-247
-248
-258
-265
-268
-268
-261
-237
-195
-150
-113
-86
-75
-85
-105
-116
-110
-86
-47
2
48
73
82
85
88
97
123
177
251
339
434
534
625
701
770
853
954
1063
1166
1260
1341
1411
1470
1504
1474
1351
1153
958
841
824
861
863
740
466
109
-203
-391
-458
-464
-476
-540
-664
-805
-916
-985
-1040
-1089
-1116
-1109
-1074
-1014
-936
-871
-851
-865
-878
-875
-850
-797
-713
-624
-553
-499
-447
-399
-363
-330
-287
-238
-182
-103
-5
92
165
215
248
265
270
284
311
340
370
405
441
456
437
398
349
302
271
267
269
251
201
132
62
3
-38
-65
-99
-158
-228
-290
-330
-346
-339
-323
-314
-323
-337
-344
-344
-339
-321
-290
-257
-226
-199
-179
-180
-196
-212
-216
-208
-183
-142
-96
-59
-37
-22
-12
-3
18
62
126
209
310
421
531
625
704
779
855
942
1045
1152
1246
1324
1393
1449
1472
1435
1314
1123
916
774
737
766
771
666
420
78
-249
-463
-542
-545
-545
-591
-692
-821
-933
-1006
-1055
-1101
-1137
-1143
-1118
-1066
-1001
-946
-927
-946
-977
-990
-975
-931
-858
-770
-685
-614
-545
-480
-426
-386
-345
-292
-226
-138
-26
88
180
241
275
286
286
294
324
368
408
441
462
466
453
435
407
359
295
234
195
181
184
189
162
89
-11
-105
-170
-198
-201
-197
-208
-238
-275
-300
-312
-313
-306
-299
-294
-290
-278
-253
-222
-200
-187
-183
-191
-205
-211
-208
-203
-199
-188
-171
-147
-120
-90
-64
-44
-22
13
67
138
228
333
442
545
635
714
782
852
940
1049
1161
1252
1315
1361
1400
1440
1463
1431
1310
1111
904
769
730
744
728
599
330
-10
-303
-477
-533
-538
-553
-615
-721
-834
-917
-969
-1018
-1074
-1124
-1142
-1125
-1074
-1001
-936
-906
-916
-942
-962
-961
-924
-845
-740
-639
-551
-474
-410
-362
-321
-272
-215
-146
-58
46
148
229
287
327
343
339
327
322
329
353
399
450
479
473
433
372
304
247
219
216
225
228
213
167
93
12
-57
-106
-138
-161
-176
-195
-217
-235
-250
-261
-269
-277
-278
-277
-273
-262
-241
-214
-185
-161
-148
-153
-171
-192
-208
-212
-203
-182
-152
-123
-99
-81
-68
-57
-42
-11
38
108
192
286
382
475
560
636
703
765
829
910
1009
1111
1197
1259
1305
1351
1399
1430
1398
1269
1058
841
701
676
717
721
594
316
-36
-342
-520
-570
-562
-566
-624
-729
-844
-940
-1016
-1083
-1147
-1189
-1196
-1161
-1092
-1010
-940
-908
-915
-942
-963
-953
-893
-787
-669
-569
-497
-441
-398
-360
-326
-296
-265
-216
-133
-20
91
169
207
214
202
189
193
212
245
287
336
375
387
368
334
297
264
238
219
200
177
164
156
143
102
34
-50
-130
-189
-212
-207
-192
-183
-185
-193
-211
-229
-242
-244
-236
-223
-197
-165
-136
-114
-103
-107
-125
-150
-167
-174
-166
-147
-123
-105
-97
-96
-92
-79
-55
-24
15
58
110
176
250
328
405
478
546
611
673
737
806
889
988
1080
1143
1177
1201
1244
1319
1393
1397
1274
1037
779
615
598
681
737
642
364
-15
-352
-546
-591
-562
-545
-591
-697
-820
-916
-985
-1039
-1086
-1119
-1119
-1080
-1004
-905
-819
-777
-785
-818
-847
-841
-782
-677
-564
-476
-417
-376
-345
-322
-300
-276
-245
-195
-113
-7
87
150
183
192
196
204
220
239
261
295
345
397
432
432
395
335
271
223
203
205
219
228
217
176
105
22
-54
-109
-135
-137
-129
-119
-116
-118
-126
-136
-144
-148
-141
-127
-104
-75
-49
-30
-19
-20
-32
-52
-75
-95
-110
-118
-115
-103
-88
-76
-68
-65
-57
-36
2
52
103
152
205
267
340
415
485
540
587
638
702
774
843
906
963
1013
1050
1076
1097
1131
1195
1276
1321
1265
1078
813
579
473
514
614
636
485
169
-193
-471
-596
-590
-537
-517
-567
-669
-777
-865
-928
-976
-1006
-1013
-989
-930
-843
-758
-713
-724
-776
-832
-854
-816
-720
-607
-516
-457
-424
-400
-379
-358
-332
-298
-246
-166
-65
30
90
117
126
131
143
165
192
220
250
287
324
339
327
293
253
219
201
194
186
166
133
98
67
43
22
3
-26
-71
-117
-147
-150
-133
-105
-81
-73
-85
-104
-115
-115
-110
-98
-84
-68
-54
-46
-53
-84
-132
-175
-202
-205
-188
-163
-143
-133
-132
-130
-117
-93
-54
-4
52
104
150
190
231
275
328
383
429
468
499
535
581
638
693
738
776
812
849
883
908
925
947
987
1034
1055
997
839
616
417
320
343
419
438
319
67
-222
-441
-530
-512
-459
-442
-494
-594
-702
-790
-853
-897
-923
-929
-912
-877
-832
-792
-779
-796
-829
-854
-847
-792
-691
-582
-499
-455
-437
-419
-389
-342
-287
-238
-189
-132
-64
-1
45
71
87
104
130
160
184
202
224
256
294
315
307
275
234
206
201
210
214
201
170
133
101
74
55
37
14
-11
-36
-56
-65
-61
-52
-42
-45
-61
-86
-109
-123
-126
-121
-114
-110
-110
-113
-122
-137
-152
-160
-159
-147
-125
-101
-80
-64
-51
-43
-34
-23
-2
31
70
106
138
161
184
215
258
308
355
392
419
450
488
536
595
649
687
704
708
715
733
762
790
809
820
830
848
856
821
727
585
446
363
359
401
421
354
187
-34
-230
-350
-388
-380
-377
-417
-499
-603
-698
-769
-816
-837
-844
-843
-834
-812
-786
-767
-760
-767
-777
-777
-752
-700
-635
-575
-524
-484
-445
-408
-369
-329
-288
-240
-182
-111
-42
16
59
91
116
139
161
185
207
231
262
290
306
301
281
255
235
229
229
229
217
190
161
133
112
94
73
44
7
-29
-56
-71
-73
-69
-66
-70
-83
-97
-107
-111
-111
-109
-108
-108
-109
-106
-104
-106
-115
-129
-143
-147
-142
-128
-113
-101
-96
-92
-88
-80
-63
-37
-5
27
58
87
115
142
175
213
249
279
305
333
366
408
454
494
523
544
563
586
614
644
670
691
703
705
693
671
646
631
625
613
570
484
366
252
176
145
134
103
24
-98
-229
-330
-391
-420
-443
-480
-532
-590
-644
-688
-724
-752
-775
-791
-801
-803
-797
-780
-759
-739
-724
-709
-689
-651
-597
-537
-481
-435
-396
-355
-309
-256
-204
-159
-118
-78
-38
3
40
73
102
128
152
176
194
207
214
214
214
214
216
222
225
219
202
174
143
116
104
101
102
99
83
59
30
4
-16
-28
-35
-39
-43
-51
-63
-79
-94
-108
-117
-123
-126
-126
-128
-130
-136
-141
-147
-151
-149
-147
-143
-138
-132
-126
-117
-109
-99
-85
-67
-46
-24
-5
14
38
68
108
154
201
245
283
313
342
376
414
455
496
534
561
574
582
590
606
626
643
650
648
640
631
624
617
605
590
575
553
516
458
380
297
230
185
156
123
64
-25
-131
-231
-307
-356
-385
-408
-438
-477
-521
-568
-610
-641
-662
-671
-672
-669
-661
-650
-639
-629
-622
-615
-603
-577
-538
-489
-440
-398
-362
-326
-287
-243
-197
-154
-113
-72
-31
10
47
80
107
132
155
176
193
204
212
222
236
252
261
260
250
233
220
211
206
203
195
181
164
144
124
105
88
69
49
29
14
1
-10
-19
-30
-44
-60
-76
-90
-102
-112
-122
-132
-139
-147
-154
-165
-173
-180
-181
-178
-168
-155
-140
-125
-110
-91
-66
-41
-13
15
41
65
90
115
142
173
205
237
264
291
316
339
365
391
417
444
469
492
509
519
523
525
525
523
522
521
513
500
482
459
437
417
399
378
354
325
294
260
226
188
145
100
54
14
-24
-64
-108
-160
-214
-263
-303
-335
-361
-388
-417
-447
-473
-493
-504
-510
-512
-512
-513
-514
-513
-508
-498
-482
-465
-445
-426
-407
-385
-361
-334
-307
-279
-248
-217
-185
-154
-125
-99
-74
-51
-28
-6
16
37
58
76
90
94
95
96
102
116
129
138
134
119
100
85
79
80
82
77
64
41
15
-8
-26
-39
-47
-55
-65
-77
-92
-104
-115
-123
-130
-133
-135
-133
-133
-133
-135
-137
-140
-138
-134
-128
-121
-116
-111
-105
-97
-86
-71
-54
-34
-16
4
23
39
58
75
95
118
143
166
188
204
217
232
246
264
282
299
317
331
343
352
359
361
363
362
365
368
367
363
354
341
324
310
294
280
265
247
229
210
190
170
150
128
106
87
66
46
23
-3
-32
-60
-83
-103
-120
-136
-156
-181
-209
-232
-249
-257
-258
-258
-262
-269
-280
-288
-291
-290
-283
-275
-265
-256
-247
-241
-234
-227
-219
-210
-196
-179
-162
-145
-129
-114
-103
-91
-84
-71
-59
-46
-32
-23
-15
-9
-6
-2
3
9
13
14
11
7
4
6
12
16
15
7
-6
-21
-31
-34
-33
-32
-37
-48
-62
-78
-90
-95
-95
-94
-95
-95
-97
-101
-102
-101
-97
-92
-86
-79
-72
-66
-60
-54
-47
-39
-29
-16
-5
7
19
28
37
49
62
75
90
103
113
123
131
139
146
156
163
171
179
185
191
195
198
199
200
202
205
209
212
212
210
205
198
189
181
175
170
165
159
149
137
121
104
92
83
77
72
65
54
44
30
20
12
8
5
3
0
-5
-11
-19
-28
-33
-37
-37
-36
-34
-36
-41
-48
-57
-60
-59
-55
-49
-47
-50
-58
-67
-73
-78
-76
-74
-73
-76
-81
-88
-96
-101
-103
-104
-104
-104
-107
-112
-118
-124
-130
-134
-135
-138
-142
-148
-155
-163
-171
-177
-181
-184
-185
-186
-189
-196
-202
-207
-209
-207
-199
-190
-184
-184
-188
-190
-189
-182
-169
-154
-141
-133
-128
-126
-121
-113
-98
-82
-68
-56
-45
-39
-32
-27
-17
-8
1
11
19
26
30
33
35
40
46
53
60
65
70
71
70
68
71
72
75
78
80
80
76
71
66
61
60
60
61
59
57
53
46
42
40
38
39
40
40
39
39
36
36
35
36
38
40
44
45
46
46
46
48
50
55
59
60
63
64
64
66
67
70
74
75
76
77
76
76
75
74
74
75
74
74
73
70
68
66
62
61
60
58
56
52
47
41
36
31
27
24
19
15
10
2
-6
-14
-21
-27
-31
-35
-39
-44
-51
-57
-65
-72
-76
-78
-81
-82
-84
-89
-95
-99
-101
-101
-100
-96
-94
-92
-92
-94
-95
-95
-90
-84
-78
-71
-66
-62
-60
-58
-52
-44
-34
-23
-11
-1
7
16
21
28
37
49
61
73
83
91
96
99
104
110
117
125
130
135
137
138
137
137
136
138
141
143
145
143
141
137
134
131
131
131
132
131
129
125
120
118
116
116
118
118
118
115
112
110
108
106
105
105
105
103
99
95
91
88
84
81
79
77
72
67
62
55
50
44
38
35
29
21
14
5
-3
-10
-18
-24
-29
-35
-42
-50
-57
-65
-71
-76
-80
-82
-85
-90
-94
-101
-107
-110
-113
-113
-114
-114
-117
-120
-123
-125
-126
-125
-124
-121
-119
-117
-118
-118
-117
-115
-112
-106
-102
-96
-93
-90
-87
-82
-77
-70
-62
-56
-49
-45
-41
-38
-33
-28
-23
-19
-16
-13
-12
-11
-9
-8
-6
-5
-5
-5
-5
-5
-7
-7
-9
-9
-10
-12
-13
-17
-20
-23
-26
-29
-32
-36
-41
-46
-51
-55
-59
-64
-67
-69
-74
-78
-80
-82
-83
-83
-84
-83
-81
-79
-75
-73
-68
-63
-57
-50
-42
-35
-26
-18
-8
1
13
23
32
44
55
63
74
85
94
103
110
118
124
128
133
137
140
142
145
143
142
139
137
135
133
128
124
119
113
107
99
92
85
78
72
66
59
52
46
39
31
25
21
17
12
9
6
1
-3
-6
-10
-13
-15
-15
-16
-16
-17
-18
-20
-20
-20
-20
-18
-16
-15
-15
-14
-15
-15
-15
-15
-15
-14
-14
-12
-12
-13
-13
-13
-13
-13
-10
-8
-7
-4
-3
-2
-1
1
2
5
7
10
13
15
16
17
19
21
21
24
25
28
28
28
28
27
27
26
24
23
21
19
15
10
7
2
-3
-6
-11
-14
-18
-23
-26
-31
-36
-39
-42
-43
-45
-46
-49
-50
-50
-50
-49
-48
-46
-45
-42
-40
-38
-35
-34
-31
-27
-24
-23
-20
-17
-15
-13
-10
-7
-4
0
4
7
10
14
18
22
25
29
31
35
37
39
40
40
40
41
41
40
40
39
38
35
34
33
32
31
30
28
27
26
22
22
21
21
21
20
20
18
17
15
14
11
11
9
6
5
2
0
-3
-2
-3
-2
-1
2
4
8
13
18
25
31
38
47
54
62
69
76
80
85
89
92
92
93
91
87
81
73
63
51
38
23
7
-10
-29
-47
-66
-86
-104
-119
-135
-149
-162
-172
-180
-186
-190
-192
-193
-192
-189
-184
-178
-170
-162
-150
-138
-125
-111
-97
-83
-69
-56
-43
-33
-22
-13
-9
-5
-4
-6
-10
-14
-19
-24
-31
-35
-39
-41
-42
-40
-36
-29
-18
-7
6
21
35
49
62
73
83
90
95
97
97
93
86
77
65
53
38
24
10
-5
-18
-31
-44
-55
-65
-74
-80
-86
-90
-92
-94
-95
-94
-94
-95
-92
-92
-89
-87
-84
-81
-79
-77
-74
-71
-68
-64
-60
-56
-49
-45
-39
-34
-28
-21
-13
-7
0
7
13
18
23
28
30
32
32
30
26
23
15
8
1
-9
-19
-29
-38
-47
-58
-66
-74
-82
-87
-93
-98
-102
-106
-110
-114
-118
-123
-129
-135
-141
-149
-156
-163
-170
-175
-179
-183
-183
-182
-179
-174
-166
-159
-148
-138
-126
-113
-100
-90
-79
-70
-61
-52
-46
-41
-38
-34
-33
-31
-30
-28
-25
-20
-14
-5
7
22
42
63
87
113
141
169
197
224
250
275
296
317
335
352
368
381
394
406
417
427
435
444
452
459
465
470
475
476
476
476
471
465
456
444
428
408
384
358
328
298
265
234
200
169
137
107
77
49
23
-5
-31
-59
-86
-114
-143
-173
-203
-230
-259
-284
-306
-328
-345
-358
-367
-372
-373
-368
-360
-349
-334
-316
-296
-275
-254
-231
-211
-192
-175
-162
-151
-142
-135
-130
-126
-120
-113
-105
-94
-79
-62
-45
-24
-4
13
32
45
57
63
66
64
59
51
43
33
21
9
-2
-12
-23
-32
-39
-46
-50
-54
-58
-61
-63
-66
-69
-70
-74
-76
-80
-83
-86
-88
-86
-80
-70
-54
-32
-2
31
69
110
151
190
224
251
270
278
274
258
231
192
143
88
27
-40
-108
-176
-244
-308
-368
-420
-463
-495
-517
-525
-519
-499
-469
-424
-372
-310
-245
-179
-114
-55
-3
39
71
93
103
105
100
89
75
62
50
41
36
39
45
58
76
98
122
146
171
194
212
226
233
234
226
213
192
166
135
106
76
50
32
24
29
46
77
123
182
250
324
402
478
548
609
658
690
708
705
686
649
598
535
460
381
295
209
124
43
-32
-99
-159
-211
-250
-282
-303
-316
-321
-316
-307
-293
-274
-251
-226
-201
-173
-147
-119
-93
-68
-46
-24
-6
9
20
29
34
36
34
31
26
22
15
11
7
4
2
3
4
5
6
6
7
5
4
0
-7
-16
-29
-46
-68
-96
-129
-169
-215
-267
-322
-378
-434
-488
-535
-572
-598
-612
-611
-597
-570
-532
-485
-433
-378
-326
-279
-235
-202
-175
-158
-147
-143
-144
-148
-154
-159
-162
-163
-162
-158
-151
-140
-129
-114
-96
-79
-61
-42
-22
-3
16
34
51
66
80
92
104
115
128
140
156
173
193
216
239
263
286
307
324
338
344
346
341
329
313
293
270
247
222
198
175
154
133
113
93
75
59
42
31
21
18
21
31
51
78
111
150
190
232
270
304
329
345
352
348
335
316
293
269
247
228
215
210
210
215
225
238
250
261
270
274
273
267
257
245
228
212
195
179
163
148
133
118
100
82
62
37
13
-13
-42
-69
-95
-120
-143
-161
-176
-189
-195
-199
-199
-196
-189
-180
-167
-151
-134
-113
-93
-72
-51
-32
-17
-6
0
0
-4
-14
-29
-49
-71
-92
-115
-135
-151
-167
-176
-184
-187
-188
-185
-182
-176
-167
-156
-145
-129
-111
-93
-72
-51
-29
-9
7
21
31
35
34
27
15
0
-17
-35
-53
-68
-83
-93
-102
-108
-113
-117
-124
-131
-141
-157
-172
-191
-213
-234
-254
-271
-284
-292
-294
-289
-279
-263
-243
-220
-195
-170
-146
-125
-107
-90
-78
-68
-60
-54
-46
-41
-35
-28
-24
-17
-11
-6
-1
1
2
5
6
9
14
22
36
53
75
103
134
167
199
230
259
281
298
308
311
308
299
287
271
254
237
220
205
194
183
172
165
157
151
146
142
141
143
147
153
161
170
176
179
175
161
135
96
45
-19
-94
-176
-259
-341
-415
-477
-525
-554
-563
-556
-529
-488
-437
-377
-316
-254
-196
-141
-94
-53
-18
11
34
54
73
86
99
110
118
124
126
128
127
123
117
111
103
93
84
73
62
49
35
18
1
-18
-40
-60
-82
-103
-121
-137
-148
-156
-159
-156
-149
-139
-125
-108
-92
-73
-54
-36
-19
-4
9
20
30
35
37
35
30
20
5
-13
-34
-59
-85
-111
-138
-164
-186
-205
-220
-231
-238
-240
-238
-233
-224
-213
-199
-185
-167
-150
-131
-112
-91
-72
-53
-34
-16
0
16
29
43
55
65
76
85
95
105
113
120
129
134
140
143
144
142
139
133
125
116
106
94
84
74
65
59
53
48
44
43
41
40
39
37
35
31
28
24
19
15
11
7
5
5
6
8
14
22
29
40
53
64
76
87
98
106
112
114
114
110
104
94
81
65
48
28
7
-14
-36
-56
-76
-94
-111
-126
-137
-145
-150
-152
-150
-144
-136
-124
-111
-97
-82
-68
-52
-37
-24
-12
-2
8
17
25
34
40
49
58
64
70
78
83
88
93
95
96
98
97
95
93
90
86
81
77
74
70
68
67
68
71
76
82
91
102
115
130
146
161
175
188
198
204
209
209
206
201
194
184
173
162
149
136
124
112
99
87
75
62
50
38
27
18
9
5
1
1
3
8
15
21
28
35
39
42
43
38
33
22
10
-4
-18
-32
-48
-60
-70
-76
-78
-78
-74
-65
-55
-43
-28
-15
0
14
27
37
46
53
58
61
65
67
70
73
77
85
92
101
109
115
119
119
114
103
82
55
21
-18
-65
-115
-167
-217
-266
-311
-349
-381
-406
-423
-432
-435
-433
-427
-416
-404
-390
-375
-360
-345
-328
-312
-295
-276
-257
-238
-217
-194
-172
-148
-124
-101
-77
-54
-31
-8
13
33
53
71
86
102
116
128
139
149
159
168
176
184
190
195
198
198
195
188
176
161
140
115
86
56
25
-6
-34
-60
-81
-97
-107
-110
-109
-103
-92
-79
-63
-48
-32
-16
-3
9
20
28
36
41
44
48
50
51
51
49
46
42
39
33
25
17
8
0
-10
-19
-27
-34
-41
-46
-51
-54
-56
-57
-57
-56
-53
-52
-48
-45
-42
-39
-35
-32
-30
-27
-24
-23
-21
-18
-15
-11
-6
-1
5
11
18
24
31
37
42
47
51
54
56
58
58
60
60
61
62
63
64
65
66
65
65
64
61
60
57
54
51
50
50
50
52
58
66
76
88
104
122
143
165
189
213
239
263
286
305
321
329
331
323
306
281
246
201
149
91
28
-37
-101
-164
-220
-269
-310
-343
-365
-378
-382
-379
-370
-356
-338
-319
-299
-277
-255
-234
-213
-194
-174
-155
-135
-118
-99
-82
-65
-49
-34
-18
-4
11
25
40
56
73
90
109
129
148
165
185
201
216
229
238
245
248
248
245
237
226
212
193
172
150
126
100
75
49
25
1
-18
-36
-50
-60
-68
-69
-70
-69
-64
-57
-50
-43
-36
-29
-23
-18
-15
-11
-10
-11
-10
-11
-13
-15
-17
-19
-21
-23
-25
-27
-29
-31
-31
-33
-35
-38
-41
-43
-45
-47
-51
-54
-56
-58
-58
-58
-57
-55
-52
-48
-43
-38
-33
-26
-22
-17
-13
-10
-7
-5
-3
-2
-1
-2
-2
-1
-2
-3
-4
-7
-8
-11
-13
-19
-23
-27
-32
-36
-41
-46
-50
-53
-56
-57
-58
-58
-57
-54
-50
-45
-40
-33
-27
-20
-13
-6
0
6
11
15
18
21
21
21
20
19
16
12
7
5
0
-6
-10
-14
-17
-20
-22
-23
-26
-26
-25
-24
-23
-20
-19
-17
-14
-13
-13
-12
-11
-12
-13
-13
-13
-12
-12
-11
-7
-4
1
8
17
27
37
50
62
77
91
103
117
129
138
148
153
156
159
157
152
146
139
130
120
111
101
91
83
74
67
60
51
43
35
26
15
3
-9
-22
-35
-47
-58
-66
-72
-77
-76
-72
-67
-58
-47
-34
-20
-7
6
18
29
36
43
48
52
54
56
57
57
57
57
58
58
58
58
57
55
51
48
43
36
30
21
13
3
-5
-13
-20
-26
-30
-34
-35
-35
-33
-30
-25
-22
-16
-13
-11
-11
-11
-14
-20
-28
-37
-48
-60
-73
-85
-98
-109
-118
-127
-133
-137
-141
-141
-140
-137
-134
-130
-125
-118
-112
-106
-101
-94
-90
-84
-81
-76
-73
-69
-67
-65
-62
-60
-57
-54
-52
-49
-47
-45
-42
-39
-35
-34
-31
-28
-26
-24
-23
-20
-18
-19
-18
-18
-19
-20
-24
-25
-30
-34
-39
-44
-48
-53
-58
-62
-66
-67
-70
-69
-69
-67
-62
-57
-48
-38
-26
-12
3
21
38
55
73
88
100
112
117
121
119
114
106
95
81
66
50
33
17
0
-14
-27
-39
-49
-56
-62
-68
-71
-72
-72
-70
-69
-64
-59
-53
-44
-35
-26
-15
-6
4
13
22
30
37
42
45
49
51
52
51
53
51
50
48
46
46
44
42
42
42
44
44
47
49
53
58
62
67
72
77
82
86
90
94
97
98
99
99
99
97
96
93
90
86
83
79
73
68
64
59
55
52
51
49
48
50
51
54
58
63
66
70
74
77
78
79
78
75
70
64
57
48
38
27
14
2
-13
-27
-42
-56
-71
-86
-101
-115
-128
-141
-151
-160
-168
-174
-180
-183
-185
-185
-184
-182
-178
-174
-169
-163
-155
-147
-137
-129
-118
-107
-93
-81
-68
-55
-41
-28
-15
-2
11
22
33
42
51
59
65
70
76
79
83
85
86
89
91
91
92
93
92
93
93
92
91
91
90
89
89
87
86
86
85
85
84
84
84
84
83
83
81
81
81
80
78
77
75
74
70
67
66
63
60
58
55
53
50
47
46
45
42
40
38
35
31
28
23
19
15
10
6
2
-3
-6
-10
-12
-13
-15
-14
-14
-13
-13
-11
-10
-8
-7
-7
-6
-5
-4
-5
-5
-6
-6
-7
-8
-9
-11
-13
-15
-16
-18
-21
-23
-24
-27
-29
-30
-31
-32
-33
-34
-34
-34
-35
-34
-35
-36
-36
-36
-36
-36
-37
-36
-36
-37
-37
-37
-37
-37
-36
-37
-36
-35
-33
-32
-31
-27
-27
-25
-22
-20
-18
-16
-14
-13
-11
-10
-10
-9
-8
-8
-8
-8
-7
-7
-7
-7
-8
-9
-9
-10
-11
-12
-14
-15
-16
-17
-18
-19
-20
-20
-19
-20
-20
-18
-19
-19
-19
-18
-18
-17
-17
-17
-16
-16
-14
-12
-9
-8
-5
-2
-1
1
3
4
5
4
4
2
-1
-3
-8
-13
-18
-22
-28
-34
-40
-47
-53
-59
-65
-69
-75
-79
-82
-85
-87
-87
-88
-88
-87
-85
-84
-83
-81
-77
-75
-73
-70
-67
-63
-59
-55
-51
-46
-41
-35
-29
-22
-16
-10
-2
3
10
16
21
26
30
33
35
36
36
33
30
25
18
10
3
-7
-18
-27
-37
-47
-56
-65
-73
-78
-84
-86
-90
-90
-89
-87
-84
-79
-74
-67
-60
-53
-45
-37
-28
-19
-11
-3
4
11
17
22
27
31
34
36
38
39
40
41
42
42
41
41
40
40
40
40
40
41
41
42
45
48
51
57
64
71
80
91
102
116
130
144
157
171
185
197
209
219
227
232
235
235
234
229
222
212
200
187
172
156
141
124
109
93
79
67
57
47
40
34
31
29
28
29
30
32
36
38
39
41
41
39
37
34
29
23
15
9
-1
-12
-23
-33
-45
-55
-66
-76
-85
-94
-102
-109
-116
-122
-127
-132
-137
-141
-144
-145
-148
-148
-149
-147
-144
-140
-135
-128
-120
-110
-100
-88
-77
-64
-50
-37
-23
-11
1
13
23
33
40
46
52
54
57
58
57
56
52
49
45
40
36
32
26
24
20
19
18
17
17
19
19
21
24
26
27
29
29
29
29
26
24
19
14
7
0
-9
-18
-27
-37
-47
-56
-63
-71
-76
-81
-83
-84
-83
-80
-75
-69
-61
-52
-42
-31
-20
-8
3
15
26
36
47
54
62
68
73
76
78
77
75
71
67
60
52
42
31
21
10
-4
-16
-28
-40
-52
-64
-76
-87
-97
-108
-117
-127
-135
-143
-150
-156
-162
-167
-171
-173
-176
-177
-177
-176
-174
-171
-167
-162
-157
-150
-144
-136
-128
-119
-111
-102
-93
-85
-77
-70
-62
-55
-50
-45
-40
-36
-31
-29
-25
-21
-20
-16
-12
-9
-5
0
6
12
20
28
36
45
55
66
74
84
94
102
110
116
122
127
130
130
131
129
125
121
114
107
99
91
82
72
62
54
44
36
29
22
16
11
7
5
2
2
2
3
5
6
7
11
12
16
20
21
24
24
26
28
29
29
29
30
29
28
29
28
26
25
23
21
18
15
12
9
5
2
-1
-4
-7
-11
-15
-16
-19
-20
-22
-24
-24
-24
-25
-24
-24
-22
-22
-20
-18
-16
-15
-13
-11
-8
-5
-5
-2
-1
1
2
4
5
6
7
8
9
9
10
10
11
12
13
13
13
14
16
16
17
19
20
22
22
24
25
27
28
30
31
32
33
34
36
37
38
39
40
42
42
42
44
44
44
44
44
44
43
42
40
37
36
33
30
26
22
18
13
8
4
-2
-7
-12
-18
-22
-28
-32
-36
-38
-41
-44
-45
-46
-47
-47
-46
-45
-42
-39
-37
-33
-30
-25
-21
-17
-13
-8
-4
0
4
8
11
14
17
19
21
23
24
26
26
27
27
26
26
24
24
23
22
21
19
18
16
14
14
12
10
9
8
5
4
2
-1
-2
-5
-8
-11
-12
-16
-18
-20
-22
-23
-25
-27
-28
-28
-27
-28
-27
-26
-23
-22
-19
-17
-15
-12
-10
-7
-6
-4
-3
-1
-1
-1
0
-2
-2
-4
-6
-7
-9
-12
-16
-19
-22
-25
-28
-31
-34
-37
-39
-40
-43
-42
-44
-44
-43
-43
-42
-39
-37
-34
-31
-26
-23
-18
-13
-8
-2
2
8
13
17
21
24
26
27
28
28
26
25
22
18
15
9
4
1
-4
-8
-11
-15
-17
-18
-19
-18
-17
-14
-12
-8
-4
1
6
11
17
23
28
34
39
44
49
53
57
60
62
65
66
68
67
68
68
68
67
67
66
65
64
63
62
62
60
60
58
56
54
52
50
47
44
39
36
33
27
23
19
15
11
7
3
0
-3
-5
-8
-10
-12
-12
-13
-15
-14
-14
-14
-14
-13
-12
-11
-11
-9
-9
-8
-7
-6
-5
-4
-4
-3
-2
-2
-1
-1
0
0
0
0
0
1
0
1
0
1
1
2
1
1
2
2
2
3
3
2
3
3
5
5
6
6
6
6
7
5
6
6
6
4
3
4
2
1
-1
-1
-3
-5
-6
-9
-10
-12
-15
-17
-20
-23
-26
-29
-32
-36
-39
-43
-46
-50
-53
-57
-59
-62
-64
-66
-67
-68
-68
-67
-66
-65
-62
-59
-53
-49
-43
-38
-30
-24
-17
-9
-1
6
14
21
28
33
37
42
45
47
49
49
48
47
44
42
39
35
32
26
23
20
16
13
11
9
7
7
8
9
10
13
17
20
26
32
38
44
52
58
64
70
77
82
86
88
91
91
89
86
84
78
72
65
55
47
37
28
20
11
1
-6
-13
-19
-23
-27
-29
-31
-32
-32
-29
-29
-26
-25
-22
-20
-19
-16
-14
-14
-13
-14
-14
-15
-15
-18
-19
-21
-24
-26
-29
-32
-33
-35
-36
-36
-37
-36
-36
-34
-33
-31
-30
-28
-27
-25
-26
-26
-29
-32
-35
-41
-47
-54
-62
-70
-79
-87
-95
-103
-111
-117
-123
-128
-132
-134
-135
-136
-136
-135
-132
-129
-125
-121
-116
-110
-105
-99
-93
-87
-83
-77
-72
-68
-64
-62
-58
-56
-54
-54
-52
-51
-50
-50
-50
-50
-50
-50
-50
-49
-47
-48
-48
-45
-44
-42
-40
-39
-36
-33
-30
-28
-25
-22
-19
-15
-11
-9
-6
-2
0
3
5
7
8
10
11
12
13
13
14
14
15
15
15
14
15
15
13
14
13
12
12
10
9
8
6
5
4
4
4
3
2
2
1
1
1
3
4
5
7
9
10
13
14
17
19
22
25
26
30
32
34
37
40
43
45
48
51
54
57
59
62
67
70
75
79
84
90
95
102
108
114
121
127
133
137
142
144
148
150
149
147
145
141
136
130
124
116
109
102
95
89
83
79
75
73
72
72
73
74
77
81
84
87
89
91
91
92
91
89
85
81
74
68
61
54
48
39
34
30
27
27
28
31
37
44
55
66
77
89
103
115
126
134
142
144
143
140
132
120
104
87
64
41
16
-8
-34
-57
-79
-98
-113
-125
-131
-134
-132
-125
-115
-102
-85
-66
-47
-25
-4
15
33
51
65
78
86
93
97
98
97
94
89
83
78
69
63
56
49
44
38
34
29
26
25
23
22
22
21
21
20
18
18
16
14
11
8
4
0
-5
-11
-18
-24
-30
-38
-43
-50
-57
-62
-67
-71
-74
-77
-78
-79
-79
-78
-76
-73
-70
-66
-63
-59
-56
-53
-49
-45
-42
-41
-40
-40
-40
-42
-46
-50
-54
-62
-69
-78
-88
-98
-110
-122
-135
-148
-162
-175
-188
-199
-212
-222
-232
-240
-245
-250
-253
-254
-252
-250
-244
-238
-229
-217
-205
-190
-175
-159
-142
-125
-108
-91
-73
-57
-40
-26
-10
2
14
25
35
43
50
57
61
66
69
71
73
74
73
73
72
70
67
65
62
59
55
50
46
40
36
31
23
18
11
4
-3
-11
-19
-26
-34
-42
-49
-58
-64
-71
-77
-83
-88
-93
-96
-99
-100
-102
-101
-100
-98
-95
-88
-82
-75
-68
-59
-48
-38
-25
-16
-2
10
23
37
50
63
77
88
100
111
121
129
137
143
148
150
152
150
148
143
136
128
119
108
96
82
69
54
38
24
10
-5
-17
-28
-40
-49
-56
-61
-66
-69
-70
-69
-68
-65
-60
-55
-50
-43
-36
-28
-19
-12
-2
5
13
23
31
38
46
54
61
68
74
80
85
90
94
97
101
103
104
106
107
107
106
106
105
102
101
99
97
95
92
90
88
86
83
80
78
76
74
72
70
68
66
65
64
63
62
61
61
59
61
60
61
62
64
66
69
72
76
79
83
86
91
94
97
99
102
104
104
104
102
99
97
92
87
81
74
66
59
51
41
34
25
17
10
3
-3
-7
-11
-14
-17
-20
-20
-20
-21
-19
-18
-17
-15
-12
-10
-7
-6
-4
-2
0
0
2
2
2
3
2
1
0
-1
-2
-6
-9
-12
-16
-20
-25
-30
-35
-41
-46
-51
-58
-62
-66
-71
-74
-77
-78
-79
-80
-79
-76
-73
-68
-64
-57
-50
-44
-36
-27
-19
-10
-2
6
16
26
35
45
54
64
73
82
93
104
114
123
132
142
151
158
166
171
174
176
176
173
166
158
147
132
114
95
71
46
17
-12
-42
-73
-105
-136
-166
-195
-222
-247
-267
-284
-299
-309
-315
-318
-317
-312
-305
-296
-283
-269
-252
-235
-219
-201
-184
-168
-154
-139
-126
-115
-104
-96
-88
-81
-77
-72
-68
-67
-64
-62
-64
-64
-67
-72
-77
-84
-93
-104
-117
-132
-148
-167
-186
-205
-225
-246
-265
-284
-300
-314
-325
-333
-338
-338
-335
-326
-316
-303
-286
-266
-246
-222
-198
-174
-149
-125
-101
-78
-58
-38
-21
-4
11
25
38
49
62
74
84
96
107
119
131
143
157
169
182
194
205
216
227
238
247
255
261
267
272
276
280
282
285
286
287
289
289
290
292
293
295
298
300
303
305
307
310
311
313
312
312
310
307
301
295
288
278
268
257
243
229
215
200
184
169
153
137
121
107
94
80
67
54
43
32
23
13
4
-4
-12
-20
-27
-34
-40
-47
-54
-60
-67
-73
-80
-87
-91
-98
-104
-110
-115
-120
-124
-128
-132
-134
-136
-136
-135
-134
-132
-129
-127
-124
-121
-117
-114
-110
-106
-104
-101
-100
-97
-96
-94
-95
-94
-95
-95
-96
-97
-99
-101
-103
-105
-107
-109
-110
-112
-114
-114
-115
-114
-114
-113
-111
-109
-105
-102
-98
-94
-88
-84
-79
-74
-68
-62
-56
-49
-42
-34
-25
-16
-6
3
13
23
32
41
49
57
61
64
63
61
54
44
32
15
-4
-27
-50
-76
-102
-127
-153
-175
-195
-212
-227
-236
-241
-241
-238
-233
-223
-210
-195
-178
-160
-141
-123
-103
-84
-67
-48
-31
-13
5
22
40
59
77
98
116
135
152
167
181
190
193
192
186
173
155
131
103
72
38
3
-32
-63
-94
-119
-141
-157
-168
-174
-175
-171
-165
-155
-144
-130
-116
-103
-89
-76
-63
-52
-42
-33
-25
-18
-12
-7
-3
1
5
9
12
16
20
23
28
33
37
42
48
54
60
65
71
76
82
86
91
96
101
106
111
118
123
132
141
149
158
169
179
191
202
212
223
233
242
248
254
258
257
256
251
244
233
221
207
190
172
154
136
118
102
87
74
64
56
51
48
48
48
50
53
54
56
56
54
51
47
42
34
27
20
11
3
-4
-12
-18
-25
-30
-35
-40
-42
-43
-41
-36
-31
-23
-15
-5
5
14
21
27
31
33
35
35
36
41
48
59
74
92
111
131
150
162
165
158
138
104
58
0
-66
-138
-209
-277
-339
-390
-427
-451
-459
-454
-438
-412
-380
-343
-302
-262
-221
-181
-143
-106
-74
-45
-19
3
19
28
32
30
21
5
-13
-38
-63
-89
-114
-136
-155
-170
-179
-182
-183
-177
-169
-160
-147
-135
-122
-110
-95
-83
-69
-54
-39
-23
-5
15
35
57
79
101
124
145
166
185
203
219
235
250
264
277
290
302
312
320
326
329
330
327
322
315
305
293
279
263
245
226
206
184
160
135
110
84
60
36
14
-5
-22
-36
-47
-54
-60
-64
-66
-68
-71
-74
-79
-83
-89
-95
-100
-105
-106
-103
-99
-90
-76
-59
-40
-19
2
23
38
51
58
60
54
41
24
0
-27
-59
-92
-127
-161
-193
-223
-251
-275
-297
-315
-330
-341
-348
-352
-352
-348
-337
-324
-307
-285
-262
-234
-206
-178
-149
-121
-97
-75
-56
-41
-28
-19
-13
-8
-5
-5
-5
-6
-6
-8
-9
-11
-13
-16
-19
-23
-28
-33
-37
-41
-43
-47
-48
-49
-49
-48
-46
-44
-41
-39
-36
-34
-31
-29
-29
-27
-25
-24
-21
-17
-13
-7
1
9
19
31
44
59
74
91
108
126
144
161
177
192
205
215
222
225
225
219
210
197
181
162
142
120
97
76
53
34
15
-3
-19
-32
-44
-54
-63
-69
-73
-75
-76
-75
-71
-67
-63
-58
-56
-54
-53
-57
-61
-68
-76
-84
-90
-96
-98
-95
-88
-72
-52
-27
4
39
77
116
156
196
233
266
297
322
344
360
371
378
380
379
374
364
354
342
328
314
301
290
279
269
264
258
256
254
253
253
251
247
243
235
227
215
204
189
175
161
147
134
121
110
98
87
75
64
51
37
21
2
-15
-37
-57
-77
-98
-117
-134
-148
-159
-167
-171
-174
-173
-170
-164
-158
-150
-143
-135
-128
-123
-118
-118
-118
-120
-126
-133
-145
-155
-168
-182
-196
-208
-220
-230
-237
-242
-245
-244
-242
-238
-234
-228
-225
-222
-219
-218
-218
-219
-220
-220
-221
-218
-213
-204
-193
-177
-159
-138
-116
-93
-72
-52
-34
-22
-12
-9
-10
-15
-23
-35
-49
-63
-78
-91
-102
-111
-115
-116
-113
-105
-94
-81
-65
-47
-28
-9
9
26
41
54
66
74
81
88
92
97
103
109
117
128
137
148
159
169
176
182
181
177
166
148
125
95
60
21
-21
-64
-108
-150
-188
-221
-250
-271
-285
-291
-290
-281
-266
-247
-223
-194
-166
-138
-109
-83
-58
-37
-18
-3
8
18
25
30
33
37
38
40
42
43
45
46
46
47
48
48
47
46
44
44
42
44
44
48
52
59
67
77
89
102
116
129
144
157
169
180
187
193
195
195
191
185
178
167
156
144
131
119
106
95
83
73
62
52
42
32
21
11
0
-11
-24
-35
-46
-58
-69
-78
-86
-92
-98
-101
-102
-103
-101
-99
-94
-89
-83
-77
-70
-64
-56
-49
-44
-36
-31
-25
-21
-18
-14
-12
-9
-8
-4
-3
1
3
7
13
18
24
30
35
40
45
49
53
56
57
57
58
56
57
55
54
53
52
51
48
47
46
43
40
36
31
25
17
8
-1
-13
-26
-40
-54
-69
-84
-98
-112
-126
-137
-147
-154
-158
-160
-159
-153
-145
-135
-121
-107
-89
-72
-54
-36
-17
-2
13
27
38
47
54
58
61
61
61
58
54
49
42
35
27
20
11
3
-6
-13
-21
-28
-34
-39
-45
-49
-53
-55
-58
-58
-57
-55
-52
-48
-44
-38
-31
-22
-14
-6
2
12
21
28
35
41
46
50
56
60
64
67
71
77
83
91
101
112
125
139
153
170
185
201
217
232
246
259
270
280
287
291
293
293
291
285
278
269
258
245
231
215
200
184
167
151
134
120
106
94
83
71
61
54
46
40
33
25
18
11
2
-6
-16
-28
-40
-54
-67
-82
-97
-115
-130
-145
-160
-174
-186
-196
-205
-210
-214
-215
-213
-210
-204
-196
-185
-173
-160
-147
-133
-117
-102
-88
-72
-59
-45
-34
-24
-15
-8
-3
0
1
-1
-3
-8
-16
-25
-35
-46
-58
-72
-85
-97
-109
-120
-130
-138
-142
-146
-148
-146
-144
-140
-133
-125
-115
-105
-93
-81
-69
-57
-47
-35
-25
-15
-5
2
10
18
23
28
33
35
39
41
43
43
45
45
45
45
45
44
44
42
42
42
41
41
41
41
41
40
40
41
42
41
42
41
42
40
40
39
38
36
34
30
28
23
20
15
10
4
-3
-9
-16
-24
-32
-40
-49
-57
-64
-72
-77
-81
-85
-86
-85
-83
-78
-72
-63
-55
-44
-34
-22
-12
-3
5
11
16
15
15
10
2
-7
-21
-35
-52
-71
-90
-109
-130
-150
-169
-186
-201
-215
-224
-230
-233
-232
-228
-219
-207
-192
-174
-152
-129
-105
-77
-48
-21
8
36
63
88
112
133
151
165
176
183
186
187
183
177
168
158
146
135
123
113
104
98
96
94
95
99
105
113
123
135
147
158
168
178
185
191
193
192
187
179
168
153
134
112
88
63
37
10
-17
-41
-64
-85
-102
-116
-125
-131
-134
-133
-126
-119
-106
-92
-74
-57
-38
-19
1
20
39
56
72
87
100
113
122
130
137
143
147
151
153
155
156
156
158
159
159
160
160
161
161
161
160
159
158
156
153
150
147
142
137
132
128
121
115
108
100
92
84
76
67
57
47
37
26
16
5
-4
-15
-24
-34
-44
-53
-61
-69
-76
-83
-88
-93
-96
-99
-101
-102
-104
-103
-102
-102
-101
-99
-99
-96
-95
-93
-94
-92
-90
-90
-89
-87
-86
-85
-82
-79
-76
-71
-66
-60
-55
-48
-43
-38
-31
-26
-22
-18
-16
-15
-16
-18
-23
-29
-38
-47
-58
-71
-85
-101
-117
-134
-151
-166
-182
-194
-205
-214
-221
-224
-223
-220
-212
-201
-188
-172
-153
-132
-112
-89
-68
-48
-28
-12
5
17
27
33
36
36
32
26
18
8
-3
-15
-29
-40
-52
-63
-71
-77
-81
-84
-84
-83
-79
-74
-68
-60
-51
-43
-33
-24
-15
-6
4
14
24
34
43
53
62
71
80
89
97
105
114
120
128
136
143
149
156
164
171
176
182
188
193
196
197
197
196
191
185
176
165
150
134
114
92
67
40
13
-17
-47
-78
-108
-137
-163
-186
-205
-219
-230
-236
-237
-233
-225
-212
-198
-183
-166
-149
-133
-119
-108
-100
-95
-94
-98
-104
-113
-125
-139
-152
-166
-179
-190
-197
-201
-200
-195
-183
-165
-143
-115
-83
-48
-10
29
69
106
142
174
203
227
247
262
273
280
283
283
279
274
264
253
239
222
202
179
151
120
85
46
6
-37
-81
-127
-170
-211
-250
-281
-308
-329
-343
-348
-346
-338
-322
-299
-269
-236
-198
-156
-112
-68
-22
23
67
110
150
188
221
251
276
297
311
320
323
319
307
289
264
232
194
150
101
47
-10
-67
-125
-181
-235
-284
-327
-364
-393
-414
-425
-430
-426
-417
-399
-377
-351
-322
-291
-258
-227
-195
-163
-136
-108
-83
-60
-39
-20
-2
14
28
42
55
67
76
87
95
104
111
118
124
129
134
140
143
148
152
156
160
162
167
171
175
179
184
187
192
196
198
201
205
206
206
206
204
202
198
193
189
182
175
168
162
155
148
143
136
131
125
121
115
111
105
100
94
87
82
75
69
62
55
49
42
36
31
26
20
14
11
6
3
0
-4
-7
-9
-12
-14
-16
-18
-20
-22
-24
-25
-27
-27
-27
-29
-29
-30
-30
-30
-30
-29
-29
-29
-29
-29
-30
-29
-30
-32
-32
-33
-34
-35
-36
-36
-37
-39
-37
-38
-39
-39
-40
-41
-42
-43
-45
-48
-51
-55
-58
-61
-65
-70
-73
-76
-78
-81
-84
-86
-87
-89
-89
-89
-90
-90
-92
-92
-91
-92
-93
-92
-93
-92
-92
-92
-91
-89
-86
-82
-78
-74
-68
-60
-54
-45
-38
-30
-22
-14
-5
1
9
16
23
29
34
39
44
49
54
60
64
70
75
80
85
91
96
102
106
111
115
118
120
122
123
123
123
121
119
115
112
108
102
96
89
82
72
63
52
40
29
16
3
-9
-24
-37
-50
-62
-74
-83
-94
-102
-109
-115
-121
-124
-127
-129
-129
-129
-128
-126
-124
-123
-120
-117
-115
-112
-109
-105
-102
-98
-94
-90
-85
-82
-77
-72
-69
-63
-59
-55
-48
-45
-41
-36
-31
-27
-23
-18
-13
-8
-4
1
7
11
16
21
26
31
35
40
44
47
50
52
55
58
59
59
61
62
61
61
61
61
61
60
59
58
58
55
55
53
51
50
49
47
45
43
42
41
39
37
36
34
33
30
30
29
27
26
24
22
20
20
18
17
16
15
13
14
13
12
12
13
12
14
14
15
14
15
16
16
17
18
17
18
19
19
19
19
21
21
23
25
25
27
29
31
33
34
36
38
39
41
41
43
43
44
43
44
44
44
44
41
41
41
40
39
38
37
36
35
34
32
32
30
29
28
25
23
20
18
15
11
8
4
0
-4
-9
-12
-17
-21
-26
-30
-33
-37
-41
-44
-47
-48
-51
-50
-52
-52
-51
-52
-50
-49
-47
-45
-44
-41
-39
-37
-33
-30
-28
-24
-22
-18
-16
-14
-11
-8
-6
-2
2
5
9
12
15
19
22
25
30
33
36
39
42
46
48
49
52
52
54
56
56
56
56
55
54
53
52
50
48
45
42
39
34
29
24
19
13
6
0
-7
-13
-20
-27
-34
-41
-46
-53
-58
-64
-68
-72
-76
-80
-83
-86
-88
-90
-92
-93
-94
-95
-95
-95
-95
-94
-92
-91
-89
-87
-83
-80
-79
-75
-71
-67
-64
-60
-55
-51
-48
-43
-40
-36
-33
-28
-26
-23
-19
-17
-15
-13
-11
-10
-9
-9
-8
-7
-6
-6
-6
-5
-6
-5
-4
-3
-2
-1
-1
1
2
3
5
7
8
10
11
13
14
16
18
19
20
21
22
22
23
24
24
23
23
22
23
21
19
18
16
14
12
10
9
7
5
3
2
1
-2
-3
-3
-4
-4
-5
-5
-5
-4
-4
-4
-2
-3
-2
-1
-1
0
1
2
2
3
4
5
6
8
10
11
12
15
16
19
21
21
24
26
28
30
32
34
36
36
37
39
39
40
41
40
40
39
37
37
35
33
31
28
26
22
18
15
12
8
4
1
-2
-5
-9
-12
-15
-17
-20
-20
-22
-24
-25
-25
-26
-26
-27
-27
-28
-27
-26
-27
-26
-26
-26
-26
-25
-24
-24
-25
-24
-23
-23
-23
-23
-21
-21
-20
-19
-18
-16
-15
-13
-10
-7
-5
-1
2
4
7
12
16
19
22
27
31
34
38
40
44
46
49
50
52
54
55
56
55
57
55
54
52
50
47
44
40
35
32
27
22
17
11
5
1
-4
-8
-13
-17
-21
-24
-27
-29
-31
-32
-32
-33
-33
-32
-31
-30
-28
-26
-23
-20
-18
-15
-11
-10
-7
-5
-2
0
2
3
4
6
6
8
8
9
8
9
9
8
8
8
9
9
8
8
7
7
7
6
5
5
6
5
4
4
2
2
1
0
0
-3
-4
-4
-6
-8
-9
-11
-12
-15
-15
-18
-20
-21
-22
-24
-25
-27
-27
-28
-28
-29
-29
-29
-29
-28
-28
-27
-27
-27
-26
-26
-25
-25
-25
-24
-24
-22
-22
-21
-21
-21
-20
-20
-19
-19
-18
-18
-18
-18
-18
0
0
0
0
0
0
0
0
0
0
0
0
0
0
0
0
0
0
0
0
0
0
0
0
0
0
0
0
0
0
0
0
0
0
0
0
0
0
0
0
0
0
0
0
0
0
0
0
0
0
0
0
0
0
0
0
0
0
0
0
0
0
0
0
0
0
0
0
0
0
0
0
0
0
0
0
0
0
0
0
0
0
0
0
0
0
0
0
0
0
0
0
0
0
0
0
0
0
0
0
0
0
0
0
0
0
0
0
0
0
0
0
0
0
0
0
0
0
0
0
0
0
0
0
0
0
0
0
0
0
0
0
0
0
0
0
0
0
0
0
0
0
0
0
0
0
0
0
0
0
0
0
0
0
0
0
0
0
0
0
0
0
0
0
0
0
0
0
0
0
0
0
0
0
0
0
0
0
0
0
0
0
0
0
0
0
0
0
0
0
0
0
0
0
0
0
0
0
