0
0
0
0
0
0
0
0
0
0
0
0
0
0
0
0
0
0
0
0
0
0
0
0
0
0
0
0
0
0
0
0
0
0
0
0
0
0
0
0
0
0
0
0
0
0
0
0
0
0
0
0
0
0
0
0
0
0
0
0
0
0
0
0
0
0
0
0
0
0
0
0
0
0
0
0
0
0
0
0
0
0
0
0
0
0
0
0
0
0
0
0
0
0
0
0
0
0
0
0
0
0
0
0
0
0
0
0
0
0
0
0
0
0
0
0
0
0
0
0
0
0
0
0
0
0
0
0
0
0
0
0
0
0
0
0
0
0
0
0
0
0
0
0
0
0
0
0
0
0
0
0
0
0
0
0
0
0
0
0
0
0
0
0
0
0
0
0
0
0
0
0
0
0
0
0
0
0
0
0
0
0
0
0
0
0
0
0
0
0
0
0
0
0
0
0
0
0
17
16
13
12
11
8
4
-2
-8
-18
-32
-51
-71
-95
-123
-150
-174
-188
-190
-176
-143
-95
-41
19
76
127
167
191
203
201
187
164
133
101
70
45
29
22
24
33
40
46
40
24
-1
-32
-70
-104
-135
-157
-167
-167
-154
-134
-107
-77
-48
-22
-3
9
13
11
9
7
8
18
33
56
83
108
130
147
154
152
141
122
99
76
54
38
28
23
25
28
32
35
32
23
8
-14
-38
-65
-88
-107
-117
-117
-110
-96
-76
-55
-36
-20
-7
0
3
4
3
4
5
11
19
29
42
55
64
70
72
67
57
43
27
13
0
-6
-9
-7
-5
-1
3
2
0
-7
-21
-38
-57
-77
-94
-106
-113
-111
-102
-90
-74
-59
-46
-36
-33
-35
-40
-47
-53
-56
-53
-45
-32
-15
3
23
40
54
59
58
50
35
15
-5
-26
-43
-52
-59
-56
-53
-46
-40
-36
-37
-40
-48
-57
-66
-73
-77
-75
-67
-53
-35
-14
8
30
49
66
79
88
93
98
104
112
123
136
151
167
184
196
205
209
208
202
193
184
173
165
161
160
164
169
176
182
186
188
185
176
163
149
132
114
99
86
76
69
62
57
53
47
39
29
15
0
-16
-37
-56
-75
-93
-115
-136
-156
-177
-199
-219
-240
-260
-275
-286
-295
-297
-293
-283
-268
-249
-227
-202
-178
-153
-131
-108
-87
-69
-50
-34
-18
-8
-1
3
3
2
-2
-9
-18
-28
-39
-53
-69
-88
-108
-130
-155
-179
-202
-224
-248
-267
-284
-295
-302
-301
-293
-277
-254
-227
-194
-160
-124
-87
-55
-23
7
36
62
87
110
132
151
167
183
198
212
225
235
244
252
256
259
261
264
269
276
288
306
328
352
378
408
438
469
499
531
565
599
631
665
700
735
768
798
822
836
830
804
749
667
551
406
236
50
-139
-326
-503
-660
-793
-899
-982
-1043
-1086
-1117
-1141
-1165
-1187
-1205
-1219
-1224
-1215
-1182
-1121
-1031
-912
-764
-595
-415
-236
-63
97
239
359
455
534
601
661
714
766
819
872
919
958
981
985
963
911
832
728
607
472
335
202
80
-30
-126
-208
-278
-342
-407
-472
-541
-614
-691
-762
-824
-871
-895
-894
-864
-804
-720
-620
-510
-400
-296
-206
-135
-83
-48
-27
-14
-4
12
35
72
115
166
219
268
307
328
330
309
267
208
135
58
-17
-87
-145
-186
-213
-225
-228
-222
-211
-202
-193
-185
-179
-172
-162
-145
-121
-85
-38
20
87
161
243
325
409
488
562
630
690
746
797
846
892
939
988
1039
1089
1136
1177
1207
1221
1215
1184
1121
1026
897
732
535
316
80
-159
-394
-616
-815
-989
-1134
-1249
-1340
-1407
-1458
-1499
-1532
-1561
-1583
-1595
-1594
-1576
-1532
-1458
-1352
-1212
-1042
-843
-629
-407
-188
19
209
374
515
633
733
816
889
955
1017
1076
1130
1175
1205
1222
1212
1173
1106
1012
890
748
591
425
259
97
-56
-195
-322
-435
-539
-632
-719
-797
-869
-933
-988
-1027
-1051
-1056
-1040
-1002
-942
-862
-768
-662
-550
-437
-328
-227
-137
-61
3
56
100
135
166
196
224
252
276
297
313
320
315
297
265
219
161
94
22
-51
-121
-184
-232
-266
-284
-285
-272
-246
-211
-173
-130
-86
-40
10
66
130
204
286
380
486
599
717
834
949
1056
1153
1236
1308
1367
1415
1454
1483
1502
1510
1502
1473
1416
1326
1198
1028
815
567
294
3
-292
-579
-845
-1078
-1275
-1431
-1547
-1627
-1677
-1709
-1729
-1742
-1749
-1755
-1755
-1742
-1711
-1656
-1567
-1443
-1277
-1077
-846
-598
-341
-86
155
373
563
724
853
953
1031
1089
1138
1181
1221
1258
1290
1312
1321
1311
1278
1216
1126
1006
859
693
514
329
146
-27
-188
-331
-456
-562
-649
-722
-783
-837
-887
-932
-971
-1003
-1024
-1030
-1021
-991
-939
-865
-769
-657
-534
-407
-284
-171
-74
4
62
102
124
134
135
135
137
145
162
185
208
231
245
250
240
213
167
106
35
-40
-115
-181
-234
-265
-274
-263
-229
-176
-110
-34
49
132
216
300
378
458
534
609
687
766
847
931
1015
1101
1187
1271
1351
1425
1488
1539
1571
1579
1559
1507
1417
1288
1119
913
674
414
140
-137
-407
-660
-887
-1087
-1254
-1388
-1492
-1573
-1637
-1690
-1734
-1773
-1804
-1826
-1833
-1822
-1784
-1716
-1613
-1474
-1299
-1092
-866
-626
-384
-146
77
281
461
613
740
843
929
1002
1065
1123
1176
1222
1259
1284
1294
1285
1252
1193
1106
992
854
696
528
353
179
13
-143
-285
-407
-514
-604
-682
-749
-812
-873
-929
-979
-1024
-1062
-1085
-1094
-1083
-1048
-990
-908
-807
-691
-570
-447
-332
-228
-139
-69
-20
13
31
43
51
63
79
103
132
165
198
227
245
249
238
207
159
98
28
-45
-111
-167
-208
-228
-225
-200
-154
-92
-16
67
154
243
329
410
486
558
627
696
763
835
908
985
1068
1153
1238
1325
1407
1480
1539
1579
1594
1580
1529
1440
1311
1143
936
701
442
173
-100
-366
-614
-839
-1035
-1199
-1331
-1435
-1516
-1580
-1634
-1679
-1718
-1751
-1776
-1789
-1784
-1753
-1696
-1604
-1477
-1312
-1119
-903
-670
-431
-197
26
231
411
565
695
799
886
960
1024
1082
1134
1182
1226
1260
1283
1287
1271
1233
1164
1070
950
809
653
488
321
153
-1
-145
-271
-382
-477
-558
-629
-691
-752
-807
-861
-912
-959
-999
-1028
-1042
-1036
-1010
-961
-890
-802
-698
-586
-473
-362
-261
-173
-101
-45
-6
22
42
59
75
95
119
149
180
215
247
271
284
284
269
240
197
144
88
31
-18
-55
-77
-80
-63
-25
32
103
188
280
373
466
552
632
702
761
815
863
909
955
1005
1061
1126
1196
1273
1351
1425
1488
1532
1549
1532
1476
1378
1236
1052
830
580
314
38
-230
-486
-716
-917
-1086
-1222
-1330
-1411
-1473
-1525
-1571
-1613
-1655
-1694
-1728
-1749
-1754
-1735
-1684
-1598
-1473
-1314
-1122
-905
-671
-430
-194
29
233
411
560
681
777
852
911
961
1002
1042
1079
1114
1145
1168
1177
1171
1141
1086
1005
899
769
621
460
295
128
-30
-177
-309
-423
-520
-602
-673
-733
-789
-839
-890
-939
-985
-1027
-1061
-1081
-1087
-1071
-1036
-977
-897
-801
-695
-580
-467
-360
-263
-182
-117
-68
-34
-11
5
19
32
49
72
100
132
165
196
218
230
231
215
186
146
98
44
-6
-48
-78
-92
-85
-56
-9
59
140
230
329
426
517
601
675
737
788
832
870
906
947
993
1047
1113
1187
1265
1343
1413
1467
1496
1494
1450
1361
1226
1047
828
579
309
30
-245
-503
-737
-938
-1101
-1231
-1326
-1395
-1441
-1476
-1504
-1535
-1566
-1600
-1634
-1663
-1679
-1674
-1645
-1581
-1479
-1340
-1165
-961
-734
-496
-255
-22
192
384
545
677
779
856
913
954
987
1015
1041
1069
1096
1120
1138
1143
1131
1101
1044
962
854
725
577
417
249
84
-75
-222
-354
-468
-564
-643
-707
-762
-807
-849
-887
-923
-956
-985
-1007
-1018
-1015
-998
-963
-910
-838
-752
-653
-546
-439
-333
-235
-148
-75
-17
27
60
84
103
119
135
152
172
195
219
241
259
269
271
263
243
215
178
139
100
67
45
39
50
79
129
197
279
368
465
561
651
733
803
861
908
945
979
1012
1049
1092
1144
1208
1278
1348
1415
1468
1499
1499
1461
1377
1248
1073
857
608
338
56
-221
-484
-722
-929
-1097
-1227
-1320
-1384
-1425
-1452
-1471
-1486
-1507
-1529
-1553
-1576
-1590
-1590
-1566
-1514
-1427
-1304
-1147
-959
-746
-517
-281
-48
172
372
546
691
806
891
951
991
1015
1029
1038
1046
1052
1058
1062
1061
1050
1026
982
916
830
720
591
443
284
120
-44
-199
-344
-474
-584
-675
-749
-807
-852
-887
-918
-944
-966
-988
-1007
-1019
-1023
-1016
-995
-957
-901
-830
-744
-645
-539
-429
-324
-224
-134
-56
7
58
97
124
144
160
173
187
199
212
224
234
240
241
236
222
200
172
142
109
80
57
46
47
65
99
150
215
292
376
465
552
633
709
772
825
870
907
941
976
1014
1058
1109
1164
1224
1281
1328
1359
1363
1333
1265
1153
997
801
570
314
42
-231
-496
-741
-957
-1137
-1279
-1385
-1457
-1502
-1526
-1538
-1542
-1545
-1551
-1558
-1564
-1567
-1558
-1533
-1484
-1405
-1296
-1154
-982
-784
-566
-336
-104
118
325
509
665
790
885
951
993
1014
1025
1029
1027
1028
1030
1033
1037
1035
1026
1001
961
899
811
701
570
419
254
83
-90
-257
-411
-551
-671
-769
-847
-906
-948
-975
-991
-1001
-1003
-1002
-996
-986
-970
-947
-913
-869
-812
-744
-665
-576
-482
-385
-288
-196
-109
-31
37
94
141
178
207
230
248
262
274
284
291
297
300
300
295
287
275
261
245
232
220
215
216
227
250
283
326
379
439
505
573
640
707
768
827
882
934
984
1032
1083
1134
1188
1239
1285
1323
1348
1350
1326
1271
1181
1054
893
699
478
240
-7
-255
-491
-709
-900
-1060
-1190
-1288
-1356
-1401
-1427
-1440
-1447
-1451
-1453
-1455
-1454
-1449
-1433
-1401
-1349
-1273
-1170
-1039
-881
-700
-501
-289
-75
133
332
512
668
798
900
976
1025
1054
1066
1066
1059
1047
1032
1018
1002
984
959
927
884
825
749
655
543
416
276
127
-26
-177
-322
-457
-579
-685
-774
-846
-902
-944
-974
-994
-1005
-1009
-1007
-998
-982
-959
-926
-885
-833
-771
-700
-622
-537
-447
-355
-263
-175
-89
-10
61
124
180
229
268
300
324
341
353
356
353
345
333
315
296
273
253
233
217
206
203
208
220
242
272
310
356
406
457
511
564
617
666
713
759
805
849
897
947
999
1053
1106
1157
1200
1231
1242
1231
1188
1114
1005
864
688
485
263
29
-210
-441
-658
-853
-1020
-1158
-1265
-1344
-1398
-1431
-1450
-1459
-1464
-1466
-1468
-1469
-1467
-1457
-1436
-1399
-1340
-1259
-1149
-1013
-853
-670
-472
-264
-57
145
334
502
648
766
856
919
959
980
984
977
965
950
933
916
900
880
858
827
785
728
657
567
462
341
207
64
-83
-231
-376
-510
-632
-740
-831
-904
-962
-1002
-1028
-1042
-1044
-1036
-1020
-997
-967
-931
-888
-841
-786
-724
-657
-586
-509
-428
-345
-261
-178
-97
-20
52
117
176
227
268
301
325
341
351
351
348
339
327
312
296
281
268
258
251
248
252
261
277
299
327
360
398
439
482
526
572
616
661
705
750
796
846
898
953
1011
1070
1128
1181
1224
1252
1259
1242
1194
1113
997
849
670
467
247
18
-213
-434
-641
-824
-980
-1108
-1205
-1277
-1325
-1354
-1371
-1378
-1380
-1380
-1380
-1379
-1372
-1359
-1334
-1293
-1232
-1150
-1042
-910
-754
-580
-394
-199
-3
187
366
525
664
779
867
933
977
1001
1011
1011
1003
992
976
960
941
919
891
855
809
748
674
585
481
364
237
101
-37
-177
-311
-441
-558
-663
-754
-831
-891
-939
-971
-989
-996
-991
-979
-958
-929
-893
-851
-804
-752
-694
-633
-567
-496
-422
-346
-267
-187
-106
-28
47
118
183
240
291
331
362
382
395
397
392
380
363
343
321
300
279
260
248
242
242
250
268
291
322
361
402
446
494
540
585
627
668
707
744
781
820
860
905
952
1004
1055
1104
1145
1173
1185
1173
1134
1062
957
819
648
454
238
10
-215
-440
-649
-836
-996
-1127
-1228
-1300
-1348
-1375
-1389
-1393
-1391
-1388
-1386
-1385
-1382
-1373
-1356
-1325
-1276
-1203
-1106
-984
-835
-665
-477
-279
-77
122
307
479
627
748
844
910
952
971
973
959
940
915
889
863
840
816
790
762
726
680
623
550
463
359
243
114
-20
-160
-301
-435
-563
-678
-779
-863
-931
-980
-1014
-1034
-1039
-1031
-1015
-991
-961
-924
-884
-839
-791
-739
-683
-623
-557
-489
-417
-339
-262
-181
-101
-24
49
117
180
230
273
306
327
340
344
340
329
315
298
281
265
252
243
240
240
248
261
280
304
333
365
399
436
474
512
549
586
622
657
693
729
767
809
853
900
951
1003
1052
1097
1133
1154
1155
1134
1085
1004
893
751
581
389
179
-39
-257
-469
-666
-843
-993
-1117
-1210
-1278
-1321
-1345
-1355
-1354
-1348
-1336
-1326
-1313
-1298
-1279
-1250
-1210
-1154
-1077
-981
-864
-722
-565
-391
-209
-24
159
333
491
631
749
843
912
956
981
989
983
969
948
925
899
872
845
815
780
737
687
623
547
459
356
242
119
-12
-146
-280
-408
-530
-641
-740
-824
-892
-945
-982
-1004
-1010
-1005
-988
-961
-926
-883
-835
-781
-724
-664
-600
-537
-470
-405
-338
-269
-201
-134
-66
-1
63
125
183
236
283
323
356
380
396
404
405
399
388
372
356
336
317
302
291
286
288
296
313
337
367
405
446
491
537
583
627
669
708
743
776
808
840
873
909
947
988
1030
1071
1106
1131
1142
1131
1097
1033
938
811
655
472
270
55
-165
-380
-584
-769
-927
-1060
-1160
-1233
-1279
-1303
-1311
-1306
-1296
-1281
-1267
-1253
-1238
-1221
-1200
-1169
-1125
-1063
-983
-880
-756
-610
-448
-272
-90
94
270
436
584
711
812
888
939
968
974
964
943
913
879
845
810
775
743
709
673
631
581
521
450
366
268
160
43
-82
-210
-337
-460
-577
-683
-776
-855
-919
-967
-1002
-1019
-1024
-1016
-998
-972
-937
-895
-850
-800
-746
-692
-636
-578
-519
-459
-400
-339
-276
-213
-150
-87
-25
35
91
144
190
231
264
289
305
314
315
311
302
289
275
260
249
238
232
232
238
250
269
291
321
356
394
435
475
515
552
588
621
652
680
709
737
768
803
842
884
928
973
1012
1042
1058
1055
1027
970
883
764
617
443
250
43
-168
-376
-571
-750
-904
-1031
-1129
-1200
-1246
-1270
-1277
-1271
-1260
-1242
-1224
-1206
-1187
-1167
-1144
-1114
-1070
-1016
-944
-852
-742
-614
-466
-307
-139
34
204
366
515
647
757
845
908
949
969
971
958
934
903
868
832
795
759
721
682
641
593
537
473
398
313
219
113
3
-111
-230
-345
-456
-558
-651
-731
-800
-853
-892
-918
-929
-928
-915
-894
-862
-824
-781
-732
-680
-626
-570
-515
-458
-401
-345
-288
-233
-178
-121
-64
-9
47
102
154
204
249
289
322
346
364
373
374
368
356
339
319
299
282
267
257
255
261
274
295
322
358
398
441
485
529
571
610
643
673
698
719
739
759
779
802
828
858
891
924
955
980
994
992
969
923
849
748
619
466
291
101
-95
-292
-482
-655
-811
-942
-1045
-1122
-1171
-1200
-1208
-1203
-1187
-1165
-1141
-1117
-1094
-1071
-1046
-1018
-983
-937
-877
-802
-709
-598
-470
-328
-175
-17
143
299
444
575
686
777
845
888
911
912
900
873
838
799
759
717
677
637
600
563
523
477
426
367
297
218
130
33
-71
-178
-289
-397
-502
-598
-685
-759
-821
-867
-898
-915
-916
-904
-882
-848
-807
-760
-709
-658
-605
-554
-507
-461
-418
-377
-336
-294
-252
-207
-158
-105
-51
5
64
119
173
222
263
296
320
334
338
334
324
308
289
269
252
236
226
222
226
236
253
277
307
340
377
417
456
494
528
560
589
612
634
654
674
692
713
737
765
796
828
860
887
907
914
904
873
817
736
628
494
339
166
-19
-207
-394
-571
-732
-872
-987
-1079
-1143
-1183
-1203
-1205
-1195
-1177
-1154
-1130
-1107
-1084
-1064
-1040
-1014
-981
-938
-882
-810
-722
-617
-494
-355
-207
-54
102
253
395
524
632
721
786
828
848
849
833
806
770
728
685
644
605
567
533
499
465
427
383
332
273
203
125
38
-58
-158
-263
-365
-466
-561
-647
-722
-782
-831
-864
-881
-884
-874
-852
-820
-780
-735
-685
-635
-584
-536
-490
-446
-403
-364
-324
-283
-240
-194
-145
-93
-37
21
80
138
192
244
288
323
351
368
377
375
366
351
332
311
291
271
257
248
246
251
263
283
309
341
377
415
455
493
528
561
588
612
632
647
662
675
690
709
730
757
788
820
853
882
901
906
893
860
800
715
603
466
307
135
-46
-231
-410
-577
-726
-853
-955
-1031
-1080
-1107
-1116
-1106
-1088
-1063
-1034
-1007
-979
-954
-929
-906
-879
-845
-801
-745
-674
-586
-482
-362
-227
-83
67
217
364
499
621
724
804
861
896
909
904
884
850
810
765
721
679
639
602
567
534
499
462
421
371
312
245
167
81
-13
-112
-215
-316
-417
-510
-594
-668
-729
-777
-811
-827
-831
-821
-800
-770
-733
-692
-648
-603
-562
-521
-483
-448
-414
-382
-349
-314
-277
-235
-187
-139
-83
-27
32
91
147
198
244
284
314
336
348
352
347
337
323
304
284
265
248
235
226
224
228
239
257
280
310
343
377
411
444
474
500
520
534
547
556
562
570
580
597
618
643
675
709
740
767
783
785
766
724
656
561
442
299
140
-32
-209
-384
-552
-705
-838
-950
-1038
-1101
-1142
-1161
-1166
-1157
-1140
-1117
-1093
-1070
-1047
-1026
-1005
-981
-950
-914
-864
-801
-723
-629
-519
-393
-256
-111
38
186
328
460
575
672
747
801
833
844
839
819
788
751
708
667
626
588
554
521
490
458
424
386
340
287
224
153
74
-14
-107
-204
-302
-398
-488
-570
-643
-703
-749
-781
-799
-801
-791
-769
-737
-699
-655
-609
-563
-517
-474
-432
-394
-358
-324
-289
-254
-216
-176
-132
-85
-37
16
69
124
175
225
269
307
339
362
378
385
384
377
365
349
330
313
296
283
277
275
280
290
307
328
352
381
408
436
461
482
501
516
527
536
544
554
564
578
597
621
650
682
716
749
778
797
804
793
762
709
631
530
407
264
106
-60
-231
-398
-555
-698
-823
-924
-1004
-1060
-1092
-1109
-1107
-1094
-1072
-1046
-1020
-992
-966
-943
-918
-891
-858
-818
-768
-704
-624
-529
-418
-292
-155
-10
139
287
429
559
675
771
847
900
931
941
932
906
871
826
778
727
679
632
588
548
509
471
430
386
336
281
217
144
65
-20
-109
-202
-293
-383
-468
-545
-612
-670
-715
-748
-767
-775
-773
-759
-736
-707
-671
-631
-590
-546
-503
-459
-418
-377
-337
-297
-258
-217
-175
-130
-84
-38
11
60
110
156
199
239
274
303
324
340
349
352
349
342
330
317
303
288
272
260
248
240
237
237
243
252
265
283
301
322
345
365
386
404
420
431
442
454
464
476
490
509
531
557
585
613
641
663
674
673
654
616
556
472
366
240
96
-59
-223
-388
-547
-697
-830
-942
-1031
-1098
-1140
-1160
-1162
-1147
-1121
-1087
-1049
-1009
-970
-933
-897
-863
-824
-783
-736
-678
-608
-526
-428
-319
-197
-66
69
208
342
469
585
685
764
824
863
881
878
859
826
779
727
673
616
560
508
459
412
370
328
286
242
195
143
82
20
-50
-125
-204
-283
-363
-440
-512
-576
-632
-679
-714
-736
-748
-748
-738
-716
-688
-652
-613
-571
-526
-481
-436
-393
-351
-312
-274
-236
-199
-162
-123
-82
-41
1
45
91
134
177
216
252
283
309
329
343
349
351
346
337
324
310
291
273
255
237
223
210
201
197
196
201
211
223
240
260
281
302
323
341
359
374
386
396
407
416
427
443
461
483
509
539
570
600
626
642
648
639
611
560
489
396
283
154
10
-142
-296
-446
-588
-714
-823
-911
-974
-1015
-1033
-1031
-1014
-984
-943
-900
-854
-809
-768
-727
-689
-653
-614
-570
-520
-459
-387
-303
-206
-96
22
147
277
406
527
637
734
814
873
911
925
922
900
862
812
753
690
625
562
503
447
395
350
307
265
224
183
138
91
38
-20
-81
-146
-214
-283
-350
-414
-474
-527
-570
-603
-628
-638
-639
-629
-609
-581
-545
-503
-459
-413
-366
-322
-279
-241
-206
-174
-146
-120
-93
-68
-42
-13
17
49
83
119
153
186
217
245
266
278
287
286
278
264
244
218
189
159
129
99
73
50
31
20
13
13
20
33
52
75
103
134
165
197
228
256
280
301
318
334
346
355
366
378
393
411
433
458
486
514
541
561
573
573
559
526
474
402
312
203
81
-50
-187
-325
-458
-582
-690
-784
-856
-909
-941
-955
-951
-935
-907
-872
-833
-791
-752
-712
-674
-637
-599
-562
-520
-470
-414
-347
-271
-185
-90
14
122
232
341
446
539
621
688
737
768
780
776
754
720
675
623
565
509
451
395
344
296
253
212
174
136
96
55
10
-38
-92
-147
-205
-265
-324
-380
-434
-481
-522
-555
-577
-591
-597
-593
-580
-561
-534
-505
-470
-433
-396
-357
-320
-284
-251
-219
-188
-160
-133
-107
-81
-55
-29
-3
24
51
79
105
130
152
172
187
198
203
203
201
192
180
165
147
128
109
90
74
60
49
42
39
40
45
55
68
85
106
128
151
174
199
224
247
268
288
305
323
337
352
367
384
401
421
443
466
492
517
540
559
572
575
569
548
515
463
397
316
220
115
0
-120
-240
-357
-468
-567
-655
-726
-779
-818
-839
-846
-839
-820
-794
-762
-725
-686
-647
-605
-565
-523
-480
-435
-385
-330
-267
-199
-122
-40
49
141
234
328
418
501
574
635
681
712
730
731
718
692
656
612
562
512
459
407
359
313
272
233
197
163
128
94
56
16
-27
-72
-118
-166
-214
-260
-303
-340
-373
-397
-416
-426
-430
-426
-417
-402
-383
-362
-339
-314
-288
-263
-236
-214
-189
-165
-141
-117
-93
-70
-46
-24
-2
19
38
56
72
86
98
105
112
115
116
115
111
106
101
94
86
78
71
62
54
47
42
37
34
32
31
30
33
37
42
50
59
72
85
100
118
136
156
176
197
217
238
256
275
290
306
322
337
353
370
388
406
425
442
457
469
474
471
459
436
398
347
283
205
116
18
-85
-191
-298
-398
-490
-572
-640
-694
-732
-755
-764
-761
-747
-724
-696
-665
-631
-597
-562
-529
-496
-461
-425
-386
-342
-293
-239
-176
-109
-35
43
123
203
283
357
424
481
527
560
582
589
583
565
539
504
463
420
373
328
285
245
208
174
142
111
82
53
22
-9
-43
-78
-116
-154
-191
-228
-262
-292
-319
-341
-356
-365
-369
-368
-362
-353
-340
-324
-307
-289
-271
-253
-235
-217
-200
-182
-166
-147
-128
-110
-91
-72
-54
-35
-19
-4
10
21
30
36
41
44
45
44
43
40
40
39
38
39
39
42
45
48
51
55
57
60
61
62
63
62
61
61
61
62
64
67
74
83
94
108
124
143
162
182
204
226
247
267
285
304
322
338
354
370
384
399
411
423
430
434
433
424
407
382
343
294
234
163
84
-1
-92
-185
-276
-364
-443
-513
-570
-615
-648
-666
-672
-668
-654
-631
-604
-574
-540
-506
-471
-436
-401
-365
-327
-287
-245
-197
-146
-90
-29
34
101
170
237
303
365
419
467
506
532
549
554
548
532
507
475
437
396
354
311
270
230
195
163
131
105
78
54
30
4
-21
-48
-75
-103
-131
-160
-187
-212
-234
-254
-268
-278
-285
-288
-287
-281
-273
-264
-253
-240
-226
-211
-195
-179
-164
-147
-130
-114
-97
-82
-66
-51
-38
-25
-15
-5
2
8
12
15
18
19
21
21
23
25
26
29
31
34
35
37
38
37
37
35
32
30
26
22
21
18
16
17
18
24
28
37
46
58
71
87
104
121
140
159
176
194
212
227
241
254
267
278
288
299
311
322
332
342
353
362
368
370
366
355
337
309
269
222
164
97
23
-56
-140
-222
-302
-378
-444
-502
-550
-585
-608
-619
-619
-611
-595
-571
-544
-514
-482
-449
-417
-384
-352
-320
-286
-250
-212
-168
-122
-72
-17
40
101
162
223
280
333
380
419
448
468
476
474
462
442
414
380
344
304
264
225
188
155
124
96
71
48
27
6
-14
-35
-57
-82
-106
-132
-157
-182
-206
-228
-246
-262
-275
-282
-286
-288
-283
-276
-268
-256
-242
-226
-212
-195
-180
-163
-150
-136
-123
-111
-100
-91
-81
-73
-64
-56
-50
-42
-35
-28
-22
-16
-10
-3
2
6
11
16
20
25
28
33
37
41
45
47
51
54
57
60
62
64
66
68
71
73
76
79
81
86
90
93
99
104
110
116
123
131
140
148
158
168
180
189
202
212
222
233
244
253
263
271
280
286
292
297
298
295
288
277
258
233
199
158
110
54
-8
-74
-141
-209
-275
-336
-390
-436
-472
-497
-512
-517
-512
-498
-477
-451
-422
-391
-360
-328
-297
-269
-240
-212
-185
-157
-126
-94
-57
-17
25
70
119
168
217
264
307
346
378
404
419
428
428
419
404
382
355
325
294
262
232
202
176
152
132
113
97
82
67
51
35
18
1
-20
-40
-61
-82
-103
-122
-141
-156
-170
-180
-189
-195
-197
-199
-199
-196
-194
-188
-183
-176
-168
-161
-152
-142
-132
-122
-112
-102
-92
-83
-74
-65
-58
-53
-46
-41
-34
-29
-23
-16
-10
-2
6
14
21
29
36
44
49
54
58
61
63
64
65
63
63
63
62
62
62
62
63
65
67
69
70
70
71
71
71
70
70
69
66
65
65
67
68
72
78
85
95
103
116
128
143
157
171
186
198
210
221
231
236
240
241
235
227
212
191
164
132
93
48
0
-53
-109
-164
-217
-269
-316
-358
-394
-420
-440
-451
-456
-453
-445
-431
-414
-394
-373
-349
-325
-301
-276
-252
-227
-199
-170
-139
-104
-68
-29
12
54
96
139
181
219
253
281
305
321
332
334
330
320
305
284
261
237
210
185
161
137
116
96
78
63
48
35
21
6
-8
-22
-41
-58
-76
-94
-113
-131
-148
-163
-178
-190
-200
-209
-214
-219
-220
-220
-217
-212
-207
-199
-190
-180
-168
-157
-144
-132
-120
-109
-99
-88
-79
-71
-64
-56
-50
-43
-35
-28
-19
-10
1
12
24
35
47
58
69
79
87
94
100
104
105
107
106
106
103
103
101
100
98
98
97
95
94
93
91
89
85
80
73
67
60
54
46
41
36
33
33
35
39
45
55
66
78
92
108
123
139
155
170
183
196
209
219
227
234
239
240
239
233
222
206
186
159
127
89
48
2
-47
-97
-147
-195
-240
-281
-316
-344
-366
-381
-389
-391
-387
-376
-362
-345
-325
-303
-280
-255
-231
-205
-178
-149
-120
-89
-56
-21
16
53
93
132
170
207
242
272
298
320
335
346
349
346
337
324
307
287
263
239
215
190
166
143
122
102
84
66
50
34
18
2
-14
-30
-47
-64
-81
-97
-113
-130
-143
-157
-168
-178
-185
-191
-196
-198
-198
-196
-192
-186
-178
-170
-159
-148
-135
-123
-111
-98
-87
-75
-66
-57
-49
-42
-36
-31
-25
-20
-14
-7
-1
6
14
22
31
40
48
55
61
66
69
70
70
67
65
61
55
50
44
39
35
31
28
25
24
24
23
23
23
23
22
21
18
14
12
7
4
1
0
-2
-2
1
6
13
22
32
44
56
69
82
96
108
121
132
141
150
158
164
168
172
172
172
167
160
148
133
113
88
58
24
-14
-54
-97
-139
-182
-222
-259
-292
-319
-340
-356
-364
-367
-363
-354
-342
-324
-304
-282
-259
-235
-211
-186
-162
-137
-112
-85
-59
-33
-4
26
55
86
115
145
173
198
221
241
256
265
271
272
266
257
244
228
207
186
164
142
120
100
81
63
47
34
21
9
-1
-12
-21
-30
-40
-50
-61
-70
-81
-91
-102
-110
-120
-129
-135
-141
-144
-147
-148
-147
-143
-139
-133
-125
-118
-108
-100
-90
-82
-73
-66
-59
-53
-48
-44
-40
-36
-34
-30
-26
-21
-16
-10
-3
5
13
22
31
39
46
54
60
64
68
69
70
70
69
65
63
60
57
54
52
50
49
48
48
49
49
48
47
46
45
41
37
34
29
24
20
16
13
11
10
13
16
23
30
39
51
63
75
88
100
112
123
133
141
149
155
161
165
168
172
173
174
173
169
161
152
139
121
100
75
44
13
-24
-59
-97
-133
-168
-199
-227
-250
-267
-279
-285
-287
-282
-274
-262
-247
-230
-212
-195
-176
-159
-141
-124
-107
-90
-72
-54
-35
-14
8
31
55
80
105
130
153
174
191
206
215
221
222
220
211
202
189
172
155
137
118
102
85
71
57
45
35
26
18
10
4
-4
-11
-20
-28
-37
-47
-57
-67
-78
-88
-99
-107
-115
-121
-126
-129
-130
-130
-129
-125
-121
-115
-108
-101
-94
-86
-79
-72
-66
-61
-56
-53
-48
-45
-41
-38
-33
-28
-23
-16
-8
1
10
20
30
41
49
57
65
69
73
75
74
73
71
66
61
56
50
44
39
35
31
28
25
22
21
20
18
16
14
11
8
5
1
-4
-9
-12
-16
-18
-20
-21
-20
-16
-12
-6
3
11
21
31
43
54
65
73
82
90
96
101
107
112
115
120
123
127
130
132
133
133
131
125
116
104
87
67
43
14
-15
-48
-81
-116
-148
-179
-206
-230
-249
-263
-273
-275
-273
-269
-259
-247
-232
-215
-199
-182
-165
-149
-133
-118
-104
-89
-73
-58
-41
-23
-4
17
39
62
85
108
130
149
166
178
189
196
198
198
192
184
175
162
148
135
120
108
96
85
76
69
62
56
49
44
37
30
21
10
-1
-15
-29
-44
-60
-76
-92
-106
-118
-129
-138
-143
-146
-147
-146
-142
-137
-130
-122
-115
-107
-98
-92
-84
-77
-70
-66
-61
-55
-50
-45
-39
-32
-25
-17
-9
-1
8
17
25
34
43
50
56
62
66
68
70
70
69
67
64
61
57
55
49
46
43
39
37
34
33
32
30
29
28
26
24
22
20
17
13
10
8
5
3
2
2
4
7
10
16
23
31
40
51
60
71
82
91
99
106
113
117
120
122
124
124
125
124
124
124
125
125
125
124
123
118
113
106
94
79
62
41
18
-8
-35
-63
-91
-118
-143
-166
-184
-200
-211
-218
-220
-219
-212
-204
-194
-182
-168
-155
-140
-128
-115
-103
-92
-81
-71
-59
-48
-36
-23
-8
7
24
42
61
79
97
113
127
139
148
153
156
155
150
144
135
124
112
100
88
76
65
56
47
39
34
29
24
20
14
9
2
-5
-14
-24
-35
-46
-59
-70
-81
-92
-102
-109
-115
-119
-120
-121
-120
-116
-111
-106
-100
-94
-89
-83
-79
-74
-72
-68
-66
-63
-61
-59
-57
-52
-48
-43
-38
-31
-25
-17
-10
-3
4
9
15
20
23
26
27
27
28
27
26
23
22
21
18
17
16
14
13
14
13
12
13
13
12
11
11
9
7
5
3
0
-2
-5
-7
-9
-10
-11
-11
-12
-9
-6
-2
3
8
15
22
29
37
43
51
57
63
67
71
74
76
78
79
80
80
81
81
81
82
83
83
84
82
83
81
78
72
65
57
45
32
17
-1
-19
-37
-58
-76
-95
-111
-126
-138
-147
-155
-159
-161
-159
-155
-150
-143
-133
-125
-115
-105
-97
-88
-78
-69
-60
-51
-41
-31
-21
-10
2
15
28
40
54
66
78
89
98
105
111
115
116
114
111
106
101
93
85
77
69
60
53
46
40
33
29
25
21
16
11
8
2
-3
-9
-15
-22
-29
-36
-42
-48
-54
-60
-64
-66
-68
-68
-67
-66
-64
-62
-59
-55
-52
-49
-46
-44
-44
-42
-41
-40
-40
-39
-38
-36
-34
-30
-27
-23
-18
-12
-7
-1
5
10
14
19
22
26
28
29
31
32
32
32
32
33
33
34
36
38
40
41
43
46
47
48
49
48
49
46
44
42
39
36
32
28
25
21
21
20
18
18
18
20
21
23
26
29
31
33
36
38
39
40
41
41
42
41
41
40
40
39
39
39
39
39
40
40
40
41
42
43
44
44
44
43
42
39
36
31
26
19
12
4
-6
-15
-26
-36
-48
-58
-69
-78
-87
-95
-101
-108
-110
-112
-115
-114
-112
-110
-108
-104
-99
-94
-90
-83
-77
-71
-66
-58
-52
-43
-35
-27
-19
-10
-1
8
17
26
33
41
47
51
56
59
60
61
61
59
57
55
51
48
46
43
40
38
36
34
31
29
27
23
19
15
11
6
0
-6
-13
-20
-27
-34
-40
-45
-51
-55
-59
-62
-63
-65
-64
-65
-64
-63
-63
-62
-60
-59
-58
-58
-56
-56
-54
-52
-51
-49
-45
-41
-37
-32
-25
-19
-13
-6
1
8
14
21
26
31
34
36
39
40
42
42
43
42
42
41
42
42
42
42
42
42
42
40
39
38
35
33
29
25
21
16
12
8
5
2
-2
-4
-6
-6
-7
-7
-7
-5
-4
-2
0
1
2
4
5
7
8
10
11
12
14
16
18
20
24
26
30
32
35
37
39
41
43
45
45
46
47
46
47
46
45
45
43
43
39
37
34
31
26
21
14
8
1
-7
-14
-22
-30
-38
-45
-52
-57
-62
-66
-69
-71
-72
-72
-72
-70
-68
-66
-63
-60
-56
-53
-49
-44
-39
-35
-30
-23
-17
-11
-5
2
9
15
22
28
33
38
43
46
49
52
53
54
54
54
52
52
51
48
46
45
42
40
37
33
30
26
21
17
12
7
1
-5
-10
-16
-21
-27
-32
-36
-41
-43
-46
-49
-47
-49
-49
-48
-47
-45
-44
-42
-40
-38
-36
-34
-32
-30
-28
-25
-22
-18
-14
-10
-6
-2
3
8
13
18
22
26
30
34
35
37
39
39
41
40
39
40
39
37
37
35
35
34
34
33
32
31
29
28
26
23
21
19
16
12
11
8
5
4
2
0
-1
-1
-2
-2
-2
-3
-4
-4
-5
-6
-7
-7
-9
-9
-10
-10
-11
-11
-10
-9
-8
-6
-4
-2
1
3
4
6
9
9
10
11
9
9
9
9
8
7
7
7
8
8
7
9
9
9
7
6
4
1
-3
-9
-14
-21
-27
-34
-41
-46
-51
-55
-57
-59
-57
-56
-54
-49
-45
-40
-35
-29
-24
-21
-16
-14
-12
-10
-10
-9
-9
-8
-8
-7
-5
0
0
0
0
0
0
0
0
0
0
0
0
0
0
0
0
0
0
0
0
0
0
0
0
0
0
0
0
0
0
0
0
0
0
0
0
0
0
0
0
0
0
0
0
0
0
0
0
0
0
0
0
0
0
0
0
0
0
0
0
0
0
0
0
0
0
0
0
0
0
0
0
0
0
0
0
0
0
0
0
0
0
0
0
0
0
0
0
0
0
0
0
0
0
0
0
0
0
0
0
0
0
0
0
0
0
0
0
0
0
0
0
0
0
0
0
0
0
0
0
0
0
0
0
0
0
0
0
0
0
0
0
0
0
0
0
0
0
0
0
0
0
0
0
0
0
0
0
0
0
0
0
0
0
0
0
0
0
0
0
0
0
0
0
0
0
0
0
0
0
0
0
0
0
0
0
0
0
0
0
0
0
0
0
0
0
0
0
0
0
0
0
0
0
0
0
0
0
