0
0
0
0
0
0
0
0
0
0
0
0
0
0
0
0
0
0
0
0
0
0
0
0
0
0
0
0
0
0
0
0
0
0
0
0
0
0
0
0
0
0
0
0
0
0
0
0
0
0
0
0
0
0
0
0
0
0
0
0
0
0
0
0
0
0
0
0
0
0
0
0
0
0
0
0
0
0
0
0
0
0
0
0
0
0
0
0
0
0
0
0
0
0
0
0
0
0
0
0
0
0
0
0
0
0
0
0
0
0
0
0
0
0
0
0
0
0
0
0
0
0
0
0
0
0
0
0
0
0
0
0
0
0
0
0
0
0
0
0
0
0
0
0
0
0
0
0
0
0
0
0
0
0
0
0
0
0
0
0
0
0
0
0
0
0
0
0
0
0
0
0
0
0
0
0
0
0
0
0
0
0
0
0
0
0
0
0
0
0
0
0
0
0
0
0
0
0
22
-32
27
24
-28
14
28
-9
15
37
12
7
28
18
0
24
32
5
18
33
0
8
31
4
12
36
4
8
28
-9
0
27
-16
2
38
-26
-5
41
-40
-19
46
-42
-31
44
-40
-46
31
-29
-45
18
-18
-39
-7
-24
-34
-26
-29
-16
-31
-36
-9
-34
-46
-9
-28
-42
-8
-26
-34
-15
-34
-26
-12
-36
-11
3
-32
-6
10
-38
-18
12
-31
-17
24
-10
-12
19
-8
-16
6
-2
4
11
4
20
1
-14
26
3
-12
54
27
-11
46
18
-30
31
28
-7
37
41
10
13
11
10
-2
3
43
12
-9
44
-1
-43
34
14
-35
41
36
-32
13
24
-35
-10
28
-2
-3
26
11
-16
-9
7
-9
-18
23
24
-20
7
21
-33
-11
27
-4
2
28
13
-1
-13
3
15
-23
11
61
-18
-20
63
-21
-61
67
30
-55
61
66
-66
2
71
-45
-30
96
23
-52
73
50
-97
21
92
-78
9
131
-69
-41
113
-71
-59
120
-35
-45
114
-36
-61
81
-47
-50
92
-24
-31
90
-37
-58
68
-30
-49
77
2
-50
50
5
-67
21
28
-48
22
52
-43
-5
29
-60
-8
39
-36
16
40
-46
-4
14
-48
0
24
-17
-2
6
-19
-27
-18
0
-11
-10
27
-6
-40
12
-12
-52
23
21
-46
9
15
-65
-16
22
-49
-15
40
-30
-27
30
-29
-49
17
-5
-42
11
13
-34
-17
7
-8
-25
4
30
-25
-19
45
-33
-59
40
-23
-61
49
10
-56
22
20
-46
-2
38
-14
-20
33
-4
-45
12
2
-38
22
15
-25
29
-4
-36
36
-11
-35
55
-19
-50
48
-33
-54
58
-22
-34
64
-22
-17
50
-36
0
39
-49
17
29
-70
21
30
-71
33
48
-53
34
37
-46
18
20
-20
9
-5
4
-1
-29
32
-5
-45
68
7
-51
82
-1
-85
56
-3
-83
46
23
-63
17
30
-46
-10
36
-13
-7
45
8
-37
-3
-9
-52
-5
29
-23
-11
22
-24
-20
21
-3
-4
17
-4
-12
-18
-38
-22
-21
-20
22
5
-30
14
3
-46
24
45
-46
-1
54
-55
-40
62
-29
-61
73
21
-57
58
35
-71
19
51
-42
-9
44
-31
-32
49
-5
-40
44
2
-24
65
11
-25
49
-11
-32
52
-12
-37
47
4
-24
40
13
-39
17
42
-29
6
55
-48
-25
58
-48
-25
69
-29
-10
75
-16
-29
32
-12
-26
20
21
-17
-23
24
-11
-47
51
28
-49
72
54
-72
42
36
-95
21
54
-57
14
36
-51
-18
16
-1
-6
7
25
-26
-21
27
-54
-47
32
-38
-13
57
-43
-36
35
-33
-4
63
-20
-36
19
-25
-47
16
1
-62
3
42
-51
-15
43
-62
-16
88
-14
-22
35
-47
-35
24
6
-1
-11
3
-5
-37
17
8
-39
40
37
-27
28
6
-58
10
13
-19
30
0
-23
7
-25
-5
15
-39
8
19
-67
12
24
-96
10
31
-104
10
43
-88
2
46
-67
-27
24
-53
-46
22
-13
-39
5
-18
-66
-33
-23
-48
-20
-8
-19
-16
-31
-38
-32
-34
-19
5
-6
-41
-21
-19
-69
-23
9
-66
-24
39
-54
-45
17
-79
-71
24
-32
-48
9
-38
-58
-2
-15
-47
-19
-23
-43
-2
-8
-59
-21
-16
-64
12
24
-70
-9
10
-79
-9
37
-48
-29
34
-25
-49
30
-3
-57
33
32
-40
15
14
-49
-2
29
10
45
52
13
5
15
7
42
88
45
65
106
30
75
117
37
86
131
98
113
99
77
50
47
122
95
53
120
86
32
115
111
17
54
98
48
67
127
73
14
81
88
15
72
117
37
72
149
46
14
91
21
18
113
52
28
67
10
18
30
-7
44
43
10
70
29
-46
18
13
-41
20
37
-35
-25
38
-6
-48
43
21
-61
61
72
-62
13
45
-69
8
88
-16
-18
50
-10
-24
52
19
-22
28
33
11
22
-1
-26
-15
10
58
69
26
18
14
-25
17
68
6
24
100
32
19
84
-28
-66
67
37
18
123
35
-45
29
-2
-22
41
30
25
32
16
22
-24
-45
16
13
17
92
63
-7
34
30
-17
55
85
20
44
56
-17
-3
44
-5
-11
38
-12
-49
4
-31
-83
-1
10
-46
15
8
-94
-62
-10
-41
-19
41
1
-72
-17
4
-76
-17
38
-61
-41
29
-76
-113
-41
-90
-108
-7
-8
-67
-43
-38
-93
-86
-47
-74
-86
-46
-54
-91
-88
-118
-162
-146
-134
-128
-91
-102
-118
-122
-158
-154
-130
-113
-66
-47
-49
-48
-97
-121
-94
-108
-86
-11
-18
-47
-23
-50
-98
-66
-21
-30
-17
23
11
-20
17
62
55
106
186
172
167
211
208
195
247
303
286
278
306
242
173
206
198
174
250
281
218
211
202
121
125
205
207
224
287
236
140
119
60
-1
44
78
70
85
61
-3
-40
-65
-70
-45
-37
-26
-25
-72
-90
-82
-99
-91
-70
-89
-107
-100
-83
-71
-49
-13
-18
-44
-41
-73
-104
-63
-24
8
72
98
62
39
39
25
49
121
158
168
195
180
121
85
58
10
13
51
62
74
81
43
2
-22
-33
-21
8
45
89
111
118
113
75
36
22
38
78
117
149
155
136
125
120
112
107
121
145
171
204
223
204
163
124
97
58
41
51
45
59
101
102
74
52
12
-18
0
30
61
95
106
89
52
-9
-64
-83
-76
-33
30
57
50
30
-22
-72
-91
-90
-70
-32
5
10
-18
-55
-102
-143
-142
-129
-122
-101
-96
-100
-99
-123
-147
-178
-223
-234
-235
-235
-201
-181
-171
-142
-145
-166
-170
-173
-155
-100
-46
-17
-24
-69
-128
-182
-213
-215
-206
-194
-178
-177
-196
-219
-244
-257
-245
-214
-173
-150
-137
-114
-106
-90
-54
-48
-58
-61
-75
-80
-56
-30
-8
5
-6
-44
-94
-131
-149
-138
-96
-51
-28
-32
-74
-139
-187
-199
-176
-122
-71
-63
-93
-148
-209
-244
-243
-214
-172
-134
-113
-115
-147
-179
-186
-173
-135
-87
-74
-96
-122
-146
-156
-134
-101
-96
-103
-121
-161
-197
-215
-225
-223
-208
-201
-222
-261
-307
-340
-343
-311
-256
-205
-175
-161
-155
-151
-126
-82
-44
-9
19
13
-8
-40
-85
-116
-120
-113
-92
-74
-78
-86
-90
-84
-47
-3
34
57
60
44
22
1
-15
-24
-21
-7
-8
-14
-26
-54
-64
-40
-5
45
102
128
128
130
123
113
118
126
128
135
138
122
85
35
-13
-55
-73
-68
-64
-71
-77
-95
-125
-152
-180
-216
-234
-228
-218
-203
-197
-223
-260
-294
-318
-321
-310
-297
-276
-262
-256
-252
-264
-278
-267
-232
-164
-63
41
130
191
212
188
122
17
-119
-290
-485
-697
-949
-1226
-1511
-1797
-2047
-2218
-2302
-2302
-2222
-2088
-1937
-1792
-1660
-1564
-1501
-1443
-1388
-1335
-1272
-1228
-1223
-1241
-1272
-1288
-1239
-1104
-887
-600
-287
3
245
427
554
655
751
848
939
1012
1055
1056
1030
990
943
909
888
875
870
871
871
877
880
875
857
831
806
803
841
923
1023
1113
1153
1108
970
753
487
202
-87
-400
-784
-1285
-1898
-2553
-3126
-3467
-3494
-3209
-2690
-2056
-1424
-846
-345
86
486
871
1237
1578
1862
2047
2130
2133
2082
2024
1992
1990
1999
2009
2007
1980
1938
1885
1822
1751
1675
1576
1442
1274
1069
840
609
400
218
57
-84
-217
-355
-498
-639
-773
-888
-978
-1053
-1116
-1180
-1261
-1368
-1496
-1620
-1716
-1752
-1704
-1572
-1371
-1138
-903
-673
-442
-203
43
284
508
695
837
947
1045
1134
1211
1269
1321
1374
1430
1496
1564
1618
1647
1667
1689
1728
1768
1792
1798
1791
1786
1791
1806
1830
1842
1840
1840
1850
1857
1857
1881
1952
2040
2104
2127
2126
2106
2075
2072
2138
2318
2651
3111
3561
3698
3137
1815
115
-1398
-2224
-2211
-1635
-1025
-932
-1518
-2528
-3560
-4236
-4345
-3829
-2779
-1534
-498
42
-18
-507
-1041
-1171
-656
351
1455
2278
2595
2408
1890
1301
887
753
877
1180
1492
1601
1338
706
-105
-856
-1367
-1565
-1511
-1358
-1257
-1280
-1394
-1553
-1723
-1844
-1837
-1635
-1255
-774
-303
27
163
139
49
22
90
215
361
468
486
399
210
-60
-383
-688
-879
-930
-912
-921
-1017
-1173
-1329
-1418
-1379
-1217
-1008
-820
-649
-459
-259
-90
37
150
278
428
586
716
763
702
584
505
512
558
583
561
490
370
229
114
63
74
153
313
517
668
726
781
930
1172
1471
1835
2263
2661
2925
3069
3177
3327
3616
4113
4662
4721
3706
1640
-773
-2672
-3518
-3316
-2559
-2006
-2272
-3345
-4669
-5688
-6123
-5899
-4970
-3453
-1789
-493
122
20
-540
-1044
-909
105
1647
3072
3910
4018
3530
2713
1892
1344
1126
1155
1327
1482
1386
825
-183
-1350
-2340
-2938
-3086
-2890
-2573
-2358
-2320
-2357
-2381
-2387
-2340
-2124
-1627
-880
-35
753
1330
1578
1532
1397
1395
1551
1723
1811
1792
1658
1402
1017
531
-41
-654
-1160
-1424
-1478
-1518
-1785
-2316
-2901
-3280
-3276
-2893
-2328
-1792
-1418
-1201
-1005
-733
-376
22
422
824
1168
1326
1221
888
469
143
17
75
170
120
-141
-543
-933
-1177
-1224
-1089
-842
-594
-414
-341
-362
-418
-420
-262
117
655
1201
1609
1818
1860
1802
1792
1986
2377
2795
3065
3180
3225
3177
3020
2856
2799
2941
3320
3898
4320
3808
1840
-1093
-3773
-5163
-5037
-3924
-2680
-2215
-2976
-4513
-5907
-6506
-6218
-5176
-3436
-1292
605
1686
1787
1149
279
-186
335
1849
3647
4869
5070
4372
3162
1825
742
152
23
165
377
489
269
-509
-1758
-3054
-3939
-4178
-3817
-3070
-2254
-1688
-1461
-1438
-1465
-1450
-1310
-889
-94
936
1957
2717
3018
2817
2283
1768
1563
1656
1862
1989
1890
1523
916
170
-596
-1305
-1850
-2107
-2077
-1890
-1795
-2008
-2494
-2998
-3210
-2952
-2316
-1512
-752
-206
110
293
447
619
789
994
1280
1543
1621
1406
930
353
-156
-459
-513
-449
-441
-579
-830
-1062
-1191
-1164
-978
-700
-392
-112
103
254
347
446
664
1029
1488
1912
2196
2324
2299
2219
2269
2519
2853
3074
3124
3101
3011
2854
2760
2832
3057
3339
3657
3885
3392
1539
-1332
-4001
-5334
-5124
-3978
-2702
-2149
-2884
-4566
-6161
-6765
-6232
-4906
-3008
-847
947
1833
1741
1065
307
-69
420
1877
3704
4977
5095
4136
2616
1049
-114
-629
-579
-281
-85
-157
-558
-1370
-2519
-3699
-4478
-4570
-4022
-3087
-2104
-1421
-1181
-1273
-1431
-1402
-1106
-517
351
1368
2321
2960
3132
2849
2264
1657
1311
1323
1569
1777
1695
1246
497
-377
-1205
-1871
-2289
-2429
-2333
-2122
-1962
-2005
-2327
-2792
-3098
-2967
-2343
-1448
-570
94
433
487
433
445
599
837
1091
1323
1419
1248
780
137
-464
-865
-1016
-948
-806
-768
-918
-1194
-1411
-1417
-1196
-821
-398
-24
248
399
488
601
797
1098
1487
1889
2195
2312
2253
2099
1962
1979
2199
2528
2781
2838
2747
2593
2433
2400
2584
2913
3247
3527
3716
3380
1861
-754
-3392
-4851
-4771
-3727
-2532
-1916
-2436
-3975
-5640
-6411
-5935
-4585
-2793
-855
791
1690
1720
1189
586
278
588
1681
3248
4561
4927
4183
2752
1213
28
-569
-619
-356
-132
-193
-582
-1273
-2183
-3155
-3930
-4201
-3844
-3000
-1985
-1161
-738
-719
-934
-1075
-896
-336
515
1466
2343
2972
3182
2951
2423
1833
1411
1263
1382
1612
1674
1367
683
-212
-1095
-1805
-2238
-2362
-2233
-1975
-1744
-1695
-1921
-2343
-2684
-2638
-2101
-1238
-362
275
577
584
484
475
638
916
1173
1323
1317
1110
719
214
-300
-698
-913
-958
-904
-880
-962
-1144
-1334
-1377
-1192
-824
-400
-48
187
337
462
649
942
1310
1673
1949
2101
2130
2079
2024
2011
2071
2226
2444
2636
2685
2574
2420
2314
2320
2535
2958
3430
3735
3831
3723
3027
1252
-1360
-3715
-4759
-4390
-3321
-2331
-2046
-2855
-4528
-6146
-6695
-5906
-4254
-2308
-483
870
1491
1395
931
523
462
951
2032
3441
4602
4908
4168
2707
1113
-73
-627
-606
-279
-26
-134
-675
-1526
-2457
-3308
-3941
-4175
-3881
-3102
-2113
-1267
-778
-703
-928
-1160
-1062
-448
556
1635
2522
3057
3164
2878
2363
1848
1489
1326
1351
1467
1499
1256
648
-229
-1167
-1948
-2406
-2513
-2348
-2073
-1868
-1831
-2006
-2341
-2649
-2704
-2347
-1592
-651
221
803
980
827
552
409
543
885
1249
1435
1315
884
240
-445
-984
-1280
-1349
-1261
-1114
-1002
-1024
-1190
-1363
-1382
-1170
-760
-256
234
598
787
884
1013
1239
1531
1827
2078
2237
2285
2275
2261
2269
2302
2356
2428
2463
2431
2390
2378
2403
2521
2788
3165
3503
3735
3859
3519
2112
-417
-3138
-4810
-4957
-4054
-2867
-2098
-2325
-3665
-5459
-6590
-6373
-4982
-3018
-1040
555
1505
1734
1441
986
705
841
1502
2614
3867
4736
4736
3735
2104
503
-555
-910
-701
-275
-42
-293
-1029
-1961
-2804
-3448
-3867
-3971
-3630
-2870
-1924
-1067
-514
-378
-589
-859
-787
-156
898
2031
2898
3305
3246
2856
2354
1926
1637
1458
1343
1253
1144
915
467
-222
-1057
-1847
-2390
-2565
-2409
-2160
-2076
-2220
-2428
-2472
-2257
-1854
-1379
-932
-551
-187
222
682
1098
1331
1327
1151
935
783
712
643
484
194
-187
-566
-867
-1067
-1188
-1276
-1350
-1369
-1261
-1004
-680
-401
-227
-120
-7
186
512
951
1393
1720
1895
1969
2006
2026
2047
2092
2147
2204
2273
2374
2470
2488
2428
2359
2331
2392
2608
2994
3415
3692
3800
3709
3044
1364
-1131
-3490
-4764
-4767
-3948
-2898
-2247
-2559
-3898
-5541
-6451
-6079
-4632
-2698
-840
549
1302
1493
1363
1164
1068
1182
1576
2299
3273
4166
4491
3942
2652
1115
-145
-817
-868
-540
-257
-390
-992
-1798
-2514
-3037
-3408
-3649
-3671
-3378
-2756
-1887
-967
-272
-20
-169
-403
-337
214
1155
2181
2966
3319
3239
2879
2439
2035
1681
1336
999
733
583
474
244
-244
-996
-1854
-2563
-2905
-2855
-2610
-2448
-2498
-2658
-2695
-2437
-1892
-1223
-625
-227
-16
157
458
926
1421
1712
1659
1313
849
442
178
35
-72
-231
-467
-713
-892
-1002
-1104
-1235
-1344
-1323
-1108
-725
-283
64
204
156
76
153
470
970
1486
1864
2026
2023
1977
1986
2071
2190
2304
2399
2463
2511
2575
2647
2669
2641
2653
2798
3041
3289
3485
3456
2758
1059
-1328
-3501
-4697
-4804
-4170
-3262
-2625
-2756
-3732
-4997
-5748
-5550
-4524
-3075
-1606
-379
499
1047
1362
1532
1597
1577
1538
1660
2124
2877
3564
3775
3334
2383
1222
180
-500
-748
-740
-775
-1032
-1453
-1867
-2195
-2486
-2809
-3139
-3372
-3369
-3011
-2278
-1324
-454
66
198
130
137
403
940
1613
2217
2605
2746
2707
2576
2398
2135
1728
1185
630
213
-16
-130
-260
-520
-957
-1536
-2147
-2679
-3062
-3259
-3237
-2968
-2476
-1847
-1218
-734
-490
-460
-497
-393
-22
589
1249
1715
1828
1584
1116
608
212
-11
-94
-116
-141
-182
-244
-338
-479
-659
-837
-952
-950
-803
-544
-247
9
179
283
375
516
737
1017
1296
1536
1720
1882
2044
2203
2336
2409
2405
2332
2242
2216
2276
2374
2476
2577
2684
2780
2883
3017
3004
2452
1108
-787
-2609
-3804
-4179
-3831
-3075
-2412
-2327
-2939
-3878
-4566
-4648
-4130
-3255
-2306
-1455
-743
-110
507
1112
1598
1810
1679
1375
1226
1459
2016
2621
2983
2926
2429
1645
837
234
-122
-384
-702
-1097
-1453
-1667
-1729
-1722
-1762
-1941
-2258
-2596
-2750
-2560
-2019
-1293
-605
-109
181
349
496
689
941
1216
1453
1622
1756
1906
2067
2147
2047
1738
1279
769
316
-6
-182
-278
-414
-696
-1154
-1737
-2315
-2737
-2889
-2753
-2410
-1987
-1596
-1302
-1098
-926
-725
-457
-130
216
523
745
866
897
855
761
643
532
429
329
223
110
-4
-110
-192
-231
-224
-193
-166
-167
-204
-261
-298
-266
-144
58
303
537
716
831
913
991
1082
1185
1287
1387
1482
1569
1643
1698
1732
1750
1737
1695
1669
1728
1915
2207
2552
2852
2906
2451
1381
-87
-1518
-2535
-2982
-2886
-2439
-1988
-1888
-2258
-2893
-3437
-3652
-3507
-3123
-2660
-2227
-1837
-1423
-891
-226
466
995
1208
1130
951
883
1022
1334
1707
1999
2086
1932
1626
1305
1031
755
404
-33
-488
-870
-1102
-1163
-1098
-1019
-1040
-1204
-1455
-1668
-1736
-1639
-1417
-1143
-861
-588
-318
-37
261
549
772
885
906
913
976
1108
1259
1370
1383
1270
1046
779
540
343
118
-213
-655
-1127
-1508
-1712
-1719
-1580
-1400
-1282
-1271
-1320
-1317
-1172
-887
-536
-210
34
184
266
329
411
505
568
556
488
414
374
371
377
362
308
223
132
73
64
88
90
35
-54
-119
-103
12
189
371
506
567
573
573
628
753
914
1053
1130
1146
1130
1125
1151
1207
1260
1290
1306
1323
1379
1503
1707
1959
2200
2379
2442
2284
1791
960
-37
-962
-1638
-1988
-2022
-1860
-1707
-1752
-2028
-2399
-2677
-2760
-2656
-2439
-2200
-1992
-1791
-1520
-1097
-511
139
680
975
1017
917
829
854
1021
1279
1528
1663
1637
1495
1324
1165
991
751
424
42
-337
-636
-791
-802
-735
-689
-730
-855
-1006
-1118
-1157
-1124
-1035
-915
-776
-614
-408
-147
150
426
625
731
767
769
767
779
817
857
867
830
742
610
412
125
-248
-655
-1020
-1262
-1344
-1278
-1115
-936
-813
-768
-767
-749
-679
-555
-407
-263
-133
-19
91
209
330
419
444
397
312
240
209
221
250
272
273
250
220
204
207
207
180
123
63
37
69
155
270
382
459
486
478
477
517
605
715
807
864
898
924
962
1023
1113
1221
1314
1374
1413
1478
1606
1791
2006
2198
2271
2089
1557
719
-237
-1090
-1688
-1977
-1989
-1855
-1754
-1820
-2046
-2300
-2452
-2454
-2343
-2194
-2056
-1938
-1781
-1506
-1056
-456
162
634
865
879
787
716
743
872
1060
1222
1287
1247
1157
1071
989
857
629
299
-90
-468
-758
-906
-918
-864
-828
-856
-933
-1015
-1067
-1074
-1043
-991
-924
-836
-701
-491
-209
107
389
578
656
654
617
583
574
594
624
631
602
539
447
303
67
-266
-653
-1007
-1249
-1335
-1264
-1092
-900
-766
-712
-699
-668
-590
-474
-354
-253
-172
-92
14
156
313
433
467
403
285
179
129
136
179
222
240
226
196
175
173
170
135
67
5
-12
31
128
248
354
421
442
452
487
564
661
747
800
820
828
853
908
994
1092
1184
1252
1291
1321
1383
1508
1692
1906
2104
2200
2075
1629
877
-34
-903
-1555
-1908
-1970
-1849
-1720
-1730
-1906
-2153
-2344
-2408
-2352
-2228
-2092
-1959
-1805
-1564
-1173
-635
-46
453
758
856
826
769
764
848
996
1146
1238
1251
1211
1157
1084
949
709
361
-53
-462
-789
-971
-1006
-953
-901
-910
-982
-1079
-1159
-1199
-1192
-1148
-1076
-973
-827
-614
-330
-14
278
491
609
646
638
624
628
658
694
705
666
556
382
154
-113
-397
-672
-908
-1081
-1180
-1194
-1138
-1034
-910
-790
-685
-600
-527
-452
-364
-259
-138
-9
119
228
307
350
358
345
322
304
294
291
283
268
244
218
196
180
170
155
127
85
46
29
51
116
214
330
437
514
553
573
599
647
719
809
904
988
1049
1086
1122
1175
1245
1323
1412
1531
1694
1898
2112
2272
2276
2002
1389
511
-445
-1267
-1810
-2037
-2015
-1894
-1841
-1948
-2180
-2422
-2557
-2551
-2437
-2274
-2100
-1909
-1654
-1276
-753
-142
430
835
1022
1036
984
971
1046
1198
1362
1473
1486
1410
1290
1152
979
725
370
-63
-506
-882
-1128
-1224
-1208
-1157
-1145
-1196
-1284
-1358
-1381
-1344
-1253
-1120
-955
-759
-518
-225
107
428
686
847
913
922
911
910
929
951
936
835
625
321
-30
-367
-652
-864
-1006
-1098
-1164
-1216
-1246
-1236
-1169
-1050
-897
-733
-577
-440
-317
-195
-62
81
219
336
419
466
485
486
477
468
453
432
401
359
303
236
158
74
-6
-68
-99
-94
-58
-2
65
131
198
276
368
472
574
664
739
803
871
952
1055
1163
1252
1309
1351
1402
1475
1562
1662
1788
1944
2127
2320
2471
2471
2173
1485
471
-657
-1635
-2261
-2474
-2368
-2143
-2028
-2145
-2449
-2768
-2934
-2888
-2682
-2411
-2132
-1842
-1485
-991
-348
356
959
1315
1396
1298
1188
1191
1334
1559
1756
1829
1744
1539
1288
1034
761
414
-31
-531
-996
-1333
-1488
-1474
-1374
-1293
-1305
-1410
-1538
-1604
-1563
-1415
-1192
-930
-646
-339
-1
364
717
1001
1166
1216
1194
1166
1173
1216
1259
1246
1130
879
505
61
-395
-806
-1138
-1369
-1496
-1528
-1493
-1427
-1353
-1274
-1186
-1074
-929
-744
-527
-296
-71
133
314
470
589
658
668
627
559
493
456
458
491
526
532
485
381
241
89
-48
-146
-194
-183
-122
-32
65
154
232
301
374
463
576
709
853
993
1124
1245
1352
1438
1496
1539
1601
1708
1850
1995
2116
2220
2337
2499
2721
2954
3047
2755
1902
549
-993
-2306
-3086
-3252
-2956
-2522
-2310
-2503
-3003
-3501
-3713
-3553
-3135
-2642
-2193
-1789
-1339
-724
86
970
1682
2015
1940
1646
1408
1408
1656
2015
2294
2338
2106
1686
1221
806
417
-42
-607
-1211
-1713
-1997
-2021
-1864
-1673
-1603
-1717
-1950
-2142
-2147
-1912
-1503
-1032
-583
-178
212
615
1018
1367
1592
1652
1580
1479
1444
1508
1601
1619
1478
1160
708
190
-341
-867
-1390
-1886
-2284
-2484
-2435
-2172
-1821
-1525
-1364
-1325
-1308
-1182
-879
-434
32
396
610
706
758
806
838
811
684
473
250
111
109
210
317
321
187
-39
-262
-401
-437
-397
-334
-280
-232
-158
-22
179
407
607
742
829
911
1030
1192
1373
1549
1697
1799
1849
1872
1917
2011
2124
2212
2272
2362
2540
2813
3153
3464
3521
3006
1714
-193
-2197
-3716
-4401
-4249
-3550
-2779
-2416
-2683
-3373
-3997
-4137
-3710
-2926
-2058
-1272
-592
46
737
1494
2183
2558
2446
1929
1330
983
1018
1301
1576
1624
1340
765
60
-582
-1069
-1454
-1845
-2239
-2507
-2507
-2224
-1776
-1340
-1072
-1042
-1178
-1280
-1140
-686
-28
632
1146
1478
1674
1794
1865
1875
1786
1564
1240
923
730
685
686
572
245
-268
-855
-1380
-1750
-1950
-2039
-2114
-2208
-2253
-2146
-1840
-1400
-959
-621
-412
-268
-82
225
641
1044
1282
1267
1045
740
464
264
110
-70
-321
-625
-898
-1049
-1060
-994
-941
-949
-990
-985
-856
-591
-243
92
337
480
575
699
899
1147
1368
1504
1562
1581
1603
1637
1670
1661
1577
1441
1319
1271
1284
1321
1380
1489
1647
1836
2071
2391
2781
3173
3518
3782
3792
3201
1760
-340
-2479
-3985
-4515
-4135
-3224
-2347
-2056
-2562
-3533
-4294
-4326
-3584
-2406
-1182
-137
662
1247
1700
2093
2373
2371
1978
1338
794
613
761
959
917
511
-216
-1100
-1911
-2446
-2654
-2667
-2644
-2593
-2386
-1943
-1363
-843
-516
-385
-349
-258
39
624
1397
2100
2488
2505
2287
2006
1733
1455
1159
853
546
249
-7
-183
-312
-513
-887
-1390
-1851
-2100
-2078
-1831
-1455
-1056
-750
-606
-600
-638
-627
-547
-407
-217
18
269
482
603
601
468
226
-69
-335
-509
-593
-636
-699
-813
-989
-1208
-1420
-1549
-1540
-1393
-1154
-864
-545
-224
65
299
481
635
776
907
1028
1146
1264
1359
1394
1353
1253
1121
985
860
766
718
702
692
703
785
945
1122
1257
1383
1589
1892
2235
2599
3031
3528
3974
4308
4549
4596
4029
2412
-142
-2838
-4726
-5330
-4802
-3663
-2592
-2242
-2909
-4214
-5273
-5329
-4273
-2570
-793
711
1798
2421
2618
2528
2298
1977
1559
1138
922
1012
1195
1076
420
-663
-1851
-2854
-3503
-3714
-3523
-3115
-2706
-2347
-1935
-1413
-896
-553
-373
-172
228
869
1671
2481
3088
3284
3007
2419
1801
1344
1047
800
532
241
-53
-358
-693
-1057
-1437
-1804
-2095
-2206
-2037
-1599
-1042
-551
-234
-70
13
69
114
135
123
95
105
204
363
466
377
48
-434
-901
-1193
-1229
-1042
-779
-632
-709
-980
-1325
-1620
-1781
-1753
-1513
-1090
-586
-132
173
298
289
250
295
494
825
1191
1456
1519
1374
1105
840
661
583
581
629
691
735
761
782
796
805
852
1005
1280
1601
1917
2226
2534
2802
3023
3289
3669
4093
4455
4759
4947
4622
3200
577
-2488
-4822
-5696
-5201
-3965
-2761
-2273
-2843
-4164
-5345
-5510
-4415
-2501
-423
1361
2620
3244
3224
2729
2061
1495
1155
1064
1191
1404
1399
835
-366
-1884
-3218
-4030
-4267
-4032
-3477
-2801
-2209
-1794
-1486
-1177
-851
-532
-141
478
1372
2371
3186
3598
3545
3094
2412
1715
1200
927
795
644
379
-3
-470
-1001
-1553
-2024
-2284
-2256
-1948
-1445
-871
-372
-57
63
82
131
258
417
542
609
624
588
487
316
73
-251
-635
-996
-1240
-1319
-1276
-1194
-1127
-1103
-1145
-1265
-1422
-1531
-1514
-1346
-1052
-678
-289
30
203
218
149
116
213
452
767
1058
1218
1185
971
659
377
224
235
378
571
738
828
825
750
673
674
795
1017
1314
1665
2023
2305
2460
2538
2619
2733
2896
3155
3524
3895
4156
4337
4430
4059
2613
-52
-3120
-5314
-5874
-5016
-3559
-2355
-1999
-2681
-4005
-5101
-5159
-3978
-1978
205
2067
3292
3680
3233
2238
1191
534
432
752
1191
1395
1060
46
-1478
-3044
-4162
-4591
-4395
-3768
-2912
-2049
-1410
-1102
-1035
-998
-802
-342
421
1441
2523
3354
3688
3488
2905
2168
1466
936
646
563
552
440
114
-436
-1124
-1799
-2288
-2439
-2194
-1635
-950
-346
35
169
128
39
31
215
604
1045
1269
1059
438
-333
-919
-1125
-996
-742
-594
-680
-980
-1360
-1655
-1739
-1588
-1277
-941
-714
-660
-763
-951
-1102
-1092
-844
-394
109
481
601
479
243
76
99
321
635
884
944
789
486
159
-57
-82
96
410
747
1001
1106
1064
959
931
1074
1373
1743
2104
2389
2536
2534
2470
2467
2568
2741
2982
3297
3605
3787
3841
3806
3473
2338
150
-2533
-4599
-5237
-4543
-3272
-2239
-1936
-2462
-3497
-4398
-4528
-3625
-1917
91
1878
3035
3338
2808
1767
718
119
153
627
1111
1203
705
-347
-1718
-3059
-3992
-4295
-3987
-3265
-2374
-1551
-1014
-856
-954
-1015
-765
-116
828
1865
2759
3295
3365
3020
2424
1767
1212
862
733
729
689
480
34
-612
-1324
-1897
-2161
-2069
-1680
-1110
-510
-40
180
165
36
-50
30
332
811
1299
1557
1400
802
-81
-955
-1516
-1607
-1309
-880
-587
-581
-871
-1347
-1803
-2000
-1802
-1269
-635
-161
-10
-199
-599
-978
-1102
-871
-376
167
544
636
455
136
-132
-204
-53
248
569
766
741
496
157
-104
-174
-20
317
725
1057
1206
1195
1136
1115
1177
1343
1598
1860
2016
2047
2017
1977
1935
1923
1999
2144
2298
2468
2714
2990
3174
3281
3408
3342
2501
555
-1965
-3983
-4726
-4214
-3037
-1943
-1576
-2158
-3294
-4234
-4425
-3744
-2311
-388
1505
2710
2886
2226
1203
262
-232
-66
600
1232
1335
790
-237
-1526
-2805
-3711
-3986
-3665
-2979
-2155
-1407
-965
-939
-1142
-1235
-997
-407
459
1464
2372
2936
3060
2817
2331
1721
1153
792
692
735
750
600
200
-441
-1183
-1790
-2079
-2004
-1632
-1091
-548
-166
-14
-35
-121
-171
-83
208
639
1039
1256
1230
920
296
-540
-1304
-1698
-1627
-1221
-733
-438
-545
-1043
-1675
-2102
-2112
-1709
-1052
-385
23
24
-309
-747
-1058
-1093
-811
-295
238
548
529
264
-64
-289
-317
-126
200
505
650
596
400
160
-11
-13
179
491
791
982
1040
994
914
881
956
1136
1358
1546
1641
1639
1591
1570
1617
1715
1833
1952
2063
2178
2325
2506
2681
2815
2910
2894
2491
1396
-323
-2119
-3306
-3518
-2902
-2001
-1467
-1662
-2406
-3161
-3498
-3325
-2699
-1666
-378
810
1509
1571
1128
486
-2
-97
154
460
573
456
160
-340
-1043
-1796
-2368
-2628
-2567
-2237
-1753
-1298
-1005
-866
-779
-672
-501
-204
251
801
1335
1780
2084
2178
2026
1698
1335
1031
815
684
611
527
365
121
-162
-462
-751
-962
-1022
-919
-716
-473
-240
-73
-9
-18
-32
-21
15
99
240
392
461
390
188
-91
-371
-557
-598
-548
-500
-511
-562
-625
-689
-725
-708
-645
-567
-479
-382
-298
-253
-232
-205
-168
-152
-169
-209
-254
-274
-231
-121
3
84
108
102
92
83
85
122
199
303
385
407
358
267
192
169
200
255
311
353
365
346
313
295
317
385
487
586
643
654
654
684
752
841
930
1007
1053
1060
1043
1031
1041
1078
1140
1215
1247
1166
955
680
440
303
281
322
330
211
-46
-344
-577
-708
-765
-783
-795
-818
-848
-864
-869
-911
-1010
-1121
-1177
-1154
-1076
-983
-907
-877
-882
-875
-829
-761
-706
-662
-599
-513
-428
-354
-282
-214
-151
-83
-13
30
19
-15
-19
31
110
191
254
287
293
302
335
376
398
410
439
491
542
574
582
560
501
426
368
328
283
229
182
148
105
46
-21
-97
-185
-268
-326
-356
-375
-382
-362
-317
-285
-287
-313
-347
-380
-402
-402
-392
-407
-455
-509
-545
-567
-584
-593
-597
-600
-601
-587
-554
-518
-479
-425
-354
-278
-216
-171
-132
-92
-44
20
99
178
238
286
323
348
362
375
404
459
529
599
653
680
686
698
733
788
840
880
908
932
954
972
988
1002
1009
1009
1014
1020
1024
1031
1049
1069
1046
935
738
520
360
308
350
407
370
181
-107
-379
-552
-630
-665
-709
-780
-861
-917
-931
-942
-1005
-1120
-1227
-1264
-1216
-1115
-995
-896
-844
-826
-820
-815
-811
-788
-717
-596
-468
-377
-336
-323
-306
-263
-188
-105
-42
-1
51
133
231
314
368
404
435
472
517
555
565
549
526
521
535
550
560
562
556
537
505
459
400
336
283
250
224
193
154
115
69
8
-66
-144
-208
-246
-256
-254
-267
-320
-394
-457
-492
-508
-521
-535
-557
-574
-568
-537
-505
-496
-509
-528
-541
-539
-521
-488
-447
-412
-377
-339
-305
-276
-243
-198
-145
-94
-42
14
80
153
232
303
361
403
444
500
570
640
702
754
796
829
853
867
864
855
847
850
859
866
871
874
869
857
845
838
839
854
889
941
993
1031
1045
1023
940
793
615
460
365
332
324
273
129
-108
-370
-574
-696
-764
-820
-889
-968
-1033
-1059
-1052
-1048
-1081
-1134
-1165
-1150
-1100
-1032
-957
-885
-820
-759
-703
-669
-656
-640
-591
-509
-418
-341
-275
-217
-161
-102
-51
-15
5
29
86
167
242
292
318
332
348
376
415
447
463
465
472
491
510
520
516
497
465
429
393
358
320
283
251
213
156
76
-15
-100
-170
-221
-261
-310
-375
-445
-502
-535
-548
-553
-554
-554
-554
-553
-551
-550
-553
-554
-543
-523
-503
-497
-501
-513
-530
-543
-546
-535
-508
-464
-410
-354
-306
-271
-235
-190
-132
-61
18
96
167
228
280
325
366
406
453
500
545
576
597
612
630
652
678
705
722
725
722
717
713
714
720
734
750
761
759
745
728
716
721
744
774
791
788
761
715
645
539
410
280
181
129
106
66
-35
-209
-417
-591
-699
-745
-771
-809
-862
-917
-954
-971
-983
-1011
-1042
-1051
-1023
-963
-898
-838
-789
-745
-699
-653
-608
-573
-536
-483
-409
-331
-268
-220
-178
-132
-72
-12
32
56
73
103
158
227
287
327
348
363
378
394
409
418
425
439
459
479
486
477
456
430
398
358
306
247
191
146
113
79
37
-20
-78
-135
-193
-255
-315
-358
-369
-347
-312
-298
-329
-393
-457
-492
-488
-460
-431
-424
-438
-463
-489
-510
-525
-532
-524
-502
-474
-451
-431
-408
-375
-329
-270
-210
-155
-99
-33
38
103
156
197
232
273
324
379
424
453
473
491
513
537
556
573
584
597
611
621
623
617
607
602
604
609
615
620
621
621
619
612
598
586
588
611
651
690
715
716
692
658
621
575
509
419
315
219
143
84
18
-79
-219
-382
-532
-634
-683
-702
-716
-743
-780
-812
-832
-835
-832
-826
-819
-800
-770
-732
-694
-658
-624
-590
-560
-534
-514
-492
-461
-415
-360
-304
-257
-215
-169
-118
-60
-4
41
81
122
171
227
281
326
354
373
382
384
377
359
335
313
298
292
292
291
287
274
252
225
197
177
167
166
164
152
125
86
42
1
-41
-93
-161
-234
-290
-314
-304
-282
-278
-311
-378
-445
-485
-485
-456
-422
-402
-403
-418
-434
-446
-454
-459
-459
-450
-429
-403
-371
-342
-315
-290
-265
-240
-208
-168
-114
-51
8
60
102
138
179
225
273
321
356
381
404
427
452
471
483
489
495
497
497
494
489
485
484
489
498
503
507
506
503
499
497
497
501
510
523
538
550
555
553
546
535
521
506
486
453
399
324
237
151
83
32
-18
-88
-192
-318
-443
-544
-607
-644
-670
-698
-731
-761
-784
-800
-812
-816
-810
-788
-750
-703
-654
-610
-571
-534
-500
-469
-435
-398
-356
-304
-254
-212
-176
-146
-113
-75
-33
5
37
66
101
146
199
252
300
340
375
403
425
440
446
446
443
442
437
426
407
378
339
299
257
214
173
136
106
78
50
20
-13
-41
-64
-83
-105
-136
-172
-202
-216
-209
-194
-189
-210
-252
-298
-331
-343
-343
-343
-355
-378
-401
-420
-430
-432
-429
-422
-409
-391
-368
-340
-307
-268
-222
-176
-130
-89
-49
-7
37
82
125
165
204
249
291
332
360
378
390
405
426
451
474
491
502
509
516
522
527
529
531
536
544
551
555
556
555
552
550
548
549
549
551
551
549
547
542
535
524
510
491
467
439
409
369
319
250
164
76
-2
-59
-100
-139
-194
-269
-357
-436
-495
-530
-550
-566
-586
-609
-630
-648
-662
-674
-684
-687
-678
-658
-631
-596
-564
-529
-495
-460
-424
-383
-337
-284
-229
-174
-126
-82
-40
4
48
89
123
149
171
195
222
251
276
294
305
313
319
324
330
335
340
342
344
339
331
318
301
283
262
236
205
170
135
97
56
8
-47
-99
-140
-166
-185
-207
-245
-292
-339
-366
-371
-361
-349
-351
-366
-389
-406
-412
-412
-406
-402
-398
-396
-392
-385
-374
-362
-351
-336
-319
-301
-277
-253
-222
-189
-159
-130
-103
-73
-40
-5
29
62
95
127
162
201
237
269
294
315
336
355
371
388
403
417
430
439
442
440
431
423
415
409
402
396
387
378
371
366
360
353
346
343
343
352
363
373
379
380
377
371
364
355
342
324
297
255
197
125
45
-32
-94
-141
-181
-227
-286
-360
-435
-499
-540
-559
-563
-562
-560
-562
-563
-568
-572
-572
-568
-554
-534
-506
-477
-449
-425
-405
-387
-368
-346
-318
-285
-248
-209
-172
-137
-106
-72
-35
2
38
69
96
120
144
169
193
215
234
247
254
255
254
254
254
252
251
245
238
229
220
211
198
182
162
139
116
91
62
30
0
-24
-46
-70
-103
-148
-194
-233
-252
-250
-242
-240
-255
-281
-309
-328
-329
-321
-309
-300
-299
-303
-309
-314
-316
-312
-304
-290
-272
-252
-231
-209
-186
-163
-139
-114
-86
-53
-18
18
50
79
103
129
156
185
214
237
255
271
286
302
319
335
347
357
363
370
374
378
383
387
392
395
400
402
404
404
403
400
395
387
377
372
367
366
365
362
358
352
347
341
337
333
330
325
317
307
292
269
238
199
149
91
34
-20
-69
-109
-149
-198
-256
-321
-382
-427
-457
-472
-481
-489
-500
-509
-513
-512
-506
-496
-484
-470
-451
-429
-403
-377
-352
-330
-311
-294
-278
-259
-235
-207
-175
-143
-114
-89
-66
-40
-13
16
46
74
101
127
149
170
189
204
217
228
234
236
235
231
227
220
211
199
185
170
154
131
103
71
36
6
-16
-32
-48
-75
-109
-150
-187
-214
-227
-230
-231
-237
-252
-271
-289
-300
-302
-299
-295
-293
-297
-304
-311
-316
-317
-317
-315
-311
-303
-294
-282
-270
-256
-239
-221
-197
-170
-141
-112
-83
-54
-26
5
36
70
102
132
158
181
199
216
230
246
260
273
283
287
288
284
279
275
273
274
274
275
276
276
276
276
276
277
280
282
284
287
289
289
290
290
287
285
281
276
273
267
258
249
238
227
215
201
187
172
154
129
96
56
11
-31
-66
-92
-116
-142
-178
-222
-269
-314
-347
-367
-379
-386
-390
-395
-400
-403
-404
-405
-404
-399
-389
-374
-354
-331
-309
-291
-273
-259
-244
-226
-204
-178
-148
-118
-92
-66
-41
-17
9
36
58
80
100
117
135
150
164
176
186
192
196
197
197
195
191
187
181
173
165
156
147
138
125
107
84
59
35
16
2
-12
-27
-50
-75
-99
-119
-133
-143
-151
-161
-173
-185
-194
-200
-204
-205
-205
-207
-206
-203
-200
-196
-191
-187
-182
-175
-167
-155
-142
-127
-113
-100
-86
-72
-54
-34
-14
8
30
53
77
99
121
142
162
181
200
217
233
245
258
268
276
283
287
291
294
297
299
299
298
295
289
286
283
281
280
279
276
272
268
264
262
260
257
251
244
238
233
231
232
231
228
221
213
205
200
196
192
188
181
172
166
157
143
122
90
53
17
-13
-35
-53
-74
-104
-144
-189
-232
-264
-288
-301
-311
-321
-327
-334
-341
-343
-344
-342
-337
-330
-319
-304
-285
-267
-251
-237
-225
-213
-198
-181
-162
-142
-121
-102
-83
-63
-41
-23
-3
13
30
46
61
77
92
104
114
123
129
132
133
131
128
121
114
107
98
86
73
55
37
19
4
-11
-24
-37
-52
-69
-87
-104
-119
-130
-139
-146
-153
-160
-166
-174
-180
-185
-189
-189
-188
-186
-183
-178
-175
-170
-165
-163
-158
-154
-147
-142
-133
-124
-114
-106
-96
-85
-73
-59
-47
-32
-17
-1
16
34
51
69
85
100
114
126
138
150
160
169
177
182
186
188
190
189
190
189
189
188
186
185
186
184
182
181
178
176
175
175
177
174
172
169
165
160
157
154
151
146
139
134
127
124
122
121
121
119
113
107
99
94
88
85
81
80
77
69
53
29
-1
-28
-48
-59
-64
-71
-87
-113
-145
-178
-202
-217
-223
-227
-228
-234
-240
-244
-249
-251
-252
-250
-245
-238
-227
-214
-200
-186
-175
-165
-156
-145
-131
-116
-99
-82
-67
-52
-37
-20
-4
12
25
36
45
53
63
71
78
86
89
91
91
87
80
73
62
55
48
41
35
30
20
10
-2
-13
-26
-35
-42
-49
-54
-59
-62
-69
-73
-81
-86
-91
-94
-95
-94
-94
-92
-92
-91
-90
-89
-88
-85
-82
-77
-73
-68
-62
-57
-51
-45
-41
-34
-28
-22
-15
-6
2
12
22
32
43
52
62
74
84
95
104
115
124
133
141
148
153
157
161
163
165
165
164
164
162
160
159
159
159
157
155
153
150
148
145
142
143
140
137
134
128
122
117
111
104
97
90
85
79
74
67
58
50
45
40
38
38
35
32
28
26
23
22
18
17
16
13
10
6
-3
-19
-33
-48
-59
-67
-74
-84
-99
-117
-136
-152
-163
-169
-173
-178
-185
-192
-198
-199
-198
-195
-190
-186
-183
-179
-176
-171
-162
-154
-147
-139
-129
-121
-113
-105
-97
-89
-80
-71
-61
-50
-39
-30
-23
-17
-12
-7
-2
4
8
11
13
11
7
4
1
3
5
5
-1
-12
-24
-34
-40
-42
-41
-43
-47
-56
-67
-77
-84
-88
-89
-90
-90
-92
-92
-94
-94
-93
-92
-88
-85
-81
-76
-72
-69
-65
-62
-60
-55
-50
-45
-41
-38
-37
-36
-34
-30
-24
-17
-11
-3
4
9
13
17
22
27
35
43
52
61
69
75
77
80
83
84
87
91
95
99
100
102
99
97
96
96
96
98
98
97
96
92
90
88
86
85
82
79
75
69
66
62
58
54
49
45
41
36
32
28
24
20
15
13
11
10
7
5
2
-1
-3
-4
-5
-5
-4
-4
-5
-3
-2
-1
-1
-1
1
3
7
10
13
13
13
11
8
8
8
6
6
5
2
-2
-6
-10
-15
-22
-28
-33
-37
-41
-42
-45
-48
-54
-59
-64
-68
-71
-71
-72
-73
-73
-74
-76
-77
-80
-79
-79
-78
-77
-75
-74
-74
-72
-69
-65
-61
-57
-54
-51
-49
-47
-43
-38
-32
-27
-23
-19
-16
-14
-10
-8
-6
-3
1
4
8
11
15
18
19
22
25
28
32
36
40
44
47
50
51
54
57
58
60
62
62
62
61
62
61
61
61
59
58
57
55
53
52
49
49
47
46
44
44
42
40
38
35
33
32
32
31
30
30
29
29
29
29
30
30
32
35
35
37
39
41
42
44
45
43
45
47
47
48
49
48
46
45
42
40
40
38
38
36
34
31
28
26
24
21
18
16
13
11
9
5
3
0
-3
-6
-8
-9
-10
-10
-11
-11
-12
-12
-10
-9
-8
-9
-8
-8
-7
-7
-6
-4
-4
-3
-4
-5
-6
-7
-9
-9
-10
-10
-12
-13
-15
-17
-17
-20
-21
-22
-25
-26
-28
-31
-32
-35
-37
-39
-40
-41
-43
-45
-46
-47
-48
-49
-50
-49
-49
-48
-48
-49
-49
-49
-48
-48
-47
-47
-46
-45
-44
-43
-41
-40
-40
-38
-37
-35
-32
-30
-27
-24
-21
-18
-16
-14
-11
-7
-4
-1
2
5
8
10
12
15
16
18
20
22
23
23
24
24
24
24
24
23
22
21
20
18
17
15
13
11
8
7
6
3
1
0
-2
-2
-3
-4
-4
-4
-6
-6
-5
-5
-4
-4
-3
-2
-1
1
2
4
6
7
8
9
10
10
10
12
12
14
14
13
13
13
13
12
13
13
13
13
14
13
13
12
11
12
11
11
12
11
13
12
12
12
12
11
9
8
8
7
8
8
7
7
6
5
4
3
3
3
1
0
-1
-1
-3
-4
-5
-6
-6
-8
-7
-8
-6
-6
-5
-4
-4
-3
-1
-1
1
3
4
6
8
9
10
11
13
14
15
15
15
15
14
14
13
14
13
14
12
12
11
10
8
7
8
6
6
8
6
7
7
6
6
6
7
8
8
9
10
9
8
9
7
8
7
7
5
4
3
2
1
0
-2
-2
-5
-7
-8
-9
-11
-12
-12
-14
-14
-14
-16
-16
-15
-16
-16
-15
-15
-14
-13
-12
-11
-10
-9
-8
-5
-4
-2
1
1
3
4
6
7
9
9
11
11
11
12
12
13
13
13
13
12
12
12
13
13
11
12
11
11
11
10
9
8
8
7
6
7
6
5
5
5
5
5
6
6
7
6
7
7
7
7
7
7
7
6
5
6
5
3
3
2
0
0
-2
-3
-4
-6
-6
-8
-10
-10
-12
-12
-13
-13
-13
-15
-14
-15
-15
-15
-14
-15
-15
-15
-14
-14
-14
-14
-13
-13
-12
-10
-9
-8
-7
-6
-4
-3
-2
2
3
6
9
12
14
17
20
23
27
29
32
36
38
40
43
43
44
45
46
44
44
42
40
38
35
30
27
22
18
13
7
1
-4
-10
-16
-21
-28
-33
-39
-46
-53
-60
-69
-76
-84
-90
-96
-102
-108
-114
-118
-121
-124
-127
-129
-127
-128
-127
-125
-122
-117
-113
-106
-99
-94
-85
-77
-68
-59
-46
-37
-25
-13
-1
9
23
35
47
60
73
86
99
111
121
131
140
147
154
158
161
162
162
160
158
154
149
143
136
127
119
108
95
87
73
59
45
32
19
7
-4
-13
-22
-31
-39
-47
-56
-66
-76
-88
-101
-114
-128
-142
-157
-170
-181
-188
-192
-191
-187
-174
-155
-132
-100
-62
-20
28
76
124
169
208
238
258
264
256
233
194
140
72
-5
-89
-173
-255
-330
-391
-437
-462
-467
-448
-410
-352
-276
-189
-92
8
109
206
293
370
431
476
506
518
515
499
472
438
402
363
329
301
281
271
270
276
289
305
322
335
342
337
320
291
244
183
109
22
-72
-170
-270
-368
-459
-540
-609
-665
-704
-729
-736
-729
-708
-675
-632
-580
-523
-463
-404
-343
-285
-231
-181
-136
-95
-62
-31
-4
19
41
60
78
96
111
127
141
155
167
178
188
195
201
205
207
208
206
204
199
194
188
181
172
161
151
141
129
121
109
99
89
78
69
58
48
38
27
18
8
-2
-10
-19
-27
-33
-42
-48
-57
-66
-73
-81
-89
-96
-103
-108
-113
-117
-117
-117
-115
-111
-106
-98
-91
-83
-71
-58
-44
-29
-11
6
26
49
71
92
115
132
148
160
167
168
163
152
138
118
94
70
43
19
-6
-29
-48
-67
-82
-95
-106
-116
-124
-130
-136
-141
-146
-149
-153
-157
-162
-165
-169
-171
-172
-172
-169
-162
-153
-139
-122
-100
-76
-49
-22
4
26
48
62
69
73
72
67
61
54
51
51
57
72
93
121
156
196
238
279
318
352
378
394
400
395
378
350
313
268
215
159
101
45
-8
-53
-90
-118
-134
-138
-131
-112
-84
-49
-11
30
67
99
122
135
137
128
109
80
45
7
-33
-73
-108
-138
-162
-181
-193
-199
-198
-196
-191
-185
-177
-170
-164
-159
-155
-153
-152
-153
-155
-157
-159
-160
-157
-154
-145
-131
-112
-86
-53
-15
27
74
123
172
218
260
296
325
343
352
351
340
321
294
260
221
178
133
88
42
-3
-47
-89
-125
-158
-186
-209
-226
-237
-241
-242
-237
-228
-217
-203
-188
-174
-159
-148
-139
-129
-122
-117
-112
-107
-102
-97
-91
-85
-77
-70
-64
-56
-49
-43
-36
-29
-21
-13
-6
5
15
25
35
46
56
66
73
78
82
85
86
85
84
81
79
75
72
69
64
58
52
48
40
32
25
19
11
3
-2
-8
-12
-16
-19
-20
-20
-21
-19
-17
-14
-8
-2
5
14
21
30
39
45
52
57
60
61
63
60
58
55
51
47
41
38
31
26
22
17
12
9
4
0
-2
-6
-10
-13
-17
-21
-25
-30
-34
-39
-45
-50
-55
-59
-63
-66
-67
-67
-66
-63
-58
-52
-46
-37
-28
-18
-7
1
11
21
27
34
39
42
42
41
37
31
24
14
5
-6
-15
-25
-33
-40
-45
-49
-51
-52
-50
-50
-48
-46
-45
-43
-45
-47
-50
-54
-60
-67
-73
-80
-87
-92
-95
-95
-93
-84
-71
-54
-31
-3
28
63
99
138
176
212
247
280
308
332
351
365
373
375
369
359
342
319
293
262
229
193
157
121
87
56
26
1
-22
-42
-59
-75
-88
-102
-115
-128
-143
-158
-174
-188
-203
-217
-229
-239
-246
-251
-253
-253
-248
-242
-231
-218
-199
-175
-146
-112
-72
-27
21
74
127
178
226
269
306
334
353
362
364
356
343
324
301
273
244
214
181
150
117
84
52
20
-11
-39
-64
-84
-101
-113
-121
-126
-128
-128
-129
-132
-136
-144
-157
-174
-192
-214
-238
-262
-285
-309
-330
-350
-368
-384
-398
-408
-416
-421
-422
-419
-414
-403
-388
-371
-350
-332
-312
-292
-274
-253
-230
-201
-162
-110
-46
35
130
238
353
470
579
673
745
788
799
777
722
641
540
429
317
211
119
47
-2
-29
-34
-23
4
38
74
111
142
167
184
194
199
197
191
182
173
160
146
131
115
95
76
54
34
15
-1
-15
-25
-28
-28
-26
-21
-14
-7
-1
4
6
4
-2
-10
-21
-34
-52
-72
-92
-116
-141
-166
-193
-218
-244
-267
-286
-303
-314
-322
-326
-324
-320
-312
-300
-287
-272
-256
-240
-223
-204
-185
-166
-146
-127
-107
-86
-68
-49
-34
-20
-9
0
5
9
14
16
19
24
30
36
45
53
64
73
81
90
96
100
103
103
102
99
92
87
80
72
63
52
42
28
15
0
-15
-32
-49
-65
-82
-99
-110
-122
-130
-135
-138
-138
-135
-133
-128
-122
-117
-110
-103
-95
-86
-75
-64
-51
-39
-23
-8
6
21
36
49
60
72
80
87
93
96
97
97
95
91
85
78
70
61
53
44
34
24
15
4
-5
-16
-26
-36
-48
-59
-71
-83
-93
-104
-113
-120
-127
-132
-134
-135
-134
-132
-127
-122
-115
-108
-101
-94
-87
-81
-79
-74
-70
-67
-61
-55
-43
-27
-9
14
44
78
112
149
185
221
254
283
308
327
343
356
362
366
368
367
363
360
354
348
341
335
329
326
325
324
326
331
336
342
345
343
335
319
295
259
212
156
90
20
-54
-128
-198
-263
-319
-362
-396
-418
-428
-429
-422
-405
-385
-357
-326
-292
-255
-217
-178
-138
-99
-61
-27
2
27
48
64
76
82
89
93
97
102
109
118
131
148
168
191
214
239
261
281
296
307
308
301
286
260
226
184
135
81
25
-30
-85
-136
-181
-219
-249
-271
-286
-294
-296
-292
-286
-277
-267
-255
-245
-232
-220
-208
-194
-179
-163
-146
-130
-116
-103
-93
-90
-92
-98
-111
-128
-147
-166
-181
-190
-191
-180
-155
-116
-63
2
77
159
244
323
395
455
498
523
529
514
481
434
375
306
234
160
87
19
-44
-102
-153
-198
-238
-273
-304
-331
-354
-372
-384
-392
-394
-389
-378
-363
-343
-320
-294
-268
-240
-214
-189
-165
-144
-124
-106
-92
-77
-66
-56
-47
-40
-33
-27
-20
-13
-5
3
13
26
38
51
66
81
96
109
122
133
142
151
157
160
162
165
165
165
166
167
170
174
177
183
190
199
209
220
232
245
257
270
281
289
295
296
294
284
274
256
235
209
180
151
118
87
56
27
2
-22
-42
-59
-72
-82
-89
-93
-94
-94
-94
-90
-84
-80
-73
-67
-60
-53
-48
-43
-39
-37
-39
-42
-46
-54
-61
-68
-74
-77
-76
-71
-62
-46
-27
-6
18
41
63
80
92
99
98
89
75
55
32
8
-16
-40
-59
-76
-89
-96
-101
-103
-103
-102
-101
-103
-106
-111
-119
-128
-137
-145
-153
-159
-162
-162
-160
-155
-148
-141
-133
-126
-121
-116
-115
-114
-116
-117
-120
-123
-126
-127
-127
-127
-126
-122
-120
-116
-114
-111
-107
-104
-100
-96
-92
-88
-80
-72
-64
-52
-40
-27
-12
3
18
32
47
60
72
84
93
104
112
119
126
131
137
142
146
149
150
150
151
148
146
142
138
134
129
123
120
116
112
108
105
103
97
92
85
75
65
51
37
22
7
-8
-21
-34
-42
-47
-49
-49
-43
-37
-29
-19
-8
5
15
25
34
42
49
55
59
66
70
74
77
80
83
84
85
86
87
85
83
82
79
77
75
71
68
63
58
52
44
36
24
9
-5
-23
-43
-62
-84
-104
-124
-141
-157
-171
-181
-190
-196
-200
-203
-203
-203
-201
-198
-195
-191
-184
-179
-172
-164
-156
-147
-136
-126
-117
-106
-97
-88
-79
-72
-66
-60
-57
-52
-49
-47
-44
-42
-39
-39
-36
-34
-32
-30
-28
-27
-25
-23
-22
-21
-20
-20
-19
-20
-20
-20
-21
-22
-22
-24
-26
-27
-28
-29
-31
-32
-32
-32
-32
-31
-28
-26
-24
-22
-23
-23
-23
-23
-23
-23
-23
-20
-15
-9
1
11
26
40
57
75
94
113
133
153
174
197
222
247
275
303
331
358
383
403
419
426
426
418
400
376
345
307
268
228
190
156
126
104
89
81
80
86
95
107
121
136
149
163
173
183
192
197
199
198
192
180
161
134
101
62
16
-30
-77
-118
-150
-171
-177
-167
-145
-109
-63
-13
38
83
120
146
160
163
156
143
124
107
90
78
70
64
60
54
44
26
1
-34
-79
-132
-192
-253
-313
-371
-421
-461
-491
-512
-523
-522
-514
-501
-483
-464
-440
-417
-394
-372
-350
-330
-310
-290
-273
-257
-244
-233
-225
-219
-218
-221
-225
-231
-240
-248
-255
-263
-267
-268
-267
-263
-256
-249
-238
-226
-217
-205
-194
-185
-176
-167
-158
-148
-139
-127
-112
-97
-80
-63
-45
-25
-6
11
31
51
68
87
106
124
141
160
177
193
208
223
235
243
252
257
260
262
262
261
257
254
248
241
234
224
213
203
188
175
158
141
122
102
83
63
44
26
9
-5
-19
-29
-38
-43
-47
-50
-52
-51
-50
-49
-47
-44
-41
-37
-32
-27
-21
-13
-4
5
15
24
35
45
53
61
69
76
82
87
92
96
101
105
111
114
117
120
122
123
122
122
117
112
107
99
93
86
78
73
68
63
59
56
51
49
46
43
40
38
35
32
30
29
30
30
35
38
43
49
55
60
65
69
71
73
74
75
73
73
73
72
74
76
78
82
88
94
100
106
113
120
126
129
133
136
137
137
136
135
131
128
124
120
114
108
102
94
87
76
67
57
46
32
19
4
-13
-30
-50
-68
-87
-106
-125
-143
-159
-172
-185
-196
-204
-209
-211
-213
-212
-210
-208
-204
-199
-195
-190
-184
-179
-173
-168
-162
-155
-148
-140
-131
-122
-113
-103
-95
-84
-73
-62
-52
-41
-31
-19
-11
0
11
22
31
42
51
60
69
78
87
96
105
112
120
129
138
144
149
154
158
161
161
159
156
153
146
142
135
128
123
116
113
108
104
102
99
97
96
97
98
103
108
116
125
137
150
166
182
197
213
227
239
247
251
251
247
237
224
206
183
155
126
93
58
20
-19
-60
-103
-144
-185
-226
-261
-294
-322
-345
-362
-372
-376
-374
-369
-360
-351
-340
-331
-325
-323
-324
-329
-335
-342
-348
-354
-354
-351
-343
-330
-310
-287
-263
-239
-216
-195
-177
-162
-154
-145
-137
-130
-118
-100
-77
-44
-4
43
98
159
224
290
357
420
478
533
580
622
658
689
715
738
759
777
792
804
811
813
808
795
772
740
696
640
575
503
423
339
253
168
87
12
-58
-119
-171
-216
-253
-282
-307
-325
-340
-350
-360
-366
-368
-370
-368
-363
-354
-342
-326
-308
-287
-263
-237
-210
-182
-154
-129
-104
-81
-63
-46
-33
-23
-17
-15
-14
-16
-20
-26
-34
-42
-50
-58
-68
-76
-83
-90
-98
-106
-113
-121
-128
-135
-142
-148
-153
-157
-158
-158
-152
-147
-137
-123
-107
-89
-70
-51
-31
-15
-1
10
17
19
18
14
7
-2
-13
-24
-37
-50
-61
-71
-80
-89
-96
-102
-107
-109
-113
-111
-110
-107
-101
-93
-84
-74
-62
-51
-40
-32
-24
-18
-15
-12
-13
-16
-19
-23
-28
-33
-39
-46
-52
-61
-70
-80
-92
-103
-113
-123
-131
-135
-134
-126
-113
-91
-63
-29
9
48
89
128
161
188
206
215
216
207
189
167
140
112
83
57
34
14
-2
-13
-25
-32
-38
-45
-53
-61
-69
-78
-88
-99
-108
-116
-123
-130
-136
-140
-145
-150
-153
-155
-160
-163
-167
-170
-170
-172
-171
-169
-166
-160
-155
-148
-142
-134
-125
-117
-109
-101
-93
-85
-79
-71
-63
-55
-50
-44
-39
-36
-34
-35
-35
-38
-42
-47
-53
-59
-66
-71
-76
-81
-84
-85
-86
-85
-84
-82
-79
-77
-74
-71
-67
-64
-59
-56
-51
-47
-43
-38
-34
-32
-29
-29
-31
-32
-34
-38
-42
-46
-50
-53
-56
-57
-58
-58
-57
-55
-51
-47
-41
-34
-25
-15
-4
9
23
40
56
75
91
107
123
137
148
159
167
173
176
177
176
173
167
160
150
142
131
120
109
98
89
81
73
68
64
61
60
59
60
60
59
56
52
46
38
29
17
5
-7
-20
-32
-43
-51
-59
-63
-65
-64
-61
-58
-51
-43
-34
-22
-11
0
14
27
41
57
71
87
101
114
126
135
141
145
143
138
129
116
99
79
59
37
14
-7
-27
-48
-66
-81
-94
-105
-114
-122
-125
-127
-124
-117
-106
-89
-65
-36
0
43
92
146
204
264
324
384
439
488
531
563
585
595
593
579
553
514
466
410
348
282
214
147
81
20
-37
-88
-131
-166
-195
-214
-225
-232
-231
-227
-217
-205
-192
-179
-165
-152
-139
-127
-112
-98
-81
-61
-35
-7
27
65
105
146
187
223
254
278
292
297
292
278
254
225
190
155
117
82
50
23
1
-16
-30
-38
-43
-46
-48
-49
-52
-54
-56
-61
-65
-69
-71
-75
-75
-76
-73
-71
-67
-62
-59
-55
-53
-51
-51
-54
-58
-65
-71
-81
-90
-101
-112
-122
-131
-141
-150
-157
-165
-171
-175
-181
-184
-186
-187
-189
-188
-186
-185
-181
-177
-172
-167
-160
-153
-144
-136
-126
-117
-107
-95
-85
-76
-65
-55
-46
-38
-31
-23
-17
-12
-8
-4
0
2
5
6
7
8
10
10
11
11
11
10
10
10
9
9
9
8
7
7
7
7
8
8
9
10
14
17
21
24
28
32
35
39
42
43
44
46
47
49
48
49
49
51
52
53
54
55
55
55
55
53
53
51
49
47
46
45
45
45
44
46
47
48
48
49
50
48
48
46
43
39
36
31
25
19
13
7
1
-5
-11
-16
-22
-29
-34
-40
-44
-50
-55
-61
-65
-69
-73
-77
-82
-85
-88
-91
-93
-94
-97
-98
-98
-99
-97
-96
-94
-91
-89
-86
-81
-76
-72
-68
-61
-56
-49
-43
-35
-28
-22
-14
-8
0
6
13
21
28
37
46
55
64
75
87
99
111
123
133
142
149
152
153
149
143
135
121
106
90
72
54
37
21
6
-6
-18
-25
-31
-34
-34
-30
-25
-19
-10
0
13
25
38
51
63
73
80
87
90
91
88
82
75
64
52
39
27
15
6
-1
-4
-3
0
7
19
35
50
68
88
106
123
140
155
168
179
189
196
203
208
211
213
215
213
210
204
196
183
169
152
131
108
84
58
33
10
-11
-28
-42
-51
-54
-52
-46
-35
-19
-2
15
34
52
68
83
93
102
106
109
107
105
101
96
90
85
79
73
68
62
58
53
48
43
35
29
22
10
-1
-13
-28
-45
-62
-81
-99
-121
-141
-160
-178
-193
-208
-218
-225
-228
-228
-223
-216
-206
-192
-175
-158
-137
-116
-95
-74
-53
-31
-12
5
20
33
44
54
60
64
67
67
66
64
62
59
56
51
47
44
39
35
31
26
19
13
5
-2
-11
-18
-27
-36
-43
-50
-57
-63
-69
-72
-76
-77
-80
-84
-87
-89
-93
-96
-101
-105
-110
-115
-120
-124
-128
-133
-137
-141
-146
-150
-154
-158
-162
-165
-168
-172
-174
-174
-174
-174
-172
-169
-165
-160
-155
-149
-144
-137
-131
-126
-121
-115
-111
-108
-103
-101
-98
-95
-92
-89
-85
-82
-78
-74
-70
-64
-56
-48
-38
-26
-12
4
22
41
62
85
109
133
157
180
200
221
236
249
260
263
264
261
251
237
221
198
175
147
117
85
53
20
-12
-44
-74
-101
-127
-149
-169
-185
-199
-209
-216
-219
-220
-217
-214
-207
-199
-190
-180
-169
-158
-148
-139
-129
-122
-114
-109
-103
-99
-96
-95
-92
-92
-91
-91
-90
-90
-90
-90
-90
-89
-88
-87
-85
-81
-78
-73
-68
-61
-53
-45
-35
-26
-15
-3
7
19
31
43
55
67
79
90
100
110
120
129
138
145
154
162
170
179
188
198
210
222
234
245
259
270
279
288
295
299
299
296
288
276
261
241
218
191
161
127
92
55
16
-23
-62
-102
-141
-178
-213
-245
-273
-297
-314
-327
-334
-335
-328
-315
-297
-271
-241
-205
-167
-126
-84
-40
2
42
79
113
142
166
184
196
201
200
193
181
163
142
117
91
62
34
6
-21
-44
-64
-82
-96
-105
-111
-111
-108
-100
-90
-74
-57
-38
-18
5
26
50
71
92
112
129
145
158
169
176
182
186
185
183
179
174
167
161
155
150
147
148
150
156
166
181
199
219
244
271
299
329
358
386
411
434
452
466
473
475
469
456
438
412
382
345
304
261
216
168
120
74
27
-15
-56
-92
-126
-155
-182
-205
-227
-245
-261
-276
-288
-302
-314
-325
-335
-346
-355
-364
-372
-379
-384
-389
-393
-395
-395
-393
-392
-387
-382
-374
-365
-354
-344
-330
-315
-299
-283
-265
-247
-228
-209
-189
-170
-151
-133
-115
-97
-80
-66
-52
-38
-26
-15
-5
4
11
17
22
26
28
32
34
35
36
37
37
37
35
35
35
33
31
30
28
27
24
21
20
17
15
12
8
5
2
-2
-4
-7
-10
-14
-15
-19
-18
-19
-18
-17
-16
-15
-15
-13
-12
-12
-12
-12
-13
-14
-15
-15
-16
-17
-17
-16
-15
-13
-11
-7
-3
2
7
12
18
24
29
34
39
42
44
46
45
44
41
37
31
27
20
15
9
3
-1
-5
-8
-9
-10
-8
-7
-5
-1
3
7
11
17
20
26
29
34
38
41
44
48
51
54
54
57
58
60
61
63
65
66
67
68
70
70
70
70
70
70
68
66
63
60
57
53
50
47
44
40
38
37
34
34
34
35
37
40
43
48
52
58
65
72
80
87
95
103
112
118
125
131
137
140
142
145
145
145
143
139
137
133
128
124
119
115
112
111
110
110
111
115
119
124
128
133
137
142
144
147
150
150
150
149
149
147
146
142
139
137
133
129
126
121
113
107
97
87
76
61
47
31
14
-3
-22
-41
-60
-78
-96
-114
-129
-144
-158
-171
-182
-191
-199
-206
-211
-215
-219
-219
-218
-219
-218
-215
-212
-209
-206
-202
-199
-196
-193
-191
-189
-186
-183
-181
-178
-175
-171
-167
-161
-155
-148
-140
-131
-122
-112
-104
-93
-83
-71
-60
-50
-38
-27
-16
-4
6
18
29
41
52
62
73
81
88
93
97
98
97
93
88
81
73
66
58
52
46
43
40
40
41
42
44
46
48
48
48
47
47
47
47
50
55
61
72
84
97
109
121
130
133
129
117
97
68
30
-15
-67
-122
-177
-232
-282
-326
-363
-389
-405
-411
-410
-399
-382
-360
-334
-308
-281
-255
-228
-207
-183
-162
-141
-118
-95
-68
-40
-12
18
49
80
107
132
152
167
174
177
172
161
146
127
106
85
65
47
34
24
19
20
27
36
51
68
86
104
122
140
155
168
180
188
195
200
203
204
206
206
205
204
202
199
195
190
186
180
173
165
158
149
140
132
123
113
104
95
85
77
67
59
50
43
35
29
23
17
13
10
7
6
4
4
3
2
1
-1
-3
-7
-13
-20
-27
-38
-48
-60
-72
-85
-97
-109
-120
-131
-141
-150
-158
-165
-172
-177
-182
-187
-191
-194
-196
-198
-199
-199
-198
-197
-192
-188
-184
-177
-172
-166
-159
-153
-147
-142
-136
-130
-126
-121
-117
-114
-111
-108
-104
-102
-100
-99
-98
-97
-95
-94
-93
-91
-89
-88
-86
-84
-84
-82
-81
-80
-80
-81
-82
-82
-81
-82
-81
-79
-76
-72
-67
-61
-54
-48
-38
-28
-21
-11
-1
8
19
28
39
47
58
68
76
83
90
96
100
105
108
109
113
114
115
116
118
119
120
123
125
128
131
133
136
139
141
143
145
146
148
150
152
154
155
159
160
162
165
166
169
170
171
172
171
170
169
167
164
161
156
152
147
141
136
129
122
116
108
102
95
88
80
72
66
57
49
42
34
27
20
12
7
1
-4
-8
-12
-15
-19
-23
-26
-28
-31
-35
-39
-41
-46
-49
-53
-58
-62
-65
-68
-71
-74
-76
-79
-79
-81
-83
-84
-85
-86
-86
-88
-88
-88
-88
-89
-87
-86
-84
-83
-81
-79
-75
-73
-70
-68
-65
-63
-61
-58
-56
-55
-52
-50
-47
-46
-44
-40
-38
-34
-31
-28
-24
-21
-18
-16
-13
-12
-12
-12
-13
-16
-17
-21
-25
-29
-34
-39
-43
-48
-52
-55
-58
-62
-64
-65
-66
-68
-68
-68
-68
-68
-66
-66
-66
-66
-65
-65
-65
-64
-65
-65
-63
-63
-61
-59
-59
-57
-54
-53
-51
-48
-46
-44
-42
-39
-37
-34
-33
-31
-27
-25
-21
-17
-15
-9
-5
-1
4
10
15
19
24
28
31
37
40
42
44
45
47
47
47
47
48
46
46
46
47
47
48
51
54
58
63
70
77
86
94
104
113
122
132
140
147
152
156
159
160
158
155
148
139
129
116
102
84
67
48
28
9
-10
-29
-49
-67
-86
-102
-117
-131
-144
-154
-162
-171
-175
-178
-182
-181
-179
-177
-174
-169
-163
-157
-150
-142
-133
-123
-113
-101
-89
-75
-60
-44
-28
-11
6
26
45
65
83
102
120
134
150
162
173
181
188
190
192
190
186
181
175
167
157
146
134
123
109
95
83
69
55
41
29
17
5
-5
-16
-25
-35
-42
-50
-55
-61
-65
-69
-73
-74
-77
-76
-77
-78
-78
-78
-77
-76
-74
-73
-72
-68
-66
-62
-58
-54
-49
-42
-36
-29
-21
-12
-3
5
14
23
32
42
51
59
68
75
83
90
96
102
107
112
115
117
118
120
120
118
116
114
110
107
102
98
93
87
82
77
71
65
59
54
47
40
34
27
20
12
5
-2
-9
-17
-23
-30
-34
-38
-42
-43
-42
-40
-36
-30
-22
-13
-3
9
23
37
50
66
79
94
105
117
127
134
140
144
146
144
140
134
125
116
103
89
75
59
44
28
13
0
-13
-25
-34
-42
-48
-51
-52
-50
-49
-45
-41
-35
-28
-20
-13
-5
2
9
17
24
31
37
43
49
55
60
64
68
71
75
77
78
77
78
76
72
68
63
58
50
42
32
20
10
-1
-14
-27
-38
-52
-66
-78
-90
-104
-115
-126
-138
-148
-157
-167
-175
-182
-190
-197
-203
-209
-215
-219
-223
-228
-233
-237
-240
-245
-249
-253
-256
-261
-263
-267
-270
-269
-271
-271
-271
-269
-267
-265
-261
-256
-251
-245
-238
-231
-224
-216
-209
-200
-191
-182
-173
-164
-154
-144
-135
-125
-114
-104
-95
-84
-73
-65
-54
-45
-36
-26
-20
-13
-6
0
2
6
8
11
11
12
12
11
9
7
6
4
2
2
0
0
-2
-1
-1
0
3
5
8
11
17
22
29
35
41
48
56
64
71
79
87
94
101
107
114
118
123
128
131
134
137
137
138
139
139
137
136
136
133
130
128
124
120
117
113
108
103
98
93
89
84
79
76
71
67
63
61
58
55
53
50
48
46
44
42
39
38
35
32
31
27
26
24
21
20
18
16
15
14
15
14
15
16
18
21
22
26
29
32
34
38
42
45
49
51
53
56
58
61
62
63
65
64
65
65
66
67
67
68
69
69
72
73
75
78
80
83
84
87
91
95
97
101
104
108
111
112
115
117
118
119
120
120
119
118
117
114
111
106
103
96
90
85
79
72
66
58
52
45
38
33
28
23
18
14
9
6
2
0
-4
-8
-11
-15
-19
-23
-28
-32
-38
-43
-50
-55
-63
-69
-76
-84
-93
-101
-110
-118
-126
-135
-142
-150
-157
-164
-172
-178
-183
-188
-192
-196
-199
-200
-201
-204
-204
-204
-203
-202
-200
-197
-195
-192
-189
-185
-181
-177
-173
-169
-164
-159
-155
-152
-147
-142
-138
-134
-131
-126
-122
-118
-114
-110
-106
-103
-98
-93
-88
-84
-80
-76
-71
-66
-62
-57
-52
-47
-42
-39
-33
-29
-24
-19
-16
-10
-7
-2
1
5
10
15
18
22
24
29
31
33
36
38
39
41
42
44
45
46
46
47
47
47
46
48
46
46
46
45
45
45
45
44
44
43
42
42
42
41
41
41
40
41
41
40
40
40
41
40
41
42
41
40
40
38
38
37
36
34
32
30
28
24
20
18
14
11
7
3
-1
-5
-10
-13
-17
-20
-22
-24
-26
-28
-28
-29
-28
-27
-26
-23
-20
-18
-15
-12
-8
-4
0
5
8
12
16
20
24
29
31
34
37
40
43
44
47
49
50
51
53
54
55
55
56
57
58
58
58
60
60
60
61
62
63
63
64
65
66
66
67
67
66
67
68
69
69
68
69
70
70
70
70
71
70
71
71
71
71
72
72
71
73
71
70
71
70
68
68
67
65
65
63
62
61
59
58
57
55
55
54
52
51
50
49
47
46
45
44
42
41
39
38
36
36
33
32
30
28
26
25
22
21
19
17
14
12
10
8
7
4
2
1
0
-3
-5
-6
-9
-11
-12
-15
-15
-19
-20
-21
-24
-25
-27
-30
-30
-30
-32
-32
-33
-35
-35
-35
-35
-34
-35
-34
0
0
0
0
0
0
0
0
0
0
0
0
0
0
0
0
0
0
0
0
0
0
0
0
0
0
0
0
0
0
0
0
0
0
0
0
0
0
0
0
0
0
0
0
0
0
0
0
0
0
0
0
0
0
0
0
0
0
0
0
0
0
0
0
0
0
0
0
0
0
0
0
0
0
0
0
0
0
0
0
0
0
0
0
0
0
0
0
0
0
0
0
0
0
0
0
0
0
0
0
0
0
0
0
0
0
0
0
0
0
0
0
0
0
0
0
0
0
0
0
0
0
0
0
0
0
0
0
0
0
0
0
0
0
0
0
0
0
0
0
0
0
0
0
0
0
0
0
0
0
0
0
0
0
0
0
0
0
0
0
0
0
0
0
0
0
0
0
0
0
0
0
0
0
0
0
0
0
0
0
0
0
0
0
0
0
0
0
0
0
0
0
0
0
0
0
0
0
