0
0
0
0
0
0
0
0
0
0
0
0
0
0
0
0
0
0
0
0
0
0
0
0
0
0
0
0
0
0
0
0
0
0
0
0
0
0
0
0
0
0
0
0
0
0
0
0
0
0
0
0
0
0
0
0
0
0
0
0
0
0
0
0
0
0
0
0
0
0
0
0
0
0
0
0
0
0
0
0
0
0
0
0
0
0
0
0
0
0
0
0
0
0
0
0
0
0
0
0
0
0
0
0
0
0
0
0
0
0
0
0
0
0
0
0
0
0
0
0
0
0
0
0
0
0
0
0
0
0
0
0
0
0
0
0
0
0
0
0
0
0
0
0
0
0
0
0
0
0
0
0
0
0
0
0
0
0
0
0
0
0
0
0
0
0
0
0
0
0
0
0
0
0
0
0
0
0
0
0
0
0
0
0
0
0
0
0
0
0
0
0
0
0
0
0
0
0
29
32
34
37
39
41
48
61
79
100
118
134
148
163
177
191
198
205
221
250
276
275
224
130
27
-38
-42
-8
8
-43
-163
-309
-412
-434
-384
-319
-283
-297
-346
-385
-383
-327
-231
-128
-44
-2
5
-2
16
77
167
252
291
268
209
155
144
178
222
235
190
97
-7
-84
-110
-86
-45
-30
-61
-135
-216
-263
-250
-180
-89
-21
-2
-28
-60
-58
-4
96
200
272
287
258
222
224
276
349
396
386
326
244
169
121
103
100
88
51
-25
-155
-339
-523
-609
-547
-390
-266
-280
-438
-641
-744
-648
-377
-93
45
-8
-150
-242
-206
-50
139
261
246
121
-26
-98
-71
22
113
133
44
-127
-282
-319
-216
-46
80
85
-35
-203
-301
-247
-61
147
258
233
114
-8
-49
30
196
356
431
418
379
374
429
547
706
852
916
873
790
775
894
1127
1368
1422
1122
505
-118
-375
-164
262
492
247
-460
-1323
-1883
-1856
-1373
-855
-659
-850
-1246
-1599
-1690
-1421
-892
-350
-18
31
-121
-301
-313
-34
473
953
1132
937
552
270
287
577
939
1105
922
459
-26
-290
-256
-33
194
258
63
-333
-743
-945
-845
-523
-171
10
-79
-367
-640
-683
-427
0
378
537
453
245
95
139
387
715
937
935
735
476
304
294
425
588
642
499
199
-113
-291
-280
-141
-9
3
-151
-421
-678
-774
-660
-412
-183
-98
-213
-509
-846
-998
-800
-339
93
224
-8
-436
-774
-767
-377
157
468
368
-8
-362
-483
-333
-22
264
343
170
-122
-329
-335
-164
85
279
297
106
-166
-309
-208
67
339
450
339
76
-164
-205
-14
267
448
435
263
45
-89
-52
139
353
438
351
163
1
-48
38
210
364
406
317
174
98
173
377
607
752
770
711
699
849
1146
1367
1236
710
80
-262
-153
231
530
429
-158
-984
-1585
-1658
-1314
-928
-782
-903
-1188
-1504
-1676
-1561
-1189
-749
-426
-287
-317
-437
-479
-268
194
676
911
842
620
461
501
752
1084
1278
1181
846
477
254
228
347
499
546
375
6
-400
-657
-685
-534
-327
-215
-306
-575
-858
-967
-823
-511
-204
-40
-60
-194
-301
-252
-23
293
551
654
604
470
361
368
515
714
823
759
552
310
148
123
173
153
-35
-332
-572
-653
-610
-549
-566
-711
-943
-1126
-1134
-975
-769
-621
-559
-570
-630
-665
-581
-372
-132
38
114
117
79
61
135
300
459
520
484
414
365
363
414
477
476
369
209
96
85
149
215
220
153
64
6
7
86
252
466
627
659
611
608
723
921
1146
1363
1516
1550
1533
1587
1629
1360
718
111
-34
209
440
391
-15
-784
-1683
-2176
-1959
-1422
-1182
-1370
-1692
-1963
-2164
-2161
-1810
-1273
-878
-722
-670
-629
-583
-421
-10
565
1003
1082
899
745
821
1100
1436
1684
1698
1391
909
589
595
759
837
779
581
185
-339
-721
-781
-642
-515
-495
-622
-914
-1265
-1443
-1311
-961
-604
-409
-427
-560
-635
-526
-223
180
538
705
665
565
551
657
854
1099
1279
1248
1012
760
629
609
644
700
684
485
145
-171
-408
-630
-817
-865
-794
-772
-915
-1175
-1423
-1563
-1514
-1272
-975
-832
-906
-1048
-1054
-858
-553
-266
-74
3
-5
-1
117
350
582
716
746
709
617
521
516
629
751
754
620
408
176
3
-44
30
110
91
-42
-224
-353
-338
-185
3
137
226
309
403
512
653
838
1047
1226
1339
1419
1535
1683
1823
1974
2065
1798
1002
107
-219
97
508
575
225
-583
-1727
-2573
-2504
-1806
-1334
-1424
-1754
-2108
-2495
-2680
-2340
-1644
-1088
-851
-774
-769
-814
-710
-250
454
1048
1269
1119
855
810
1098
1544
1914
2042
1811
1266
761
647
843
1005
999
843
445
-204
-775
-949
-809
-630
-542
-612
-937
-1422
-1745
-1685
-1325
-886
-561
-492
-661
-842
-812
-529
-71
428
753
767
604
539
659
884
1166
1444
1533
1325
997
796
758
803
899
956
736
147
-542
-941
-917
-653
-435
-503
-945
-1589
-2070
-2095
-1691
-1183
-918
-1010
-1292
-1505
-1481
-1187
-708
-238
9
-10
-125
-134
33
347
726
1016
1053
847
611
561
727
973
1126
1057
752
354
98
123
336
515
504
317
71
-106
-127
38
319
581
703
671
593
631
834
1104
1341
1532
1658
1661
1629
1712
1752
1357
570
12
70
393
478
252
-245
-1089
-2003
-2322
-1886
-1383
-1395
-1718
-1972
-2184
-2388
-2297
-1799
-1265
-1018
-952
-877
-802
-699
-396
141
677
951
912
733
696
955
1372
1692
1795
1662
1291
852
676
849
1057
1029
816
498
31
-467
-695
-599
-450
-455
-591
-835
-1183
-1463
-1456
-1186
-861
-649
-609
-716
-825
-754
-481
-117
239
495
546
434
390
554
828
1065
1235
1293
1168
938
800
823
893
916
859
654
257
-212
-553
-676
-650
-606
-690
-984
-1405
-1749
-1859
-1728
-1460
-1216
-1159
-1296
-1443
-1410
-1168
-818
-469
-219
-131
-154
-133
40
330
622
824
890
832
732
704
796
956
1067
1026
828
571
393
371
469
564
552
420
235
95
81
195
389
583
708
727
692
729
893
1100
1285
1469
1630
1687
1691
1732
1592
988
177
-168
129
518
519
123
-603
-1599
-2392
-2380
-1725
-1270
-1432
-1851
-2181
-2446
-2557
-2246
-1603
-1103
-963
-968
-940
-873
-691
-252
358
838
975
822
630
686
1060
1537
1830
1830
1557
1092
697
678
976
1194
1090
764
324
-206
-644
-728
-509
-323
-369
-614
-997
-1408
-1613
-1453
-1063
-720
-586
-674
-884
-1006
-856
-466
-11
353
523
460
310
323
573
908
1176
1324
1298
1080
830
757
873
1012
1014
772
264
-333
-689
-644
-388
-268
-484
-1009
-1622
-2002
-1931
-1520
-1112
-980
-1147
-1458
-1675
-1608
-1238
-743
-357
-190
-216
-312
-306
-83
300
671
878
875
737
620
676
915
1180
1276
1125
815
539
471
622
829
904
779
509
231
98
202
495
809
977
954
828
753
803
971
1225
1517
1733
1791
1755
1666
1330
609
-121
-279
154
565
476
-82
-943
-1926
-2552
-2351
-1614
-1193
-1436
-1915
-2233
-2418
-2433
-2054
-1394
-925
-837
-878
-825
-697
-449
30
618
994
996
768
611
760
1219
1706
1904
1726
1296
813
527
636
1004
1213
1018
546
7
-488
-788
-729
-431
-250
-390
-757
-1176
-1509
-1588
-1329
-889
-558
-501
-676
-893
-929
-676
-235
201
497
596
503
365
415
723
1088
1299
1326
1220
1008
786
687
712
703
561
339
100
-186
-513
-772
-883
-895
-943
-1109
-1369
-1608
-1719
-1649
-1429
-1175
-1058
-1156
-1322
-1314
-1046
-655
-310
-81
16
2
-13
117
407
721
928
1008
1003
946
900
931
1040
1147
1162
1060
888
728
662
702
775
785
702
579
527
618
819
1010
1115
1137
1104
1059
1089
1258
1517
1754
1890
1780
1203
238
-535
-562
15
522
484
-154
-1226
-2337
-2842
-2422
-1579
-1136
-1341
-1845
-2318
-2616
-2538
-1966
-1195
-701
-625
-750
-839
-768
-430
174
809
1156
1094
791
587
738
1208
1687
1866
1663
1183
639
325
442
824
1051
869
372
-227
-747
-1000
-873
-523
-295
-410
-819
-1313
-1645
-1633
-1275
-796
-470
-439
-650
-906
-955
-672
-168
317
597
615
448
297
376
714
1108
1326
1306
1118
854
595
413
341
366
400
308
2
-461
-891
-1113
-1089
-935
-857
-1024
-1399
-1729
-1770
-1521
-1187
-976
-977
-1135
-1266
-1172
-821
-382
-61
54
19
-41
12
250
613
950
1135
1138
1023
903
892
1037
1268
1420
1365
1122
858
745
816
972
1073
1051
941
832
814
928
1132
1305
1345
1271
1206
1231
1345
1542
1735
1652
1028
56
-638
-637
-174
199
141
-431
-1425
-2432
-2830
-2416
-1711
-1366
-1493
-1830
-2207
-2497
-2434
-1896
-1187
-713
-558
-561
-596
-560
-293
240
821
1162
1172
987
852
963
1302
1643
1759
1588
1211
786
522
556
757
837
642
237
-254
-708
-948
-875
-639
-522
-660
-976
-1324
-1542
-1497
-1188
-798
-550
-540
-689
-811
-735
-423
4
383
604
627
504
419
541
847
1152
1305
1248
986
619
343
279
340
348
227
-6
-325
-685
-974
-1099
-1087
-1050
-1071
-1166
-1310
-1443
-1488
-1395
-1202
-1013
-922
-928
-916
-777
-525
-255
-46
79
126
158
283
553
877
1114
1197
1160
1081
1039
1100
1250
1399
1454
1390
1240
1080
996
1037
1170
1313
1379
1337
1250
1206
1238
1323
1440
1561
1625
1620
1594
1477
1025
222
-471
-572
-193
110
-29
-599
-1472
-2396
-2862
-2539
-1818
-1446
-1646
-2043
-2327
-2484
-2421
-1966
-1280
-781
-630
-614
-549
-428
-204
212
736
1127
1241
1145
1041
1110
1372
1643
1714
1550
1256
937
706
683
813
820
514
24
-417
-717
-870
-852
-730
-710
-920
-1272
-1572
-1692
-1573
-1252
-896
-697
-716
-858
-951
-844
-488
0
411
615
617
508
425
532
863
1241
1402
1265
961
673
492
420
381
267
28
-275
-545
-744
-901
-1062
-1235
-1382
-1464
-1489
-1497
-1501
-1486
-1439
-1364
-1264
-1158
-1061
-956
-777
-516
-259
-81
26
124
258
451
710
991
1189
1246
1228
1232
1287
1338
1366
1398
1425
1398
1305
1210
1181
1231
1298
1324
1315
1322
1348
1358
1369
1444
1557
1621
1648
1670
1463
750
-239
-796
-560
16
260
-66
-866
-1967
-2932
-3114
-2393
-1522
-1288
-1666
-2159
-2532
-2731
-2525
-1811
-987
-546
-495
-531
-526
-455
-185
364
969
1318
1336
1188
1091
1190
1458
1698
1726
1529
1213
889
708
747
855
742
333
-161
-543
-793
-898
-827
-713
-802
-1147
-1530
-1735
-1710
-1480
-1128
-818
-710
-802
-950
-966
-725
-252
255
586
685
624
514
517
768
1161
1386
1275
979
720
555
452
403
366
236
-42
-375
-640
-811
-934
-1017
-1048
-1073
-1183
-1387
-1553
-1547
-1367
-1147
-1008
-972
-1010
-1061
-998
-711
-288
34
133
128
191
374
645
949
1203
1318
1299
1250
1262
1356
1497
1613
1642
1570
1449
1376
1420
1564
1707
1760
1726
1642
1544
1504
1598
1783
1937
2003
1919
1460
492
-573
-998
-576
95
309
-137
-1124
-2410
-3424
-3458
-2517
-1524
-1291
-1708
-2254
-2706
-2939
-2636
-1739
-775
-288
-242
-321
-381
-358
-64
569
1264
1659
1659
1439
1250
1279
1519
1766
1813
1635
1302
924
657
626
708
604
218
-256
-639
-913
-1049
-1000
-899
-994
-1324
-1671
-1833
-1774
-1528
-1179
-888
-794
-879
-975
-897
-562
-68
384
650
722
679
629
709
974
1263
1345
1163
865
608
447
386
389
341
123
-249
-619
-847
-925
-927
-923
-978
-1137
-1378
-1585
-1618
-1454
-1204
-1016
-969
-1023
-1094
-1077
-877
-499
-100
132
180
191
289
486
753
1050
1280
1346
1262
1174
1221
1400
1586
1670
1632
1533
1454
1455
1549
1696
1824
1859
1765
1622
1572
1673
1836
1979
2044
1805
984
-213
-1034
-965
-339
112
-12
-734
-1953
-3236
-3800
-3256
-2195
-1565
-1645
-2072
-2560
-2986
-3029
-2388
-1339
-511
-172
-129
-202
-323
-275
188
959
1631
1916
1824
1547
1330
1345
1559
1777
1835
1676
1319
882
568
465
414
223
-85
-403
-718
-1035
-1256
-1304
-1291
-1372
-1535
-1668
-1723
-1690
-1526
-1254
-1005
-873
-800
-679
-479
-195
154
487
706
804
862
931
1022
1127
1218
1207
1020
714
464
391
427
393
187
-168
-586
-950
-1111
-1018
-837
-840
-1110
-1470
-1702
-1715
-1534
-1240
-973
-879
-973
-1092
-1050
-795
-416
-44
226
356
385
417
552
816
1137
1378
1444
1370
1287
1294
1405
1572
1724
1789
1746
1648
1584
1618
1764
1944
2025
1956
1843
1810
1861
1973
2095
1980
1274
80
-888
-1011
-489
-13
-26
-616
-1755
-3100
-3855
-3489
-2466
-1738
-1670
-1972
-2419
-2932
-3142
-2619
-1543
-572
-65
88
17
-225
-349
28
879
1733
2176
2142
1794
1398
1223
1380
1721
1981
1958
1599
1030
509
242
184
146
34
-160
-491
-957
-1375
-1555
-1533
-1476
-1456
-1461
-1524
-1644
-1686
-1530
-1230
-932
-697
-502
-324
-147
67
342
615
792
858
914
1043
1195
1249
1164
1001
830
675
553
459
334
107
-198
-476
-668
-811
-942
-1056
-1146
-1242
-1348
-1421
-1432
-1387
-1311
-1210
-1109
-1024
-940
-819
-632
-379
-101
118
243
331
458
653
901
1169
1373
1427
1361
1303
1346
1478
1644
1783
1854
1833
1741
1650
1664
1823
2017
2096
2054
1998
1976
1978
2018
1993
1575
590
-524
-1034
-756
-247
-104
-495
-1386
-2633
-3687
-3825
-3009
-2071
-1724
-1906
-2279
-2761
-3179
-3037
-2134
-984
-208
88
85
-135
-403
-289
442
1467
2216
2399
2105
1595
1191
1167
1536
2009
2219
1975
1335
582
58
-88
-13
54
-25
-337
-908
-1549
-1927
-1911
-1701
-1529
-1470
-1533
-1726
-1923
-1901
-1578
-1115
-721
-465
-317
-226
-113
123
497
876
1088
1108
1072
1089
1136
1133
1050
908
718
507
323
192
55
-155
-419
-653
-832
-995
-1150
-1250
-1281
-1291
-1318
-1353
-1380
-1384
-1336
-1215
-1032
-830
-656
-523
-377
-170
71
279
442
613
814
1024
1205
1334
1402
1412
1408
1450
1564
1713
1842
1907
1893
1827
1787
1847
1970
2059
2095
2140
2191
2201
2183
2042
1474
366
-742
-1100
-649
-79
-16
-573
-1653
-3036
-4070
-4009
-2946
-1883
-1596
-1933
-2439
-2984
-3373
-3087
-1966
-648
131
300
148
-185
-496
-310
619
1839
2622
2652
2133
1464
1027
1099
1644
2270
2499
2119
1291
405
-138
-198
26
198
108
-312
-1019
-1760
-2152
-2054
-1720
-1471
-1418
-1546
-1834
-2106
-2064
-1618
-1012
-543
-308
-244
-240
-160
107
533
929
1118
1111
1072
1115
1190
1196
1095
920
714
532
427
374
261
10
-322
-621
-812
-922
-996
-1046
-1088
-1157
-1261
-1347
-1367
-1312
-1196
-1034
-851
-687
-553
-428
-265
-38
220
436
592
740
909
1072
1230
1400
1542
1589
1570
1589
1704
1872
2013
2076
2086
2090
2094
2076
2073
2153
2296
2419
2483
2407
1933
887
-368
-1073
-872
-220
138
-178
-1163
-2613
-3965
-4396
-3620
-2377
-1670
-1761
-2296
-2992
-3596
-3589
-2622
-1127
48
501
394
-26
-488
-505
305
1664
2788
3115
2673
1869
1183
1031
1532
2324
2797
2579
1747
697
-93
-333
-109
204
242
-144
-896
-1752
-2321
-2366
-2026
-1666
-1534
-1674
-2007
-2340
-2391
-2016
-1377
-792
-445
-339
-383
-449
-346
69
694
1219
1413
1326
1135
951
831
853
1021
1168
1109
828
452
82
-246
-472
-528
-464
-459
-633
-932
-1223
-1432
-1524
-1461
-1265
-1064
-974
-995
-1023
-965
-801
-554
-253
57
300
429
493
592
777
1020
1275
1498
1636
1668
1665
1728
1893
2090
2230
2293
2318
2311
2248
2187
2231
2376
2510
2553
2387
1758
568
-724
-1358
-1077
-398
-45
-403
-1512
-3107
-4485
-4788
-3848
-2491
-1691
-1725
-2320
-3174
-3887
-3813
-2639
-920
421
931
727
101
-518
-503
509
2092
3331
3620
3013
1999
1178
1032
1652
2579
3101
2780
1738
504
-344
-520
-183
220
266
-226
-1154
-2132
-2679
-2583
-2079
-1623
-1517
-1785
-2262
-2648
-2615
-2070
-1276
-637
-370
-394
-492
-479
-262
165
705
1173
1406
1397
1252
1065
894
814
874
1005
1028
829
444
4
-368
-601
-669
-618
-583
-678
-909
-1172
-1373
-1457
-1395
-1205
-969
-797
-734
-731
-696
-561
-316
15
370
648
777
809
879
1073
1359
1633
1828
1917
1932
1940
2019
2190
2395
2560
2636
2600
2467
2326
2295
2419
2624
2699
2325
1295
-138
-1266
-1511
-988
-359
-259
-990
-2471
-4147
-5112
-4783
-3517
-2282
-1758
-2013
-2804
-3739
-4168
-3511
-1899
-168
904
1093
589
-182
-567
16
1508
3111
3952
3730
2772
1721
1217
1565
2500
3311
3364
2536
1235
96
-411
-255
189
409
96
-743
-1810
-2635
-2850
-2481
-1940
-1653
-1776
-2192
-2651
-2832
-2503
-1743
-932
-433
-315
-400
-478
-391
-37
560
1186
1574
1623
1439
1182
963
863
932
1098
1163
982
580
91
-357
-675
-805
-765
-691
-737
-947
-1240
-1497
-1629
-1587
-1382
-1100
-859
-746
-729
-707
-590
-351
-22
335
640
819
878
937
1117
1405
1683
1866
1955
1993
2029
2115
2285
2500
2679
2752
2700
2567
2450
2435
2536
2713
2805
2483
1475
-12
-1243
-1588
-1119
-481
-302
-926
-2370
-4151
-5318
-5161
-3942
-2635
-1981
-2105
-2847
-3869
-4486
-3986
-2377
-504
754
1074
604
-247
-772
-279
1263
3033
4047
3918
2947
1810
1201
1499
2481
3410
3581
2803
1459
210
-407
-288
202
510
260
-584
-1726
-2667
-2969
-2605
-1991
-1632
-1736
-2199
-2739
-3001
-2718
-1942
-1070
-519
-393
-503
-601
-520
-166
435
1084
1513
1608
1462
1231
1010
877
910
1077
1191
1061
673
158
-328
-683
-833
-787
-691
-724
-948
-1273
-1554
-1701
-1674
-1484
-1210
-978
-869
-864
-860
-763
-538
-209
168
506
714
781
827
994
1302
1633
1870
1993
2038
2071
2155
2335
2579
2799
2906
2867
2734
2616
2604
2704
2873
2985
2754
1867
415
-930
-1455
-1104
-473
-217
-709
-2024
-3816
-5211
-5363
-4305
-2943
-2136
-2123
-2769
-3807
-4628
-4432
-2992
-1021
478
1007
634
-241
-932
-670
755
2655
3963
4086
3206
1996
1223
1373
2318
3375
3778
3201
1902
526
-284
-285
225
654
552
-190
-1341
-2426
-2932
-2695
-2064
-1594
-1594
-2015
-2596
-2987
-2865
-2184
-1275
-595
-359
-461
-653
-686
-369
299
1061
1565
1665
1481
1231
1052
1004
1098
1247
1288
1105
734
301
-100
-415
-602
-648
-645
-723
-938
-1222
-1459
-1580
-1573
-1465
-1311
-1180
-1103
-1046
-951
-786
-570
-335
-85
182
437
639
805
1001
1261
1529
1730
1849
1930
2028
2179
2392
2622
2797
2863
2823
2730
2677
2746
2919
3104
3193
3026
2366
1128
-282
-1137
-1067
-451
-18
-256
-1296
-2958
-4630
-5397
-4808
-3413
-2255
-1938
-2427
-3431
-4481
-4826
-3885
-1948
-50
923
788
-73
-991
-1176
-149
1753
3501
4169
3588
2326
1245
1029
1790
2988
3792
3650
2580
1103
-55
-373
82
723
916
393
-688
-1907
-2736
-2814
-2247
-1586
-1367
-1719
-2374
-2930
-3042
-2573
-1708
-882
-467
-488
-680
-729
-480
27
629
1128
1397
1442
1375
1295
1220
1142
1077
1055
1049
978
769
415
-20
-427
-705
-816
-812
-805
-895
-1113
-1402
-1655
-1769
-1705
-1496
-1235
-1043
-989
-1029
-1030
-880
-562
-166
191
425
529
586
718
997
1366
1680
1820
1804
1764
1843
2076
2372
2599
2690
2665
2573
2469
2454
2596
2832
3002
3008
2767
2067
813
-562
-1275
-1007
-294
63
-327
-1453
-3105
-4694
-5318
-4566
-3091
-1988
-1799
-2398
-3471
-4547
-4846
-3776
-1698
252
1138
807
-271
-1304
-1411
-164
1941
3742
4292
3491
2004
818
698
1697
3095
3938
3698
2485
878
-348
-611
28
870
1138
538
-686
-2010
-2854
-2855
-2158
-1383
-1124
-1530
-2301
-2950
-3058
-2508
-1582
-766
-389
-450
-704
-822
-540
149
925
1394
1417
1199
1018
1015
1185
1436
1587
1455
1025
515
170
46
24
-30
-177
-447
-822
-1203
-1435
-1447
-1324
-1236
-1272
-1388
-1492
-1514
-1433
-1243
-985
-737
-563
-438
-284
-64
199
465
710
930
1126
1312
1497
1663
1793
1897
2012
2158
2308
2407
2455
2497
2550
2572
2557
2565
2629
2706
2751
2705
2334
1365
-27
-1095
-1208
-557
64
27
-828
-2349
-4053
-5085
-4784
-3415
-2011
-1439
-1857
-2953
-4196
-4825
-4156
-2255
-87
1218
1153
26
-1289
-1754
-771
1306
3349
4281
3764
2286
838
382
1232
2772
3919
3948
2885
1286
-94
-622
-151
796
1362
1019
-138
-1555
-2580
-2785
-2215
-1390
-948
-1193
-1952
-2746
-3080
-2717
-1855
-986
-512
-500
-737
-930
-814
-278
509
1161
1394
1262
1048
969
1074
1306
1561
1675
1506
1085
632
349
245
194
91
-108
-408
-781
-1130
-1334
-1359
-1302
-1285
-1357
-1470
-1554
-1564
-1483
-1323
-1119
-911
-726
-557
-386
-200
9
254
543
847
1109
1294
1425
1548
1676
1800
1923
2063
2209
2309
2323
2271
2237
2283
2376
2435
2430
2393
2350
2325
2311
2119
1423
187
-1000
-1388
-884
-176
-8
-631
-1899
-3436
-4591
-4679
-3637
-2202
-1311
-1397
-2327
-3606
-4473
-4189
-2610
-467
1115
1371
336
-1165
-1954
-1248
709
2802
3905
3591
2229
703
-4
615
2145
3520
3848
2974
1398
-95
-798
-436
589
1422
1380
364
-1141
-2381
-2757
-2210
-1268
-647
-748
-1478
-2387
-2939
-2797
-2048
-1136
-523
-396
-646
-986
-1095
-773
-95
653
1164
1295
1103
783
585
675
1030
1438
1630
1450
960
387
-37
-198
-134
0
13
-210
-652
-1159
-1527
-1616
-1437
-1144
-951
-990
-1238
-1536
-1679
-1525
-1108
-614
-256
-137
-199
-272
-183
158
684
1195
1479
1472
1306
1192
1271
1532
1842
2049
2060
1898
1677
1539
1587
1812
2075
2187
2064
1799
1571
1531
1710
1917
1753
933
-273
-1126
-1108
-438
171
147
-618
-1872
-3099
-3701
-3355
-2306
-1224
-749
-1158
-2260
-3414
-3818
-3039
-1403
208
967
566
-628
-1740
-1866
-725
1077
2495
2816
2055
820
-89
-104
791
2035
2864
2795
1868
574
-396
-538
127
1039
1502
1158
157
-993
-1716
-1691
-1062
-333
-7
-282
-979
-1694
-2024
-1798
-1173
-509
-125
-137
-456
-833
-974
-719
-167
415
774
812
591
281
84
130
414
783
1038
1045
778
337
-91
-329
-296
-59
194
259
30
-418
-869
-1092
-994
-660
-309
-150
-275
-605
-933
-1038
-824
-382
57
281
212
-38
-242
-196
150
639
1010
1083
880
582
404
473
759
1091
1261
1149
824
498
380
545
881
1162
1201
970
620
369
368
607
924
1124
1093
843
453
46
-223
-215
67
427
592
396
-101
-672
-1033
-1016
-681
-267
-20
-58
-352
-785
-1170
-1311
-1095
-604
-103
121
-65
-549
-1029
-1193
-923
-377
126
322
153
-237
-605
-737
-554
-150
256
448
335
-17
-414
-636
-555
-230
136
322
236
-50
-345
-466
-344
-52
252
427
416
262
76
-19
40
236
470
616
594
422
204
63
68
199
362
453
410
243
23
-146
-187
-98
43
127
83
-81
-283
-416
-426
-327
-200
-124
-135
-213
-311
-383
-398
-355
-275
-208
-195
-246
-325
-372
-349
-274
-200
-174
-192
-218
-214
-184
-153
-146
-166
-192
-205
-193
-170
-153
-150
-161
-188
-219
-239
-230
-190
-137
-92
-74
-81
-96
-90
-45
36
128
205
251
275
293
324
380
459
554
647
719
758
767
756
744
745
759
776
777
756
708
636
551
462
383
318
256
194
118
23
-88
-199
-296
-363
-405
-435
-470
-512
-559
-605
-636
-642
-623
-586
-545
-516
-502
-496
-484
-453
-402
-346
-298
-263
-237
-214
-186
-153
-120
-98
-89
-83
-78
-69
-52
-39
-30
-32
-41
-48
-50
-46
-34
-15
2
12
14
15
21
36
62
98
135
167
193
213
233
254
280
312
350
393
436
468
481
474
450
425
413
418
433
441
424
370
292
206
136
90
63
40
-2
-76
-180
-291
-383
-437
-454
-456
-466
-509
-576
-649
-697
-699
-663
-607
-557
-525
-514
-505
-483
-434
-354
-255
-164
-94
-45
-5
35
89
160
244
322
376
401
409
415
427
447
471
487
483
455
415
376
343
319
304
291
274
243
202
159
129
118
125
138
144
136
124
119
132
164
207
247
275
286
287
287
292
310
340
367
379
362
320
267
220
195
184
172
141
81
1
-84
-153
-199
-224
-240
-269
-316
-378
-445
-494
-517
-508
-483
-461
-460
-478
-496
-496
-464
-403
-336
-278
-243
-222
-202
-171
-121
-59
7
62
98
117
124
133
156
191
228
254
256
238
209
186
177
179
180
171
149
115
78
45
23
9
-2
-13
-27
-45
-63
-77
-79
-69
-53
-38
-27
-22
-13
7
35
68
97
114
120
122
126
135
150
163
166
155
128
94
59
33
16
0
-23
-62
-115
-171
-219
-255
-280
-301
-326
-353
-385
-414
-436
-445
-438
-418
-391
-364
-346
-333
-315
-288
-246
-191
-135
-87
-52
-24
4
38
80
129
172
207
234
252
262
267
271
279
290
299
302
289
261
224
193
174
166
162
150
124
86
46
13
-2
-1
12
28
30
14
-12
-30
-25
11
64
110
131
122
98
84
95
129
172
203
205
180
137
100
79
79
89
91
72
26
-32
-88
-124
-140
-145
-157
-182
-221
-260
-293
-311
-315
-309
-306
-306
-309
-312
-308
-294
-273
-247
-221
-198
-177
-153
-127
-98
-70
-43
-17
10
41
73
102
122
134
140
144
150
161
171
177
177
167
146
123
104
93
88
84
79
66
50
31
10
-8
-18
-15
5
31
43
31
-5
-37
-38
-1
60
111
125
100
57
28
36
77
133
173
174
133
72
26
22
61
107
119
77
-2
-74
-99
-75
-33
-20
-57
-126
-189
-214
-194
-153
-127
-135
-173
-213
-227
-198
-139
-82
-53
-63
-92
-104
-72
-3
74
119
119
88
60
65
109
171
214
218
185
137
103
102
130
167
184
165
119
66
33
34
59
84
91
69
32
-1
-15
-7
11
26
26
17
4
-1
1
7
12
15
25
33
42
46
42
35
33
38
49
62
67
61
50
38
29
27
29
35
34
23
2
-21
-39
-46
-43
-40
-45
-62
-84
-103
-112
-110
-100
-91
-86
-88
-91
-90
-82
-69
-53
-36
-21
-9
2
10
18
26
31
40
50
60
63
61
53
43
36
32
31
31
25
15
-3
-24
-38
-44
-42
-36
-38
-53
-76
-94
-101
-93
-81
-71
-71
-79
-85
-88
-85
-72
-54
-36
-21
-16
-17
-18
-13
2
20
32
34
27
21
19
23
27
27
19
5
-6
-13
-12
-11
-13
-19
-30
-41
-49
-49
-46
-40
-35
-34
-34
-36
-40
-40
-36
-27
-13
1
9
10
6
1
3
15
31
47
56
53
45
32
26
28
37
47
52
47
30
7
-11
-17
-11
1
7
-3
-25
-50
-66
-68
-57
-44
-37
-42
-58
-74
-87
-85
-70
-47
-28
-22
-29
-41
-45
-36
-12
15
36
44
42
35
32
35
48
64
76
78
69
51
35
27
28
32
32
26
9
-12
-30
-38
-38
-33
-28
-30
-43
-58
-69
-70
-59
-42
-27
-21
-27
-34
-38
-31
-15
6
24
35
35
29
21
20
27
41
56
63
58
45
30
19
13
15
19
20
16
6
-5
-19
-29
-32
-28
-22
-18
-18
-21
-25
-27
-25
-19
-12
-3
5
13
17
20
22
25
30
40
48
57
62
62
61
60
60
60
60
62
60
57
51
40
29
20
13
11
7
2
-8
-21
-31
-40
-43
-43
-42
-42
-45
-48
-51
-51
-45
-37
-28
-17
-11
-5
1
8
19
32
43
55
63
68
71
75
80
85
89
88
85
79
73
67
61
55
47
38
28
17
7
-1
-9
-15
-22
-27
-33
-38
-41
-41
-43
-43
-43
-43
-40
-36
-29
-24
-19
-18
-16
-10
-5
4
13
20
21
20
17
15
16
21
26
28
22
13
2
-6
-11
-10
-8
-7
-12
-21
-32
-39
-40
-37
-33
-30
-29
-32
-35
-35
-32
-26
-20
-13
-9
-5
-2
3
8
15
21
27
30
34
38
42
44
46
45
42
40
37
35
31
28
22
12
3
-5
-12
-17
-23
-28
-36
-45
-53
-59
-64
-66
-67
-67
-70
-71
-71
-71
-69
-63
-56
-50
-42
-35
-28
-22
-15
-7
3
12
20
28
32
34
36
36
39
42
45
43
37
29
23
17
15
16
14
7
-1
-12
-20
-24
-23
-20
-19
-21
-29
-36
-39
-37
-30
-22
-19
-18
-20
-20
-16
-11
-4
1
4
3
3
5
7
11
13
12
9
5
3
3
5
6
5
1
-5
-9
-11
-11
-9
-8
-10
-15
-18
-20
-20
-18
-15
-16
-17
-18
-17
-15
-10
-7
-4
-3
-2
1
5
14
19
24
25
25
24
26
32
38
42
42
37
31
27
26
27
28
28
23
16
6
-1
-5
-6
-5
-7
-11
-18
-25
-31
-33
-32
-29
-26
-25
-25
-25
-25
-23
-18
-10
-3
2
7
10
12
15
19
24
28
31
31
29
30
28
29
29
27
26
22
18
16
14
14
13
10
8
3
0
-2
-1
0
1
1
-1
-4
-6
-5
-4
0
3
3
4
5
6
7
9
11
13
14
14
14
14
12
12
11
11
10
9
8
7
4
3
2
2
2
2
1
0
-2
-3
-3
-2
-1
1
2
0
-3
-4
-2
-1
3
6
7
6
4
2
3
8
11
13
13
11
8
7
7
10
11
13
11
7
4
3
3
6
8
9
8
4
3
1
2
3
4
3
1
-2
-5
-7
-8
-9
-9
-10
-12
-15
-17
-18
-17
-15
-13
-12
-12
-11
-11
-11
-7
-6
-3
-1
-1
-1
-1
-1
0
1
2
1
1
0
-1
-1
-1
-1
-1
-1
-2
-3
-4
-5
-5
-7
-7
-7
-8
-8
-7
-7
-8
-7
-6
-6
-4
-3
-2
0
-1
-1
-2
-1
-2
-2
-3
-4
-8
-11
-13
-14
-16
-16
-17
-17
-19
-20
-19
-18
-17
-15
-13
-12
-12
-11
-10
-8
-6
-5
-5
-4
-5
-5
-6
-4
-5
-4
-4
-5
-5
-5
-4
-5
-6
-7
-6
-7
-8
-8
-9
-9
-9
-9
-9
-9
-8
-6
-6
-5
-4
-2
0
0
2
4
4
4
5
5
5
5
6
4
4
3
2
0
1
0
1
1
0
0
-1
0
0
0
1
0
0
-1
-1
-3
-2
-2
-3
-5
-5
-5
-5
-6
-4
-5
-6
-6
-5
-4
-3
-2
-1
-1
-1
-1
-3
-1
0
1
0
1
2
1
1
2
3
4
5
6
6
6
7
7
8
8
8
8
7
6
5
5
5
5
4
4
3
3
2
3
2
3
3
4
4
4
4
4
4
5
4
4
4
5
5
4
4
4
3
4
4
4
4
3
3
2
1
1
1
0
-1
-2
-2
-4
-5
-4
-5
-4
-4
-3
-3
-3
-2
-1
2
4
6
7
8
10
10
13
14
15
16
17
16
15
15
16
16
15
13
12
11
9
7
8
7
5
4
1
0
-1
-1
-1
-2
-3
-4
-4
-4
-3
-3
-1
-1
-1
-1
1
1
2
3
4
4
4
4
4
4
4
4
3
3
3
2
2
1
1
1
1
0
0
-2
-1
-1
-3
-2
-2
-3
-3
-3
-4
-4
-4
-4
-5
-3
-4
-4
-3
-3
-3
-3
-2
-2
-1
-1
-1
-1
-1
0
0
1
1
2
2
2
1
1
2
2
3
1
1
0
-1
-1
-1
-1
-2
-2
-4
-5
-6
-6
-6
-6
-7
-8
-8
-8
-7
-7
-6
-6
-5
-6
-6
-5
-4
-4
-4
-2
-1
-1
-1
-2
-1
0
1
1
0
-1
-2
-2
-1
-2
-3
-2
-3
-4
-5
-6
-7
-6
-7
-7
-7
-9
-9
-9
-8
-8
-8
-8
-7
-6
-7
-5
-5
-4
-3
-2
-2
-1
-1
0
0
1
2
1
1
1
1
0
1
1
1
0
1
1
0
1
0
0
0
1
1
-1
1
0
-1
-1
0
0
-1
0
0
0
0
0
-1
1
0
1
1
0
0
0
0
0
0
0
0
0
-1
-1
-3
-1
-1
-2
-2
-2
-2
-2
-2
-2
-2
-2
-1
-2
-2
-2
-1
-2
-1
-1
0
-1
-1
0
1
2
2
2
3
2
3
3
4
4
4
4
4
4
4
5
3
4
4
4
5
4
3
3
3
4
4
3
2
3
3
3
2
3
2
2
2
1
1
0
1
0
0
0
0
-1
1
1
0
1
0
1
1
1
2
2
2
2
3
2
3
3
3
2
3
3
3
3
3
4
3
3
3
3
2
4
3
4
4
3
4
4
4
3
3
4
4
4
4
4
3
3
2
3
2
2
2
2
2
2
2
1
0
0
1
0
0
0
-1
-1
-1
-2
-2
-1
-2
-1
-1
-1
-1
-1
0
0
0
0
0
-1
0
0
1
0
1
0
1
1
1
1
2
1
3
2
2
3
3
3
3
3
2
2
2
2
1
1
0
-1
0
-1
-1
-2
-2
-4
-3
-4
-5
-4
-4
-4
-4
-4
-3
-3
-3
-3
-3
-3
-2
-2
-1
-1
-1
-1
0
0
0
0
0
0
1
0
0
0
0
-1
0
-1
-3
-2
-3
-3
-3
-3
-4
-4
-3
-3
-4
-3
-3
-3
-3
-2
-2
-2
-1
-1
-1
-1
-1
0
0
0
0
-1
0
0
0
-1
0
-1
-2
-2
-1
-2
-2
-3
-4
-3
-4
-4
-7
-6
-6
-7
-7
-7
-7
-6
-6
-6
-5
-5
-4
-4
-3
-2
-2
-1
-1
0
0
1
1
2
3
3
4
5
4
4
4
5
4
4
5
4
3
3
3
2
2
2
2
1
0
0
-1
-1
-2
-2
-2
-1
-2
-1
-2
-2
-1
-2
-2
-2
-2
-2
-1
-1
-2
-1
-2
-2
-2
-1
-2
-2
-2
-2
-2
-2
-1
-1
-1
-1
0
0
0
0
0
1
1
1
1
2
2
2
1
1
2
1
1
1
1
2
2
2
1
3
1
1
2
2
2
2
2
3
3
3
2
4
3
3
2
3
3
3
3
2
1
2
1
1
1
1
0
0
0
-2
-1
-2
-2
-2
-2
-2
-2
-1
-1
-1
-1
0
0
0
1
1
0
1
1
2
2
2
2
3
3
2
3
2
2
3
2
2
3
2
3
2
2
2
2
1
0
0
1
1
0
0
0
1
1
0
1
0
0
0
0
-1
0
-1
0
-1
-1
0
-1
-1
0
0
0
-1
-2
-1
0
0
0
0
0
0
-1
0
1
0
0
-1
0
0
0
0
1
0
1
0
1
0
0
0
0
0
1
0
1
0
0
0
0
-1
0
-1
-1
-1
-2
-1
-1
-1
-1
-1
-1
-1
0
0
-1
-1
-1
-1
0
-1
0
0
0
-1
0
0
0
0
-1
0
0
-1
-1
-1
-2
-1
0
-2
-1
-1
-2
-1
-1
-1
-2
-1
-1
-1
-1
-1
0
0
-1
0
-1
0
0
-1
0
-1
0
0
1
0
-1
0
0
-2
-1
-1
-1
-1
-1
-1
-1
-1
-1
-2
-1
-1
0
0
-1
0
1
0
0
0
0
0
0
0
0
0
0
0
-1
-1
0
-1
-1
-1
-1
-1
-2
-2
-1
-1
-1
-1
0
-1
0
0
0
0
1
0
1
1
0
1
0
2
1
1
1
1
0
1
0
0
0
0
-1
-1
0
0
-1
-1
0
-1
-1
-1
0
0
0
-1
-1
0
1
0
0
0
1
1
0
1
1
1
1
1
0
1
0
0
1
1
0
0
0
1
1
0
-1
0
-1
-1
0
0
0
1
0
0
0
0
0
1
1
0
1
0
1
1
1
1
1
1
1
1
2
0
1
0
1
0
0
1
0
0
1
0
1
1
0
0
1
1
0
1
0
1
0
0
0
0
0
0
0
0
0
0
1
1
0
1
1
1
0
0
1
0
1
0
1
0
0
1
1
1
0
1
1
1
2
1
1
1
1
0
0
0
1
1
0
0
0
1
1
0
0
0
1
1
0
1
0
0
1
0
0
0
0
1
0
1
0
-1
1
1
-1
0
0
0
0
0
0
0
-1
0
-1
0
-1
1
0
-1
-1
0
0
1
0
0
-1
0
0
0
-1
-1
0
-1
0
0
-1
0
0
-1
-1
0
0
0
0
0
0
0
0
0
0
-1
0
0
1
0
0
-1
0
0
-1
0
0
0
-1
0
-1
0
0
0
-1
0
-1
0
0
-1
-1
0
0
-1
-1
-1
-1
0
0
0
-1
0
0
0
-1
-1
0
0
0
0
0
1
0
0
-1
0
-1
-1
0
0
0
0
0
0
0
0
0
0
0
0
-1
0
-1
0
0
0
1
0
0
0
0
0
-1
0
-1
0
0
1
0
0
0
-1
0
-1
-1
0
0
0
0
1
0
-1
0
1
0
0
0
0
0
0
1
-1
0
1
0
0
0
-1
0
0
0
1
0
-1
0
-1
-1
0
0
1
0
0
0
1
1
0
0
1
1
-1
0
-1
0
0
0
1
0
0
0
0
0
0
0
-1
0
0
-1
-1
1
0
0
0
0
-1
0
1
1
0
0
0
1
0
1
0
1
0
0
0
0
-1
0
0
1
1
0
0
0
0
0
0
0
0
0
1
0
0
0
1
0
0
0
0
1
0
0
0
0
0
0
0
0
0
1
0
0
0
0
1
0
1
1
0
0
1
0
0
0
0
0
0
0
1
0
0
0
0
0
0
0
0
0
0
0
0
0
0
0
-1
0
0
0
-1
0
0
0
0
-1
0
0
0
0
0
0
0
0
0
0
0
0
0
0
0
-1
0
0
0
-1
0
0
0
-1
0
0
0
0
1
0
0
0
0
-1
1
0
0
0
0
0
1
0
0
0
0
0
0
1
0
0
0
0
-1
0
-1
0
0
0
-1
-1
0
0
0
0
0
0
0
0
-1
-1
0
0
0
0
1
0
0
0
0
0
0
0
0
1
0
0
0
0
0
0
0
0
0
0
0
0
-1
-1
-1
0
0
0
-1
-1
0
-1
0
0
-1
0
1
0
0
0
-1
0
0
0
0
0
0
0
-1
-1
0
0
0
0
0
0
0
-1
0
0
0
0
0
0
0
-1
-1
0
-1
-1
0
-1
-1
-1
0
0
-1
-1
0
-1
0
-1
0
-1
-1
-1
0
-1
-1
0
-1
0
-1
0
-1
0
0
-1
0
0
0
1
0
-1
0
0
0
0
1
0
0
-1
0
0
0
-1
0
0
0
0
-1
0
1
1
1
0
1
1
0
-1
0
0
0
0
0
-1
0
-1
0
-1
0
-1
-1
0
0
0
0
0
0
1
1
1
2
1
1
1
1
0
1
1
0
1
0
1
0
0
0
0
1
1
1
0
0
0
0
1
0
0
1
1
0
0
0
0
0
0
1
0
1
1
0
0
0
0
0
1
1
1
2
1
0
0
1
1
2
1
2
1
1
1
1
1
1
2
3
2
2
1
2
1
1
1
2
1
2
2
1
0
2
2
2
2
2
2
2
1
1
1
1
1
2
1
2
1
0
0
0
1
1
0
1
2
1
1
2
1
2
2
3
2
3
2
2
1
1
2
1
2
0
-1
-1
-1
-1
-1
-1
0
0
0
0
0
-1
1
1
1
1
1
1
0
1
0
0
0
0
0
0
-1
-1
-1
0
1
1
1
2
2
2
1
1
2
1
1
1
1
1
0
0
0
-1
1
0
0
1
0
0
-1
-2
-3
-3
-4
-5
-4
-4
-3
-3
-3
-2
-2
-1
0
0
-1
-2
-4
-5
-5
-5
-7
-5
-7
-6
-6
-5
-4
-2
-1
1
3
3
2
0
-1
-2
-2
-3
-3
-3
-4
-4
-5
-4
-5
-5
-4
-3
-2
-1
0
2
3
3
3
3
1
0
-1
-3
-4
-6
-7
-8
-8
-10
-10
-10
-9
-9
-7
-8
-7
-8
-7
-6
-4
-2
-2
-3
-6
-9
-13
-14
-13
-7
-4
-1
1
1
1
3
5
9
13
13
10
6
2
1
1
7
14
21
26
25
20
17
20
29
40
47
49
52
66
88
111
123
121
109
88
62
25
-14
-35
-25
-1
-3
-82
-238
-420
-550
-577
-504
-378
-240
-118
-39
-30
-107
-234
-318
-262
-35
282
547
636
523
282
33
-115
-102
71
342
599
715
613
313
-61
-342
-408
-240
67
357
491
402
117
-250
-549
-661
-542
-252
74
289
306
124
-161
-428
-569
-532
-334
-53
205
349
326
156
-83
-282
-347
-245
-11
258
459
518
419
211
-19
-182
-209
-95
109
313
428
396
228
-15
-241
-366
-346
-196
11
177
222
117
-97
-324
-465
-463
-326
-117
78
192
192
95
-50
-178
-226
-160
6
212
376
431
360
203
35
-69
-70
21
161
283
337
297
173
14
-124
-191
-169
-77
37
118
126
53
-75
-207
-292
-294
-216
-99
0
43
23
-37
-101
-141
-139
-97
-25
59
131
165
153
100
32
-21
-36
-8
44
102
138
140
102
38
-32
-85
-108
-93
-53
-5
26
22
-17
-81
-141
-171
-154
-98
-24
39
69
62
29
-11
-35
-35
-10
34
83
123
136
120
81
36
4
0
26
64
97
104
84
43
-5
-49
-78
-81
-66
-39
-15
-8
-21
-53
-88
-112
-116
-97
-61
-21
7
14
-1
-26
-50
0
0
0
0
0
0
0
0
0
0
0
0
0
0
0
0
0
0
0
0
0
0
0
0
0
0
0
0
0
0
0
0
0
0
0
0
0
0
0
0
0
0
0
0
0
0
0
0
0
0
0
0
0
0
0
0
0
0
0
0
0
0
0
0
0
0
0
0
0
0
0
0
0
0
0
0
0
0
0
0
0
0
0
0
0
0
0
0
0
0
0
0
0
0
0
0
0
0
0
0
0
0
0
0
0
0
0
0
0
0
0
0
0
0
0
0
0
0
0
0
0
0
0
0
0
0
0
0
0
0
0
0
0
0
0
0
0
0
0
0
0
0
0
0
0
0
0
0
0
0
0
0
0
0
0
0
0
0
0
0
0
0
0
0
0
0
0
0
0
0
0
0
0
0
0
0
0
0
0
0
0
0
0
0
0
0
0
0
0
0
0
0
0
0
0
0
0
0
