0
0
0
0
0
0
0
0
0
0
0
0
0
0
0
0
0
0
0
0
0
0
0
0
0
0
0
0
0
0
0
0
0
0
0
0
0
0
0
0
0
0
0
0
0
0
0
0
0
0
0
0
0
0
0
0
0
0
0
0
0
0
0
0
0
0
0
0
0
0
0
0
0
0
0
0
0
0
0
0
0
0
0
0
0
0
0
0
0
0
0
0
0
0
0
0
0
0
0
0
0
0
0
0
0
0
0
0
0
0
0
0
0
0
0
0
0
0
0
0
0
0
0
0
0
0
0
0
0
0
0
0
0
0
0
0
0
0
0
0
0
0
0
0
0
0
0
0
0
0
0
0
0
0
0
0
0
0
0
0
0
0
0
0
0
0
0
0
0
0
0
0
0
0
0
0
0
0
0
0
0
0
0
0
0
0
0
0
0
0
0
0
0
0
0
0
0
0
102
106
111
112
114
115
116
115
113
111
107
102
96
90
83
76
67
56
45
33
22
10
-2
-14
-27
-40
-52
-67
-80
-92
-104
-117
-127
-138
-149
-157
-166
-173
-179
-185
-188
-190
-193
-191
-189
-188
-183
-177
-171
-163
-152
-141
-129
-116
-103
-88
-74
-58
-42
-27
-14
0
14
30
45
58
68
78
88
96
102
109
110
112
114
114
114
111
108
101
92
83
76
67
55
46
34
21
9
-3
-16
-30
-44
-57
-72
-85
-97
-108
-120
-133
-142
-153
-163
-172
-179
-185
-190
-194
-195
-197
-197
-196
-193
-188
-181
-175
-167
-156
-148
-136
-122
-106
-92
-75
-57
-40
-24
-6
15
35
56
78
100
122
145
168
191
211
233
255
279
307
334
359
379
397
413
431
451
472
490
507
516
522
522
519
513
503
491
475
456
433
406
375
337
292
238
177
118
65
22
-17
-62
-119
-184
-250
-309
-358
-398
-432
-463
-490
-513
-532
-552
-570
-586
-597
-597
-587
-570
-548
-524
-500
-478
-456
-435
-410
-381
-344
-298
-249
-203
-160
-124
-91
-57
-20
22
66
113
159
202
239
274
303
330
354
378
403
425
449
468
478
480
472
459
445
434
422
406
385
357
323
283
244
205
163
121
79
36
-4
-41
-78
-116
-158
-201
-240
-275
-303
-326
-344
-364
-387
-410
-431
-448
-458
-465
-468
-469
-469
-467
-461
-455
-447
-438
-426
-411
-388
-360
-329
-298
-268
-240
-210
-179
-144
-103
-60
-16
25
62
95
124
152
178
206
234
260
285
302
311
316
315
314
312
311
312
311
310
306
300
290
277
266
259
260
270
284
298
308
309
308
307
313
327
346
366
382
389
387
379
365
349
329
311
294
274
250
221
179
123
60
-5
-61
-107
-143
-176
-212
-258
-312
-366
-417
-457
-484
-498
-502
-501
-499
-500
-504
-512
-516
-515
-503
-478
-442
-403
-368
-340
-322
-310
-299
-280
-250
-211
-164
-119
-76
-44
-19
1
21
45
80
121
166
209
246
274
294
309
320
333
349
367
383
397
405
402
390
371
348
325
303
283
266
244
215
182
141
99
59
20
-14
-46
-78
-107
-137
-168
-201
-234
-264
-292
-315
-334
-348
-360
-373
-385
-398
-413
-424
-429
-430
-426
-419
-409
-400
-393
-381
-367
-352
-331
-304
-274
-240
-203
-167
-132
-98
-65
-31
10
51
95
138
177
211
238
262
283
302
322
342
360
373
380
379
378
371
363
361
365
371
377
381
380
376
371
372
381
399
425
451
470
482
482
476
467
460
458
457
457
451
436
404
351
281
199
120
51
1
-37
-77
-130
-202
-290
-382
-463
-528
-574
-601
-615
-620
-620
-627
-639
-658
-678
-687
-675
-645
-599
-546
-495
-455
-427
-408
-393
-373
-343
-299
-247
-193
-142
-98
-65
-34
-6
23
60
100
145
193
237
277
311
339
361
385
409
433
458
477
491
498
492
484
473
459
444
424
397
366
333
297
261
218
172
123
76
35
-4
-40
-81
-123
-167
-209
-247
-280
-308
-334
-357
-376
-393
-409
-424
-439
-450
-460
-466
-469
-468
-464
-454
-441
-429
-419
-412
-405
-394
-373
-344
-308
-268
-231
-195
-162
-129
-94
-54
-10
38
87
135
181
221
259
290
317
340
362
382
403
418
428
430
425
416
412
411
416
423
427
425
416
405
403
411
431
464
498
528
548
551
544
532
522
520
526
533
541
536
512
463
383
284
175
81
14
-27
-56
-96
-163
-260
-375
-491
-586
-657
-702
-721
-720
-710
-703
-707
-730
-763
-793
-804
-785
-739
-675
-608
-550
-509
-485
-470
-458
-437
-400
-347
-284
-221
-163
-119
-86
-54
-23
12
55
103
153
203
251
292
324
351
376
400
427
457
486
508
521
518
507
491
477
466
454
439
421
394
361
321
272
215
153
98
48
11
-21
-54
-93
-142
-198
-254
-310
-359
-397
-419
-428
-428
-430
-442
-465
-491
-517
-532
-533
-523
-506
-483
-461
-442
-432
-430
-431
-427
-409
-375
-330
-281
-235
-201
-172
-144
-114
-75
-25
32
95
154
206
249
282
310
337
366
397
430
458
481
489
487
477
466
462
467
477
483
483
473
458
445
442
454
483
522
560
590
600
588
565
546
542
559
586
613
627
618
578
506
404
286
173
90
48
38
28
-12
-102
-233
-378
-509
-610
-675
-707
-712
-700
-682
-677
-695
-741
-795
-833
-836
-802
-739
-667
-601
-548
-509
-481
-457
-436
-406
-363
-305
-241
-183
-134
-94
-58
-17
29
79
127
171
211
246
277
302
328
355
387
423
458
486
503
508
505
497
483
469
454
441
432
420
402
377
342
295
239
176
110
48
-4
-44
-74
-104
-140
-188
-250
-316
-377
-426
-461
-486
-500
-504
-503
-505
-514
-530
-550
-566
-569
-556
-533
-505
-478
-456
-435
-417
-400
-384
-366
-342
-310
-274
-235
-198
-159
-119
-73
-23
30
79
124
163
199
236
269
298
330
366
405
440
462
471
466
452
440
435
438
447
461
479
495
503
507
513
532
566
607
640
650
638
620
611
624
653
689
718
732
720
671
571
415
232
70
-21
-25
27
78
73
-14
-172
-354
-520
-648
-737
-789
-796
-760
-706
-666
-671
-723
-798
-864
-902
-915
-921
-931
-932
-909
-856
-781
-698
-619
-547
-487
-443
-416
-413
-423
-408
-330
-173
44
280
490
636
704
701
655
591
531
501
527
615
742
872
967
993
929
778
583
387
229
132
98
113
154
187
191
153
60
-84
-257
-416
-521
-558
-531
-462
-377
-307
-271
-277
-333
-439
-569
-693
-777
-799
-757
-666
-563
-486
-455
-468
-515
-581
-644
-679
-671
-621
-539
-439
-346
-279
-243
-220
-189
-143
-87
-32
9
20
22
54
143
271
396
487
552
602
629
636
627
623
634
654
672
683
681
667
643
618
618
673
800
979
1183
1390
1573
1692
1712
1643
1529
1424
1377
1428
1587
1790
1916
1853
1531
886
-110
-1345
-2523
-3311
-3542
-3237
-2505
-1517
-562
31
105
-216
-685
-1121
-1392
-1349
-904
-158
634
1225
1452
1210
494
-514
-1500
-2214
-2569
-2551
-2174
-1538
-874
-411
-235
-304
-522
-760
-843
-643
-165
473
1148
1755
2185
2334
2175
1777
1260
733
317
99
95
227
388
492
475
306
6
-343
-640
-807
-793
-572
-178
295
724
1004
1070
915
589
202
-146
-394
-525
-545
-487
-416
-407
-509
-726
-1028
-1351
-1600
-1702
-1631
-1411
-1090
-722
-372
-105
37
65
5
-110
-240
-334
-353
-298
-199
-91
0
37
-10
-134
-299
-452
-551
-562
-468
-285
-68
128
273
355
376
359
345
375
456
573
704
832
928
960
916
820
708
598
501
427
380
356
356
383
437
515
613
738
891
1046
1189
1327
1470
1615
1758
1893
2007
2090
2163
2231
2235
2079
1737
1217
409
-865
-2529
-4083
-4948
-4942
-4266
-3113
-1569
80
1260
1576
1201
619
122
-232
-323
11
669
1246
1409
1099
365
-771
-2128
-3281
-3858
-3828
-3376
-2619
-1635
-657
5
263
285
260
265
374
691
1197
1683
1940
1933
1724
1329
753
112
-431
-793
-984
-1015
-884
-634
-366
-152
7
127
202
235
270
348
471
616
766
918
1030
1031
863
527
87
-371
-771
-1070
-1251
-1322
-1292
-1188
-1052
-936
-884
-901
-954
-990
-964
-864
-694
-467
-197
74
286
380
339
198
18
-157
-306
-424
-509
-547
-546
-530
-524
-538
-557
-563
-546
-495
-396
-235
-20
232
489
709
846
879
830
745
661
583
514
465
438
421
392
340
273
214
188
209
268
353
451
551
643
732
837
962
1099
1227
1338
1435
1521
1601
1683
1760
1822
1879
1935
1962
1933
1876
1840
1791
1634
1339
917
235
-966
-2655
-4251
-5028
-4777
-3840
-2523
-861
959
2312
2668
2173
1426
775
189
-279
-372
-57
277
262
-83
-598
-1322
-2307
-3258
-3725
-3584
-3062
-2317
-1324
-185
762
1277
1447
1474
1402
1213
1023
982
1029
977
777
555
373
148
-181
-531
-785
-921
-958
-851
-558
-137
294
662
952
1130
1135
964
705
459
284
197
215
318
417
391
181
-164
-549
-896
-1168
-1330
-1351
-1226
-1008
-773
-597
-519
-536
-606
-679
-722
-728
-693
-606
-463
-276
-86
64
142
126
15
-157
-347
-510
-613
-639
-588
-483
-373
-302
-291
-325
-370
-386
-333
-194
25
290
562
796
948
994
938
818
682
556
456
389
357
351
352
349
334
315
303
319
373
464
591
744
910
1079
1258
1449
1639
1802
1924
2005
2037
2028
2007
2010
2051
2129
2224
2276
2196
1961
1578
888
-475
-2650
-5039
-6563
-6603
-5460
-3746
-1668
722
2845
3804
3376
2275
1256
410
-391
-880
-714
-166
109
-121
-568
-1109
-1993
-3214
-4200
-4436
-4023
-3310
-2323
-947
551
1643
2135
2265
2208
1873
1263
681
377
246
79
-76
-55
69
38
-245
-614
-908
-1107
-1198
-1056
-604
39
664
1165
1530
1692
1553
1119
553
44
-302
-452
-380
-125
171
319
229
-55
-433
-838
-1212
-1471
-1527
-1356
-1027
-658
-370
-235
-272
-440
-659
-855
-980
-996
-868
-587
-204
171
431
518
427
190
-131
-458
-718
-875
-922
-868
-738
-585
-479
-457
-498
-538
-514
-389
-161
150
490
794
1002
1082
1032
887
696
502
318
147
-8
-128
-194
-196
-131
-5
170
366
537
655
713
737
747
764
808
897
1037
1202
1365
1491
1559
1565
1535
1506
1496
1533
1651
1878
2167
2419
2567
2590
2465
2191
1840
1401
542
-1163
-3573
-5712
-6557
-5972
-4581
-2793
-538
1953
3748
4065
3208
2092
1128
147
-752
-1034
-581
-61
-83
-491
-884
-1380
-2320
-3465
-4123
-4018
-3495
-2794
-1734
-256
1167
2035
2377
2490
2382
1867
1080
446
135
-72
-333
-471
-327
-85
-53
-253
-478
-626
-762
-848
-699
-240
372
938
1414
1797
1962
1751
1194
519
-55
-433
-578
-465
-159
136
231
92
-187
-525
-894
-1247
-1468
-1471
-1279
-999
-723
-499
-372
-373
-473
-590
-671
-711
-720
-671
-529
-307
-82
79
145
116
-6
-200
-431
-652
-838
-958
-971
-862
-671
-476
-333
-243
-179
-111
-24
103
285
512
750
949
1062
1069
972
799
586
368
174
39
-17
13
118
269
433
585
703
778
816
839
861
897
960
1075
1251
1471
1717
1959
2147
2224
2186
2087
1998
1972
2039
2194
2334
2348
2210
1864
944
-1020
-3888
-6545
-7723
-7145
-5509
-3398
-782
2146
4362
4862
3850
2418
1198
29
-1086
-1544
-1059
-322
-175
-571
-963
-1353
-2229
-3517
-4429
-4460
-3918
-3184
-2085
-421
1355
2534
2983
3074
2914
2255
1143
121
-409
-619
-801
-860
-573
-108
106
-73
-394
-657
-903
-1124
-1076
-571
242
1039
1666
2108
2271
1981
1240
323
-449
-924
-1080
-916
-479
41
391
433
220
-145
-607
-1106
-1506
-1644
-1478
-1121
-736
-436
-281
-301
-484
-752
-993
-1124
-1104
-898
-512
-24
407
630
589
317
-105
-573
-980
-1235
-1304
-1201
-958
-636
-329
-125
-58
-80
-118
-122
-75
26
174
357
552
725
830
838
759
629
464
273
80
-63
-115
-69
77
301
561
786
924
961
917
815
698
624
633
737
943
1243
1589
1892
2081
2136
2075
1949
1846
1858
2025
2315
2633
2841
2789
2452
1941
1204
-180
-2552
-5392
-7366
-7510
-6102
-4071
-1798
859
3491
4945
4585
3137
1749
700
-341
-1199
-1232
-495
51
-231
-920
-1419
-1927
-2916
-4078
-4578
-4177
-3367
-2434
-1110
658
2228
2987
3065
2911
2534
1680
547
-260
-507
-544
-648
-643
-344
0
9
-290
-576
-725
-851
-915
-657
22
861
1536
1964
2182
2095
1565
691
-185
-773
-997
-901
-532
-2
457
624
455
80
-368
-835
-1260
-1498
-1426
-1083
-658
-345
-232
-310
-530
-812
-1061
-1195
-1181
-1007
-669
-194
310
681
789
611
225
-266
-760
-1160
-1395
-1425
-1253
-925
-526
-171
42
85
16
-75
-115
-71
50
242
486
741
938
1017
964
815
608
369
140
-31
-106
-71
69
288
541
758
889
928
895
814
721
661
660
718
835
1027
1289
1582
1854
2081
2250
2340
2352
2323
2310
2363
2500
2668
2727
2600
2340
1868
692
-1717
-4987
-7644
-8334
-7100
-4998
-2643
141
3130
5093
5043
3545
1992
932
-59
-1020
-1227
-471
260
10
-904
-1604
-2062
-2924
-4158
-4859
-4516
-3615
-2684
-1512
175
1875
2805
2937
2828
2637
1996
879
-98
-476
-526
-674
-822
-633
-223
-63
-291
-592
-733
-832
-955
-837
-238
659
1444
1940
2203
2200
1769
917
-39
-732
-1036
-1003
-698
-198
294
530
415
59
-381
-832
-1248
-1521
-1506
-1191
-740
-393
-317
-516
-874
-1220
-1405
-1366
-1129
-761
-317
152
555
768
726
464
93
-296
-654
-947
-1150
-1255
-1262
-1162
-954
-692
-465
-328
-253
-162
-27
132
290
452
630
810
950
997
920
732
483
222
-15
-190
-260
-205
-48
162
380
568
690
730
716
698
698
716
754
819
899
975
1061
1180
1320
1445
1565
1707
1881
2052
2199
2311
2392
2465
2576
2704
2744
2653
2447
1868
282
-2641
-6045
-8222
-8170
-6437
-4138
-1603
1336
4059
5231
4403
2677
1337
481
-358
-918
-545
447
825
40
-1134
-1894
-2502
-3510
-4563
-4792
-4079
-3079
-2109
-836
794
2132
2647
2627
2583
2430
1793
831
142
-76
-204
-496
-695
-552
-312
-352
-638
-855
-919
-974
-975
-638
135
1041
1724
2100
2237
2070
1492
624
-177
-631
-707
-508
-127
308
569
483
102
-344
-720
-1095
-1564
-2013
-2172
-1885
-1284
-645
-151
149
223
21
-416
-915
-1269
-1358
-1142
-625
79
710
988
809
313
-281
-802
-1163
-1309
-1218
-956
-642
-375
-214
-178
-230
-271
-186
61
388
687
895
1014
1051
1005
901
802
761
772
775
711
567
385
227
162
225
411
670
921
1102
1194
1224
1230
1249
1335
1539
1858
2238
2609
2913
3094
3119
3052
3001
2970
2855
2617
2266
1501
-359
-3566
-7088
-9108
-8673
-6499
-3841
-1111
1810
4312
5154
4026
2153
858
226
-271
-478
142
1174
1346
147
-1526
-2702
-3513
-4492
-5357
-5310
-4273
-2971
-1818
-546
943
2110
2510
2464
2504
2535
2107
1276
598
313
98
-298
-643
-674
-586
-731
-1078
-1311
-1323
-1250
-1094
-622
249
1224
1919
2228
2240
1967
1346
491
-278
-681
-686
-429
-73
223
273
-34
-589
-1121
-1446
-1581
-1627
-1592
-1398
-1025
-580
-227
-73
-134
-364
-671
-950
-1135
-1214
-1186
-1022
-695
-269
107
290
242
21
-279
-570
-776
-861
-826
-699
-519
-331
-211
-223
-358
-516
-574
-463
-189
180
569
907
1141
1228
1160
991
810
674
576
482
391
313
241
172
141
198
346
536
721
887
1030
1145
1237
1331
1457
1649
1926
2267
2593
2805
2855
2779
2671
2622
2622
2564
2387
2156
1793
734
-1682
-5154
-8048
-8659
-6906
-4201
-1706
607
2897
4327
3929
2178
660
184
179
93
344
1252
1899
1100
-895
-2672
-3506
-3966
-4575
-4845
-4175
-2917
-1858
-1098
-195
846
1515
1680
1829
2233
2467
2094
1360
808
520
189
-240
-487
-459
-452
-700
-1046
-1228
-1231
-1150
-893
-287
590
1403
1885
2028
1907
1528
928
296
-101
-156
44
334
534
489
122
-470
-1057
-1429
-1524
-1406
-1175
-917
-728
-676
-745
-835
-858
-801
-702
-593
-511
-502
-587
-684
-670
-486
-217
0
75
-6
-214
-489
-736
-862
-820
-648
-425
-234
-153
-226
-423
-639
-736
-612
-275
184
648
1024
1257
1313
1195
982
805
742
773
830
854
824
716
536
336
204
194
303
496
724
957
1168
1349
1506
1658
1846
2111
2441
2767
3020
3162
3185
3122
3018
2857
2569
2183
1814
1289
-83
-2826
-6187
-8248
-7702
-5247
-2678
-814
838
2451
3093
2128
561
-55
447
1013
1190
1566
2217
2029
246
-2161
-3616
-3882
-3938
-4238
-4183
-3385
-2419
-1893
-1543
-839
77
707
1093
1686
2448
2758
2325
1609
1137
859
481
52
-155
-174
-330
-746
-1184
-1420
-1472
-1393
-1062
-377
482
1167
1493
1520
1374
1103
750
452
360
502
739
881
792
447
-105
-762
-1351
-1678
-1659
-1404
-1118
-914
-771
-691
-768
-1054
-1408
-1573
-1420
-1053
-671
-404
-259
-207
-203
-203
-188
-186
-249
-391
-565
-708
-797
-846
-861
-824
-726
-609
-555
-607
-729
-816
-767
-540
-172
240
597
847
989
1033
986
894
838
857
906
915
857
753
613
450
305
226
226
288
402
563
749
941
1130
1328
1548
1802
2107
2445
2755
2975
3087
3119
3107
3081
3001
2751
2300
1797
1247
110
-2261
-5433
-7592
-7159
-4624
-2047
-696
-4
858
1424
875
-209
-327
825
1965
2180
2031
2154
1867
245
-2047
-3348
-3179
-2714
-2943
-3443
-3417
-2998
-2763
-2611
-1971
-845
157
772
1346
2047
2454
2223
1691
1413
1436
1389
1110
776
492
115
-439
-992
-1322
-1399
-1310
-1055
-596
-33
429
670
744
774
825
875
919
982
1097
1226
1265
1116
753
245
-301
-764
-1037
-1109
-1090
-1125
-1230
-1318
-1323
-1295
-1317
-1352
-1290
-1084
-820
-595
-447
-354
-285
-216
-142
-78
-75
-160
-298
-411
-467
-495
-541
-601
-646
-658
-666
-701
-766
-827
-829
-717
-466
-113
242
522
727
877
971
1007
1019
1074
1193
1313
1350
1266
1081
849
632
480
410
420
484
570
655
758
900
1070
1256
1492
1834
2265
2680
2998
3221
3367
3417
3368
3225
2953
2572
2224
1857
845
-1534
-4785
-6911
-6277
-3645
-1478
-1083
-1422
-1122
-490
-560
-965
-326
1443
2734
2538
1758
1509
1307
137
-1497
-2059
-1348
-903
-1816
-3306
-4033
-3851
-3453
-3017
-2180
-1065
-348
-214
-70
519
1231
1609
1764
2038
2318
2189
1606
982
640
494
316
50
-259
-616
-1000
-1261
-1226
-887
-432
-64
151
264
344
414
485
623
906
1290
1583
1567
1183
575
-18
-402
-511
-458
-477
-738
-1187
-1620
-1892
-2011
-2035
-1949
-1729
-1434
-1186
-1041
-952
-827
-594
-248
137
405
409
151
-206
-454
-520
-480
-455
-512
-639
-786
-912
-998
-1041
-1021
-907
-688
-406
-128
95
264
415
573
729
856
938
1018
1142
1288
1370
1318
1165
998
855
725
623
593
641
719
787
853
945
1074
1256
1511
1814
2116
2406
2698
2978
3197
3316
3290
3053
2660
2270
1742
421
-2056
-4626
-5337
-3597
-1294
-772
-2031
-3025
-2588
-1681
-1368
-1054
198
1671
1839
796
169
632
1005
363
-439
-309
129
-576
-2382
-3695
-3546
-2658
-2096
-1944
-1794
-1702
-1868
-1912
-1249
-14
1027
1439
1498
1560
1580
1428
1289
1431
1765
1893
1554
852
104
-434
-655
-576
-325
-116
-148
-440
-770
-841
-561
-102
310
597
779
840
750
596
551
670
804
752
443
-56
-623
-1100
-1311
-1219
-1031
-1042
-1332
-1690
-1865
-1817
-1643
-1408
-1131
-864
-688
-596
-489
-312
-122
-8
21
9
-27
-94
-171
-200
-160
-109
-154
-328
-548
-677
-642
-463
-222
-10
118
173
221
338
532
747
945
1119
1261
1329
1316
1286
1311
1370
1378
1299
1182
1096
1065
1092
1174
1296
1425
1545
1659
1791
1958
2168
2399
2622
2804
2859
2703
2414
2214
2006
1113
-911
-3132
-3696
-2064
-152
-256
-2141
-3422
-2806
-1525
-1076
-1033
-285
671
451
-716
-1035
102
1138
771
-154
-247
104
-493
-1982
-2783
-2147
-1171
-1082
-1693
-2118
-2154
-2095
-1829
-1019
35
560
356
44
194
694
1159
1508
1829
1999
1787
1249
747
555
628
734
705
497
143
-267
-569
-601
-361
-45
92
-24
-224
-267
-79
217
463
579
527
305
-6
-227
-233
-111
-60
-180
-406
-661
-921
-1141
-1224
-1170
-1142
-1306
-1596
-1776
-1689
-1386
-1023
-717
-534
-509
-594
-633
-485
-181
92
175
80
-60
-140
-154
-133
-104
-101
-156
-266
-351
-331
-202
-31
125
263
386
488
594
745
931
1070
1099
1059
1053
1115
1206
1287
1353
1393
1374
1292
1224
1281
1473
1689
1803
1824
1867
1987
2141
2271
2341
2296
2119
1950
1832
1322
-141
-2109
-2967
-1767
103
216
-1785
-3582
-3222
-1569
-692
-865
-784
-183
-255
-1263
-1651
-451
952
799
-442
-967
-501
-465
-1427
-2135
-1625
-782
-930
-1879
-2437
-2221
-1816
-1528
-1060
-427
-197
-529
-749
-269
599
1157
1246
1221
1268
1233
1072
1007
1169
1350
1259
899
502
237
95
31
51
110
52
-209
-499
-534
-275
1
51
-59
-115
-71
-50
-88
-70
26
39
-151
-412
-538
-523
-542
-683
-855
-969
-1073
-1222
-1352
-1361
-1268
-1193
-1174
-1125
-981
-787
-625
-504
-393
-301
-264
-263
-235
-142
-15
88
136
139
133
148
190
243
280
292
296
329
421
568
726
841
903
935
966
1001
1052
1142
1263
1360
1395
1408
1462
1570
1697
1821
1935
2022
2070
2098
2126
2153
2180
2195
2148
2019
1899
1750
1153
-240
-1805
-2147
-839
539
62
-1952
-3196
-2420
-952
-550
-991
-996
-580
-807
-1560
-1415
-57
889
229
-987
-1152
-516
-498
-1258
-1573
-1003
-618
-1195
-2002
-2037
-1491
-1185
-1207
-1060
-730
-667
-839
-650
86
781
919
729
726
968
1157
1200
1264
1386
1366
1119
841
737
747
686
511
311
123
-88
-271
-294
-161
-81
-181
-316
-276
-99
-8
-67
-119
-57
8
-56
-210
-316
-360
-435
-573
-711
-815
-926
-1059
-1168
-1211
-1220
-1238
-1235
-1152
-1000
-862
-799
-783
-748
-655
-510
-350
-223
-156
-136
-114
-67
-22
-10
2
66
177
281
341
374
403
440
501
593
690
750
785
850
957
1041
1064
1073
1137
1243
1332
1387
1450
1544
1657
1766
1861
1933
1974
1987
2000
2053
2115
2088
1937
1786
1666
1221
85
-1274
-1659
-643
427
-121
-1966
-3023
-2223
-886
-673
-1296
-1425
-1011
-1117
-1728
-1561
-320
478
-245
-1402
-1424
-604
-407
-1058
-1392
-958
-718
-1309
-1964
-1802
-1200
-1045
-1322
-1359
-1056
-901
-969
-768
-168
288
243
91
317
786
1053
1057
1067
1157
1144
1005
948
1044
1076
866
540
314
212
114
-33
-170
-253
-316
-388
-462
-511
-502
-411
-269
-179
-210
-310
-363
-317
-225
-174
-213
-349
-554
-745
-832
-820
-818
-918
-1079
-1180
-1163
-1073
-973
-897
-852
-833
-806
-717
-559
-401
-314
-290
-255
-178
-86
-17
41
104
160
203
267
374
478
527
538
580
664
744
803
885
1001
1079
1073
1038
1085
1232
1392
1483
1523
1586
1688
1790
1883
2005
2136
2156
2020
1877
1866
1917
1872
1723
1442
782
-303
-1120
-846
137
328
-925
-2294
-2180
-966
-390
-978
-1512
-1209
-899
-1325
-1678
-978
44
-68
-1155
-1643
-974
-336
-651
-1238
-1180
-844
-1054
-1580
-1550
-976
-728
-1090
-1397
-1189
-834
-744
-683
-335
52
93
-35
132
592
918
943
922
1027
1108
1040
976
1065
1161
1049
777
568
469
343
158
59
95
93
-94
-339
-411
-290
-174
-192
-274
-313
-324
-345
-344
-288
-243
-303
-436
-527
-528
-500
-522
-602
-708
-804
-845
-800
-707
-653
-683
-755
-795
-775
-700
-582
-470
-426
-451
-457
-366
-204
-66
5
51
109
181
268
380
505
591
626
660
735
822
876
905
953
1022
1059
1053
1060
1140
1262
1354
1400
1462
1570
1673
1740
1807
1907
1976
1952
1908
1950
2024
1987
1834
1609
1145
304
-477
-463
240
448
-581
-1885
-1958
-920
-358
-978
-1694
-1512
-1058
-1294
-1732
-1296
-318
-184
-1098
-1701
-1204
-506
-625
-1163
-1224
-949
-1062
-1467
-1427
-924
-734
-1134
-1482
-1291
-912
-797
-764
-486
-161
-136
-249
-77
368
667
661
625
740
866
878
893
1003
1069
940
708
568
542
502
378
212
59
-48
-85
-69
-77
-173
-304
-363
-336
-303
-316
-346
-361
-383
-428
-468
-478
-492
-548
-629
-693
-740
-785
-823
-831
-821
-828
-837
-813
-762
-732
-729
-704
-630
-543
-493
-466
-417
-342
-275
-228
-173
-96
-16
51
118
202
289
358
430
527
635
708
745
793
875
954
997
1024
1078
1159
1238
1293
1335
1384
1458
1543
1628
1722
1819
1880
1870
1844
1878
1945
1946
1848
1626
1146
399
-176
-50
505
461
-584
-1599
-1431
-506
-273
-1053
-1671
-1390
-983
-1264
-1652
-1239
-470
-507
-1309
-1673
-1136
-607
-797
-1211
-1174
-952
-1078
-1317
-1142
-742
-744
-1143
-1324
-1064
-774
-726
-677
-449
-278
-330
-339
-45
351
510
470
507
664
774
807
893
1036
1061
916
764
741
763
689
522
374
303
270
210
101
-21
-92
-104
-120
-202
-294
-306
-256
-254
-332
-409
-415
-400
-432
-492
-524
-539
-593
-673
-712
-682
-642
-641
-670
-686
-675
-657
-637
-611
-579
-549
-521
-478
-402
-302
-212
-154
-115
-67
-2
73
165
265
355
424
484
553
630
693
744
804
879
947
991
1019
1063
1143
1238
1306
1348
1404
1499
1596
1650
1693
1780
1866
1863
1812
1838
1928
1936
1816
1633
1297
670
45
5
496
576
-329
-1364
-1306
-405
-95
-858
-1577
-1369
-897
-1078
-1499
-1231
-550
-531
-1243
-1604
-1130
-628
-798
-1215
-1235
-1038
-1101
-1275
-1126
-823
-865
-1200
-1303
-1035
-776
-732
-674
-478
-347
-379
-324
-26
289
379
349
420
575
680
750
862
949
886
739
686
750
782
692
545
431
361
309
254
188
111
36
-25
-96
-189
-254
-247
-219
-262
-375
-466
-481
-473
-508
-564
-590
-595
-626
-681
-716
-709
-690
-685
-682
-670
-659
-656
-652
-636
-616
-598
-578
-550
-512
-466
-419
-374
-333
-285
-215
-127
-32
61
147
225
302
389
491
581
647
714
802
890
936
938
949
1007
1093
1168
1210
1232
1262
1330
1430
1531
1597
1620
1619
1618
1656
1732
1778
1734
1621
1446
1091
517
54
102
443
317
-513
-1214
-988
-298
-268
-1021
-1535
-1273
-918
-1125
-1442
-1200
-725
-804
-1329
-1482
-1075
-772
-969
-1257
-1243
-1126
-1164
-1173
-980
-854
-1039
-1278
-1198
-910
-768
-783
-695
-494
-398
-405
-278
25
265
312
323
439
587
677
755
850
884
811
732
735
765
725
624
520
422
338
301
303
255
123
-6
-47
-32
-49
-108
-153
-181
-230
-297
-333
-331
-351
-423
-496
-525
-525
-550
-607
-657
-674
-669
-654
-634
-626
-635
-645
-631
-599
-569
-544
-514
-478
-439
-397
-347
-298
-259
-215
-149
-74
-1
71
151
229
299
371
458
542
607
680
780
878
926
933
966
1054
1146
1195
1218
1254
1312
1373
1429
1481
1519
1540
1543
1543
1561
1609
1664
1680
1634
1511
1231
748
263
136
392
513
66
-621
-834
-499
-291
-616
-1041
-1070
-921
-1051
-1325
-1264
-911
-779
-1024
-1242
-1191
-1099
-1158
-1183
-1031
-923
-1046
-1194
-1110
-912
-860
-927
-907
-809
-794
-822
-692
-412
-217
-205
-223
-132
23
169
327
496
583
561
544
629
766
844
840
783
688
594
583
660
701
608
439
321
280
251
202
149
80
-14
-103
-137
-134
-153
-219
-295
-352
-397
-426
-421
-403
-420
-492
-584
-637
-637
-605
-572
-569
-605
-655
-671
-634
-578
-548
-548
-555
-541
-493
-410
-314
-252
-239
-236
-193
-100
9
100
165
216
261
319
399
482
543
577
611
662
715
751
781
815
841
849
859
899
966
1020
1035
1031
1036
1046
1056
1071
1093
1094
1058
1016
1006
1021
1014
940
791
561
265
-21
-167
-124
-1
46
-50
-252
-507
-749
-864
-778
-601
-559
-739
-977
-1078
-1039
-988
-979
-992
-1030
-1115
-1178
-1121
-985
-916
-963
-1003
-936
-809
-738
-733
-727
-693
-639
-542
-395
-261
-224
-263
-265
-170
-26
94
168
202
201
204
264
370
437
412
351
337
380
434
464
465
432
371
323
326
352
339
274
202
161
149
142
105
26
-79
-164
-189
-171
-166
-206
-279
-348
-390
-407
-406
-410
-430
-463
-489
-486
-466
-460
-477
-497
-497
-477
-447
-417
-392
-377
-364
-340
-298
-248
-208
-173
-137
-94
-43
16
86
152
207
256
309
361
412
470
532
586
623
654
697
746
789
830
882
942
987
1012
1036
1072
1111
1139
1161
1171
1161
1136
1127
1145
1141
1066
934
785
624
451
331
319
371
372
264
79
-148
-382
-542
-552
-480
-492
-647
-831
-919
-924
-915
-918
-955
-1055
-1186
-1224
-1108
-948
-894
-946
-989
-956
-884
-808
-724
-654
-627
-603
-508
-345
-217
-190
-209
-181
-89
27
133
207
226
204
200
266
365
421
413
385
385
420
474
520
518
455
377
349
385
428
424
375
315
264
231
209
188
147
80
14
-19
-23
-30
-67
-131
-196
-241
-260
-263
-268
-286
-318
-347
-360
-359
-359
-371
-394
-416
-417
-394
-356
-327
-314
-308
-291
-268
-241
-208
-167
-126
-88
-45
9
68
116
155
198
247
296
343
389
438
486
530
576
624
673
723
776
827
876
919
958
993
1020
1046
1067
1078
1078
1079
1096
1123
1138
1112
1012
816
554
334
264
331
411
381
213
-53
-337
-535
-567
-485
-460
-590
-794
-925
-949
-938
-953
-1003
-1089
-1186
-1211
-1108
-958
-902
-978
-1070
-1063
-963
-846
-759
-713
-710
-711
-651
-520
-396
-362
-386
-372
-271
-128
-13
46
45
9
-4
64
193
294
304
261
232
246
288
326
340
320
282
271
302
342
338
283
212
165
156
168
165
122
43
-34
-72
-72
-63
-78
-127
-195
-250
-273
-271
-271
-292
-327
-354
-360
-349
-338
-343
-365
-393
-405
-394
-369
-349
-339
-332
-317
-295
-274
-255
-230
-205
-175
-133
-86
-36
-1
29
67
119
170
216
261
313
370
425
478
530
577
615
655
709
769
821
865
907
947
975
989
996
999
996
997
1015
1046
1061
1037
963
827
630
426
309
323
399
418
319
109
-155
-379
-476
-436
-380
-433
-593
-748
-822
-837
-848
-885
-957
-1049
-1099
-1041
-913
-835
-872
-957
-978
-912
-810
-722
-669
-658
-663
-622
-509
-381
-320
-322
-310
-235
-123
-20
45
67
48
39
94
208
304
328
302
286
299
329
363
389
387
358
337
349
370
356
304
248
221
216
218
210
171
100
26
-11
-7
4
-8
-47
-97
-141
-169
-183
-198
-226
-260
-274
-267
-255
-260
-279
-306
-330
-340
-330
-307
-290
-285
-281
-271
-254
-240
-225
-205
-176
-143
-104
-63
-24
12
46
86
129
171
217
267
322
374
419
462
499
533
573
623
680
730
768
800
830
862
895
928
955
966
966
968
973
975
976
980
980
961
904
794
624
439
311
299
357
380
290
87
-166
-377
-469
-438
-390
-441
-597
-759
-841
-854
-860
-900
-977
-1064
-1104
-1048
-935
-871
-913
-995
-1017
-949
-841
-749
-697
-689
-689
-643
-533
-419
-370
-375
-357
-272
-151
-51
6
18
4
4
59
159
234
239
206
197
224
263
291
305
295
269
252
265
292
293
260
222
203
198
190
173
134
72
5
-38
-54
-61
-83
-121
-167
-214
-253
-276
-288
-303
-330
-356
-374
-383
-393
-404
-414
-425
-434
-435
-421
-399
-380
-369
-362
-349
-331
-307
-273
-231
-195
-161
-128
-86
-44
-10
21
56
94
138
187
238
281
312
338
374
417
462
508
551
593
629
664
701
734
762
789
822
855
875
879
880
884
890
894
897
902
900
881
841
767
636
460
298
219
233
275
259
140
-69
-298
-458
-504
-479
-481
-565
-697
-799
-839
-844
-863
-921
-999
-1047
-1023
-934
-846
-832
-881
-924
-898
-809
-707
-641
-619
-613
-583
-506
-411
-343
-319
-304
-247
-147
-40
32
63
64
72
117
192
262
302
315
327
351
376
386
379
363
357
368
395
412
399
356
307
270
250
238
222
195
154
107
64
28
-5
-40
-76
-110
-146
-183
-217
-246
-272
-300
-323
-337
-342
-342
-341
-345
-358
-377
-386
-375
-350
-322
-300
-283
-270
-260
-246
-223
-196
-166
-135
-98
-57
-22
8
38
71
112
158
208
261
309
349
381
411
443
477
520
571
620
661
687
707
725
746
767
788
804
817
829
845
853
846
828
811
803
800
798
800
803
797
776
722
620
468
306
201
187
227
238
157
-19
-235
-411
-489
-482
-468
-518
-628
-733
-793
-815
-843
-896
-964
-1009
-996
-921
-837
-809
-848
-896
-887
-808
-708
-630
-588
-564
-527
-457
-370
-304
-279
-267
-220
-122
-7
76
113
119
120
147
202
255
288
297
306
326
349
353
331
300
279
279
295
307
297
266
231
207
188
166
137
106
75
48
21
-14
-55
-99
-138
-168
-198
-237
-284
-328
-359
-381
-397
-413
-428
-440
-443
-439
-435
-438
-445
-442
-422
-389
-353
-322
-298
-274
-252
-223
-190
-160
-129
-92
-48
-2
41
75
106
134
165
200
240
282
324
358
387
409
422
433
451
477
510
540
562
582
599
616
630
640
645
647
654
670
689
698
690
673
655
652
654
655
651
642
631
616
581
501
363
207
90
62
100
134
91
-52
-250
-426
-509
-505
-481
-509
-595
-693
-752
-767
-778
-815
-878
-935
-937
-870
-780
-728
-740
-777
-785
-739
-662
-593
-548
-517
-475
-405
-326
-272
-257
-255
-216
-128
-18
71
113
119
118
137
186
243
280
293
303
321
344
358
351
328
301
290
297
314
319
299
258
212
171
140
114
91
61
25
-15
-51
-86
-123
-161
-195
-227
-254
-274
-289
-302
-323
-348
-371
-383
-383
-374
-362
-353
-353
-357
-355
-340
-318
-294
-268
-243
-217
-188
-160
-132
-108
-84
-52
-11
38
84
121
150
178
207
241
278
317
354
388
419
445
464
478
488
503
519
536
549
556
558
559
562
565
567
566
565
569
577
579
574
563
555
552
552
556
558
557
554
548
538
524
513
505
493
454
366
237
113
46
52
91
93
12
-148
-322
-435
-463
-446
-452
-512
-596
-657
-679
-682
-702
-756
-812
-825
-773
-687
-623
-620
-653
-672
-641
-571
-497
-445
-418
-388
-334
-262
-204
-183
-184
-169
-114
-27
60
118
138
136
139
162
199
231
248
259
275
290
299
291
267
236
212
205
215
225
221
196
156
107
61
26
5
-13
-35
-64
-101
-140
-178
-212
-241
-268
-294
-311
-319
-320
-325
-340
-357
-371
-376
-367
-351
-334
-325
-321
-315
-302
-286
-268
-249
-227
-201
-173
-145
-119
-97
-77
-54
-26
5
36
67
96
124
144
162
177
196
218
245
272
295
311
320
328
337
347
357
368
378
385
388
385
380
376
378
381
387
387
382
376
372
373
374
369
365
364
370
376
375
368
355
343
335
331
330
332
336
335
307
228
105
-16
-83
-71
-19
8
-49
-188
-348
-455
-479
-458
-453
-496
-558
-602
-608
-603
-624
-682
-745
-763
-713
-630
-569
-565
-596
-615
-594
-543
-489
-449
-418
-374
-309
-241
-200
-195
-200
-182
-122
-39
35
80
95
99
108
126
143
153
163
180
206
228
235
220
193
166
151
152
164
174
173
158
132
96
60
30
7
-12
-31
-55
-81
-105
-129
-154
-180
-207
-229
-238
-233
-224
-220
-227
-241
-253
-254
-243
-225
-204
-189
-178
-169
-159
-147
-134
-115
-93
-69
-43
-20
0
15
31
50
73
97
123
148
168
185
201
216
231
248
264
280
296
312
326
337
346
353
358
365
373
381
385
384
381
376
372
369
367
366
363
355
346
335
326
322
319
315
308
301
296
297
306
316
318
310
302
299
304
311
314
312
314
324
333
312
240
126
24
-16
13
69
84
13
-123
-263
-341
-345
-323
-328
-370
-422
-449
-450
-454
-488
-551
-604
-602
-541
-465
-423
-431
-459
-470
-447
-406
-367
-338
-310
-266
-206
-154
-133
-143
-154
-138
-91
-30
26
63
83
90
94
94
92
88
96
117
142
159
165
157
140
115
90
75
70
78
94
102
91
59
18
-17
-37
-46
-55
-65
-74
-83
-90
-103
-125
-159
-187
-199
-193
-178
-165
-163
-173
-186
-200
-205
-202
-191
-175
-161
-147
-138
-134
-130
-125
-120
-113
-100
-79
-55
-33
-17
-9
-7
-3
6
23
45
67
86
103
116
124
128
135
142
155
169
184
195
206
216
225
231
236
238
240
245
250
253
254
253
249
244
238
233
228
226
227
225
222
218
211
205
200
196
194
191
194
199
198
193
181
173
171
171
169
162
151
146
154
154
122
50
-36
-92
-93
-51
-16
-32
-107
-208
-281
-301
-284
-277
-294
-324
-342
-344
-342
-360
-404
-451
-467
-436
-381
-341
-332
-345
-357
-351
-333
-312
-294
-272
-237
-187
-139
-116
-117
-127
-125
-100
-58
-11
29
58
72
78
80
79
80
90
107
123
134
144
153
154
144
121
94
77
80
97
114
112
86
50
20
1
-12
-25
-42
-55
-61
-61
-63
-76
-102
-130
-147
-147
-137
-127
-121
-121
-124
-129
-133
-137
-138
-131
-117
-99
-84
-74
-67
-64
-60
-55
-50
-39
-22
0
21
38
44
45
49
55
67
82
99
115
129
141
149
151
153
159
169
184
196
203
209
214
223
231
235
237
239
244
252
258
261
261
258
255
249
241
233
229
229
235
236
231
219
209
204
204
206
203
198
195
195
202
203
199
189
179
173
169
169
169
170
173
172
153
113
59
15
1
15
36
35
1
-58
-116
-152
-164
-167
-175
-192
-209
-221
-234
-252
-280
-314
-337
-337
-318
-295
-283
-285
-294
-300
-300
-293
-281
-266
-243
-214
-184
-162
-152
-150
-147
-138
-117
-87
-55
-29
-10
1
8
10
15
23
35
45
54
60
68
75
80
78
66
48
33
30
36
43
42
30
10
-12
-31
-47
-61
-77
-86
-91
-93
-96
-107
-127
-149
-165
-171
-169
-166
-164
-163
-163
-164
-167
-170
-175
-178
-174
-162
-146
-131
-122
-118
-120
-122
-119
-112
-100
-84
-66
-49
-36
-29
-22
-16
-8
4
21
40
59
77
93
103
109
112
118
128
139
152
163
168
171
169
168
165
162
160
159
160
161
159
157
148
139
134
132
133
131
126
122
120
118
118
115
111
104
101
103
105
107
105
102
99
101
104
109
110
109
107
105
102
99
98
100
105
107
101
83
56
34
24
28
37
38
22
-9
-42
-68
-81
-89
-96
-110
-124
-137
-149
-165
-186
-209
-231
-241
-242
-242
-241
-246
-254
-262
-268
-271
-272
-270
-258
-239
-218
-202
-190
-184
-178
-167
-151
-129
-105
-81
-59
-42
-29
-19
-10
-1
8
20
29
38
47
56
62
64
60
51
45
45
48
53
54
49
41
31
22
15
7
-2
-10
-14
-16
-19
-24
-35
-48
-61
-69
-73
-74
-76
-79
-84
-88
-91
-95
-97
-101
-103
-101
-96
-90
-84
-79
-76
-74
-68
-61
-51
-39
-27
-14
-2
10
21
30
41
52
65
79
93
106
118
128
136
144
151
158
164
171
177
183
189
191
192
189
188
187
185
185
186
186
184
178
171
165
159
158
156
153
150
146
142
140
138
136
133
130
127
128
129
130
130
130
128
126
125
124
125
129
131
134
134
132
131
129
128
128
127
125
123
120
118
116
113
105
93
80
68
59
52
48
42
30
15
-1
-18
-31
-43
-53
-65
-74
-83
-92
-102
-115
-130
-143
-152
-157
-157
-157
-158
-161
-165
-169
-173
-175
-174
-170
-162
-153
-144
-139
-137
-138
-138
-136
-130
-122
-113
-106
-100
-99
-99
-101
-101
-103
-102
-99
-94
-87
-84
-85
-89
-97
-101
-102
-99
-94
-89
-90
-92
-96
-99
-103
-104
-105
-106
-105
-102
-100
-99
-101
-104
-107
-107
-107
-103
-99
-95
-93
-91
-90
-89
-89
-88
-85
-79
-74
-67
-63
-60
-54
-53
-49
-44
-37
-30
-24
-17
-11
-6
-1
4
10
14
19
24
30
37
43
48
52
55
59
62
66
71
75
79
83
86
86
86
86
87
88
88
89
88
87
83
82
79
78
75
73
70
66
64
62
61
61
58
57
54
53
50
50
48
46
47
47
48
47
47
44
43
42
42
44
46
47
48
48
50
49
51
51
51
51
54
56
57
57
57
54
51
47
44
40
38
38
35
32
27
18
10
3
-3
-8
-13
-17
-21
-26
-33
-43
-50
-59
-64
-68
-68
-69
-70
-74
-80
-83
-86
-87
-86
-83
-78
-74
-70
-68
-68
-67
-66
-62
-55
-48
-42
-37
-33
-31
-32
-30
-28
-25
-20
-15
-9
-7
-7
-9
-11
-10
-8
-5
-2
0
3
3
3
2
0
1
1
5
8
11
12
11
9
8
7
9
12
14
18
19
21
20
19
19
20
21
25
30
34
36
37
37
36
36
37
41
45
48
51
53
54
54
53
54
55
57
61
64
65
67
65
64
63
63
64
66
67
68
69
68
67
66
67
65
65
65
65
66
66
66
65
65
65
62
62
61
62
63
63
62
62
60
59
57
55
54
53
52
52
51
50
47
44
41
39
35
35
34
31
31
29
27
23
18
15
11
9
8
7
6
3
0
-5
-10
-14
-17
-19
-19
-20
-22
-25
-29
-33
-37
-40
-42
-43
-43
-44
-44
-46
-50
-54
-58
-61
-61
-61
-61
-62
-64
-68
-71
-76
-78
-81
-82
-82
-83
-84
-87
-90
-94
-96
-97
-97
-97
-95
-95
-94
-95
-96
-97
-96
-96
-94
-92
-89
-87
-86
-86
-86
-86
-85
-83
-80
-79
-77
-76
-76
-75
-74
-73
-71
-68
-66
-64
-62
-60
-59
-57
-55
-53
-50
-46
-43
-41
-38
-37
-35
-33
-30
-27
-25
-23
-22
-20
-19
-18
-17
-16
-15
-13
-13
-12
-11
-12
-12
-11
-11
-9
-8
-9
-7
-7
-8
-8
-8
-7
-6
-5
-4
-2
-3
-3
-3
-3
-3
-1
0
2
4
3
4
4
4
5
7
10
14
15
17
18
18
19
20
23
27
31
34
38
39
40
39
40
43
46
49
52
56
57
56
56
54
54
56
58
62
64
64
64
62
58
57
57
58
60
61
63
63
60
57
53
51
51
53
55
56
57
56
53
49
48
46
47
50
52
53
54
52
48
46
44
44
46
49
50
51
50
47
44
40
38
38
39
40
40
39
36
30
25
21
19
18
19
19
18
16
11
7
3
-1
-3
-3
-2
-2
-2
-5
-9
-13
-17
-18
-19
-17
-16
-15
-16
-18
-20
-22
-23
-22
-22
-19
-17
-16
-14
-15
-16
-15
-13
-12
-9
-5
-3
0
2
3
4
4
6
9
12
15
18
20
21
21
22
22
22
23
25
26
26
25
25
24
23
21
20
19
18
18
17
16
13
11
9
6
4
1
-1
-3
-5
-7
-10
-13
-16
-20
-22
-25
-28
-31
-32
-35
-38
-40
-42
-44
-45
-47
-48
-47
-48
-47
-48
-46
-46
-44
-43
-42
-40
-38
-36
-33
-30
-29
-27
-24
-23
-20
-18
-16
-14
-12
-11
-9
-9
-9
-9
-9
-9
-9
-9
-10
-11
-13
-15
-17
-19
-20
-22
-23
-26
-27
-28
-30
-32
-33
-33
-35
-35
-34
-34
-33
-31
-30
-29
-28
-25
-23
-20
-18
-14
-10
-7
-4
-1
2
5
8
12
16
19
22
26
28
31
33
35
37
40
42
43
44
45
44
44
43
42
41
40
38
35
32
28
24
21
17
13
9
4
2
-3
-7
-11
-14
-17
-20
-22
-24
-26
-27
-28
-28
-28
-28
-28
-26
-26
-25
-23
-21
-20
-18
-18
-16
-14
-13
-11
-10
-9
-8
-8
-7
-7
-7
-6
-6
-5
-5
-5
-4
-5
-4
-4
-4
-2
-2
-1
1
1
3
4
5
6
7
9
11
12
15
15
16
16
16
16
15
13
11
9
6
1
-3
-9
-15
-20
-28
-34
-42
-48
-56
-63
-70
-76
-82
-87
-92
-95
-97
-99
-99
-100
-98
-95
-92
-87
-81
-75
-67
-60
-52
-44
-37
-28
-19
-10
-2
6
16
23
31
38
45
52
59
66
72
78
85
90
96
100
104
109
113
115
118
120
122
122
122
120
117
115
112
108
102
97
91
84
77
70
63
55
49
41
34
27
20
13
8
2
-3
-9
-14
-19
-23
-28
-32
-35
-38
-40
-43
-44
-46
-46
-45
-44
-42
-39
-34
-27
-21
-13
-3
5
16
28
39
50
62
74
84
95
104
112
117
122
126
126
126
123
118
112
103
94
83
71
57
45
31
16
3
-13
-26
-38
-49
-60
-70
-79
-86
-93
-99
-103
-107
-110
-113
-115
-116
-119
-121
-123
-124
-126
-130
-133
-135
-139
-142
-144
-148
-151
-155
-157
-158
-160
-161
-162
-160
-159
-157
-152
-147
-142
-135
-127
-118
-109
-100
-90
-80
-70
-59
-48
-38
-28
-20
-12
-3
4
11
16
21
26
30
32
35
36
39
40
42
44
46
47
49
51
55
58
61
67
70
75
80
86
91
97
103
108
114
119
124
128
132
136
138
140
141
143
144
143
143
142
140
138
135
133
130
127
123
120
116
111
107
101
96
91
85
78
71
65
56
47
39
29
18
8
-3
-14
-26
-39
-51
-64
-76
-90
-103
-115
-127
-138
-149
-159
-168
-177
-185
-192
-198
-201
-204
-205
-206
-204
-201
-198
-193
-188
-182
-175
-166
-159
-149
-140
-131
-121
-112
-101
-92
-83
-73
-63
-53
-43
-33
-21
-11
2
14
28
43
58
75
93
110
130
149
168
188
206
225
242
259
273
286
296
304
309
312
311
306
299
290
276
261
244
223
203
180
155
131
107
82
59
37
17
-2
-19
-35
-49
-61
-70
-79
-86
-91
-94
-97
-99
-101
-102
-102
-103
-103
-104
-103
-104
-104
-104
-104
-102
-101
-98
-96
-93
-88
-82
-76
-71
-63
-56
-49
-41
-34
-28
-23
-18
-15
-14
-12
-15
-17
-21
-28
-34
-42
-50
-59
-69
-77
-87
-95
-101
-107
-110
-113
-113
-112
-108
-103
-97
-90
-81
-71
-61
-50
-38
-27
-17
-7
1
9
18
24
30
35
39
43
48
50
55
58
63
67
72
77
84
90
97
104
112
119
126
132
138
143
146
149
149
148
146
141
135
126
117
106
94
81
68
53
39
24
11
-4
-15
-27
-36
-46
-53
-58
-63
-65
-67
-67
-67
-64
-61
-59
-56
-53
-49
-46
-44
-43
-42
-42
-43
-45
-46
-49
-51
-53
-57
-58
-59
-60
-59
-58
-55
-50
-46
-39
-33
-26
-18
-10
-4
4
9
14
18
19
19
17
14
8
1
-7
-17
-27
-38
-47
-58
-67
-74
-80
-85
-87
-86
-84
-81
-73
-67
-58
-48
-37
-24
-13
-1
9
18
25
31
34
37
36
35
31
26
21
13
5
-3
-10
-19
-26
-31
-37
-40
-42
-43
-43
-42
-39
-35
-30
-24
-18
-10
-2
6
14
22
30
38
47
56
64
73
82
91
99
107
114
121
127
134
139
143
145
147
146
144
141
135
128
120
111
99
86
72
58
43
27
11
-3
-19
-33
-46
-58
-69
-78
-86
-93
-98
-101
-103
-103
-102
-101
-99
-95
-91
-88
-84
-80
-76
-74
-70
-68
-66
-65
-63
-62
-62
-61
-60
-59
-58
-57
-55
-53
-50
-46
-40
-34
-27
-19
-12
-2
8
18
29
39
49
59
68
76
83
88
92
94
95
94
93
88
83
74
66
55
44
32
20
6
-8
-24
-39
-55
-69
-84
-98
-112
-125
-137
-148
-160
-169
-179
-185
-190
-196
-198
-200
-201
-200
-198
-195
-190
-184
-175
-167
-155
-145
-132
-117
-102
-86
-69
-49
-30
-9
12
34
58
81
106
130
156
180
206
232
256
279
303
325
345
366
384
401
417
430
442
451
458
462
464
463
460
453
444
433
418
400
379
356
330
302
271
238
204
168
131
93
55
18
-20
-57
-90
-122
-151
-178
-204
-224
-243
-258
-270
-279
-286
-289
-289
-287
-284
-281
-275
-269
-262
-256
-249
-242
-235
-230
-224
-219
-215
-211
-206
-201
-196
-191
-186
-179
-172
-165
-155
-146
-135
-124
-113
-102
-90
-79
-68
-57
-48
-39
-31
-25
-20
-15
-12
-10
-8
-8
-9
-10
-12
-14
-15
-19
-21
-24
-26
-29
-33
-35
-38
-41
-43
-45
-47
-50
-51
-53
-55
-55
-56
-57
-54
-54
-52
-49
-46
-42
-38
-33
-27
-22
-16
-9
-3
2
7
10
15
18
19
21
22
21
19
17
14
10
6
2
-3
-7
-12
-15
-19
-21
-24
-24
-25
-24
-21
-18
-13
-8
-2
5
12
20
29
39
49
59
69
79
89
98
108
115
124
132
139
146
152
156
161
165
169
172
175
177
180
183
185
188
192
194
197
200
203
206
209
212
214
216
217
217
216
215
211
206
200
191
182
170
156
142
125
107
87
67
45
24
3
-19
-42
-62
-84
-103
-122
-139
-154
-168
-181
-192
-201
-209
-214
-219
-221
-222
-223
-221
-219
-216
-213
-209
-203
-198
-193
-187
-182
-176
-170
-165
-158
-152
-147
-141
-135
-129
-122
-117
-112
-107
-102
-97
-93
-88
-84
-81
-78
-74
-72
-70
-67
-66
-64
-64
-63
-62
-62
-61
-61
-61
-61
-61
-62
-60
-59
-57
-55
-51
-49
-42
-37
-30
-21
-10
1
15
29
45
63
81
101
120
141
161
181
200
218
234
248
260
268
276
278
278
273
267
255
242
225
205
185
161
138
112
87
63
38
14
-8
-28
-46
-61
-75
-85
-93
-100
-104
-107
-107
-107
-105
-103
-100
-96
-94
-91
-88
-86
-84
-82
-82
-83
-81
-81
-81
-81
-80
-79
-78
-74
-72
-70
-65
-62
-57
-53
-48
-43
-38
-32
-27
-22
-18
-13
-8
-4
1
5
10
16
21
27
34
42
49
58
67
78
88
98
109
119
131
141
152
159
168
176
182
188
193
196
199
199
199
198
196
192
188
183
178
171
164
156
148
139
129
119
110
99
88
78
67
55
43
32
21
10
-1
-10
-21
-30
-38
-46
-53
-59
-64
-67
-72
-75
-77
-80
-82
-83
-85
-87
-88
-92
-93
-99
-103
-108
-114
-121
-129
-137
-145
-153
-162
-172
-179
-188
-195
-201
-205
-209
-211
-211
-209
-206
-201
-192
-183
-173
-160
-145
-129
-112
-95
-76
-57
-39
-21
-3
15
31
45
58
70
80
86
91
95
95
95
90
85
76
69
57
45
33
19
5
-8
-22
-36
-49
-62
-74
-83
-93
-101
-108
-112
-116
-119
-120
-122
-122
-120
-118
-115
-112
-109
-105
-101
-96
-94
-89
-86
-82
-79
-76
-73
-70
-68
-65
-64
-63
-62
-61
-61
-60
-60
-61
-61
-61
-62
-62
-62
-63
-62
-63
-63
-62
-62
-61
-59
-58
-56
-54
-52
-49
-47
-44
-41
-37
-34
-30
-26
-20
-15
-10
-4
1
9
17
24
34
42
53
63
73
84
95
106
118
128
139
150
159
168
176
182
188
191
193
194
194
191
188
182
175
166
155
144
134
120
106
92
78
66
53
42
32
23
16
11
8
7
9
14
20
29
41
54
70
85
103
122
143
161
181
199
216
233
247
261
271
280
286
289
290
288
284
278
268
258
245
231
216
199
181
163
143
123
103
83
62
42
20
0
-20
-41
-61
-79
-99
-118
-135
-153
-169
-185
-200
-213
-225
-236
-246
-253
-259
-264
-267
-268
-267
-264
-262
-257
-251
-243
-235
-226
-215
-205
-193
-183
-170
-159
-148
-137
-126
-117
-106
-96
-87
-78
-70
-61
-53
-47
-41
-36
-31
-26
-23
-20
-18
-16
-15
-15
-16
-17
-18
-21
-24
-27
-31
-35
-40
-45
-50
-55
-59
-64
-68
-71
-74
-76
-78
-77
-76
-73
-70
-65
-59
-53
-44
-36
-26
-14
-2
10
24
37
50
66
78
94
107
120
132
144
154
164
172
179
185
189
190
191
191
189
184
179
173
165
156
147
137
126
114
102
91
81
71
62
53
45
39
33
28
25
22
20
19
20
18
19
18
16
16
13
9
4
-2
-10
-18
-29
-41
-53
-67
-81
-95
-108
-122
-134
-146
-157
-166
-173
-180
-184
-186
-189
-189
-189
-186
-183
-180
-176
-171
-166
-160
-154
-146
-138
-128
-118
-103
-88
-70
-47
-22
6
40
76
117
159
205
252
301
350
397
442
483
520
549
572
587
593
590
575
552
519
476
426
370
307
239
170
99
26
-45
-114
-179
-241
-296
-346
-387
-422
-449
-469
-484
-493
-498
-498
-496
-489
-479
-467
-450
-432
-412
-392
-371
-351
-331
-312
-294
-275
-255
-234
-212
-192
-170
-150
-130
-112
-96
-80
-65
-50
-34
-19
-3
12
26
40
50
60
67
72
79
85
90
96
102
106
109
111
111
110
106
104
102
102
101
104
108
111
116
122
127
134
140
149
158
170
183
197
210
224
236
245
251
255
256
256
252
245
237
227
213
195
174
149
121
91
60
29
-2
-31
-56
-79
-98
-115
-128
-138
-141
-139
-132
-117
-96
-68
-34
5
47
93
139
184
226
268
305
339
368
390
406
414
413
402
383
354
317
275
228
176
123
69
16
-37
-88
-136
-181
-222
-257
-287
-310
-327
-338
-342
-341
-334
-325
-313
-298
-281
-263
-244
-223
-201
-178
-154
-132
-111
-90
-73
-58
-44
-34
-23
-16
-9
-4
-3
-3
-5
-10
-17
-28
-39
-52
-64
-76
-88
-99
-111
-119
-129
-136
-144
-150
-153
-156
-157
-155
-152
-148
-143
-136
-129
-123
-117
-111
-106
-100
-95
-89
-84
-77
-70
-65
-61
-57
-55
-53
-51
-49
-47
-46
-44
-41
-38
-36
-33
-31
-29
-29
-27
-25
-22
-19
-15
-10
-4
1
4
9
12
17
21
25
30
35
40
46
51
55
59
62
62
64
65
65
66
68
69
68
68
66
62
57
52
46
39
33
26
21
14
8
1
-6
-15
-23
-30
-37
-43
-47
-50
-52
-52
-53
-53
-52
-52
-52
-50
-48
-45
-41
-36
-33
-28
-23
-18
-15
-12
-9
-7
-3
0
3
7
11
14
17
20
22
23
24
24
25
25
25
26
26
26
25
23
22
20
16
13
12
9
7
6
6
5
3
1
-1
-2
-3
-5
-5
-5
-4
-3
-1
1
1
3
5
5
8
10
12
15
18
22
25
27
29
32
33
34
36
36
38
40
41
42
43
43
43
41
40
39
37
36
36
35
33
32
30
29
26
25
23
21
20
19
19
18
18
18
18
19
18
18
18
19
20
22
22
24
25
25
26
26
27
26
27
27
27
28
29
29
30
31
30
30
29
30
30
29
30
30
30
31
30
29
29
28
28
28
27
28
27
27
28
27
27
27
26
26
26
25
24
24
23
22
21
20
18
15
13
12
10
7
5
4
3
2
1
-1
-2
-2
-3
-3
-2
-3
-2
1
1
2
4
4
7
8
8
9
10
11
12
12
13
14
14
13
12
11
10
9
8
8
7
7
5
4
4
2
1
0
0
-1
-3
-2
-3
-4
-5
-5
-7
-9
-11
-14
-17
-19
-23
-25
-29
-33
-37
-40
-45
-49
-51
-55
-57
-59
-60
-61
-60
-60
-59
-57
-55
-51
-47
-44
-40
-35
-31
-26
-21
-15
-11
-8
-4
-1
2
4
5
8
9
10
11
10
10
11
10
10
9
9
9
8
8
8
7
7
7
6
5
5
4
4
2
1
-2
-4
-6
-8
-11
-13
-16
-18
-21
-24
-27
-28
-31
-31
-32
-33
-34
-33
-33
-33
-30
-29
-26
-24
-22
-20
-16
-14
-11
-9
-7
-5
-3
-1
2
3
5
7
9
11
13
15
17
19
21
24
25
28
32
34
35
38
40
41
43
44
45
47
47
47
47
48
47
47
45
45
44
42
41
40
39
37
36
35
33
32
30
29
26
25
23
21
19
18
15
13
9
8
5
1
-1
-5
-8
-11
-15
-18
-22
-25
-28
-31
-35
-36
-39
-41
-43
-45
-45
-46
-47
-47
-45
-45
-44
-42
-42
-39
-38
-35
-34
-30
-28
-25
-23
-20
-17
-15
-11
-10
-7
-5
-2
0
2
5
7
10
12
13
16
17
20
22
23
25
26
28
30
32
32
34
36
38
39
40
41
43
44
46
47
48
49
50
52
53
53
54
56
56
57
58
58
58
58
57
57
55
56
54
51
50
48
46
43
39
36
32
28
23
19
14
9
3
-2
-6
-11
-16
-20
-25
-30
-33
-37
-39
-42
-44
-47
-47
-51
-50
-51
-50
-49
-48
-47
-46
-44
-42
-40
-38
-35
-32
-29
-26
-23
-19
-17
-13
-11
-7
-5
-2
1
4
6
9
11
14
15
18
19
22
23
25
27
28
30
30
31
32
33
33
34
34
33
33
33
31
30
29
28
26
24
22
20
17
15
13
9
8
4
3
0
-2
-4
-6
-8
-9
-12
-12
-14
-15
-16
-17
-18
-19
-20
-21
-22
-23
-25
-26
-28
-28
-30
-32
-34
-36
-39
-41
-43
-45
-48
-50
-53
-54
-58
-59
-61
-62
-64
-64
-65
-64
-65
-65
-63
-62
-60
-58
-57
-53
-50
-47
-43
-39
-35
-32
-27
-23
-19
-14
-10
-7
-2
2
5
9
12
16
19
23
26
28
31
34
37
39
42
43
44
47
47
48
50
50
50
50
50
50
50
47
46
45
43
41
39
38
34
32
29
26
24
20
18
15
13
11
8
6
4
2
1
-1
-1
-2
-2
-3
-3
-2
-1
-1
0
1
1
4
5
5
6
7
8
8
8
8
7
6
5
4
2
0
-2
-5
-7
-11
-14
-17
-20
-23
-26
-28
-30
-33
-35
-38
-38
-39
-40
-39
-40
-39
-37
-36
-35
-33
-31
-28
-25
-22
-19
-15
-12
-9
-6
-2
1
4
7
9
13
15
18
20
22
24
25
26
29
30
30
31
31
32
31
31
31
31
30
29
27
26
24
23
21
19
16
13
11
9
5
3
0
-3
-6
-9
-12
-15
-17
-21
-23
-25
-28
-30
-32
-33
-36
-37
-38
-39
-39
-40
-40
-40
-38
-38
-36
-35
-34
-32
-30
-27
-24
-22
-19
-16
-13
-11
-8
-5
-2
-1
2
4
6
8
9
11
13
14
14
16
16
15
15
16
15
15
15
15
13
12
12
11
10
9
8
7
7
5
4
3
3
1
1
0
-1
-2
-3
-2
-3
-5
-5
-6
-7
-8
-8
-9
-9
-10
-11
-11
-11
-13
-13
-14
-14
-15
-15
-16
-17
-17
-17
-18
-18
-19
-18
-18
-18
-18
-18
-17
-17
-16
-16
-14
-15
-13
-12
-11
-10
-8
-7
-6
-4
-2
-2
0
1
3
5
6
7
8
10
11
12
12
13
13
12
12
11
10
10
9
7
6
5
3
1
0
-2
-5
-6
-7
-10
-12
-14
-14
-16
-17
-19
-21
-22
-22
-22
-23
-24
-24
-24
-24
-24
-24
-22
-22
-21
-21
-21
-20
-18
-16
-16
-14
-13
-11
-9
-8
-6
-5
-4
-2
0
1
2
4
5
7
7
9
9
11
13
12
12
14
13
13
15
14
13
15
14
14
13
13
12
11
11
11
10
10
9
8
7
7
5
5
3
3
2
1
1
0
0
0
-1
-1
-1
-1
-1
-1
-1
-2
-1
-1
-1
-1
-1
-1
0
0
0
1
1
1
2
1
3
3
5
5
5
6
6
7
8
7
8
9
8
10
9
10
10
11
12
11
11
11
11
11
11
11
12
11
12
12
11
11
11
11
11
11
12
11
12
12
12
12
12
12
13
12
13
14
14
14
14
15
15
14
14
15
16
15
15
15
16
15
15
16
16
14
15
15
15
14
14
14
13
13
13
13
13
12
12
12
12
12
11
11
10
10
10
10
10
9
9
8
9
8
8
8
8
7
6
7
6
5
5
5
4
4
4
3
3
2
2
1
1
1
0
0
-1
-1
-1
-1
-2
-2
-2
-3
-3
-3
-4
-4
-4
-4
-4
-4
-5
-5
-5
-5
-5
-4
-5
-4
-4
-4
-4
-3
-3
-3
-3
-2
-3
-1
0
-1
0
0
2
1
2
3
4
3
4
4
5
5
5
6
6
7
6
7
7
7
7
8
7
7
7
7
6
5
5
4
4
3
3
2
1
1
0
0
-2
-3
-4
-4
-5
-6
-6
-7
-8
-10
-10
-11
-11
-12
-13
-13
-15
-15
-15
-17
-16
-17
-17
-18
-18
-18
-18
-19
-19
-19
-19
-20
-19
-19
-18
-18
-18
-18
-18
-18
-16
-16
-15
-15
-14
-14
-14
-13
-12
-12
-11
-10
-10
-9
-8
-9
-8
-6
-6
-6
-5
-5
-4
-4
-3
-2
-2
-3
-3
-2
-2
-2
-1
-1
-1
-1
0
0
1
0
1
0
0
1
0
1
0
0
0
-1
-1
-1
0
0
-2
-1
-2
-1
-1
-2
-2
-2
-2
-2
-2
-1
-2
-2
-2
-2
-2
-2
-1
-2
-1
-1
-1
-1
-1
0
-1
0
0
0
0
2
2
1
2
2
2
2
2
3
3
2
4
4
3
4
4
4
4
5
5
4
5
5
6
6
6
5
5
5
6
6
6
5
6
5
6
6
6
6
5
5
6
6
5
7
6
7
6
6
6
6
6
7
7
6
6
7
6
7
7
7
7
7
8
7
7
8
8
8
8
7
7
8
7
8
7
7
6
6
5
5
4
4
3
2
2
1
0
-1
-2
-3
-4
-5
-6
-8
-9
-9
-11
-12
-14
-14
-16
-17
-18
-19
-19
-20
-20
-20
-21
-20
-20
-20
-19
-16
-16
-14
-12
-9
-8
-4
-1
1
4
8
12
16
20
23
27
31
34
39
42
46
49
51
54
57
59
59
60
61
60
61
59
57
57
53
50
47
43
39
34
29
24
18
12
7
1
-6
-12
-19
-25
-30
-36
-42
-48
-54
-58
-64
-67
-71
-74
-78
-80
-82
-85
-85
-86
-86
-85
-85
-84
-82
-80
-79
-75
-73
-70
-67
-62
-59
-55
-51
-47
0
0
0
0
0
0
0
0
0
0
0
0
0
0
0
0
0
0
0
0
0
0
0
0
0
0
0
0
0
0
0
0
0
0
0
0
0
0
0
0
0
0
0
0
0
0
0
0
0
0
0
0
0
0
0
0
0
0
0
0
0
0
0
0
0
0
0
0
0
0
0
0
0
0
0
0
0
0
0
0
0
0
0
0
0
0
0
0
0
0
0
0
0
0
0
0
0
0
0
0
0
0
0
0
0
0
0
0
0
0
0
0
0
0
0
0
0
0
0
0
0
0
0
0
0
0
0
0
0
0
0
0
0
0
0
0
0
0
0
0
0
0
0
0
0
0
0
0
0
0
0
0
0
0
0
0
0
0
0
0
0
0
0
0
0
0
0
0
0
0
0
0
0
0
0
0
0
0
0
0
0
0
0
0
0
0
0
0
0
0
0
0
0
0
0
0
0
0
