0
0
0
0
0
0
0
0
0
0
0
0
0
0
0
0
0
0
0
0
0
0
0
0
0
0
0
0
0
0
0
0
0
0
0
0
0
0
0
0
0
0
0
0
0
0
0
0
0
0
0
0
0
0
0
0
0
0
0
0
0
0
0
0
0
0
0
0
0
0
0
0
0
0
0
0
0
0
0
0
0
0
0
0
0
0
0
0
0
0
0
0
0
0
0
0
0
0
0
0
0
0
0
0
0
0
0
0
0
0
0
0
0
0
0
0
0
0
0
0
0
0
0
0
0
0
0
0
0
0
0
0
0
0
0
0
0
0
0
0
0
0
0
0
0
0
0
0
0
0
0
0
0
0
0
0
0
0
0
0
0
0
0
0
0
0
0
0
0
0
0
0
0
0
0
0
0
0
0
0
0
0
0
0
0
0
0
0
0
0
0
0
0
0
0
0
0
0
74
77
80
84
88
91
93
97
101
104
105
108
112
114
115
118
118
120
122
122
122
123
122
123
122
121
120
119
118
116
115
113
110
108
106
103
99
96
93
90
85
79
73
67
62
53
46
37
28
19
9
-2
-13
-27
-40
-54
-68
-83
-99
-113
-128
-144
-160
-176
-191
-206
-219
-234
-245
-257
-268
-277
-285
-292
-297
-301
-303
-304
-302
-300
-295
-289
-281
-270
-262
-249
-234
-220
-205
-189
-172
-154
-136
-118
-98
-79
-60
-42
-24
-6
9
25
41
56
69
81
91
100
109
115
120
126
129
131
130
130
129
127
124
120
116
110
105
98
91
85
78
71
65
58
54
47
42
37
32
27
24
22
21
21
23
27
31
36
39
44
52
57
65
75
88
103
120
138
155
171
186
201
215
230
247
267
287
308
328
344
357
365
369
370
369
367
364
362
358
350
336
316
288
253
213
168
123
83
43
6
-31
-72
-119
-172
-228
-284
-339
-388
-427
-457
-479
-496
-512
-527
-544
-564
-580
-589
-588
-574
-550
-516
-478
-440
-404
-373
-344
-316
-283
-244
-198
-146
-88
-33
17
58
90
117
141
163
185
211
238
265
287
303
310
307
296
282
268
254
242
230
221
206
185
161
132
99
63
29
-2
-29
-55
-78
-101
-125
-150
-177
-203
-226
-250
-267
-281
-292
-299
-304
-306
-309
-309
-311
-310
-304
-296
-284
-269
-249
-230
-207
-184
-160
-135
-110
-84
-56
-26
4
36
69
100
132
164
193
222
248
274
299
324
348
371
394
416
436
452
468
481
493
503
514
523
531
538
543
546
545
543
539
533
526
516
504
488
466
443
415
385
353
319
282
245
203
155
103
47
-12
-69
-128
-183
-233
-281
-330
-379
-431
-482
-530
-575
-613
-641
-661
-671
-675
-675
-674
-675
-671
-664
-650
-623
-588
-544
-493
-443
-392
-347
-305
-262
-217
-169
-116
-59
1
56
105
146
178
206
230
254
279
305
328
345
356
356
350
337
321
305
290
278
266
249
227
198
162
125
87
50
21
-6
-32
-58
-87
-120
-155
-191
-227
-255
-279
-295
-308
-319
-332
-345
-361
-376
-387
-390
-388
-379
-366
-352
-337
-324
-311
-297
-278
-254
-225
-189
-152
-115
-81
-51
-22
6
38
73
113
154
195
233
264
289
311
332
353
377
403
431
456
476
491
502
510
517
525
534
545
556
563
568
569
569
569
568
568
564
555
538
514
485
455
425
396
368
338
302
255
194
121
38
-44
-117
-178
-228
-271
-319
-378
-448
-527
-609
-683
-744
-784
-800
-799
-789
-781
-783
-797
-817
-832
-830
-804
-757
-693
-618
-547
-486
-438
-398
-367
-331
-284
-221
-143
-58
25
97
152
191
218
241
266
297
336
379
420
455
475
482
473
454
431
410
393
378
364
348
324
291
248
194
137
80
26
-18
-60
-97
-134
-172
-214
-262
-309
-355
-394
-423
-443
-454
-460
-464
-468
-474
-480
-481
-480
-469
-449
-421
-389
-354
-323
-293
-264
-235
-205
-167
-125
-79
-29
17
62
103
141
178
216
253
294
335
373
410
443
472
496
516
533
550
566
579
591
602
611
622
629
634
638
636
630
621
611
603
598
600
603
608
607
594
570
537
498
459
427
404
384
366
338
297
238
160
67
-25
-107
-172
-222
-259
-297
-348
-413
-495
-585
-671
-742
-791
-814
-814
-798
-782
-777
-785
-806
-828
-837
-822
-781
-716
-636
-554
-483
-425
-385
-355
-327
-289
-232
-157
-69
19
99
159
201
226
243
260
288
328
376
424
466
493
499
487
465
436
409
391
382
376
367
346
309
254
189
124
61
11
-32
-70
-106
-146
-192
-244
-304
-363
-412
-450
-475
-486
-493
-501
-512
-527
-542
-551
-554
-544
-524
-496
-463
-430
-402
-377
-355
-330
-299
-257
-205
-149
-92
-42
1
41
77
117
161
209
261
314
365
410
445
471
492
513
534
559
585
607
622
632
634
631
629
628
629
630
628
625
617
605
592
579
570
571
578
585
581
565
533
495
458
427
404
387
368
346
313
265
195
103
1
-98
-174
-224
-255
-290
-340
-414
-505
-604
-698
-780
-845
-883
-894
-880
-855
-840
-848
-882
-923
-947
-940
-897
-830
-750
-668
-590
-523
-474
-442
-419
-392
-345
-268
-170
-65
26
95
142
171
192
212
236
269
313
365
420
464
486
482
457
424
394
373
362
355
349
336
311
275
221
158
90
27
-23
-61
-90
-117
-150
-192
-244
-301
-358
-404
-438
-459
-468
-471
-472
-477
-485
-498
-510
-516
-511
-489
-456
-415
-376
-344
-319
-297
-271
-240
-201
-153
-99
-40
17
70
115
153
190
230
276
328
381
431
476
511
542
568
591
612
633
655
675
691
700
701
700
700
705
710
713
712
705
695
682
669
657
650
650
660
670
670
653
620
576
537
506
487
469
448
421
383
327
251
153
46
-54
-132
-184
-223
-265
-327
-409
-503
-599
-688
-766
-828
-865
-877
-863
-844
-838
-858
-895
-927
-938
-916
-865
-800
-729
-655
-583
-519
-467
-437
-411
-377
-319
-233
-132
-35
42
98
141
176
208
240
272
309
354
410
462
499
511
498
473
445
425
409
396
381
363
340
311
270
215
152
86
26
-22
-62
-97
-133
-179
-228
-280
-333
-385
-430
-466
-491
-507
-515
-520
-522
-527
-532
-535
-532
-519
-497
-469
-436
-402
-370
-337
-304
-269
-228
-185
-138
-87
-33
20
73
124
174
222
271
318
366
409
450
489
523
555
583
610
635
658
673
681
683
683
687
694
705
712
711
702
687
669
650
630
612
602
604
620
638
642
622
581
530
486
458
442
428
412
387
352
301
226
121
-1
-118
-208
-261
-291
-321
-377
-461
-564
-671
-772
-864
-940
-995
-1015
-1003
-977
-963
-978
-1022
-1072
-1100
-1089
-1041
-969
-890
-810
-726
-650
-590
-551
-528
-502
-452
-369
-260
-152
-61
2
46
85
120
155
189
227
272
327
386
430
449
440
415
388
369
359
350
336
318
294
267
234
188
131
71
14
-32
-70
-106
-147
-194
-247
-301
-350
-394
-436
-471
-499
-520
-531
-537
-540
-539
-541
-539
-532
-516
-494
-467
-439
-411
-384
-354
-315
-274
-230
-185
-138
-91
-39
17
75
129
180
231
281
334
385
429
466
499
531
565
602
636
664
687
703
716
724
731
735
739
746
755
760
760
751
735
714
692
676
672
682
700
717
723
710
680
640
602
571
545
521
498
471
436
381
300
189
64
-51
-138
-195
-235
-283
-350
-438
-539
-644
-744
-839
-921
-979
-1001
-992
-970
-964
-989
-1034
-1075
-1089
-1065
-1008
-936
-856
-775
-694
-620
-563
-527
-504
-472
-411
-317
-202
-90
-2
56
98
133
169
208
250
294
346
405
459
495
503
482
442
404
380
370
372
367
352
324
286
240
190
134
76
22
-21
-53
-82
-115
-162
-221
-284
-344
-391
-421
-442
-459
-472
-482
-488
-489
-490
-493
-495
-492
-477
-450
-419
-390
-367
-348
-324
-292
-251
-204
-157
-110
-61
-9
48
106
159
207
253
303
357
409
454
491
522
553
584
617
647
672
692
707
719
727
736
742
746
747
745
739
728
716
702
687
676
669
670
679
687
686
675
651
622
593
567
543
517
485
448
403
345
270
171
62
-46
-140
-212
-271
-332
-407
-497
-595
-693
-787
-875
-957
-1023
-1064
-1076
-1072
-1072
-1086
-1117
-1149
-1161
-1142
-1095
-1031
-959
-886
-810
-734
-667
-616
-575
-536
-477
-393
-291
-187
-100
-38
7
44
83
127
174
221
273
323
373
408
415
397
364
331
312
312
318
317
298
261
210
158
107
58
12
-28
-62
-86
-112
-147
-200
-270
-342
-399
-433
-444
-447
-453
-468
-488
-505
-516
-521
-523
-516
-499
-468
-430
-391
-367
-359
-356
-346
-315
-262
-200
-139
-86
-41
1
46
87
128
172
223
283
352
419
470
502
518
532
551
584
625
666
701
729
747
758
762
761
758
755
755
762
770
776
773
758
735
719
717
728
744
756
750
730
703
677
654
628
596
560
524
488
444
374
275
154
32
-66
-136
-190
-248
-321
-410
-508
-606
-703
-800
-892
-965
-1004
-1006
-990
-981
-996
-1033
-1070
-1085
-1072
-1031
-973
-904
-824
-740
-655
-586
-540
-508
-473
-418
-338
-241
-143
-58
10
67
118
163
203
242
282
325
371
411
441
454
451
436
418
401
387
370
351
327
298
262
228
192
161
130
93
54
11
-33
-78
-124
-171
-216
-256
-283
-301
-319
-339
-366
-397
-419
-426
-422
-408
-394
-378
-358
-339
-321
-310
-303
-295
-276
-239
-186
-125
-72
-27
9
47
87
131
177
226
278
335
395
449
490
516
531
548
573
607
645
679
704
719
729
735
740
744
748
750
754
760
763
758
744
723
705
699
710
732
752
758
744
716
682
651
624
597
571
545
518
484
430
344
226
96
-24
-116
-180
-228
-283
-357
-447
-548
-652
-761
-867
-964
-1027
-1053
-1046
-1029
-1027
-1051
-1091
-1131
-1147
-1134
-1096
-1037
-966
-882
-792
-709
-641
-599
-570
-536
-484
-405
-311
-218
-134
-63
-2
51
96
132
161
188
218
256
293
326
346
351
343
326
304
280
252
222
194
166
143
123
103
76
39
-11
-65
-121
-169
-210
-246
-281
-311
-336
-357
-377
-402
-434
-467
-493
-503
-496
-477
-459
-443
-430
-418
-404
-392
-386
-380
-368
-340
-296
-240
-184
-134
-94
-58
-22
16
57
101
149
204
265
327
384
427
456
474
491
514
544
581
618
654
680
698
711
718
720
719
717
718
725
736
744
748
740
729
726
735
753
769
773
759
737
718
701
683
658
623
585
548
507
449
363
246
121
9
-72
-128
-180
-246
-332
-430
-530
-627
-727
-830
-922
-985
-1009
-998
-981
-982
-1009
-1048
-1077
-1077
-1050
-1004
-945
-875
-791
-697
-608
-538
-491
-460
-424
-370
-290
-196
-102
-19
52
118
177
225
263
289
308
328
353
384
416
436
444
433
407
377
347
315
285
252
223
201
185
173
153
117
62
-2
-62
-110
-149
-182
-214
-243
-265
-281
-297
-318
-349
-386
-413
-422
-413
-395
-378
-363
-350
-336
-320
-307
-298
-294
-283
-258
-217
-164
-109
-58
-12
32
76
118
158
193
231
276
327
383
437
483
518
545
565
583
601
619
641
665
687
709
726
737
742
740
734
725
715
707
703
700
700
704
713
729
745
754
750
732
707
681
661
640
620
597
571
541
499
433
335
211
82
-30
-113
-168
-215
-272
-350
-443
-547
-657
-771
-884
-979
-1040
-1059
-1047
-1023
-1017
-1036
-1071
-1103
-1118
-1106
-1067
-1009
-933
-842
-746
-658
-593
-549
-519
-485
-433
-359
-273
-186
-107
-40
17
72
126
175
215
242
259
270
281
296
314
329
336
336
326
312
289
252
201
144
94
65
55
53
44
16
-36
-101
-170
-238
-301
-357
-400
-417
-414
-401
-394
-410
-445
-493
-531
-549
-545
-525
-492
-455
-413
-377
-354
-349
-357
-364
-359
-331
-279
-216
-153
-95
-43
3
43
78
108
139
177
226
284
344
399
442
471
492
510
528
549
569
588
603
620
639
658
674
682
680
674
667
659
651
641
635
641
661
695
729
751
751
732
707
685
668
651
630
609
594
578
551
487
378
236
93
-20
-92
-137
-182
-246
-329
-423
-516
-616
-726
-844
-948
-1013
-1028
-1006
-975
-968
-989
-1024
-1049
-1049
-1027
-992
-946
-884
-800
-698
-598
-519
-467
-434
-401
-354
-289
-215
-143
-75
-7
66
141
209
256
281
291
299
313
331
350
364
377
387
397
401
388
355
302
243
192
161
146
140
133
115
85
41
-12
-78
-150
-222
-283
-321
-336
-335
-331
-338
-355
-380
-405
-426
-443
-450
-447
-430
-398
-359
-325
-304
-296
-295
-292
-280
-259
-227
-185
-132
-69
0
66
119
155
184
214
251
295
343
389
433
470
508
540
565
584
597
610
628
648
669
685
696
702
706
709
711
708
697
683
670
666
673
691
713
734
751
758
758
752
738
714
686
664
652
648
633
589
499
369
224
93
-6
-75
-133
-197
-272
-361
-456
-563
-684
-817
-943
-1042
-1094
-1099
-1074
-1047
-1034
-1036
-1043
-1043
-1034
-1016
-990
-947
-883
-796
-695
-595
-511
-448
-399
-357
-315
-272
-226
-174
-111
-32
62
157
236
289
317
325
327
328
332
339
343
344
343
336
323
301
268
225
176
125
72
17
-42
-109
-174
-232
-278
-316
-361
-419
-489
-557
-609
-630
-609
-546
-446
-330
-216
-126
-77
-76
-121
-190
-259
-306
-321
-310
-284
-257
-243
-249
-275
-321
-373
-408
-410
-366
-278
-160
-29
98
208
299
366
411
443
478
533
622
738
862
971
1048
1080
1062
991
879
757
665
639
695
833
1020
1213
1369
1465
1499
1494
1477
1464
1472
1498
1531
1537
1476
1325
1092
823
561
321
72
-242
-684
-1277
-1969
-2642
-3139
-3328
-3152
-2655
-1950
-1187
-523
-81
90
16
-202
-429
-550
-496
-269
50
337
460
340
-30
-585
-1224
-1826
-2274
-2466
-2359
-1971
-1390
-743
-159
266
497
570
565
569
646
820
1081
1385
1656
1806
1756
1471
980
359
-289
-854
-1268
-1498
-1556
-1469
-1269
-997
-719
-500
-375
-326
-307
-268
-174
-21
172
361
484
484
328
18
-403
-865
-1271
-1539
-1616
-1506
-1261
-969
-713
-548
-481
-483
-500
-478
-376
-184
74
360
614
778
811
709
515
288
90
-21
-17
100
286
482
631
697
667
557
412
289
243
298
446
654
879
1087
1251
1356
1406
1423
1436
1464
1502
1522
1486
1366
1175
959
781
691
711
819
974
1130
1255
1341
1406
1485
1607
1765
1908
1970
1911
1730
1452
1109
731
320
-202
-994
-2143
-3499
-4675
-5250
-5031
-4088
-2628
-901
750
1933
2385
2156
1545
874
325
-16
-93
60
253
227
-143
-792
-1579
-2396
-3134
-3625
-3674
-3187
-2230
-979
344
1499
2267
2525
2325
1850
1314
890
666
637
696
687
497
127
-359
-887
-1385
-1752
-1893
-1776
-1470
-1073
-638
-197
188
443
549
563
535
462
315
118
-73
-249
-445
-687
-936
-1118
-1202
-1208
-1162
-1082
-984
-880
-771
-638
-482
-347
-277
-282
-327
-366
-376
-345
-256
-111
67
243
392
492
519
445
284
82
-105
-254
-352
-381
-317
-172
4
160
274
343
394
461
582
770
996
1202
1343
1400
1371
1268
1129
986
868
789
759
772
797
780
687
554
452
439
525
708
976
1293
1596
1813
1914
1908
1837
1762
1732
1740
1703
1539
1243
869
458
24
-398
-782
-1224
-1958
-3084
-4325
-5113
-5032
-4095
-2583
-768
1106
2656
3430
3258
2410
1339
323
-564
-1229
-1533
-1489
-1348
-1353
-1532
-1777
-2049
-2398
-2755
-2884
-2562
-1762
-614
704
1970
2900
3240
2949
2221
1309
404
-367
-885
-1101
-1079
-956
-822
-699
-596
-550
-582
-634
-622
-496
-253
86
468
779
890
755
443
60
-326
-675
-928
-1018
-942
-775
-598
-462
-390
-411
-530
-694
-840
-938
-979
-950
-825
-619
-408
-277
-253
-311
-394
-453
-440
-336
-159
50
268
470
622
665
564
332
30
-271
-505
-622
-595
-425
-147
178
497
753
904
936
891
824
787
803
867
951
1027
1063
1043
972
876
785
722
700
719
760
807
843
857
840
795
750
750
817
949
1119
1295
1449
1556
1604
1604
1584
1562
1548
1525
1454
1301
1053
755
461
202
-37
-294
-655
-1255
-2182
-3281
-4137
-4333
-3745
-2566
-1074
514
1954
2905
3116
2657
1839
920
-27
-950
-1656
-1962
-1901
-1685
-1481
-1327
-1257
-1360
-1646
-1915
-1892
-1458
-705
214
1170
2017
2552
2635
2284
1638
835
-19
-803
-1362
-1607
-1558
-1292
-883
-406
17
272
326
253
162
129
176
280
358
325
164
-53
-242
-390
-528
-647
-698
-662
-586
-513
-444
-366
-321
-369
-509
-677
-813
-901
-942
-912
-797
-642
-515
-440
-387
-327
-265
-222
-180
-120
-26
89
215
334
406
385
256
52
-169
-363
-492
-515
-405
-180
96
362
578
724
796
803
776
746
729
717
707
701
694
666
606
535
494
510
583
687
782
841
843
798
738
692
666
657
654
656
666
693
747
836
953
1104
1302
1554
1827
2040
2108
1980
1652
1167
631
159
-165
-335
-394
-452
-733
-1499
-2790
-4216
-5103
-4979
-3869
-2137
-138
1854
3472
4268
4045
3058
1764
419
-946
-2207
-3040
-3209
-2834
-2248
-1682
-1222
-975
-1080
-1480
-1827
-1759
-1201
-336
643
1640
2500
2979
2900
2305
1377
280
-858
-1855
-2489
-2643
-2353
-1738
-914
-31
691
1062
1058
831
562
356
234
180
155
100
-33
-245
-494
-744
-968
-1110
-1107
-925
-603
-219
143
400
467
286
-133
-693
-1263
-1714
-1938
-1868
-1510
-954
-347
168
502
611
503
246
-47
-270
-358
-310
-161
33
202
276
216
32
-226
-482
-655
-671
-489
-137
304
729
1047
1203
1181
1012
762
509
318
223
231
328
473
613
714
768
795
800
772
708
624
560
544
579
650
740
818
844
794
689
603
615
745
958
1195
1410
1591
1735
1838
1894
1885
1774
1529
1158
726
332
43
-137
-227
-309
-585
-1320
-2578
-3988
-4883
-4781
-3694
-1988
-30
1908
3473
4238
4015
3055
1802
494
-867
-2171
-3074
-3291
-2913
-2285
-1669
-1152
-819
-815
-1121
-1444
-1437
-992
-262
585
1471
2282
2781
2772
2263
1431
434
-631
-1629
-2341
-2590
-2358
-1755
-917
0
798
1284
1398
1237
950
634
330
80
-80
-158
-205
-278
-390
-534
-686
-809
-853
-778
-575
-273
64
342
466
363
33
-459
-1019
-1538
-1899
-1996
-1787
-1305
-667
-17
510
812
851
664
346
6
-270
-431
-452
-353
-187
-34
41
12
-113
-279
-417
-460
-364
-125
219
596
920
1113
1135
1000
759
482
245
95
52
113
256
448
651
829
952
993
938
805
629
468
372
360
419
519
631
736
818
865
885
894
906
931
987
1103
1297
1544
1779
1935
1952
1789
1443
987
540
201
12
-23
-2
-218
-1076
-2691
-4562
-5801
-5797
-4609
-2708
-483
1807
3735
4737
4576
3600
2335
953
-649
-2315
-3495
-3766
-3293
-2574
-1915
-1331
-900
-857
-1250
-1717
-1782
-1318
-542
357
1349
2341
3030
3129
2640
1779
706
-529
-1788
-2757
-3167
-2981
-2347
-1414
-320
710
1401
1632
1505
1203
838
473
213
144
208
202
-32
-472
-982
-1436
-1745
-1799
-1519
-942
-234
411
869
1084
1010
629
-9
-792
-1582
-2231
-2584
-2522
-2039
-1275
-442
277
766
968
887
610
259
-56
-280
-394
-390
-295
-177
-107
-131
-241
-398
-553
-634
-564
-308
105
581
1017
1312
1397
1251
920
502
116
-149
-259
-205
-8
287
619
920
1139
1228
1166
971
706
454
290
237
286
408
573
753
920
1042
1099
1083
1014
936
898
954
1134
1429
1775
2073
2220
2145
1849
1401
907
449
64
-231
-461
-765
-1406
-2538
-3929
-4962
-5060
-4120
-2478
-538
1431
3158
4237
4373
3670
2536
1262
-137
-1613
-2827
-3376
-3212
-2679
-2126
-1642
-1227
-986
-1042
-1260
-1290
-910
-203
613
1426
2194
2769
2921
2544
1762
776
-301
-1389
-2302
-2798
-2754
-2244
-1433
-468
495
1256
1651
1675
1466
1161
829
518
282
148
56
-74
-278
-552
-892
-1265
-1551
-1581
-1275
-700
-11
641
1127
1322
1146
627
-115
-941
-1723
-2313
-2565
-2395
-1857
-1102
-295
417
923
1152
1106
861
524
177
-120
-327
-423
-426
-394
-378
-399
-435
-461
-452
-369
-178
124
496
862
1150
1302
1281
1085
762
396
74
-142
-219
-146
65
364
688
976
1183
1273
1220
1037
784
543
376
310
343
448
599
758
889
967
990
984
995
1056
1178
1363
1601
1874
2124
2270
2233
1997
1612
1150
652
150
-286
-626
-1036
-1846
-3213
-4757
-5701
-5465
-4098
-2089
123
2283
4040
4907
4646
3567
2222
856
-620
-2156
-3303
-3639
-3258
-2649
-2146
-1737
-1373
-1214
-1381
-1633
-1532
-893
59
1029
1923
2715
3208
3135
2454
1405
240
-942
-2065
-2911
-3222
-2937
-2223
-1282
-248
728
1427
1692
1574
1273
956
682
473
346
267
134
-127
-508
-958
-1429
-1834
-2015
-1827
-1265
-484
324
998
1401
1425
1038
338
-514
-1375
-2124
-2623
-2730
-2402
-1750
-953
-177
464
883
1033
938
692
390
90
-172
-359
-453
-474
-484
-523
-588
-649
-671
-625
-464
-165
244
680
1052
1285
1335
1188
874
481
119
-132
-244
-202
-14
286
628
929
1140
1238
1212
1063
830
582
395
312
331
433
601
807
1005
1149
1205
1182
1127
1097
1146
1291
1516
1771
1985
2095
2053
1866
1593
1289
969
605
191
-290
-975
-2083
-3637
-5198
-6021
-5599
-4031
-1839
502
2680
4339
5041
4614
3401
1953
536
-893
-2256
-3161
-3283
-2786
-2176
-1777
-1559
-1429
-1471
-1736
-1968
-1753
-945
200
1340
2332
3124
3538
3336
2503
1302
29
-1169
-2206
-2902
-3051
-2629
-1834
-892
51
878
1423
1569
1383
1089
861
717
609
533
493
417
174
-305
-938
-1544
-1957
-2058
-1780
-1133
-256
609
1227
1476
1351
910
245
-541
-1325
-1976
-2367
-2409
-2087
-1489
-772
-88
452
783
885
788
576
339
133
-26
-136
-197
-239
-312
-442
-596
-711
-732
-633
-405
-53
379
810
1144
1316
1297
1094
759
390
88
-80
-96
26
248
519
779
985
1117
1162
1110
972
785
604
477
429
469
590
768
969
1154
1284
1336
1316
1268
1250
1308
1468
1717
2010
2255
2347
2220
1900
1451
929
391
-107
-648
-1517
-2975
-4825
-6301
-6563
-5369
-3182
-652
1798
3858
5080
5083
4022
2538
1142
-168
-1541
-2733
-3241
-2939
-2308
-1905
-1817
-1834
-1906
-2165
-2515
-2482
-1699
-332
1115
2308
3202
3735
3672
2882
1596
234
-967
-1987
-2764
-3084
-2811
-2099
-1250
-448
270
831
1091
1030
838
746
810
936
1037
1071
966
597
-78
-946
-1826
-2543
-2933
-2816
-2116
-990
212
1163
1682
1722
1311
559
-337
-1182
-1857
-2302
-2453
-2256
-1759
-1131
-563
-155
74
158
147
109
118
186
268
297
244
97
-154
-494
-855
-1136
-1249
-1162
-873
-414
150
705
1122
1316
1279
1051
707
335
32
-136
-152
-43
146
367
585
765
890
963
985
951
873
776
704
684
714
776
844
891
909
908
924
987
1117
1319
1596
1939
2299
2564
2603
2364
1912
1385
883
436
56
-306
-856
-1926
-3633
-5514
-6671
-6407
-4748
-2304
302
2679
4459
5184
4661
3291
1771
473
-710
-1871
-2701
-2826
-2362
-1879
-1782
-1983
-2224
-2470
-2771
-2885
-2347
-1009
722
2256
3305
3870
3906
3281
2062
646
-564
-1457
-2112
-2496
-2447
-1955
-1279
-684
-217
189
510
648
649
724
997
1361
1627
1724
1659
1339
588
-607
-1960
-3036
-3501
-3244
-2329
-965
471
1546
1984
1796
1203
442
-335
-1018
-1520
-1792
-1849
-1724
-1456
-1103
-769
-554
-461
-405
-288
-78
204
505
746
832
709
402
3
-407
-777
-1047
-1158
-1075
-813
-417
68
581
1034
1322
1395
1265
991
648
325
106
46
134
313
523
724
896
1026
1102
1122
1094
1035
980
960
990
1054
1106
1113
1074
1013
984
1042
1226
1530
1906
2282
2590
2757
2724
2487
2124
1716
1295
845
347
-281
-1288
-2933
-5073
-6926
-7492
-6319
-3836
-898
1836
3983
5155
5008
3703
2013
699
-129
-834
-1527
-1876
-1695
-1391
-1555
-2264
-3064
-3588
-3863
-3906
-3378
-1935
185
2232
3598
4200
4192
3592
2413
974
-205
-880
-1235
-1513
-1684
-1615
-1378
-1215
-1192
-1121
-848
-449
-45
429
1091
1830
2342
2434
2186
1718
978
-143
-1525
-2780
-3517
-3558
-2936
-1812
-469
701
1363
1424
1044
474
-107
-600
-961
-1191
-1325
-1404
-1431
-1406
-1362
-1331
-1285
-1136
-826
-384
110
572
914
1048
923
583
139
-303
-691
-991
-1157
-1160
-1023
-790
-471
-60
409
845
1152
1291
1264
1084
794
483
254
167
204
327
514
741
953
1088
1113
1044
925
814
758
797
931
1117
1304
1444
1533
1595
1667
1772
1921
2107
2307
2457
2472
2314
2036
1719
1374
947
355
-527
-1900
-3840
-5967
-7384
-7221
-5349
-2483
415
2712
4100
4361
3468
1919
587
3
-55
-120
-341
-496
-572
-975
-1989
-3291
-4257
-4605
-4461
-3875
-2634
-719
1337
2803
3392
3350
2966
2305
1446
716
414
426
333
-81
-641
-1129
-1538
-1931
-2162
-1979
-1372
-603
115
809
1527
2089
2232
1923
1405
892
370
-245
-894
-1393
-1638
-1671
-1543
-1255
-829
-383
-62
102
173
182
89
-153
-519
-927
-1278
-1490
-1506
-1333
-1060
-811
-643
-530
-414
-257
-48
206
477
697
781
688
429
50
-388
-798
-1074
-1141
-981
-639
-199
253
633
876
957
919
838
777
777
844
955
1053
1083
1019
891
762
689
709
819
986
1150
1256
1295
1301
1311
1332
1361
1415
1531
1727
1998
2325
2690
3025
3191
3057
2637
2085
1548
1057
590
111
-572
-1855
-3942
-6279
-7632
-7038
-4677
-1663
975
2843
3808
3616
2312
747
43
471
1197
1346
933
433
-168
-1346
-3090
-4582
-5089
-4749
-4118
-3257
-1814
74
1578
2083
1894
1748
1847
1877
1743
1790
2131
2259
1634
407
-788
-1613
-2190
-2563
-2447
-1712
-772
-168
47
237
555
791
829
911
1247
1610
1581
1064
335
-381
-1079
-1712
-2022
-1817
-1260
-706
-343
-142
-82
-232
-568
-883
-995
-925
-816
-723
-630
-584
-694
-960
-1215
-1274
-1095
-748
-293
211
642
843
771
526
236
-56
-345
-581
-690
-671
-599
-520
-414
-256
-80
77
234
436
677
897
1063
1191
1292
1334
1293
1200
1114
1050
983
911
868
884
927
960
1004
1112
1300
1527
1747
1961
2193
2455
2728
2955
3016
2800
2323
1770
1344
1079
841
458
-277
-1656
-3791
-6133
-7468
-6811
-4376
-1465
697
1802
2111
1751
808
-119
-148
902
2122
2493
1933
1021
-36
-1553
-3436
-4784
-4837
-3912
-2978
-2451
-1956
-1223
-596
-390
-243
424
1526
2402
2709
2748
2791
2550
1676
442
-494
-868
-989
-1127
-1170
-1015
-927
-1178
-1561
-1575
-1068
-354
287
896
1496
1811
1559
888
248
-122
-343
-542
-628
-530
-421
-538
-840
-1074
-1116
-1075
-1069
-1064
-1012
-975
-1011
-1035
-918
-695
-546
-551
-616
-627
-574
-483
-312
-23
289
466
461
356
218
21
-237
-453
-520
-459
-392
-363
-321
-225
-112
-20
88
261
474
666
823
998
1201
1372
1459
1478
1467
1425
1334
1235
1197
1228
1263
1266
1272
1323
1425
1566
1765
2032
2344
2657
2934
3096
3021
2674
2188
1757
1453
1206
872
179
-1286
-3614
-6004
-7011
-5818
-3201
-868
154
173
-80
-373
-661
-440
802
2565
3506
2930
1565
474
-296
-1364
-2664
-3289
-2834
-2132
-2178
-2847
-3231
-2943
-2386
-1803
-845
640
1957
2317
1887
1567
1786
2107
2066
1805
1641
1415
767
-166
-837
-1045
-1144
-1413
-1613
-1409
-946
-661
-627
-499
-53
505
873
991
934
681
249
-100
-70
276
524
365
-111
-636
-1067
-1392
-1557
-1508
-1348
-1254
-1269
-1268
-1169
-1059
-1030
-1001
-832
-520
-210
-10
104
184
237
266
326
428
467
328
35
-255
-418
-458
-432
-365
-265
-188
-187
-232
-226
-108
88
311
559
840
1118
1322
1434
1481
1495
1488
1478
1499
1558
1611
1622
1590
1530
1456
1416
1496
1753
2135
2511
2751
2756
2502
2088
1728
1575
1570
1516
1250
605
-694
-2722
-4804
-5655
-4567
-2364
-747
-619
-1375
-1928
-1929
-1591
-848
547
2153
2831
2047
622
-236
-352
-447
-864
-1141
-1004
-1058
-1964
-3337
-4059
-3614
-2546
-1592
-890
-297
43
-67
-275
102
1204
2360
2841
2599
2056
1480
900
435
309
449
431
-38
-777
-1389
-1714
-1825
-1711
-1269
-591
-40
74
-185
-492
-553
-286
231
814
1199
1165
712
81
-416
-627
-624
-608
-754
-1110
-1571
-1952
-2091
-1950
-1613
-1234
-949
-808
-762
-707
-563
-319
-19
272
491
590
549
403
225
91
38
45
57
35
-28
-98
-139
-135
-105
-76
-59
-40
18
172
435
759
1051
1235
1318
1367
1456
1620
1832
2024
2126
2098
1988
1898
1910
2007
2109
2187
2293
2429
2463
2250
1853
1506
1349
1276
1117
774
120
-1046
-2607
-3804
-3750
-2459
-1091
-801
-1554
-2330
-2364
-1751
-878
120
1104
1568
1099
110
-461
-234
235
279
-78
-423
-739
-1381
-2330
-2963
-2789
-2055
-1411
-1172
-1189
-1244
-1257
-1073
-412
696
1702
2041
1718
1265
1132
1317
1594
1808
1827
1476
746
-58
-561
-687
-655
-657
-712
-799
-961
-1164
-1208
-963
-569
-242
-36
148
356
510
559
560
547
461
264
21
-212
-491
-854
-1205
-1409
-1455
-1466
-1533
-1585
-1509
-1307
-1036
-728
-451
-263
-164
-89
63
289
453
475
403
322
267
238
217
187
140
82
36
35
75
109
117
147
222
348
513
672
812
945
1071
1189
1308
1433
1596
1810
2001
2093
2087
2078
2158
2324
2493
2604
2647
2587
2353
1994
1717
1661
1689
1518
1043
368
-525
-1781
-3113
-3652
-2817
-1302
-614
-1428
-2770
-3186
-2353
-1088
-96
595
981
723
-155
-783
-349
759
1290
676
-369
-984
-1219
-1587
-2051
-2083
-1606
-1265
-1542
-2103
-2304
-1996
-1454
-809
-14
716
926
563
247
582
1431
2157
2368
2130
1635
1012
489
369
602
700
282
-476
-1091
-1335
-1308
-1133
-871
-713
-880
-1244
-1327
-839
-49
521
648
477
228
31
-17
100
207
40
-439
-957
-1243
-1287
-1250
-1239
-1276
-1359
-1461
-1475
-1301
-983
-675
-465
-324
-215
-148
-104
-21
136
287
339
291
210
165
189
277
384
423
338
192
106
151
305
500
648
677
584
492
568
853
1214
1489
1631
1679
1711
1816
2053
2375
2645
2770
2799
2794
2712
2492
2225
2050
1943
1712
1246
568
-338
-1474
-2498
-2777
-2116
-1267
-1284
-2303
-3317
-3324
-2369
-1240
-498
-178
-192
-512
-839
-622
252
1100
1137
390
-393
-685
-674
-767
-992
-1124
-1185
-1426
-1871
-2203
-2148
-1801
-1420
-1101
-795
-544
-423
-318
29
686
1356
1664
1572
1360
1297
1425
1617
1705
1558
1133
553
71
-150
-179
-215
-397
-698
-993
-1182
-1208
-1062
-805
-549
-381
-325
-320
-275
-130
80
240
221
10
-264
-451
-498
-484
-529
-685
-900
-1066
-1099
-1007
-888
-827
-844
-876
-837
-697
-498
-320
-231
-226
-220
-146
1
163
271
318
335
347
373
443
551
660
723
729
729
756
795
813
829
882
988
1104
1181
1232
1311
1447
1625
1806
1971
2132
2312
2504
2649
2664
2537
2379
2307
2293
2184
1864
1337
614
-303
-1223
-1708
-1519
-1061
-1106
-1917
-2851
-3066
-2456
-1649
-1197
-1101
-1125
-1190
-1241
-1024
-384
337
552
145
-364
-462
-234
-121
-282
-512
-664
-865
-1204
-1480
-1454
-1212
-1050
-1085
-1151
-1092
-935
-722
-396
56
462
637
640
699
930
1228
1446
1527
1472
1285
1038
856
798
768
631
354
-20
-411
-719
-840
-763
-632
-623
-762
-906
-901
-723
-479
-308
-306
-442
-563
-520
-331
-174
-206
-406
-620
-707
-644
-522
-473
-572
-772
-920
-896
-723
-533
-451
-500
-610
-676
-625
-467
-286
-177
-158
-156
-104
11
153
287
389
450
482
534
647
808
942
983
953
936
996
1128
1264
1334
1322
1277
1291
1429
1656
1866
1981
2016
2037
2045
2021
2001
2023
2020
1867
1557
1211
822
210
-603
-1164
-1072
-638
-693
-1547
-2506
-2680
-2067
-1453
-1355
-1551
-1649
-1646
-1646
-1453
-872
-239
-149
-645
-1065
-892
-389
-166
-373
-643
-732
-801
-997
-1140
-1016
-781
-760
-981
-1131
-1009
-753
-555
-381
-147
54
95
101
330
766
1075
1043
859
832
997
1130
1086
936
784
644
509
398
282
93
-166
-377
-448
-429
-435
-504
-579
-616
-620
-614
-611
-627
-657
-660
-613
-554
-545
-585
-605
-560
-485
-440
-441
-472
-502
-506
-470
-417
-392
-415
-451
-459
-440
-419
-406
-397
-382
-344
-266
-147
-31
48
109
196
317
445
562
687
814
905
944
985
1075
1196
1291
1338
1370
1412
1460
1519
1615
1744
1864
1944
2008
2068
2085
2042
1980
1956
1930
1811
1581
1293
915
379
-208
-530
-441
-291
-588
-1337
-1956
-1949
-1504
-1193
-1269
-1488
-1591
-1586
-1536
-1329
-917
-579
-634
-969
-1115
-850
-469
-366
-544
-716
-755
-782
-860
-864
-728
-615
-695
-880
-924
-755
-525
-370
-269
-163
-73
-3
137
404
691
821
777
724
798
965
1090
1099
998
838
695
631
636
598
421
153
-60
-128
-103
-106
-200
-349
-486
-565
-582
-559
-536
-553
-621
-706
-743
-701
-601
-519
-508
-550
-586
-565
-490
-406
-353
-352
-390
-429
-423
-366
-307
-307
-366
-431
-437
-380
-301
-237
-204
-188
-155
-70
74
229
347
426
503
606
727
847
967
1082
1166
1210
1249
1324
1423
1501
1545
1596
1679
1763
1830
1901
1983
2012
1931
1796
1732
1754
1728
1533
1214
878
530
128
-247
-430
-440
-551
-959
-1476
-1708
-1547
-1297
-1280
-1466
-1601
-1574
-1476
-1372
-1209
-999
-903
-1008
-1140
-1059
-792
-605
-654
-815
-897
-887
-878
-876
-821
-740
-746
-845
-896
-788
-586
-424
-351
-306
-236
-132
11
210
423
573
614
596
613
712
849
936
911
797
679
621
592
522
379
213
81
-7
-77
-153
-231
-307
-390
-488
-582
-636
-632
-603
-612
-691
-790
-833
-780
-681
-609
-599
-631
-653
-623
-538
-440
-386
-400
-448
-462
-417
-350
-311
-329
-376
-405
-388
-328
-260
-222
-216
-207
-154
-45
92
219
317
391
462
556
683
827
952
1041
1105
1168
1246
1338
1436
1533
1611
1660
1706
1779
1876
1958
1983
1953
1894
1831
1767
1684
1565
1396
1147
793
354
-36
-227
-237
-305
-647
-1164
-1502
-1455
-1218
-1140
-1313
-1532
-1588
-1498
-1372
-1238
-1089
-995
-1031
-1127
-1100
-897
-677
-620
-722
-837
-863
-822
-758
-688
-642
-668
-757
-808
-734
-564
-401
-317
-297
-286
-224
-65
175
393
485
469
466
566
728
858
901
855
762
689
700
761
751
602
391
258
230
213
141
33
-78
-195
-320
-411
-435
-426
-455
-553
-672
-745
-728
-640
-553
-535
-583
-626
-596
-501
-406
-356
-350
-362
-365
-332
-270
-214
-212
-257
-296
-284
-228
-174
-157
-164
-169
-143
-75
21
117
188
239
290
365
477
621
764
868
918
957
1047
1192
1330
1413
1454
1495
1561
1654
1762
1854
1895
1885
1868
1870
1864
1814
1720
1595
1439
1251
1034
747
364
-21
-221
-215
-278
-665
-1204
-1438
-1235
-997
-1122
-1474
-1624
-1469
-1308
-1321
-1331
-1179
-1032
-1096
-1236
-1158
-873
-695
-786
-941
-936
-823
-770
-780
-733
-659
-682
-783
-791
-638
-454
-386
-395
-365
-271
-154
-19
144
292
367
392
443
544
658
747
781
744
659
609
650
700
635
451
274
197
180
146
74
-24
-157
-307
-417
-451
-446
-474
-567
-692
-791
-819
-763
-677
-649
-700
-759
-742
-651
-555
-504
-498
-510
-516
-493
-429
-361
-332
-358
-399
-401
-347
-278
-245
-259
-287
-279
-221
-131
-41
27
69
107
174
289
419
525
597
665
747
842
953
1085
1210
1282
1305
1345
1448
1580
1677
1725
1745
1743
1719
1696
1703
1704
1626
1454
1249
1067
884
644
355
89
-106
-271
-481
-747
-990
-1124
-1162
-1197
-1295
-1412
-1469
-1443
-1399
-1378
-1358
-1312
-1254
-1204
-1154
-1096
-1047
-1018
-976
-908
-859
-867
-886
-834
-732
-677
-699
-706
-624
-509
-443
-416
-354
-249
-157
-88
2
129
248
326
384
438
487
540
618
694
704
650
619
647
663
588
474
422
423
379
253
123
57
31
-22
-120
-224
-310
-372
-418
-460
-511
-557
-577
-557
-527
-518
-524
-518
-496
-464
-428
-384
-345
-329
-324
-303
-264
-229
-210
-203
-191
-175
-163
-146
-119
-84
-48
-11
34
84
134
190
261
344
424
496
568
645
726
803
871
932
995
1063
1126
1172
1198
1224
1269
1329
1377
1400
1393
1367
1331
1297
1260
1210
1134
1040
941
825
673
485
288
118
-11
-103
-185
-286
-421
-564
-672
-728
-760
-795
-840
-887
-945
-1021
-1084
-1096
-1062
-1023
-1014
-1024
-1033
-1024
-1001
-958
-896
-833
-788
-755
-711
-644
-567
-497
-431
-362
-290
-217
-144
-66
4
62
114
174
247
313
352
370
384
406
432
459
478
476
450
419
409
418
427
415
384
341
300
269
249
227
185
123
56
-3
-52
-93
-134
-181
-234
-283
-313
-328
-343
-367
-392
-408
-413
-412
-407
-403
-401
-403
-395
-373
-346
-330
-325
-325
-316
-291
-255
-214
-181
-154
-127
-90
-39
19
77
126
173
220
274
332
389
439
483
530
583
641
696
746
789
827
873
928
989
1045
1093
1124
1141
1151
1157
1160
1154
1134
1096
1044
980
904
813
698
571
446
333
223
107
-19
-158
-308
-456
-590
-698
-791
-888
-999
-1109
-1200
-1260
-1294
-1321
-1345
-1364
-1372
-1360
-1321
-1266
-1213
-1168
-1122
-1055
-962
-855
-758
-678
-609
-535
-445
-333
-213
-110
-33
26
87
164
249
328
387
422
446
471
506
544
566
563
549
537
532
528
520
499
466
430
400
374
341
293
231
165
104
54
12
-30
-85
-152
-212
-259
-295
-328
-362
-397
-430
-456
-473
-483
-494
-505
-513
-515
-506
-495
-486
-476
-464
-444
-414
-371
-326
-283
-248
-214
-173
-125
-72
-14
45
103
163
223
286
349
411
467
524
581
640
699
756
809
858
906
956
1004
1050
1092
1126
1152
1174
1189
1199
1202
1193
1168
1131
1083
1023
951
864
756
634
508
383
268
151
22
-122
-276
-425
-555
-663
-760
-863
-976
-1082
-1167
-1222
-1255
-1280
-1306
-1329
-1336
-1317
-1272
-1215
-1160
-1113
-1062
-993
-897
-791
-694
-616
-545
-465
-363
-244
-127
-35
31
88
158
245
335
407
453
479
502
535
577
610
623
615
598
591
595
597
584
553
512
477
453
430
397
342
273
207
153
111
70
14
-53
-121
-176
-213
-244
-280
-325
-372
-410
-433
-447
-460
-477
-495
-509
-511
-504
-492
-483
-477
-468
-447
-416
-377
-337
-301
-265
-225
-176
-119
-64
-13
37
89
143
202
262
320
375
427
478
529
583
633
682
730
781
831
878
924
965
1007
1047
1083
1112
1132
1144
1148
1147
1138
1117
1082
1036
981
912
827
720
599
473
352
243
134
11
-128
-284
-438
-571
-681
-779
-886
-1005
-1122
-1216
-1278
-1313
-1339
-1369
-1399
-1417
-1405
-1363
-1303
-1247
-1200
-1148
-1076
-978
-867
-766
-683
-612
-532
-429
-306
-189
-94
-27
30
96
182
268
337
380
403
430
470
519
557
568
555
537
534
543
551
538
497
446
402
377
361
329
270
192
113
54
14
-24
-79
-153
-229
-291
-333
-367
-405
-458
-515
-558
-578
-584
-588
-605
-633
-653
-651
-634
-607
-590
-585
-581
-562
-523
-470
-419
-379
-344
-306
-256
-193
-127
-68
-18
32
88
152
215
275
325
371
419
474
531
582
627
667
709
756
805
851
891
930
967
1006
1044
1077
1099
1113
1126
1133
1132
1117
1085
1039
989
933
870
791
686
564
435
317
206
97
-25
-165
-315
-458
-581
-685
-783
-892
-1006
-1113
-1195
-1249
-1284
-1314
-1348
-1376
-1383
-1359
-1311
-1255
-1204
-1157
-1100
-1018
-913
-801
-701
-616
-537
-443
-328
-204
-90
2
75
145
226
318
402
467
509
541
578
623
664
687
690
678
668
669
674
669
644
603
559
521
493
460
411
347
272
204
146
91
33
-37
-114
-188
-249
-302
-352
-407
-464
-517
-557
-583
-601
-621
-643
-662
-672
-670
-657
-641
-626
-606
-585
-549
-506
-458
-410
-364
-316
-262
-200
-135
-71
-11
47
105
168
232
295
354
405
454
503
553
601
648
689
726
762
798
836
873
906
936
963
992
1020
1046
1069
1084
1096
1101
1103
1098
1086
1060
1026
982
929
870
800
714
616
506
391
276
162
48
-72
-202
-338
-470
-594
-704
-807
-905
-1004
-1099
-1179
-1241
-1283
-1310
-1332
-1345
-1348
-1331
-1293
-1241
-1183
-1124
-1060
-981
-886
-782
-678
-583
-497
-405
-304
-194
-87
6
82
151
223
301
379
444
491
526
557
594
631
659
670
665
655
651
649
643
625
588
543
498
459
422
374
312
243
174
110
49
-13
-83
-159
-234
-303
-365
-422
-483
-544
-601
-652
-690
-721
-749
-777
-801
-816
-818
-811
-798
-779
-759
-734
-698
-657
-610
-557
-503
-445
-386
-324
-261
-195
-131
-66
-1
64
127
187
246
299
351
400
448
496
539
581
620
655
688
717
747
774
800
825
845
864
879
892
904
917
927
933
933
927
917
903
887
862
826
780
727
670
605
531
444
343
236
128
26
-75
-182
-297
-421
-541
-651
-747
-833
-919
-1006
-1087
-1152
-1197
-1224
-1242
-1256
-1260
-1252
-1222
-1174
-1117
-1057
-995
-925
-843
-745
-643
-545
-455
-370
-282
-184
-83
14
97
167
232
300
368
434
488
526
558
586
616
645
665
672
670
664
659
657
650
633
602
565
528
494
459
419
366
306
240
178
117
57
-9
-82
-155
-226
-292
-352
-410
-470
-530
-583
-629
-664
-693
-721
-746
-767
-776
-772
-760
-742
-725
-702
-673
-632
-581
-525
-469
-414
-354
-294
-226
-154
-85
-19
45
110
177
242
302
358
407
454
500
546
587
621
649
672
693
715
736
754
768
777
781
787
791
794
796
797
794
791
790
788
783
778
771
761
750
739
723
702
673
636
594
547
497
439
370
291
206
118
32
-52
-142
-236
-333
-430
-521
-603
-680
-752
-821
-883
-934
-973
-999
-1017
-1026
-1025
-1013
-988
-949
-903
-852
-797
-735
-666
-588
-510
-429
-352
-277
-200
-122
-41
35
104
167
227
283
338
387
429
460
487
510
529
545
554
554
550
542
534
524
509
489
463
436
406
375
339
297
251
202
156
108
55
-2
-65
-129
-188
-243
-296
-351
-409
-468
-525
-572
-611
-647
-681
-713
-739
-758
-767
-768
-765
-758
-744
-722
-690
-651
-608
-563
-517
-463
-403
-338
-273
-211
-152
-95
-35
27
88
145
196
242
287
329
368
402
433
457
480
501
515
528
536
538
540
540
540
537
535
530
521
513
509
505
501
499
494
489
487
486
488
490
493
492
489
487
483
475
464
447
424
396
365
325
279
223
163
99
33
-35
-107
-183
-263
-342
-418
-489
-556
-621
-684
-740
-789
-826
-855
-878
-894
-902
-900
-885
-858
-826
-788
-746
-699
-643
-582
-515
-450
-385
-321
-256
-190
-126
-65
-7
46
98
148
193
236
271
303
331
356
379
396
410
419
424
428
430
428
425
416
402
385
365
346
326
300
268
230
187
143
99
52
3
-48
-104
-159
-211
-261
-308
-357
-404
-449
-489
-523
-553
-580
-604
-623
-633
-639
-639
-633
-623
-609
-586
-555
-518
-478
-434
-389
-341
-289
-234
-178
-123
-71
-20
32
82
132
180
224
265
303
340
373
402
427
450
468
484
497
506
511
514
514
512
509
504
497
490
485
479
472
467
461
457
454
454
454
455
457
460
465
472
480
488
494
499
502
504
503
499
489
473
451
424
392
355
311
261
206
146
86
22
-42
-108
-175
-242
-307
-369
-426
-484
-538
-586
-628
-663
-693
-715
-731
-742
-742
-734
-719
-697
-668
-635
-597
-554
-504
-450
-397
-342
-288
-233
-177
-121
-66
-14
34
79
123
163
201
234
265
290
312
333
350
362
371
375
378
378
377
372
362
349
334
315
296
273
247
216
181
144
106
68
26
-17
-64
-110
-156
-201
-244
-288
-331
-374
-411
-445
-476
-501
-524
-544
-560
-569
-573
-572
-568
-558
-543
-524
-500
-470
-439
-404
-366
-326
-284
-238
-193
-146
-102
-56
-12
32
74
113
150
183
215
244
271
293
314
330
343
355
366
373
378
381
381
381
378
374
369
363
355
345
337
328
318
309
300
291
283
277
271
267
264
263
263
265
270
273
280
284
289
295
300
303
305
305
301
293
284
269
251
228
201
170
136
98
55
10
-38
-88
-137
-187
-240
-292
-342
-390
-437
-478
-516
-552
-582
-607
-626
-639
-645
-647
-643
-634
-617
-595
-569
-538
-504
-467
-426
-384
-338
-291
-248
-202
-157
-113
-69
-28
11
47
81
114
143
169
193
214
232
248
260
271
279
285
288
287
285
282
273
264
251
236
219
198
176
153
126
98
70
39
8
-25
-57
-89
-121
-151
-181
-210
-238
-262
-284
-305
-322
-337
-349
-356
-362
-363
-363
-358
-349
-337
-322
-304
-284
-261
-235
-207
-177
-147
-115
-82
-51
-17
16
48
80
110
139
168
194
217
240
259
278
295
309
321
331
340
347
352
355
355
357
355
352
347
343
338
332
325
319
310
304
297
291
285
281
276
272
270
268
266
267
267
268
270
274
277
282
286
290
295
300
303
306
307
306
302
297
289
277
262
242
220
194
164
133
98
59
21
-22
-64
-106
-149
-192
-235
-275
-313
-349
-383
-413
-440
-464
-482
-496
-504
-509
-509
-505
-496
-482
-463
-442
-418
-391
-361
-330
-296
-261
-228
-192
-156
-121
-85
-53
-20
11
41
67
94
118
140
159
177
193
206
217
226
233
238
239
240
239
236
228
222
212
198
185
168
149
127
106
80
54
27
-2
-31
-60
-90
-120
-150
-177
-205
-229
-253
-276
-296
-315
-329
-341
-352
-358
-363
-363
-361
-355
-348
-336
-321
-306
-288
-267
-246
-222
-198
-171
-147
-120
-94
-68
-41
-17
6
31
53
75
94
114
131
148
163
175
188
198
208
216
222
229
232
234
236
236
237
234
230
227
221
215
207
202
193
184
177
168
161
154
146
141
135
131
126
123
122
121
121
121
123
127
130
137
141
145
151
155
161
164
167
167
165
162
156
146
136
122
104
85
63
39
12
-16
-46
-77
-109
-140
-171
-202
-233
-262
-289
-314
-338
-358
-375
-389
-400
-408
-411
-411
-407
-401
-391
-379
-364
-344
-325
-303
-278
-254
-228
-200
-173
-145
-117
-89
-62
-35
-10
15
38
62
83
102
120
136
151
164
175
183
191
198
201
204
203
203
200
194
187
179
168
156
141
125
108
89
69
48
25
2
-21
-45
-68
-91
-115
-136
-157
-179
-197
-213
-228
-241
-253
-261
-268
-273
-274
-273
-270
-265
-257
-248
-235
-221
-205
-188
-169
-149
-128
-106
-83
-60
-36
-12
11
35
58
79
102
123
143
163
180
196
211
225
237
247
256
263
268
271
274
274
274
271
267
263
256
250
242
234
225
217
206
197
187
179
169
160
152
145
138
132
127
123
120
118
116
116
116
117
118
122
125
130
135
140
146
152
159
166
173
178
183
188
191
193
194
191
187
180
172
161
148
132
114
94
72
49
24
-2
-28
-58
-85
-112
-140
-167
-192
-218
-241
-263
-283
-300
-315
-327
-337
-345
-348
-350
-349
-345
-338
-329
-317
-303
-287
-270
-252
-232
-210
-189
-166
-143
-120
-98
-76
-55
-33
-12
5
25
42
57
70
82
92
101
107
111
114
115
114
111
106
99
91
81
70
58
44
27
11
-5
-24
-42
-62
-80
-100
-119
-136
-154
-171
-187
-202
-214
-226
-237
-244
-251
-257
-260
-260
-259
-256
-252
-245
-237
-228
-216
-204
-190
-176
-159
-143
-126
-108
-89
-71
-53
-32
-15
2
20
37
53
69
83
96
110
121
131
141
149
155
161
165
170
173
174
174
174
172
169
166
163
158
152
146
141
135
127
122
115
109
104
98
93
90
85
81
78
76
73
72
71
69
70
69
70
71
73
74
76
78
79
81
84
87
89
90
92
93
94
96
97
96
97
98
98
97
97
94
92
89
85
80
74
67
59
50
40
29
17
5
-9
-22
-38
-53
-68
-82
-97
-112
-127
-140
-153
-164
-176
-186
-194
-202
-208
-212
-214
-216
-216
-214
-211
-206
-200
-192
-184
-174
-162
-151
-138
-125
-112
-98
-85
-71
-56
-41
-29
-16
-4
8
20
31
39
47
55
60
65
68
71
72
72
71
68
65
61
56
49
43
36
28
21
13
5
-3
-11
-19
-27
-35
-41
-48
-54
-58
-64
-67
-70
-72
-73
-73
-73
-73
-70
-67
-63
-58
-52
-47
-39
-32
-24
-15
-7
2
11
20
30
40
49
59
68
76
85
93
101
109
116
123
129
134
139
143
146
149
151
152
153
152
152
151
148
146
143
139
135
130
125
119
112
107
100
93
86
79
73
68
62
56
51
46
42
39
36
34
32
29
30
29
28
28
29
30
31
32
33
34
35
37
38
39
41
42
43
43
43
44
44
43
44
42
42
41
40
38
36
35
34
30
28
25
22
20
16
13
9
4
0
-5
-9
-15
-20
-25
-32
-38
-43
-50
-55
-61
-68
-73
-79
-84
-89
-95
-98
-103
-107
-110
-113
-115
-117
-120
-121
-121
-122
-123
-122
-122
-121
-119
-119
-117
-115
-113
-111
-108
-106
-103
-100
-97
-95
-92
-88
-86
-82
-80
-76
-72
-69
-65
-61
-58
-54
-51
-48
-44
-41
-37
-34
-30
-27
-24
-19
-18
-15
-12
-9
-7
-5
-3
-2
-2
1
1
2
2
2
3
3
2
2
1
1
0
0
-1
-3
-3
-3
-4
-6
-5
-6
-7
-7
-7
-7
-7
-6
-7
-6
-5
-5
-4
-3
-2
-1
0
2
3
5
7
9
12
14
17
19
22
23
27
30
32
35
37
39
43
44
46
49
50
51
53
54
54
55
56
55
55
55
54
53
52
52
49
48
46
44
42
39
37
36
33
30
29
28
25
23
20
18
17
16
14
13
11
11
9
8
8
7
6
6
5
5
4
4
4
4
5
4
4
4
4
5
7
6
7
6
8
9
9
10
10
11
12
12
14
14
15
16
17
18
19
20
20
21
21
22
23
23
24
24
23
24
25
25
25
25
25
25
24
25
23
24
23
23
22
22
21
21
20
20
20
18
19
17
17
16
16
15
14
14
13
13
12
11
9
8
8
7
5
3
2
1
-1
-3
-4
-6
-8
-11
-12
-14
-16
-18
-20
-22
-24
-26
-28
-28
-29
-31
-32
-33
-33
-34
-35
-34
-35
-35
-34
-33
-32
-31
-30
-29
-28
-25
-24
-22
-20
-18
-15
-14
-12
-9
-7
-5
-3
-3
0
1
2
3
5
6
6
7
7
7
7
7
6
7
7
6
5
4
3
2
1
-1
-2
-3
-4
-6
-7
-10
-12
-14
-17
-19
-21
-23
-25
-28
-30
-33
-35
-37
-39
-40
-42
-43
-44
-44
-44
-45
-45
-43
-43
-42
-40
-38
-37
-35
-33
-31
-28
-26
-24
-23
-19
-17
-15
-12
-10
-6
-4
-2
0
2
6
7
9
12
14
16
18
19
20
21
21
22
20
20
19
18
15
13
12
8
7
4
2
0
-2
-4
-6
-7
-8
-8
-8
-8
-7
-7
-6
-4
-4
-1
-1
1
2
2
4
5
6
6
6
7
6
5
4
3
3
2
1
0
-1
-2
-4
-6
-7
-8
-9
-11
-11
-12
-13
-14
-16
-17
-17
-17
-18
-18
-19
-19
-18
-18
-17
-16
-14
-14
-12
-10
-8
-7
-6
-4
-1
1
3
5
8
10
13
15
17
19
21
23
25
25
27
28
30
31
32
32
32
31
31
29
29
26
25
21
17
13
8
4
-2
-8
-15
-20
-26
-33
-37
-41
-44
-47
-47
-47
-46
-43
-38
-33
-27
-20
-12
-4
3
11
18
25
30
35
38
40
40
40
38
36
32
29
26
22
18
17
15
13
13
13
15
16
19
24
28
34
40
47
53
61
68
75
80
85
89
92
91
90
86
79
72
62
53
40
27
12
-3
-19
-36
-53
-68
-85
-98
-112
-121
-127
-131
-130
-127
-118
-107
-93
-76
-60
-42
-25
-9
5
17
27
35
39
43
44
43
41
38
34
30
24
18
12
7
2
-2
-5
-7
-7
-6
-5
-1
4
11
17
24
29
36
39
43
45
46
45
45
43
40
38
34
32
28
25
21
17
11
4
-4
-12
-22
-33
-43
-54
-62
-68
-73
-76
-76
-76
-74
-69
-65
-60
-54
-48
-40
-33
-22
-10
1
13
24
33
38
39
34
24
7
-15
-40
-67
-93
-117
-133
-142
-142
-134
-118
-93
-62
-26
11
48
83
113
139
158
173
182
188
188
185
180
173
161
148
131
111
88
63
35
7
-23
-52
-80
-104
-124
-137
-146
-148
-143
-134
-118
-100
-79
-55
-33
-11
9
24
36
43
46
44
40
31
21
8
-5
-20
-33
-48
-60
-70
-79
-86
-91
-91
-89
-83
-74
-63
-48
-31
-12
7
28
46
63
78
88
94
98
96
90
80
64
46
25
0
-25
-51
-77
-102
-123
-141
-152
-158
-157
-148
-133
-114
-90
-62
-34
-5
20
42
60
75
85
92
98
101
102
102
103
104
104
103
101
99
94
87
78
67
54
41
28
16
3
-7
-15
-21
-25
-27
-27
-25
-22
-20
-18
-17
-19
-22
-27
-34
-42
-51
-60
-66
-71
-74
-71
-67
-59
-49
-38
-27
-15
-6
2
8
13
16
18
19
20
20
20
20
21
19
18
15
12
8
6
3
1
2
4
8
14
24
33
43
54
65
74
81
88
93
95
97
96
93
90
82
72
59
44
26
7
-12
-30
-47
-58
-65
-65
-61
-50
-36
-15
5
23
40
54
62
65
62
54
42
29
15
1
-10
-19
-24
-27
-25
-21
-14
-7
0
7
14
18
19
18
15
9
1
-9
-19
-30
-40
-49
-57
-61
-64
-63
-63
-60
-56
-53
-48
-46
-44
-41
-39
-35
-31
-26
-22
-16
-11
-9
-8
-10
-16
-25
-35
-46
-56
-63
-64
-62
-54
-41
-24
-9
7
17
20
17
6
-10
-31
-52
-70
-83
-85
-78
-59
-30
8
51
95
136
173
199
215
219
211
195
169
137
102
67
31
1
-28
-50
-69
-82
-89
-92
-89
-84
-73
-59
-43
-27
-11
4
16
26
32
35
35
33
29
24
18
13
6
-1
-8
-17
-24
-34
-43
-53
-62
-71
-78
-84
-88
-90
-91
-90
-90
-89
-87
-86
-84
-79
-73
-66
-55
-43
-26
-9
7
19
30
34
35
28
19
6
-7
-22
-30
-36
-36
-30
-19
-5
12
30
45
59
69
75
75
72
67
60
53
46
38
32
28
23
20
18
17
18
18
21
23
26
30
32
33
32
30
24
18
8
-2
-13
-24
-33
-39
-42
-43
-40
-36
-30
-24
-19
-14
-10
-8
-6
-3
-1
0
5
9
14
16
18
17
13
8
0
-10
-18
-27
-32
-34
-32
-27
-19
-7
4
14
23
30
34
34
30
25
16
9
0
-8
-15
-21
-26
-31
-36
-39
-43
-46
-48
-47
-43
-38
-30
-24
-14
-6
0
3
2
-4
-14
-30
-46
-63
-80
-92
-99
-99
-93
-81
-61
-37
-12
13
37
55
68
73
70
61
46
27
6
-11
-26
-35
-36
-29
-17
3
29
57
86
115
140
163
179
190
197
198
194
186
172
152
129
99
66
25
-18
-61
-104
-142
-171
-189
-193
-182
-157
-118
-69
-16
39
89
132
159
172
170
152
121
80
35
-10
-51
-82
-102
-109
-105
-90
-69
-42
-16
7
25
40
47
50
48
44
40
35
31
28
26
25
21
16
9
1
-13
-27
-41
-55
-66
-72
-74
-69
-59
-44
-27
-7
9
23
31
34
31
22
10
-5
-22
-36
-48
-56
-61
-62
-59
-54
-47
-42
-35
-30
-27
-25
-23
-23
-22
-21
-20
-19
-20
-22
-27
-35
-46
-61
-78
-95
-110
-122
-129
-130
-125
-111
-93
-70
-43
-16
10
35
55
71
83
91
97
99
102
105
108
112
113
114
113
108
98
84
65
43
19
-7
-30
-52
-67
-76
-79
-75
-63
-47
-25
-4
20
43
63
79
91
99
102
102
97
92
84
74
64
52
39
23
6
-12
-32
-55
-78
-101
-121
-137
-148
-152
-150
-142
-127
-110
-90
-70
-52
-36
-24
-15
-10
-8
-6
-4
1
9
21
35
52
69
84
97
104
108
105
97
84
68
51
34
20
8
-2
-10
-16
-23
-30
-41
-51
-63
-75
-87
-96
-102
-103
-98
-89
-73
-53
-30
-5
21
45
70
93
112
130
146
158
168
174
176
170
158
138
109
72
28
-19
-68
-117
-160
-195
-220
-235
-238
-231
-215
-192
-166
-137
-110
-85
-62
-41
-25
-9
6
20
35
50
64
76
84
89
89
87
81
75
69
64
66
72
83
101
121
143
163
178
187
186
175
153
122
83
40
-3
-46
-85
-119
-146
-167
-182
-190
-195
-197
-196
-193
-189
-183
-173
-160
-142
-120
-93
-65
-32
0
30
61
85
108
124
137
146
153
157
162
165
169
172
172
170
165
156
142
123
101
77
51
25
3
-17
-33
-46
-56
-61
-65
-67
-71
-75
-80
-84
-87
-88
-84
-78
-67
-52
-34
-17
1
15
26
33
33
28
19
6
-8
-22
-37
-51
-62
-71
-77
-82
-84
-86
-86
-87
-87
-85
-81
-77
-69
-61
-52
-41
-33
-22
-15
-9
-5
-3
-2
-1
-1
1
3
8
14
24
32
41
49
55
59
61
61
59
56
53
50
49
50
52
56
60
67
72
78
83
88
92
94
95
95
94
92
88
83
76
68
59
48
38
28
21
13
9
6
7
8
11
16
19
22
21
21
17
12
6
-3
-9
-16
-21
-25
-27
-28
-28
-31
-37
-45
-55
-68
-82
-98
-113
-126
-135
-143
-147
-148
-147
-146
-145
-144
-145
-147
-150
-151
-152
-148
-140
-127
-106
-80
-52
-21
10
36
55
68
72
68
57
44
30
20
14
18
28
46
69
95
121
143
156
162
157
145
124
98
70
42
17
-4
-19
-28
-34
-37
-39
-44
-50
-58
-70
-85
-101
-115
-127
-135
-137
-133
-123
-108
-87
-62
-36
-10
15
37
57
73
84
92
96
96
92
86
75
63
48
30
10
-10
-31
-51
-70
-86
-98
-105
-106
-103
-92
-76
-55
-29
-1
29
58
86
111
131
145
154
156
152
142
128
111
92
72
54
38
27
17
12
10
11
13
16
19
20
20
19
15
9
3
-5
-13
-21
-30
-37
-46
-53
-60
-70
-79
-89
-99
-109
-120
-128
-135
-139
-141
-138
-132
-124
-110
-96
-77
-59
-39
-20
-4
10
21
27
28
27
23
16
7
-2
-11
-19
-25
-28
-27
-24
-15
-4
9
25
42
60
77
94
108
120
126
128
128
122
113
102
88
73
56
40
25
13
1
-8
-15
-20
-24
-28
-27
-27
-23
-17
-10
0
11
23
34
44
49
51
47
35
19
-4
-31
-61
-88
-115
-136
-149
-155
-152
-138
-117
-90
-60
-29
-1
27
48
66
78
86
90
93
96
98
101
106
111
116
120
122
120
117
110
100
89
76
64
53
44
36
31
30
29
28
27
25
21
15
6
-5
-18
-31
-45
-57
-66
-73
-75
-74
-70
-64
-55
-46
-35
-26
-16
-9
-3
2
7
7
9
10
10
10
10
10
10
7
5
1
-4
-10
-19
-27
-38
-48
-60
-71
-82
-91
-99
-104
-107
-106
-104
-98
-90
-79
-66
-53
-40
-27
-13
-2
8
17
24
31
36
40
43
47
49
51
52
52
50
44
37
26
12
-6
-25
-46
-66
-86
-102
-114
-122
-123
-119
-110
-97
-80
-60
-40
-19
-1
14
27
38
47
55
60
67
73
79
86
93
98
101
102
100
95
87
77
64
53
41
29
18
10
5
0
-4
-8
-12
-18
-24
-31
-40
-48
-54
-59
-61
-61
-56
-50
-40
-28
-15
-1
12
26
39
51
60
70
77
83
87
91
91
90
86
80
71
61
48
35
22
9
-2
-12
-22
-29
-33
-39
-43
-46
-50
-54
-56
-59
-61
-60
-58
-52
-46
-38
-28
-17
-7
2
8
13
16
15
12
7
1
-6
-13
-21
-27
-34
-41
-48
-56
-64
-73
-84
-93
-102
-110
-115
-114
-111
-101
-87
-67
-44
-19
6
31
52
69
81
89
89
86
79
70
60
50
44
39
37
37
39
42
45
45
44
41
35
29
21
11
3
-3
-8
-10
-10
-8
-6
-3
-1
1
2
3
1
1
1
2
5
9
16
25
34
43
50
57
60
60
56
51
43
34
25
15
6
0
-5
-8
-11
-11
-13
-14
-13
-12
-10
-7
-4
3
10
19
28
38
46
53
55
54
48
41
29
14
-1
-16
-30
-42
-51
-57
-59
-58
-54
-49
-42
-34
-26
-18
-9
-1
8
19
29
40
50
60
69
76
80
82
80
77
72
64
54
45
35
26
18
12
5
2
-4
-9
-14
-18
-24
-28
-34
-37
-41
-44
-45
-46
-46
-47
-46
-47
-49
-51
-54
-58
-64
-69
-74
-79
-83
-85
-86
-86
-86
-83
-80
-77
-72
-68
-63
-58
-53
-48
-44
-38
-32
-26
-20
-11
-4
4
14
23
34
43
51
58
64
66
65
61
52
43
29
17
3
-7
-17
-23
-27
-26
-21
-14
-4
4
14
23
30
35
38
39
39
38
36
35
36
37
41
44
48
53
57
61
62
63
61
57
52
44
35
24
12
0
-14
-25
-35
-43
-48
-48
-43
-35
-25
-12
1
12
20
23
21
13
0
-19
-39
-62
-80
-97
-109
-113
-113
-107
-97
-84
-69
-55
-43
-35
-28
-25
-24
-25
-25
-25
-24
-21
-15
-8
1
12
24
38
52
66
78
92
101
112
117
121
120
116
109
98
87
75
62
50
41
33
28
24
21
18
13
6
-5
-18
-34
-50
-67
-81
-91
-96
-96
-88
-76
-60
-43
-23
-7
6
16
20
21
19
14
7
2
-4
-7
-10
-13
-15
-18
-23
-30
-39
-50
-63
-75
-86
-94
-98
-97
-91
-82
-66
-51
-32
-14
3
18
31
39
45
46
48
47
45
42
40
38
36
34
33
32
30
29
27
26
26
25
24
23
24
23
23
25
25
26
26
25
26
25
26
26
28
29
31
34
38
40
42
46
47
48
48
48
48
47
45
44
42
40
35
32
27
22
16
9
2
-3
-10
-16
-21
-26
-29
-32
-32
-32
-32
-32
-32
-33
-35
-38
-43
-49
-53
-57
-58
-56
-52
-44
-34
-20
-6
8
18
27
34
39
41
41
40
33
25
16
6
-2
-9
-13
-14
-12
-8
-4
0
4
7
11
13
15
15
13
8
1
-6
-13
-22
-28
-34
-41
-43
-47
-52
-55
-56
-57
-57
-57
-56
-56
-56
-57
-59
-60
-61
-60
-59
-56
-51
-44
-35
-26
-16
-7
2
8
12
15
14
15
15
15
14
11
8
4
-1
-5
-8
-10
-10
-10
-11
-12
-14
-18
-22
-26
-27
-26
-22
-17
-10
-1
8
18
29
39
48
54
57
58
54
48
42
34
27
18
11
3
-3
-11
-19
-28
-35
-43
-46
-48
-46
-44
-42
-40
-41
-41
-39
-32
-20
-2
18
40
64
89
111
132
144
143
130
105
73
38
8
-17
-37
-54
-67
-75
-74
-61
-46
-30
-23
-28
-37
-39
-20
21
72
110
113
67
-16
-100
-143
-113
-11
131
255
303
248
104
-73
-215
-265
-210
-75
77
187
221
179
93
10
-39
-44
-24
-1
4
-12
-37
-52
-51
-41
-38
-61
-110
-170
-213
-217
-171
-91
-7
46
50
8
-59
-118
-143
-127
-83
-32
6
23
21
16
18
32
52
64
62
44
21
3
6
29
63
95
108
95
61
15
-23
-45
-46
-33
-18
-9
-14
-31
-51
-64
-67
-53
-29
0
24
43
57
66
73
76
74
63
42
12
-17
-40
-49
-40
-15
16
44
60
63
55
42
35
38
52
73
95
110
116
112
100
87
77
72
71
75
79
80
79
74
69
62
57
50
43
35
28
21
16
16
20
28
37
44
46
45
36
23
5
-15
-35
-51
-62
-69
-71
-71
-74
-81
-91
-103
-112
-116
-107
-90
-69
-45
-24
-9
2
8
13
16
23
27
25
18
8
-6
-19
-25
-28
-25
-21
-22
-27
-39
-53
-67
-78
-83
-82
-79
-73
-70
-69
-70
-70
-70
-66
-60
-50
-38
-29
-21
-17
-13
-12
-11
-8
-3
5
13
22
29
36
44
53
63
71
75
69
56
35
10
-11
-25
-28
-22
-13
-5
-5
-14
-29
-45
-57
-64
-64
-59
-55
-52
-52
-55
-54
-53
-48
-41
-34
-27
-19
-7
12
40
74
110
142
167
178
176
162
136
104
69
33
1
-25
-40
-46
-42
-31
-17
-3
5
9
9
5
1
-2
-4
-4
2
13
29
48
71
93
113
124
127
121
109
89
66
42
19
-4
-23
-40
-54
-65
-74
-78
-82
-82
-80
-76
-71
-64
-56
-48
-38
-30
-22
-16
-11
-10
-10
-14
-21
-28
-36
-43
-47
-50
-50
-48
-45
-40
-35
-30
-28
-28
-28
-31
-34
-38
-39
-39
-39
-37
-33
-29
-23
-17
-11
-7
-3
-2
-1
-3
-7
-9
-10
-12
-12
-12
-11
-12
-12
-11
-11
-7
-3
5
16
28
42
57
71
85
94
99
100
97
88
77
63
49
34
22
11
0
-6
-8
-7
-5
-2
1
4
4
5
6
7
8
9
9
8
8
8
10
14
20
27
36
44
51
57
61
62
61
56
49
41
31
22
14
7
4
1
1
0
-1
-2
-4
-8
-14
-21
-32
-43
-56
-66
-74
-80
-83
-86
-88
-91
-90
-89
-89
-86
-84
-84
-84
-83
-80
-76
-69
-59
-48
-36
-23
-9
5
19
32
43
50
55
56
56
54
54
53
52
51
48
47
44
42
41
40
38
37
35
32
33
37
43
52
62
72
81
87
90
92
92
90
86
83
78
74
72
71
72
71
71
66
58
46
31
13
-8
-28
-52
-72
-92
-108
-118
-125
-125
-122
-116
-110
-106
-100
-96
-91
-84
-78
-71
-63
-53
-45
-34
-23
-12
-3
5
12
16
18
18
15
10
3
-5
-15
-25
-34
-42
-47
-51
-52
-51
-47
-43
-38
-32
-25
-20
-16
-15
-16
-20
-28
-36
-47
-59
-71
-84
-95
-104
-110
-112
-112
-105
-96
-82
-67
-49
-31
-11
10
31
51
70
87
103
117
130
141
149
154
154
152
147
137
124
110
90
70
48
27
8
-7
-18
-24
-25
-24
-20
-14
-11
-7
-6
-8
-9
-12
-14
-18
-20
-21
-22
-24
-25
-27
-29
-30
-33
-34
-36
-37
-38
-39
-39
-39
-41
-41
-42
-43
-43
-42
-42
-40
-37
-33
-28
-23
-18
-13
-8
-3
1
4
7
12
14
16
18
20
22
22
23
24
23
24
23
21
19
18
15
12
11
11
10
12
15
17
20
25
29
33
37
40
42
43
41
38
32
25
15
4
-7
-17
-28
-39
-48
-57
-68
-78
-91
-105
-116
-130
-140
-147
-148
-143
-134
-119
-100
-80
-59
-37
-17
0
16
31
44
56
67
75
81
84
85
83
80
75
69
61
56
53
48
47
47
49
52
53
56
60
62
62
64
64
64
63
63
62
60
58
56
53
50
44
39
32
25
15
8
-1
-11
-19
-28
-36
-44
-49
-53
-55
-56
-55
-52
-46
-39
-32
-24
-16
-11
-5
-1
1
1
1
0
-2
-4
-5
-8
-8
-8
-8
-8
-8
-7
-8
-9
-10
-12
-13
-14
-13
-12
-9
-3
6
16
27
38
50
59
67
69
69
64
57
47
34
23
12
4
-1
-2
2
8
17
30
42
56
66
73
78
78
76
71
65
58
49
43
37
32
28
24
21
16
11
5
-1
-7
-13
-19
-25
-30
-34
-38
-41
-46
-50
-53
-57
-60
-63
-64
-66
-69
-70
-73
-77
-80
-86
-93
-99
-107
-115
-123
-129
-131
-130
-126
-117
-104
-87
-68
-49
-27
-6
14
33
51
66
79
88
95
100
100
97
94
87
80
73
65
56
48
38
29
20
12
4
-2
-8
-11
-11
-10
-4
2
12
21
29
37
41
43
42
39
34
29
26
21
20
19
22
26
29
33
35
34
32
25
16
4
-10
-26
-42
-56
-68
-77
-81
-82
-80
-77
-71
-65
-62
-58
-55
-54
-53
-52
-49
-45
-40
-32
-24
-15
-6
3
9
15
20
22
23
23
23
21
20
18
16
15
13
10
7
5
2
-1
-4
-7
-11
-16
-23
-29
-35
-42
-48
-53
-57
-59
-62
-60
-59
-55
-50
-44
-36
-29
-21
-13
-4
5
14
22
30
36
43
47
51
55
59
63
68
73
80
86
93
99
105
109
112
114
115
113
111
106
99
92
83
72
60
47
31
17
1
-14
-29
-42
-55
-67
-76
-85
-93
-100
-105
-109
-113
-116
-115
-114
-111
-107
-101
-92
-82
-71
-59
-47
-35
-22
-12
-1
10
20
30
40
49
58
65
70
76
78
77
74
68
60
49
37
23
11
-1
-12
-22
-29
-37
-44
-50
-56
-61
-68
-70
-72
-71
-66
-56
-41
-22
-2
20
42
63
79
91
98
100
99
94
87
78
70
60
52
46
39
32
25
20
12
5
-2
-8
-14
-19
-22
-22
-20
-16
-11
-5
-1
4
8
11
11
10
9
8
6
5
4
4
4
5
4
4
3
1
-2
-5
-7
-12
-16
-19
-22
-25
-26
-26
-25
-22
-18
-13
-6
1
7
14
21
27
32
36
39
41
43
44
44
43
41
37
33
27
22
15
10
4
-1
-6
-11
-16
-20
-26
-31
-36
-40
-45
-50
-54
-58
-60
-63
-65
-66
-65
-66
-64
-63
-62
-60
-57
-56
-54
-54
-53
-53
-52
-50
-48
-44
-37
-28
-19
-9
3
13
23
31
38
42
43
44
43
40
37
34
31
27
25
24
21
19
19
18
15
11
7
2
-3
-9
-16
-23
-29
-33
-36
-38
-38
-37
-35
-31
-28
-24
-21
-18
-15
-14
-11
-10
-8
-7
-7
-5
-4
-4
-3
0
1
2
5
7
11
16
20
24
29
33
39
43
49
54
59
65
70
77
83
89
94
98
99
99
97
91
82
70
56
39
21
2
-15
-33
-49
-63
-75
-84
-92
-97
-100
-102
-102
-100
-96
-91
-85
-78
-68
-59
-46
-33
-19
-4
11
27
41
54
66
75
81
85
86
84
80
74
66
58
48
39
29
20
10
2
-7
-14
-22
-29
-34
-40
-45
-48
-51
-52
-52
-51
-50
-47
-45
-44
-43
-43
-46
-49
-54
-60
-65
-71
-76
-81
-83
-84
-83
-79
-72
-64
-53
-41
-25
-10
6
22
39
54
68
82
93
103
110
116
120
121
120
117
111
103
94
83
71
58
45
31
18
4
-10
-23
-36
-48
-59
-71
-80
-88
-94
-96
-97
-94
-90
-84
-75
-65
-53
-41
-29
-16
-5
6
16
24
32
37
42
45
46
46
45
42
40
34
29
23
16
10
4
-3
-8
-10
-12
-13
-11
-8
-3
4
9
17
24
32
38
45
50
55
59
62
64
65
66
65
63
60
56
51
45
38
30
21
12
3
-6
-13
-21
-27
-32
-36
-39
-42
-41
-43
-44
-44
-43
-42
-41
-39
-36
-33
-27
-22
-15
-9
-3
4
10
14
19
23
27
30
33
36
38
42
44
47
49
52
54
54
53
51
46
40
32
23
12
1
-9
-21
-30
-39
-47
-54
-60
-65
-68
-71
-73
-74
-74
-73
-73
-71
-69
-64
-59
-54
-48
-42
-36
-29
-25
-19
-14
-11
-9
-6
-5
-5
-5
-5
-7
-8
-9
-12
-15
-17
-18
-22
-23
-24
-24
-22
-21
-17
-12
-7
-3
4
10
14
18
19
20
19
18
15
10
5
1
-5
-10
-14
-20
-24
-28
-31
-34
-37
-38
-40
-39
-38
-37
-33
-27
-21
-12
-2
8
19
29
40
50
58
65
69
73
73
72
71
67
62
57
52
46
41
36
30
26
21
17
13
8
4
0
-5
-9
-13
-16
-21
-24
-28
-32
-36
-40
-46
-51
-58
-64
-70
-77
-84
-90
-95
-98
-99
-99
-95
-91
-83
-73
-60
-47
-31
-13
6
25
43
61
78
95
110
123
134
142
149
153
154
153
151
146
140
131
121
111
100
88
77
65
53
43
32
23
15
6
-1
-8
-13
-18
-24
-28
-33
-37
-41
-45
-48
-50
-52
-53
-54
-52
-52
-50
-47
-44
-39
-35
-30
-25
-21
-18
-14
-13
-10
-9
-9
-10
-11
-13
-16
-19
-21
-24
-26
-27
-27
-25
-23
-20
-15
-10
-4
3
9
15
22
27
32
35
39
39
40
38
37
34
30
26
23
17
13
8
3
-1
-7
-10
-14
-17
-20
-21
-23
-25
-25
-24
-24
-23
-22
-20
-20
-19
-18
-19
-18
-18
-19
-20
-19
-20
-20
-18
-16
-13
-10
-8
-4
-1
4
7
10
12
15
15
16
15
15
14
11
9
5
4
1
0
-3
-5
-6
-8
-9
-10
-11
-10
-10
-10
-10
-8
-5
-2
2
8
14
20
28
37
44
54
62
70
78
84
89
94
97
99
98
98
94
88
81
73
63
51
39
25
12
-3
-17
-31
-44
-56
-66
-75
-80
-85
-88
-89
-89
-88
-85
-82
-79
-75
-73
-70
-67
-66
-63
-61
-58
-56
-53
-50
-46
-43
-39
-34
-29
-26
-22
-19
-18
-17
-17
-19
-22
-26
-30
-34
-39
-44
-48
-52
-53
-54
-53
-51
-47
-43
-36
-29
-19
-11
-1
8
18
28
37
46
53
59
64
70
73
74
76
76
75
74
71
69
65
62
58
54
51
47
44
41
37
35
31
27
23
19
15
9
3
-2
-9
-15
-22
-28
-36
-42
-49
-54
-59
-65
-69
-74
-77
-81
-85
-88
-90
-92
-94
-93
-93
-91
-87
-82
-76
-67
-57
-45
-33
-19
-6
7
21
34
47
57
66
73
76
78
78
73
70
63
55
45
35
26
15
5
-5
-12
-20
-26
-29
-33
-33
-32
-30
-26
-22
-16
-9
-3
4
10
16
22
26
29
32
33
35
35
36
35
35
35
35
36
37
37
38
39
41
42
43
42
43
41
39
37
35
31
29
27
24
21
18
17
15
13
11
10
6
4
1
-2
-5
-10
-14
-20
-24
-27
-31
-34
-36
-37
-38
-36
-33
-29
-24
-18
-9
-2
8
19
29
40
51
60
67
73
77
79
76
71
63
53
40
25
10
-6
-22
-37
-51
-63
-72
-78
-81
-82
-80
-76
-70
-62
-54
-46
-35
-27
-19
-11
-2
4
11
16
21
25
29
32
35
36
38
37
37
35
35
32
29
27
24
23
20
18
17
15
15
15
13
13
13
12
12
12
11
11
12
13
13
15
15
16
18
17
16
14
11
7
2
-3
-9
-15
-20
-26
-31
-35
-39
-41
-43
-45
-47
-48
-49
-52
-54
-59
-64
-69
-75
-81
-87
-93
-100
-103
-107
-108
-108
-107
-103
-98
-91
-84
-74
-65
-53
-43
-32
-21
-11
-2
6
15
21
25
28
30
31
29
28
24
21
19
16
15
15
16
19
24
30
36
43
51
56
62
64
66
65
63
58
51
45
35
26
18
10
3
-4
-9
-11
-12
-13
-9
-6
-1
5
10
17
23
27
32
35
37
37
34
30
24
17
8
-1
-9
-18
-25
-31
-35
-38
-37
-35
-30
-23
-15
-5
3
14
22
30
38
44
48
50
51
50
47
43
37
29
22
12
2
-8
-19
-28
-39
-48
-56
-63
-68
-72
-73
-75
-73
-72
-67
-62
-58
-53
-46
-41
-37
-32
-28
-24
-20
-15
-11
-6
-1
5
10
16
21
27
32
35
38
41
42
41
39
38
34
31
28
26
23
21
19
18
18
19
21
20
22
25
27
31
33
36
41
44
49
53
57
60
63
65
66
65
65
61
56
52
45
39
32
26
19
14
9
6
3
3
2
2
3
3
5
7
8
10
10
11
11
12
11
11
10
8
5
4
1
-2
-6
-10
-14
-18
-23
-28
-33
-37
-40
-44
-45
-48
-49
-49
-50
-49
-50
-49
-47
-46
-45
-43
-42
-40
-38
-37
-34
-32
-29
-27
-24
-22
-19
-17
-15
-14
-13
-11
-11
-9
-9
-8
-8
-7
-7
-6
-5
-4
-3
-3
-3
-1
-1
0
2
3
5
7
9
13
17
22
25
30
33
39
41
44
47
49
49
51
50
49
48
46
43
41
38
34
31
27
24
20
16
12
8
6
3
0
-3
-4
-8
-9
-11
-12
-12
-14
-14
-15
-16
-16
-18
-19
-20
-21
-22
-21
-22
-21
-21
-21
-19
-18
-16
-14
-12
-10
-8
-6
-6
-4
-3
-3
-3
-3
-5
-7
-8
-10
-11
-13
-14
-16
-17
-17
-17
-18
-17
-17
-17
-16
-15
-15
-14
-12
-12
-12
-13
-13
-13
-13
-14
-15
-17
-18
-20
-21
-22
-22
-23
-23
-24
-21
-20
-18
-16
-14
-10
-7
-3
-2
1
4
6
8
10
10
12
12
12
11
10
10
9
8
7
5
5
4
4
3
3
3
4
4
5
6
7
7
7
8
9
9
9
10
9
8
9
9
8
8
7
7
6
5
5
5
5
5
6
7
10
11
14
14
16
18
19
21
22
22
22
22
21
20
19
17
15
13
12
10
8
7
5
3
2
1
0
-2
-3
-5
-6
-8
-10
-13
-15
-18
-21
-23
-25
-28
-30
-32
-33
-34
-35
-36
-35
-35
-33
-31
-29
-28
-23
-21
-18
-14
-10
-7
-3
1
5
8
11
13
17
19
21
22
25
26
27
29
29
30
31
32
33
34
34
34
35
35
34
34
33
31
29
27
25
23
20
17
13
8
4
1
-3
-6
-10
-14
-16
-18
-20
-21
-22
-22
-22
-22
-22
-20
-19
-17
-15
-14
-13
-11
-10
-8
-8
-7
-7
-6
-6
-7
-6
-5
-5
-5
-4
-4
-3
-1
-1
1
1
4
5
6
8
10
12
15
15
18
20
22
23
25
27
29
30
30
32
33
33
34
33
33
31
28
26
25
21
17
13
9
6
1
-3
-7
-12
-15
-20
-23
-27
-30
-33
-35
-37
-38
-40
-40
-42
-42
-42
-41
-41
-40
-39
-38
-37
-36
-34
-32
-30
-29
-28
-27
-26
-25
-25
-25
-25
-25
-25
-25
-26
-26
-26
-26
-26
-25
-24
-24
-22
-21
-19
-17
-15
-12
-9
-7
-4
-1
1
4
7
8
11
13
15
16
19
20
20
21
22
23
23
22
22
22
22
22
21
21
21
22
21
23
23
23
23
24
23
24
24
23
22
21
20
19
17
15
12
10
8
6
4
1
1
0
-3
-3
-4
-4
-4
-4
-3
-2
-1
0
1
2
3
6
7
9
10
12
13
14
15
17
18
18
19
19
18
18
17
15
14
12
9
8
5
1
-2
-6
-8
-13
-16
-20
-24
-29
-32
-35
-38
-40
-42
-45
-46
-45
-46
-46
-45
-43
-42
-40
-37
-34
-31
-28
-25
-22
-18
-14
-11
-8
-5
-1
1
4
7
10
12
15
17
18
20
21
21
23
23
23
23
23
23
23
21
20
20
19
19
19
19
19
19
18
17
17
16
15
15
14
12
11
9
8
6
4
2
0
-2
-3
-5
-5
-7
-7
-8
-7
-7
-7
-5
-3
-2
1
4
8
10
14
17
21
24
27
30
31
34
34
34
34
33
32
30
27
25
21
18
15
12
8
5
2
-2
-6
-9
-11
-15
-17
-20
-21
-24
-25
-26
-27
-28
-30
-29
-30
-29
-28
-29
-27
-26
-24
-24
-22
-20
-17
-14
-13
-10
-7
-3
0
2
5
8
12
15
17
20
22
24
25
26
27
28
27
28
27
27
25
23
23
22
19
19
17
16
14
13
12
11
9
7
5
4
1
-1
-4
-7
-10
-13
-16
-19
-23
-26
-30
-32
-34
-36
-38
-40
-40
-41
-40
0
0
0
0
0
0
0
0
0
0
0
0
0
0
0
0
0
0
0
0
0
0
0
0
0
0
0
0
0
0
0
0
0
0
0
0
0
0
0
0
0
0
0
0
0
0
0
0
0
0
0
0
0
0
0
0
0
0
0
0
0
0
0
0
0
0
0
0
0
0
0
0
0
0
0
0
0
0
0
0
0
0
0
0
0
0
0
0
0
0
0
0
0
0
0
0
0
0
0
0
0
0
0
0
0
0
0
0
0
0
0
0
0
0
0
0
0
0
0
0
0
0
0
0
0
0
0
0
0
0
0
0
0
0
0
0
0
0
0
0
0
0
0
0
0
0
0
0
0
0
0
0
0
0
0
0
0
0
0
0
0
0
0
0
0
0
0
0
0
0
0
0
0
0
0
0
0
0
0
0
0
0
0
0
0
0
0
0
0
0
0
0
0
0
0
0
0
0
