0
0
0
0
0
0
0
0
0
0
0
0
0
0
0
0
0
0
0
0
0
0
0
0
0
0
0
0
0
0
0
0
0
0
0
0
0
0
0
0
0
0
0
0
0
0
0
0
0
0
0
0
0
0
0
0
0
0
0
0
0
0
0
0
0
0
0
0
0
0
0
0
0
0
0
0
0
0
0
0
0
0
0
0
0
0
0
0
0
0
0
0
0
0
0
0
0
0
0
0
0
0
0
0
0
0
0
0
0
0
0
0
0
0
0
0
0
0
0
0
0
0
0
0
0
0
0
0
0
0
0
0
0
0
0
0
0
0
0
0
0
0
0
0
0
0
0
0
0
0
0
0
0
0
0
0
0
0
0
0
0
0
0
0
0
0
0
0
0
0
0
0
0
0
0
0
0
0
0
0
0
0
0
0
0
0
0
0
0
0
0
0
0
0
0
0
0
0
49
52
54
56
57
57
57
57
57
57
56
56
55
53
51
51
47
44
41
36
32
26
18
11
4
-4
-11
-21
-27
-35
-42
-47
-53
-58
-63
-66
-69
-72
-74
-77
-78
-78
-81
-81
-82
-83
-82
-80
-78
-75
-70
-65
-59
-52
-45
-36
-25
-16
-7
3
11
21
30
38
46
54
62
70
75
82
90
97
103
108
113
118
121
123
124
124
119
115
109
101
91
80
69
57
44
30
16
3
-11
-24
-37
-47
-60
-71
-81
-92
-101
-108
-116
-124
-130
-135
-139
-141
-143
-143
-141
-140
-136
-131
-125
-117
-109
-99
-89
-78
-68
-56
-45
-33
-22
-10
0
11
22
33
43
53
61
70
79
85
92
97
101
104
105
105
105
102
100
96
91
84
78
71
63
55
47
37
30
20
10
2
-5
-14
-22
-29
-35
-40
-43
-45
-48
-48
-47
-44
-42
-39
-34
-29
-24
-18
-11
-5
0
8
15
22
31
38
47
55
63
70
79
85
90
95
98
98
96
93
89
83
75
65
53
41
31
19
8
-5
-16
-28
-37
-46
-56
-64
-72
-81
-90
-98
-105
-112
-118
-124
-127
-132
-133
-132
-132
-127
-122
-116
-109
-100
-89
-78
-68
-56
-44
-32
-22
-8
3
15
27
38
49
60
70
81
91
100
107
113
118
120
122
121
117
112
106
97
87
77
64
51
40
27
13
1
-11
-23
-35
-47
-58
-69
-80
-90
-98
-107
-115
-119
-125
-128
-130
-129
-129
-124
-120
-114
-107
-99
-89
-80
-70
-61
-52
-43
-34
-27
-20
-11
-4
1
10
16
25
34
42
52
62
71
80
88
96
102
106
109
110
109
108
106
102
98
92
87
84
80
78
76
75
74
75
75
76
75
74
74
73
70
68
65
63
60
58
59
58
58
61
63
66
70
73
76
75
73
69
64
56
45
31
17
0
-17
-34
-51
-66
-80
-92
-102
-111
-116
-120
-122
-122
-122
-124
-125
-125
-127
-128
-130
-133
-136
-140
-141
-141
-139
-136
-130
-123
-115
-104
-92
-78
-63
-49
-34
-23
-9
4
17
29
41
51
62
74
86
100
113
127
140
152
163
174
183
191
195
194
191
184
173
161
145
127
106
84
61
38
16
-5
-26
-47
-67
-84
-101
-116
-130
-143
-154
-166
-176
-184
-192
-197
-201
-204
-206
-204
-200
-195
-186
-176
-166
-152
-138
-123
-107
-90
-73
-58
-44
-32
-18
-6
3
12
21
29
37
45
55
65
75
84
95
107
117
128
136
142
149
149
149
147
142
135
124
112
101
88
76
66
56
46
38
33
31
30
30
31
32
33
34
36
38
40
40
39
40
42
45
50
56
63
71
78
88
99
109
115
119
117
113
104
95
80
60
37
11
-14
-37
-59
-77
-94
-108
-121
-126
-129
-129
-127
-125
-126
-128
-130
-134
-137
-143
-153
-163
-173
-182
-188
-190
-187
-185
-178
-168
-155
-139
-119
-98
-80
-62
-45
-29
-13
3
17
28
39
53
66
83
101
118
137
156
175
193
210
224
233
238
236
229
220
205
187
164
138
111
84
56
28
3
-20
-45
-66
-86
-105
-122
-139
-157
-174
-189
-204
-217
-228
-238
-245
-249
-249
-245
-239
-226
-213
-198
-179
-159
-137
-117
-97
-78
-61
-46
-32
-19
-8
0
10
18
29
38
49
61
73
87
100
113
127
139
151
158
163
169
170
168
165
158
150
140
129
119
109
100
93
88
84
81
79
80
81
82
84
85
85
84
82
80
76
72
66
63
59
59
61
64
68
76
82
90
99
105
110
110
106
98
86
69
49
24
-1
-28
-54
-77
-97
-112
-124
-131
-134
-133
-126
-119
-110
-104
-98
-94
-93
-96
-101
-110
-119
-130
-141
-148
-155
-157
-156
-151
-143
-131
-115
-96
-77
-60
-41
-26
-14
-2
8
15
21
26
32
38
47
59
72
88
105
124
143
162
180
194
205
211
213
209
200
187
169
148
124
97
69
42
13
-13
-38
-61
-84
-104
-124
-141
-157
-173
-187
-200
-211
-220
-228
-234
-237
-237
-236
-231
-223
-214
-202
-189
-173
-157
-140
-123
-106
-90
-74
-60
-46
-34
-23
-12
-3
6
14
22
31
39
46
55
63
71
81
90
100
110
119
128
136
142
147
150
150
149
146
140
133
127
119
111
104
97
92
89
87
87
87
88
91
93
95
96
95
96
95
93
92
91
90
90
89
90
93
96
99
100
100
98
91
81
69
53
33
10
-15
-42
-68
-93
-115
-133
-148
-158
-164
-165
-164
-158
-152
-146
-140
-137
-133
-133
-135
-141
-147
-154
-160
-167
-170
-169
-164
-157
-147
-133
-115
-96
-76
-55
-36
-19
-5
8
20
30
38
45
54
62
73
88
104
122
141
162
183
203
220
234
243
247
245
238
226
209
186
161
133
103
72
42
13
-15
-40
-66
-90
-113
-134
-154
-174
-191
-211
-227
-242
-255
-265
-271
-275
-275
-271
-263
-252
-237
-219
-201
-180
-159
-138
-117
-97
-79
-61
-45
-31
-18
-5
7
16
28
38
48
58
69
79
90
101
111
122
134
144
155
164
173
181
187
190
191
190
185
178
170
160
148
136
124
112
102
94
90
88
86
88
90
93
97
101
102
104
104
101
98
95
92
90
89
91
95
100
108
118
127
136
144
146
145
138
127
108
83
54
22
-14
-50
-86
-117
-143
-165
-182
-193
-196
-195
-189
-181
-172
-164
-158
-153
-152
-154
-159
-167
-176
-185
-193
-198
-200
-197
-191
-180
-166
-149
-128
-106
-85
-66
-48
-35
-23
-13
-7
-4
0
2
6
11
20
32
46
63
81
100
121
140
158
174
185
193
197
197
193
186
175
160
144
126
106
84
62
40
15
-9
-33
-59
-84
-110
-134
-157
-178
-196
-211
-224
-233
-238
-240
-239
-234
-228
-218
-207
-196
-182
-169
-156
-142
-127
-113
-99
-86
-71
-58
-45
-32
-19
-6
5
15
26
36
46
56
66
77
87
97
110
121
133
143
154
163
171
176
179
180
179
175
169
162
154
146
139
132
126
120
116
113
111
111
111
111
109
109
107
103
100
97
94
91
89
90
92
97
103
111
118
126
133
137
136
131
120
103
80
53
20
-15
-52
-90
-125
-157
-183
-204
-218
-225
-227
-222
-211
-199
-184
-170
-159
-147
-140
-135
-135
-137
-139
-145
-149
-152
-153
-150
-146
-138
-127
-114
-98
-81
-66
-50
-37
-25
-15
-8
-1
4
7
11
17
24
33
45
57
73
91
107
126
143
159
173
185
193
198
201
200
194
186
175
160
144
123
102
77
50
21
-9
-41
-73
-104
-135
-164
-191
-213
-233
-248
-259
-267
-268
-269
-266
-259
-251
-242
-230
-218
-206
-194
-179
-166
-150
-135
-118
-99
-81
-62
-42
-23
-3
14
32
47
61
74
85
93
100
107
114
119
125
132
139
146
154
161
170
177
183
186
189
188
186
180
173
163
153
142
132
122
113
106
99
96
92
91
91
90
89
88
86
84
79
77
76
73
74
78
84
93
104
118
132
146
159
167
170
168
159
140
115
82
43
0
-47
-93
-136
-176
-210
-233
-250
-260
-261
-257
-246
-231
-215
-199
-186
-175
-165
-161
-159
-159
-161
-163
-163
-161
-155
-146
-133
-117
-97
-75
-54
-33
-12
4
19
30
35
39
39
38
35
32
30
29
32
37
44
54
65
77
90
103
116
127
136
143
149
152
154
156
154
151
145
136
126
113
96
75
50
23
-7
-39
-72
-105
-135
-163
-186
-206
-219
-228
-233
-233
-230
-224
-219
-212
-207
-203
-199
-196
-194
-191
-185
-177
-165
-150
-130
-107
-80
-51
-21
8
34
58
79
92
100
103
101
96
86
76
66
58
52
51
54
61
73
89
107
127
146
163
178
189
196
197
195
187
176
162
146
129
113
97
83
71
64
57
55
55
56
59
61
64
67
69
69
71
70
72
75
80
86
97
109
123
139
154
167
177
183
181
173
154
125
88
42
-8
-64
-121
-176
-227
-272
-308
-334
-350
-357
-355
-345
-329
-309
-287
-265
-242
-222
-203
-186
-171
-154
-137
-117
-94
-69
-40
-10
21
51
79
103
121
133
137
134
124
109
90
68
48
29
12
1
-3
-3
0
9
20
32
44
53
62
68
74
77
80
83
89
95
103
111
120
128
131
131
124
112
90
62
28
-12
-54
-97
-138
-175
-207
-230
-246
-254
-256
-251
-243
-231
-220
-209
-200
-194
-188
-183
-179
-171
-163
-149
-132
-110
-84
-53
-22
9
39
66
89
106
118
126
130
129
128
125
123
122
122
124
127
133
137
142
147
149
150
150
146
143
139
136
132
129
125
122
120
115
111
104
96
85
74
61
49
37
27
20
17
16
19
26
36
46
59
71
82
92
100
109
116
123
130
138
149
160
172
183
192
198
198
190
176
149
115
70
18
-40
-100
-160
-217
-268
-311
-341
-360
-369
-366
-355
-337
-315
-290
-266
-244
-223
-205
-189
-173
-157
-136
-112
-85
-51
-15
25
66
105
140
168
185
194
189
175
150
118
80
42
5
-26
-51
-67
-74
-73
-62
-48
-30
-11
7
22
33
40
43
44
45
47
51
59
71
87
104
123
138
148
150
143
126
95
56
9
-44
-97
-147
-193
-226
-251
-263
-265
-258
-243
-226
-208
-193
-182
-176
-176
-178
-184
-188
-189
-186
-175
-158
-132
-101
-67
-31
3
34
59
77
88
92
90
86
78
71
65
62
62
65
71
78
84
91
96
99
98
95
90
86
79
74
72
73
75
80
87
94
99
102
104
101
95
86
76
63
52
43
37
36
39
48
59
76
95
115
133
150
164
174
182
186
188
189
190
193
195
201
207
210
212
209
198
177
145
103
49
-14
-85
-158
-231
-298
-357
-402
-435
-451
-453
-442
-418
-386
-349
-310
-272
-237
-205
-176
-151
-127
-102
-74
-45
-10
29
72
116
159
198
230
251
261
257
240
208
166
116
61
6
-43
-86
-117
-137
-143
-137
-121
-98
-68
-40
-11
12
28
39
44
46
46
48
53
63
80
101
123
147
165
175
175
158
126
81
25
-40
-106
-169
-224
-265
-289
-296
-287
-263
-232
-196
-160
-131
-112
-101
-102
-112
-124
-140
-151
-154
-149
-131
-103
-66
-25
19
61
96
123
140
147
144
133
118
103
89
79
73
73
77
84
91
97
102
102
97
88
78
67
56
49
46
49
58
71
87
104
118
128
133
132
123
108
91
71
53
39
33
34
45
63
87
116
144
171
193
210
219
222
219
215
210
206
209
214
223
235
245
250
247
228
194
141
69
-20
-122
-231
-340
-441
-530
-598
-642
-661
-654
-623
-573
-510
-437
-363
-291
-226
-168
-120
-82
-48
-19
9
41
76
115
158
204
248
287
318
336
337
324
290
241
178
105
28
-50
-120
-180
-226
-253
-262
-253
-230
-195
-155
-109
-68
-34
-8
10
18
22
24
29
38
57
85
120
162
203
239
260
264
242
196
123
30
-76
-187
-294
-385
-455
-492
-500
-476
-425
-356
-279
-202
-135
-84
-52
-41
-45
-64
-86
-106
-117
-114
-98
-68
-26
22
70
111
142
159
163
154
135
111
89
70
58
56
61
72
86
100
108
109
101
87
65
43
21
6
0
4
23
52
89
132
174
210
236
250
250
237
213
180
144
113
86
71
70
83
109
146
188
234
277
314
344
362
373
375
373
371
369
369
369
370
367
353
323
272
195
91
-40
-194
-360
-530
-691
-832
-941
-1008
-1029
-1005
-937
-833
-702
-558
-414
-278
-159
-63
11
63
99
125
150
179
217
263
317
374
426
466
489
487
455
394
304
192
67
-61
-185
-291
-376
-429
-455
-449
-416
-360
-293
-218
-146
-80
-25
18
51
75
95
115
141
175
222
278
340
401
453
489
499
476
415
317
181
18
-162
-345
-513
-655
-757
-814
-820
-778
-696
-583
-453
-319
-196
-91
-15
37
65
73
71
66
64
69
84
106
134
161
181
189
182
159
125
82
33
-13
-48
-72
-80
-74
-57
-33
-8
15
30
35
33
23
12
2
0
11
39
84
143
212
283
350
406
442
456
446
410
355
287
215
148
95
62
54
69
109
167
236
312
387
455
508
548
572
591
604
615
624
628
624
610
574
508
404
253
54
-189
-464
-750
-1025
-1265
-1457
-1581
-1626
-1585
-1463
-1273
-1035
-773
-513
-277
-76
87
211
299
356
395
431
471
524
591
663
723
757
751
699
597
447
253
28
-210
-441
-641
-791
-877
-898
-856
-767
-639
-489
-331
-180
-49
54
127
177
210
239
276
323
381
449
525
598
663
708
717
682
597
463
283
69
-165
-407
-641
-850
-1018
-1132
-1183
-1168
-1095
-973
-816
-640
-456
-279
-120
10
106
172
210
230
240
244
248
248
246
236
222
200
167
120
60
-8
-78
-140
-186
-212
-218
-209
-187
-156
-117
-76
-40
-13
0
3
7
20
48
90
145
206
273
341
405
461
496
505
484
439
378
311
246
185
128
79
49
42
59
97
148
205
268
338
416
500
585
664
731
789
848
913
974
1019
1036
1008
931
797
605
352
33
-347
-770
-1191
-1561
-1849
-2034
-2110
-2074
-1931
-1696
-1391
-1036
-665
-322
-41
164
317
438
542
634
718
797
872
939
996
1032
1028
955
790
536
220
-122
-460
-765
-1019
-1205
-1306
-1316
-1226
-1047
-806
-546
-303
-102
55
176
271
348
411
466
522
588
673
774
873
939
948
884
749
560
334
86
-167
-415
-642
-830
-962
-1028
-1032
-995
-938
-873
-802
-716
-610
-487
-352
-214
-79
50
180
306
414
486
502
462
374
258
133
13
-94
-186
-254
-292
-289
-246
-183
-119
-73
-51
-48
-52
-56
-51
-42
-32
-15
16
69
139
212
270
303
311
300
286
279
277
272
259
241
231
232
244
252
243
213
160
103
60
47
58
89
134
195
281
398
541
692
827
925
980
1006
1026
1061
1109
1150
1160
1135
1074
976
829
610
301
-112
-627
-1199
-1740
-2165
-2426
-2531
-2494
-2319
-2006
-1582
-1090
-580
-107
267
497
596
638
694
783
883
970
1037
1080
1087
1042
936
743
433
3
-495
-969
-1339
-1576
-1684
-1670
-1551
-1334
-1045
-699
-333
0
245
383
443
479
533
616
718
824
916
979
1007
993
917
747
470
109
-278
-626
-886
-1035
-1078
-1033
-926
-784
-630
-485
-378
-340
-372
-438
-484
-468
-376
-219
-28
170
337
450
499
473
361
167
-78
-314
-484
-564
-557
-485
-377
-259
-150
-61
-3
11
-30
-109
-191
-237
-221
-136
-2
144
273
364
425
451
431
355
239
119
27
-20
-11
45
124
186
208
196
169
135
88
35
-3
-8
31
108
222
356
478
557
582
576
560
553
559
591
654
738
825
906
996
1102
1203
1257
1243
1169
1049
883
661
381
45
-371
-886
-1456
-1957
-2277
-2388
-2338
-2167
-1883
-1506
-1086
-665
-247
154
469
628
656
675
772
933
1079
1168
1187
1116
926
643
332
19
-337
-763
-1192
-1503
-1628
-1580
-1414
-1167
-883
-619
-397
-186
51
297
491
603
670
743
848
962
1059
1109
1066
899
628
317
22
-248
-511
-761
-955
-1050
-1033
-922
-741
-536
-363
-264
-231
-216
-189
-157
-136
-123
-93
-32
56
156
245
283
232
94
-81
-236
-342
-400
-413
-388
-334
-262
-175
-81
-4
27
5
-46
-89
-96
-61
5
82
147
189
222
252
274
269
235
178
116
67
51
76
125
162
165
147
129
114
94
68
46
45
67
119
208
323
429
489
500
488
476
467
449
429
420
438
485
570
691
823
918
959
984
1034
1108
1163
1174
1161
1122
1025
837
567
216
-270
-930
-1672
-2278
-2583
-2589
-2398
-2069
-1622
-1126
-701
-382
-88
218
451
508
461
498
707
993
1219
1344
1361
1206
826
301
-196
-588
-937
-1294
-1576
-1664
-1549
-1314
-1034
-734
-457
-283
-216
-158
-1
249
513
739
938
1117
1231
1243
1158
991
725
343
-102
-489
-738
-855
-893
-885
-842
-779
-720
-665
-586
-473
-358
-274
-216
-144
-35
89
193
252
261
217
130
21
-82
-174
-268
-368
-460
-512
-517
-479
-415
-347
-297
-274
-254
-213
-145
-75
-21
18
51
80
101
124
155
182
175
141
113
110
117
108
79
45
19
-4
-24
-27
-15
1
8
19
44
87
134
180
230
286
337
382
424
456
466
455
437
432
439
438
427
426
459
527
615
707
799
899
1009
1114
1196
1257
1308
1340
1300
1145
872
500
1
-667
-1445
-2133
-2525
-2570
-2372
-2037
-1603
-1128
-737
-513
-375
-173
107
335
455
582
847
1195
1446
1499
1379
1104
643
32
-546
-916
-1079
-1168
-1255
-1286
-1212
-1072
-940
-814
-660
-492
-345
-185
73
461
888
1223
1405
1439
1343
1128
841
552
302
70
-166
-381
-532
-621
-685
-753
-824
-883
-917
-893
-768
-532
-231
57
280
417
458
392
253
97
-23
-104
-157
-175
-158
-139
-173
-281
-429
-570
-673
-722
-689
-559
-369
-177
-24
84
148
154
109
56
35
52
93
161
251
334
361
314
223
128
34
-55
-113
-110
-54
10
58
94
119
122
100
73
69
95
142
214
316
431
525
578
597
586
536
451
365
314
303
309
325
371
453
549
630
691
753
840
957
1090
1214
1309
1365
1379
1310
1107
766
326
-197
-838
-1563
-2185
-2470
-2370
-2056
-1700
-1336
-965
-673
-551
-502
-315
53
435
686
873
1119
1373
1456
1297
980
583
91
-463
-911
-1099
-1074
-1028
-1067
-1142
-1180
-1176
-1138
-1018
-765
-411
-45
291
629
973
1253
1381
1340
1177
949
698
475
316
210
94
-85
-333
-607
-861
-1046
-1132
-1109
-997
-820
-589
-325
-66
140
273
332
311
210
76
-12
-13
40
68
22
-99
-282
-502
-718
-869
-918
-872
-761
-616
-451
-291
-168
-101
-77
-71
-59
-27
38
144
267
351
355
287
195
112
47
5
-12
-10
-9
-21
-35
-36
-31
-38
-44
-31
4
46
92
150
211
249
263
286
350
437
509
549
564
548
494
407
328
287
275
263
254
279
349
443
528
602
684
793
924
1067
1210
1334
1402
1365
1181
853
430
-26
-504
-1034
-1583
-2005
-2150
-2011
-1735
-1453
-1187
-923
-710
-592
-478
-203
260
736
1055
1212
1291
1286
1123
807
456
141
-179
-541
-852
-1005
-1025
-1055
-1181
-1337
-1414
-1370
-1213
-923
-490
18
470
778
959
1066
1122
1117
1070
1011
939
820
644
440
230
-9
-295
-605
-879
-1056
-1106
-1027
-842
-608
-382
-207
-83
8
89
162
221
258
271
271
261
228
150
12
-180
-393
-591
-734
-792
-770
-694
-611
-546
-510
-482
-438
-360
-248
-121
4
106
183
241
290
322
322
290
245
212
195
186
174
148
96
20
-53
-88
-73
-28
21
61
89
108
121
146
197
275
361
439
506
564
606
624
620
605
582
543
481
412
358
328
321
327
350
397
460
530
607
700
814
929
1026
1115
1210
1282
1252
1051
687
212
-336
-938
-1507
-1865
-1879
-1619
-1309
-1112
-1011
-918
-826
-756
-635
-330
166
679
1024
1170
1189
1104
873
535
211
-11
-175
-360
-559
-711
-822
-977
-1213
-1446
-1545
-1455
-1205
-835
-381
84
452
656
729
759
804
875
961
1045
1092
1045
867
582
251
-70
-355
-584
-740
-810
-804
-752
-677
-597
-519
-453
-395
-333
-240
-109
42
186
293
340
312
206
47
-123
-269
-384
-480
-565
-644
-715
-780
-823
-831
-784
-691
-568
-431
-290
-151
-29
55
112
153
200
251
293
320
326
308
264
201
137
90
61
50
59
87
117
125
106
80
72
93
129
175
227
282
329
361
389
420
458
489
506
510
511
504
489
467
448
437
430
421
422
444
496
576
665
742
791
823
862
904
896
763
481
98
-332
-776
-1187
-1459
-1486
-1290
-1030
-871
-835
-838
-812
-747
-617
-357
45
472
763
848
787
661
493
294
112
1
-56
-134
-283
-473
-663
-844
-1026
-1179
-1242
-1174
-980
-713
-419
-138
91
244
326
385
483
647
843
1006
1081
1045
905
687
434
202
34
-64
-123
-181
-257
-346
-439
-523
-577
-587
-547
-466
-360
-245
-134
-45
8
28
38
48
55
45
14
-36
-114
-228
-371
-514
-622
-678
-684
-649
-591
-532
-487
-451
-405
-330
-229
-113
4
112
207
275
314
330
339
348
353
354
352
347
337
313
286
261
244
230
223
225
236
246
244
235
221
212
213
232
274
327
371
394
402
399
397
394
400
418
448
483
516
544
569
588
605
618
632
649
671
703
735
741
671
489
213
-96
-383
-618
-775
-826
-769
-657
-580
-588
-654
-714
-716
-645
-492
-269
-17
194
305
309
247
169
102
65
58
71
75
37
-54
-188
-344
-495
-617
-689
-702
-666
-602
-528
-453
-384
-323
-265
-196
-102
26
181
343
485
588
638
639
608
563
522
496
481
461
418
343
235
105
-27
-144
-240
-315
-372
-419
-461
-493
-509
-500
-463
-405
-340
-287
-254
-240
-238
-238
-238
-238
-239
-246
-262
-285
-309
-321
-318
-307
-289
-270
-247
-224
-200
-176
-143
-102
-55
-4
45
86
114
132
149
167
189
210
231
250
265
274
280
285
279
261
233
204
179
160
145
133
132
136
135
122
101
85
80
79
81
86
98
111
123
134
149
173
201
226
243
250
253
256
264
281
299
311
303
271
218
161
124
119
145
193
239
260
241
186
107
25
-41
-86
-116
-141
-173
-219
-277
-340
-394
-435
-462
-478
-487
-489
-483
-470
-450
-428
-408
-389
-375
-369
-366
-363
-354
-338
-319
-297
-277
-263
-251
-234
-206
-159
-97
-27
37
92
136
170
200
235
272
309
343
367
385
399
406
405
394
374
343
302
255
205
156
113
75
40
5
-32
-74
-115
-157
-192
-220
-242
-259
-279
-301
-328
-356
-378
-391
-391
-381
-369
-363
-364
-368
-369
-360
-341
-312
-277
-235
-191
-151
-115
-84
-56
-25
11
55
102
150
193
231
264
289
308
323
335
347
360
370
381
386
389
388
386
384
382
383
385
385
383
376
367
359
354
357
367
378
388
394
391
384
377
371
370
370
365
347
318
277
234
196
166
145
127
105
72
27
-30
-94
-161
-224
-280
-329
-374
-416
-459
-502
-547
-591
-629
-652
-659
-645
-615
-575
-533
-493
-458
-428
-399
-370
-337
-297
-251
-198
-141
-88
-45
-14
6
24
43
70
104
142
181
215
240
258
269
278
290
306
327
355
385
408
418
413
393
364
332
302
273
246
217
182
138
85
23
-43
-111
-173
-227
-270
-306
-338
-369
-402
-436
-468
-493
-508
-512
-506
-492
-477
-461
-448
-434
-421
-409
-393
-369
-339
-298
-254
-208
-163
-121
-82
-45
-4
40
86
134
177
213
244
269
291
311
332
355
378
398
413
418
414
402
389
378
373
374
377
379
376
370
359
349
338
329
323
320
320
320
320
319
321
324
330
335
333
319
290
249
200
154
112
77
44
9
-32
-81
-135
-192
-244
-289
-329
-364
-396
-426
-460
-492
-525
-560
-587
-606
-613
-607
-591
-570
-548
-528
-507
-486
-463
-437
-408
-375
-334
-287
-233
-177
-123
-73
-28
13
54
93
132
167
197
223
244
263
281
296
308
318
327
337
353
370
383
388
384
369
345
314
279
243
210
179
151
122
84
35
-22
-85
-147
-204
-255
-302
-347
-391
-431
-466
-494
-511
-523
-525
-522
-511
-496
-481
-464
-444
-421
-393
-361
-323
-285
-246
-210
-177
-146
-113
-78
-39
5
53
102
148
192
232
268
302
333
362
392
421
449
474
492
502
505
505
503
502
502
501
496
486
473
457
438
422
409
399
391
383
375
363
349
337
331
331
333
331
318
288
246
193
142
98
65
39
12
-23
-70
-127
-189
-247
-297
-342
-384
-424
-461
-492
-518
-540
-562
-583
-595
-591
-572
-542
-511
-485
-466
-449
-428
-401
-369
-337
-304
-266
-223
-171
-116
-69
-29
4
40
80
129
180
225
258
282
300
317
335
351
365
375
386
395
403
404
396
377
352
323
296
271
245
215
182
148
114
82
47
10
-33
-77
-119
-159
-197
-238
-283
-336
-388
-434
-469
-492
-506
-513
-517
-519
-513
-506
-495
-482
-463
-438
-404
-360
-313
-268
-225
-187
-152
-114
-71
-25
24
73
119
161
200
233
267
300
336
373
409
442
469
488
498
503
506
507
510
514
516
518
510
496
477
455
436
420
407
396
383
367
349
328
307
290
281
279
284
287
283
266
232
185
130
81
42
13
-10
-36
-73
-128
-191
-255
-313
-362
-407
-449
-490
-526
-559
-585
-612
-637
-656
-661
-646
-611
-562
-517
-481
-454
-431
-402
-367
-328
-292
-255
-217
-173
-121
-71
-31
-4
17
39
69
106
142
171
191
206
222
241
261
276
288
297
309
322
332
334
320
295
265
234
205
176
148
116
86
57
22
-19
-67
-119
-166
-205
-237
-270
-307
-347
-386
-422
-454
-480
-501
-519
-529
-533
-530
-525
-522
-517
-506
-483
-449
-409
-367
-326
-284
-241
-194
-146
-100
-54
-9
37
88
136
180
218
252
285
319
357
392
425
454
477
498
511
519
521
521
522
521
519
515
507
495
478
461
440
420
404
389
378
365
350
333
314
300
290
283
285
287
286
283
269
245
208
164
120
82
51
26
-1
-38
-86
-143
-199
-249
-293
-331
-369
-409
-449
-485
-513
-538
-561
-580
-589
-585
-561
-526
-493
-467
-447
-430
-405
-371
-332
-292
-255
-217
-173
-124
-77
-38
-10
14
39
74
116
155
187
205
218
230
246
267
285
306
325
349
372
387
389
377
356
335
314
296
276
250
218
183
148
112
72
26
-22
-68
-111
-148
-187
-232
-279
-324
-363
-394
-419
-438
-454
-464
-467
-465
-464
-466
-468
-466
-454
-429
-397
-362
-327
-291
-253
-212
-171
-130
-91
-50
-6
41
88
129
165
197
230
265
301
336
368
396
420
441
459
470
476
477
478
477
478
476
472
465
452
436
418
402
386
373
360
347
332
318
304
290
276
266
259
258
263
270
273
266
247
217
178
137
98
67
38
10
-24
-68
-120
-179
-236
-286
-330
-370
-410
-453
-495
-532
-562
-587
-609
-624
-629
-621
-599
-571
-544
-525
-510
-494
-469
-433
-391
-349
-306
-263
-218
-172
-127
-87
-52
-21
16
58
101
140
167
182
192
203
219
242
264
283
300
315
328
335
335
326
314
301
292
283
269
244
209
169
132
99
65
30
-14
-63
-112
-158
-204
-249
-298
-344
-384
-414
-438
-460
-479
-496
-506
-510
-507
-503
-496
-488
-474
-453
-426
-394
-360
-322
-283
-242
-196
-151
-105
-59
-14
32
77
120
161
198
234
270
305
338
368
395
420
440
456
469
476
479
478
475
470
465
460
455
448
438
425
407
389
373
359
348
341
334
326
318
307
294
283
274
271
274
280
283
277
259
230
192
153
116
82
52
22
-14
-56
-107
-163
-220
-270
-313
-350
-385
-422
-459
-493
-524
-547
-565
-577
-581
-575
-559
-537
-515
-498
-485
-472
-451
-422
-384
-343
-304
-262
-220
-178
-137
-102
-69
-36
1
44
89
129
162
186
203
222
242
263
285
307
329
350
365
375
377
370
361
353
345
336
321
298
267
232
197
161
121
78
33
-11
-55
-98
-145
-193
-242
-287
-327
-359
-386
-411
-433
-450
-464
-473
-477
-478
-474
-465
-448
-427
-401
-373
-344
-314
-280
-241
-197
-148
-100
-52
-3
44
90
133
173
209
245
279
314
345
375
400
419
434
446
456
464
469
469
466
459
449
437
423
408
392
375
357
340
321
302
284
269
257
248
241
235
228
222
215
211
208
210
217
226
234
235
226
207
180
150
121
94
67
38
5
-33
-77
-123
-171
-219
-263
-301
-334
-365
-395
-426
-454
-481
-501
-516
-524
-525
-518
-506
-490
-474
-461
-450
-437
-421
-396
-367
-333
-298
-262
-228
-196
-165
-135
-107
-75
-39
-1
37
73
102
125
144
162
181
205
230
256
280
301
318
326
328
326
322
317
310
300
285
264
238
206
169
126
78
30
-13
-54
-93
-136
-182
-234
-284
-329
-363
-390
-411
-429
-445
-456
-463
-471
-475
-478
-472
-456
-431
-401
-373
-349
-325
-300
-269
-232
-191
-145
-99
-52
-6
34
71
104
136
172
212
253
291
322
349
367
382
393
402
411
422
433
442
446
440
426
409
390
373
357
339
323
305
287
266
244
219
197
180
169
163
161
162
161
160
159
159
160
165
177
193
207
216
214
199
178
153
131
110
89
64
34
1
-40
-86
-135
-182
-225
-260
-289
-316
-345
-375
-407
-433
-454
-467
-472
-471
-465
-454
-440
-425
-414
-404
-392
-375
-350
-320
-287
-255
-222
-193
-164
-135
-108
-82
-54
-22
11
45
76
102
121
138
156
178
202
228
253
278
299
315
323
324
322
316
314
311
309
302
287
264
232
194
151
105
62
22
-15
-51
-89
-133
-180
-227
-266
-299
-320
-336
-348
-360
-371
-381
-392
-398
-399
-392
-376
-355
-330
-305
-286
-270
-251
-229
-203
-170
-134
-95
-57
-20
12
42
69
100
132
167
205
239
270
296
316
332
343
356
369
385
400
410
416
415
405
392
377
361
347
331
316
296
271
242
212
185
159
140
126
116
110
106
102
101
101
105
112
124
136
153
173
194
214
230
238
238
230
217
201
186
169
148
122
92
54
13
-32
-79
-126
-168
-206
-241
-275
-311
-347
-384
-414
-437
-450
-456
-456
-455
-450
-442
-436
-428
-421
-412
-397
-376
-350
-324
-298
-276
-254
-232
-211
-188
-163
-136
-106
-75
-42
-11
17
42
67
93
122
154
187
219
248
271
289
302
310
315
315
314
310
303
294
281
264
241
213
181
144
105
64
23
-15
-52
-86
-124
-164
-206
-246
-278
-302
-320
-332
-347
-363
-380
-393
-403
-409
-410
-405
-392
-374
-352
-334
-317
-304
-288
-266
-238
-203
-167
-131
-96
-63
-32
-2
28
62
99
139
178
212
240
262
278
292
304
317
331
342
351
353
350
340
326
312
298
284
271
257
242
223
201
177
154
133
119
109
102
98
93
87
81
79
78
82
92
107
125
141
151
161
170
184
197
212
223
229
226
216
200
178
152
124
98
71
43
10
-28
-71
-115
-155
-192
-223
-254
-284
-310
-333
-354
-372
-386
-397
-402
-401
-394
-384
-376
-368
-360
-354
-342
-329
-311
-291
-270
-245
-218
-191
-165
-140
-114
-88
-60
-30
1
32
60
86
111
134
156
179
204
229
253
275
292
305
313
319
323
322
318
311
300
288
274
256
234
209
177
143
104
63
19
-21
-57
-88
-120
-154
-192
-231
-265
-288
-300
-310
-321
-334
-347
-357
-362
-363
-361
-357
-347
-329
-306
-283
-266
-252
-239
-219
-193
-162
-130
-98
-69
-39
-11
16
42
66
93
123
154
182
207
224
234
243
251
261
271
280
289
295
300
299
293
285
277
271
268
263
257
245
231
214
195
176
161
150
145
142
140
135
128
121
118
120
128
139
152
167
182
197
208
218
228
239
251
262
270
269
260
242
220
194
167
140
112
83
53
19
-19
-60
-103
-143
-178
-207
-234
-260
-287
-313
-339
-357
-373
-383
-392
-394
-391
-387
-381
-377
-373
-370
-364
-351
-334
-313
-291
-269
-245
-221
-198
-174
-152
-127
-100
-70
-39
-8
20
45
68
90
111
133
156
180
203
224
240
251
257
260
262
263
261
255
245
235
221
204
185
162
136
109
79
47
14
-21
-54
-85
-114
-141
-171
-203
-233
-259
-279
-298
-315
-331
-350
-365
-375
-381
-385
-386
-385
-380
-370
-358
-345
-332
-319
-303
-284
-258
-231
-202
-172
-140
-107
-73
-39
-6
26
58
91
125
157
186
212
236
256
273
288
300
311
319
325
329
327
322
313
304
294
283
271
260
245
231
216
200
183
167
152
140
129
119
109
100
90
82
77
76
77
82
87
92
98
103
110
116
122
132
143
156
167
173
176
175
168
159
149
134
118
101
83
62
41
14
-15
-44
-74
-100
-121
-141
-161
-184
-207
-229
-246
-261
-272
-281
-284
-285
-283
-280
-281
-284
-287
-286
-281
-270
-258
-246
-232
-220
-207
-193
-176
-159
-137
-114
-87
-59
-34
-10
10
30
52
78
104
132
158
183
206
226
243
256
268
280
289
297
304
306
302
294
282
270
255
238
218
195
168
137
102
63
22
-17
-50
-82
-111
-143
-176
-211
-243
-271
-296
-317
-336
-351
-361
-370
-376
-381
-386
-387
-383
-373
-355
-337
-318
-300
-281
-260
-235
-208
-177
-143
-107
-69
-32
4
37
70
102
137
173
206
238
266
288
306
321
333
343
352
359
363
361
357
346
331
313
294
274
254
235
215
193
170
145
117
94
70
50
33
18
5
-6
-16
-24
-31
-34
-33
-27
-20
-10
-1
12
24
37
53
71
88
106
124
143
159
174
185
190
192
191
188
181
171
157
141
121
99
76
50
22
-8
-38
-66
-97
-127
-158
-187
-215
-240
-262
-283
-300
-316
-329
-341
-349
-356
-362
-366
-367
-365
-357
-348
-335
-322
-306
-289
-267
-244
-220
-194
-166
-138
-109
-79
-51
-22
7
36
64
92
120
147
172
196
218
235
251
264
277
287
293
297
295
292
285
276
262
245
223
196
166
134
96
58
17
-22
-59
-96
-133
-171
-208
-246
-277
-305
-329
-352
-374
-392
-407
-417
-425
-427
-426
-420
-409
-393
-373
-353
-331
-309
-281
-251
-217
-180
-142
-102
-62
-22
17
55
92
129
165
200
232
261
284
304
320
333
344
352
358
361
361
359
351
340
327
310
292
273
251
229
206
182
156
130
103
79
53
31
11
-7
-26
-42
-58
-70
-79
-84
-86
-85
-81
-75
-66
-56
-42
-28
-11
7
26
48
71
94
117
142
163
186
206
226
244
257
267
272
275
275
270
259
245
228
207
186
160
132
100
65
30
-4
-38
-73
-106
-141
-173
-202
-230
-254
-276
-296
-312
-325
-336
-344
-349
-353
-354
-352
-347
-338
-327
-312
-296
-278
-256
-233
-208
-182
-155
-126
-96
-64
-34
-5
23
53
83
112
141
168
192
216
237
255
270
282
291
299
304
306
304
296
284
269
252
231
209
179
151
119
86
52
15
-24
-60
-96
-128
-158
-188
-218
-246
-272
-294
-314
-329
-344
-355
-364
-368
-370
-369
-367
-362
-352
-335
-317
-297
-274
-249
-223
-194
-161
-129
-95
-59
-22
14
51
86
119
149
179
208
234
258
278
294
306
317
322
326
324
320
316
307
297
283
266
245
224
201
177
153
128
102
77
53
28
4
-18
-39
-57
-72
-84
-95
-106
-113
-118
-120
-120
-118
-112
-104
-93
-82
-69
-54
-39
-22
-3
18
40
62
84
106
128
151
171
192
209
228
242
255
265
270
271
268
262
253
241
225
205
183
157
129
98
66
33
-3
-38
-74
-110
-145
-180
-214
-246
-275
-302
-325
-345
-365
-379
-392
-400
-406
-408
-406
-400
-391
-378
-363
-345
-324
-300
-274
-244
-213
-182
-149
-115
-81
-47
-14
20
55
88
120
152
181
209
234
255
274
291
305
317
324
327
326
320
311
298
284
267
246
221
193
162
130
95
57
20
-18
-52
-85
-118
-151
-182
-213
-241
-266
-285
-303
-318
-330
-338
-343
-345
-346
-344
-336
-325
-308
-288
-266
-243
-221
-197
-170
-140
-111
-80
-49
-16
17
48
78
106
131
157
180
204
223
241
255
265
273
278
280
279
276
273
267
258
245
229
210
189
168
146
124
102
80
58
36
13
-9
-29
-48
-64
-77
-88
-97
-105
-111
-115
-116
-115
-112
-105
-95
-85
-71
-59
-46
-32
-18
-2
17
36
56
76
94
114
133
151
170
187
204
219
235
248
258
266
271
276
279
278
276
271
264
253
239
223
204
183
159
135
107
78
50
20
-13
-44
-75
-106
-135
-163
-189
-214
-238
-258
-277
-292
-303
-312
-318
-321
-319
-314
-308
-299
-287
-273
-256
-238
-217
-195
-172
-149
-124
-98
-71
-43
-17
8
33
58
81
103
124
143
160
176
189
200
207
212
214
214
213
209
200
190
176
159
143
123
104
81
59
36
13
-11
-35
-60
-85
-108
-129
-149
-167
-183
-200
-214
-226
-235
-243
-249
-250
-249
-246
-241
-235
-226
-217
-206
-193
-179
-162
-144
-126
-107
-88
-69
-51
-32
-13
5
25
42
59
75
89
101
113
123
133
142
148
154
158
158
157
154
150
145
139
131
122
113
102
90
79
66
52
40
26
16
5
-5
-17
-29
-39
-47
-55
-60
-66
-70
-73
-73
-73
-72
-70
-68
-64
-57
-50
-40
-31
-22
-12
-1
10
21
34
45
57
67
78
88
97
105
111
117
123
129
134
138
140
140
141
141
139
136
131
128
121
117
111
104
95
85
77
67
58
47
36
24
13
3
-9
-20
-33
-45
-57
-66
-75
-83
-92
-102
-109
-116
-122
-126
-132
-136
-138
-138
-137
-137
-135
-134
-131
-126
-120
-113
-106
-99
-90
-82
-72
-64
-56
-46
-37
-28
-17
-7
2
10
17
24
31
37
43
48
54
57
62
64
64
63
63
62
61
58
55
50
45
39
31
23
15
7
-1
-9
-17
-26
-34
-44
-55
-65
-72
-80
-87
-94
-99
-105
-111
-114
-118
-122
-124
-123
-120
-116
-113
-110
-106
-100
-94
-86
-77
-67
-56
-46
-34
-23
-11
0
10
21
34
46
58
69
77
86
95
102
108
114
120
124
129
132
133
132
131
128
125
121
117
113
107
100
93
85
77
67
58
49
42
33
25
17
9
1
-6
-12
-17
-22
-25
-28
-31
-32
-34
-35
-34
-34
-30
-27
-22
-17
-14
-9
-3
3
10
16
24
31
40
48
55
62
66
73
77
84
89
95
99
102
105
107
108
107
106
105
105
103
100
96
90
84
76
70
62
55
47
38
28
18
7
-3
-14
-25
-34
-44
-54
-63
-72
-82
-90
-98
-104
-111
-117
-122
-125
-128
-130
-132
-133
-133
-134
-131
-128
-122
-118
-113
-106
-101
-94
-86
-78
-71
-61
-51
-42
-32
-24
-17
-10
-1
7
13
21
27
30
35
39
41
42
43
42
42
41
40
36
32
26
20
14
8
0
-7
-14
-21
-29
-38
-46
-54
-62
-69
-74
-80
-85
-89
-93
-98
-100
-102
-102
-102
-101
-98
-95
-90
-86
-81
-76
-69
-63
-54
-45
-37
-28
-18
-9
0
9
18
27
35
44
52
58
65
71
74
78
82
85
86
87
88
88
85
83
80
76
72
67
62
57
51
44
38
31
24
18
12
5
1
-5
-10
-15
-19
-22
-25
-27
-29
-28
-29
-28
-26
-25
-22
-19
-15
-11
-6
-1
4
9
15
21
26
32
38
44
49
54
58
62
65
69
71
73
74
74
73
72
70
67
64
62
57
53
48
43
38
33
27
22
17
11
6
2
-2
-7
-10
-14
-17
-20
-21
-24
-24
-24
-24
-25
-24
-22
-21
-20
-18
-15
-13
-10
-8
-6
-4
-1
1
3
5
7
8
8
9
8
8
7
6
5
5
3
1
-1
-4
-7
-9
-12
-14
-18
-20
-23
-25
-29
-32
-34
-36
-39
-40
-42
-43
-43
-45
-45
-44
-45
-45
-43
-43
-42
-40
-39
-36
-34
-32
-30
-28
-25
-22
-20
-16
-12
-10
-7
-4
-1
2
5
7
10
12
15
17
19
21
22
23
25
26
27
26
28
26
27
26
26
25
24
23
22
20
19
17
16
14
12
10
9
7
5
4
2
1
-1
-1
-2
-2
-3
-4
-3
-3
-2
-1
-1
-1
1
2
4
5
7
8
10
11
13
14
16
16
18
19
20
21
21
22
23
23
23
22
23
22
20
19
18
17
14
13
11
9
7
4
3
0
-1
-4
-7
-9
-10
-12
-13
-15
-16
-18
-19
-21
-20
-22
-21
-21
-22
-22
-21
-21
-21
-20
-19
-17
-16
-14
-13
-11
-9
-8
-6
-4
-3
-1
0
3
4
5
7
8
9
10
11
12
13
14
14
14
15
16
15
15
15
15
14
14
14
13
14
12
11
10
10
8
8
6
6
4
3
2
1
-1
-3
-4
-5
-7
-8
-10
-11
-14
-15
-17
-19
-21
-22
-24
-26
-28
-28
-30
-31
-32
-34
-35
-35
-36
-36
-37
-37
-37
-36
-36
-35
-34
-34
-32
-32
-30
-28
-27
-25
-22
-20
-18
-15
-14
-11
-9
-6
-4
-1
1
4
6
8
10
12
15
16
18
19
21
22
23
24
25
26
26
26
26
26
26
25
24
23
22
22
20
19
17
16
14
13
10
9
7
5
3
1
0
0
0
0
0
0
0
0
0
0
0
0
0
0
0
0
0
0
0
0
0
0
0
0
0
0
0
0
0
0
0
0
0
0
0
0
0
0
0
0
0
0
0
0
0
0
0
0
0
0
0
0
0
0
0
0
0
0
0
0
0
0
0
0
0
0
0
0
0
0
0
0
0
0
0
0
0
0
0
0
0
0
0
0
0
0
0
0
0
0
0
0
0
0
0
0
0
0
0
0
0
0
0
0
0
0
0
0
0
0
0
0
0
0
0
0
0
0
0
0
0
0
0
0
0
0
0
0
0
0
0
0
0
0
0
0
0
0
0
0
0
0
0
0
0
0
0
0
0
0
0
0
0
0
0
0
0
0
0
0
0
0
0
0
0
0
0
0
0
0
0
0
0
0
0
0
0
0
0
0
0
0
0
0
0
0
0
0
0
0
0
0
0
0
0
0
0
0
0
