0
0
0
0
0
0
0
0
0
0
0
0
0
0
0
0
0
0
0
0
0
0
0
0
0
0
0
0
0
0
0
0
0
0
0
0
0
0
0
0
0
0
0
0
0
0
0
0
0
0
0
0
0
0
0
0
0
0
0
0
0
0
0
0
0
0
0
0
0
0
0
0
0
0
0
0
0
0
0
0
0
0
0
0
0
0
0
0
0
0
0
0
0
0
0
0
0
0
0
0
0
0
0
0
0
0
0
0
0
0
0
0
0
0
0
0
0
0
0
0
0
0
0
0
0
0
0
0
0
0
0
0
0
0
0
0
0
0
0
0
0
0
0
0
0
0
0
0
0
0
0
0
0
0
0
0
0
0
0
0
0
0
0
0
0
0
0
0
0
0
0
0
0
0
0
0
0
0
0
0
0
0
0
0
0
0
0
0
0
0
0
0
0
0
0
0
0
0
18
19
20
21
26
32
35
31
14
-15
-62
-130
-220
-317
-396
-435
-418
-351
-246
-113
30
165
272
331
339
308
256
194
127
49
-25
-83
-108
-97
-59
-4
58
119
163
172
136
60
-35
-127
-195
-232
-236
-212
-160
-93
-25
28
61
69
59
31
-10
-57
-99
-120
-110
-69
-3
75
157
226
268
274
243
181
105
29
-33
-70
-77
-52
-6
53
109
149
161
145
97
27
-55
-135
-197
-230
-229
-198
-140
-67
5
62
94
93
59
0
-66
-127
-165
-170
-140
-80
-1
84
158
207
223
207
165
110
49
-5
-45
-65
-60
-33
5
49
85
105
106
81
34
-23
-83
-136
-171
-184
-176
-149
-110
-68
-29
2
18
20
8
-22
-60
-95
-126
-140
-141
-125
-94
-58
-22
6
19
21
12
-6
-27
-47
-60
-62
-53
-30
1
36
71
98
113
116
106
86
61
39
20
9
10
16
29
46
66
85
104
118
128
132
132
129
129
132
143
163
193
229
265
299
325
344
355
361
361
360
362
364
371
377
382
383
379
374
365
353
339
329
322
314
306
299
294
290
292
293
294
288
274
251
211
154
82
1
-83
-164
-233
-294
-346
-380
-402
-413
-419
-422
-426
-432
-437
-443
-447
-450
-444
-427
-394
-346
-285
-216
-138
-58
18
86
143
192
230
253
265
265
253
233
214
191
166
140
108
71
23
-34
-104
-183
-271
-362
-449
-529
-596
-650
-689
-712
-726
-728
-720
-702
-678
-651
-621
-587
-548
-504
-453
-396
-329
-258
-186
-112
-37
31
88
133
170
198
218
227
230
230
225
215
205
193
182
168
152
134
110
83
53
30
13
-2
-11
-8
14
51
102
166
244
333
426
516
606
695
779
849
911
971
1019
1042
1035
995
914
775
583
358
125
-112
-355
-588
-785
-936
-1058
-1162
-1242
-1298
-1350
-1417
-1495
-1557
-1602
-1647
-1686
-1694
-1648
-1563
-1446
-1296
-1099
-878
-664
-466
-268
-69
101
232
337
437
533
614
688
776
875
960
1021
1067
1106
1120
1086
1008
906
786
644
486
335
196
62
-75
-206
-320
-423
-530
-642
-750
-850
-948
-1041
-1115
-1160
-1186
-1197
-1184
-1134
-1053
-957
-849
-731
-610
-500
-403
-311
-225
-157
-107
-66
-23
21
62
103
151
199
238
267
292
309
305
272
223
165
102
32
-34
-90
-137
-177
-201
-201
-180
-149
-112
-68
-20
33
86
152
224
296
360
428
511
607
707
805
909
1015
1112
1200
1292
1388
1475
1534
1575
1615
1646
1644
1597
1511
1379
1179
910
605
299
-8
-334
-657
-933
-1146
-1321
-1472
-1581
-1645
-1698
-1775
-1858
-1908
-1931
-1966
-2009
-2018
-1963
-1867
-1745
-1576
-1340
-1068
-806
-559
-294
-15
230
417
568
712
837
929
1003
1094
1194
1271
1319
1365
1420
1455
1436
1376
1288
1171
1011
819
623
431
228
16
-177
-334
-461
-580
-690
-778
-856
-936
-1018
-1085
-1138
-1192
-1244
-1275
-1266
-1222
-1155
-1060
-933
-784
-637
-491
-342
-200
-91
-18
34
79
112
127
143
167
196
224
254
298
346
375
381
370
347
304
241
169
94
16
-57
-112
-134
-127
-103
-61
-1
73
149
227
315
401
472
527
580
644
715
787
864
959
1063
1162
1264
1380
1509
1621
1699
1755
1806
1838
1823
1759
1659
1518
1307
1030
727
427
123
-205
-531
-809
-1029
-1226
-1406
-1539
-1626
-1709
-1815
-1919
-1980
-2018
-2071
-2130
-2145
-2100
-2022
-1926
-1776
-1556
-1307
-1065
-823
-553
-269
-20
183
368
546
696
805
900
1006
1110
1185
1244
1309
1377
1423
1431
1412
1374
1301
1182
1028
859
677
476
263
60
-117
-279
-430
-564
-674
-762
-845
-928
-999
-1058
-1118
-1178
-1226
-1245
-1242
-1223
-1183
-1106
-999
-874
-743
-599
-449
-314
-205
-116
-35
26
60
77
93
112
128
145
176
221
261
291
314
331
332
310
268
216
151
75
-1
-59
-100
-122
-125
-103
-56
8
85
174
270
365
449
522
588
652
716
778
845
920
1005
1099
1200
1313
1436
1560
1671
1766
1844
1901
1919
1885
1805
1675
1491
1241
946
638
323
1
-319
-603
-841
-1047
-1229
-1374
-1475
-1557
-1648
-1743
-1820
-1882
-1948
-2012
-2048
-2042
-2008
-1952
-1853
-1688
-1479
-1252
-1009
-744
-469
-209
25
243
444
613
741
842
937
1031
1115
1189
1262
1332
1391
1430
1454
1462
1443
1383
1280
1144
989
816
622
419
220
29
-153
-319
-454
-559
-647
-730
-803
-861
-911
-962
-1009
-1046
-1070
-1093
-1101
-1081
-1028
-952
-860
-750
-619
-482
-349
-222
-102
1
73
124
159
187
204
213
223
242
265
291
321
355
384
397
395
381
351
305
245
180
118
60
14
-11
-12
9
50
107
178
264
353
441
520
591
657
714
766
818
874
936
998
1069
1159
1267
1384
1496
1600
1697
1766
1790
1766
1700
1575
1376
1112
815
505
181
-147
-451
-712
-935
-1126
-1277
-1372
-1434
-1496
-1567
-1634
-1693
-1759
-1835
-1904
-1948
-1976
-1989
-1961
-1874
-1727
-1542
-1331
-1088
-824
-556
-294
-46
181
376
527
642
731
812
885
944
994
1044
1094
1146
1198
1242
1277
1287
1255
1185
1087
967
815
629
427
220
11
-191
-370
-515
-633
-738
-829
-891
-932
-964
-995
-1020
-1039
-1066
-1097
-1114
-1106
-1083
-1049
-997
-915
-813
-699
-574
-437
-300
-184
-88
-2
70
122
151
167
179
184
185
192
208
228
238
246
254
258
252
231
201
163
114
66
28
-1
-18
-24
-13
19
71
143
228
318
405
492
580
663
739
812
879
940
995
1055
1138
1235
1331
1425
1520
1608
1670
1698
1693
1643
1524
1330
1085
813
517
199
-122
-418
-686
-924
-1121
-1259
-1346
-1412
-1474
-1524
-1560
-1594
-1637
-1683
-1724
-1763
-1800
-1820
-1798
-1724
-1608
-1462
-1283
-1066
-820
-558
-290
-27
217
425
590
722
829
916
976
1010
1029
1049
1073
1103
1138
1177
1212
1225
1211
1180
1133
1058
943
790
614
424
219
15
-171
-336
-489
-629
-740
-811
-855
-885
-902
-906
-907
-912
-914
-907
-894
-883
-877
-859
-824
-775
-709
-627
-532
-430
-329
-223
-115
-10
80
151
208
248
274
292
300
300
289
270
253
238
226
215
203
187
168
153
144
138
135
131
130
135
148
175
216
265
315
369
432
509
592
675
761
849
931
1007
1091
1186
1286
1372
1448
1518
1582
1624
1637
1622
1568
1458
1288
1074
837
578
291
-8
-300
-571
-818
-1032
-1202
-1328
-1427
-1516
-1590
-1641
-1673
-1703
-1736
-1767
-1795
-1819
-1831
-1816
-1762
-1674
-1561
-1424
-1251
-1042
-809
-559
-309
-67
156
352
521
668
794
893
957
995
1021
1048
1070
1090
1109
1127
1133
1124
1104
1082
1042
969
859
727
575
401
210
15
-173
-363
-550
-718
-848
-948
-1030
-1087
-1117
-1124
-1119
-1101
-1066
-1019
-979
-946
-909
-864
-818
-773
-723
-663
-597
-528
-449
-353
-249
-149
-54
43
134
217
285
340
380
393
389
371
348
314
268
220
174
130
96
75
73
77
86
103
130
165
204
247
290
326
359
396
444
498
555
618
689
765
846
945
1060
1179
1290
1391
1483
1557
1601
1609
1580
1502
1362
1168
942
696
427
142
-137
-400
-644
-862
-1041
-1170
-1271
-1360
-1436
-1494
-1539
-1582
-1627
-1668
-1707
-1749
-1786
-1798
-1774
-1717
-1631
-1512
-1362
-1179
-968
-736
-489
-243
-12
197
380
540
677
789
876
933
967
996
1024
1049
1075
1105
1134
1150
1153
1151
1142
1108
1039
939
816
668
496
310
124
-61
-250
-432
-588
-709
-806
-882
-932
-955
-963
-959
-943
-913
-880
-858
-840
-819
-795
-772
-744
-707
-661
-609
-546
-465
-368
-267
-167
-65
33
125
207
276
330
363
375
370
357
336
308
274
237
200
168
151
146
151
162
175
196
220
248
283
324
356
379
402
433
470
515
566
626
694
764
844
944
1060
1176
1283
1382
1471
1543
1585
1598
1576
1505
1377
1198
985
749
493
221
-52
-313
-557
-776
-953
-1093
-1199
-1286
-1361
-1422
-1468
-1505
-1540
-1577
-1614
-1651
-1683
-1700
-1691
-1647
-1572
-1472
-1343
-1180
-984
-762
-526
-285
-48
173
370
543
699
831
931
1000
1046
1081
1109
1129
1147
1167
1186
1192
1193
1190
1182
1155
1100
1017
912
784
632
463
284
97
-92
-280
-449
-594
-714
-816
-895
-946
-977
-992
-992
-979
-963
-948
-938
-926
-909
-889
-868
-842
-808
-760
-701
-622
-529
-428
-323
-216
-109
-4
94
182
250
300
331
346
347
337
318
290
256
219
185
162
150
144
141
146
157
172
190
213
239
265
286
306
329
360
396
437
483
537
600
670
750
845
952
1063
1169
1273
1370
1450
1509
1535
1525
1476
1376
1227
1037
818
575
311
40
-227
-478
-707
-910
-1076
-1206
-1308
-1393
-1461
-1512
-1551
-1583
-1616
-1648
-1678
-1707
-1727
-1732
-1709
-1655
-1577
-1473
-1338
-1168
-969
-751
-517
-279
-51
163
357
532
687
813
908
974
1021
1056
1080
1099
1117
1132
1142
1146
1147
1146
1136
1107
1057
985
888
768
627
469
298
114
-76
-260
-432
-583
-713
-821
-904
-961
-996
-1009
-1001
-984
-961
-937
-912
-887
-862
-838
-813
-788
-755
-716
-662
-591
-509
-415
-312
-202
-86
30
145
246
332
396
442
468
476
466
441
403
359
312
270
238
214
197
189
189
198
213
234
257
280
301
322
342
363
388
416
447
483
526
579
640
711
794
888
991
1096
1202
1302
1391
1459
1495
1496
1459
1374
1239
1059
844
603
340
66
-204
-460
-694
-902
-1075
-1209
-1313
-1395
-1460
-1508
-1541
-1570
-1599
-1626
-1652
-1680
-1702
-1711
-1696
-1655
-1590
-1497
-1372
-1212
-1022
-806
-571
-325
-80
153
369
567
742
890
1002
1082
1135
1170
1189
1198
1203
1205
1205
1201
1196
1194
1189
1171
1133
1077
996
891
760
606
433
242
36
-173
-372
-555
-719
-858
-967
-1044
-1089
-1105
-1093
-1059
-1015
-965
-913
-862
-817
-780
-751
-726
-704
-681
-648
-604
-541
-462
-368
-257
-132
0
135
262
378
474
544
588
605
594
559
501
430
352
274
203
145
101
74
64
72
95
131
174
222
269
313
353
388
418
444
468
491
521
557
604
665
743
836
944
1059
1181
1303
1414
1504
1561
1581
1554
1478
1348
1168
946
689
406
113
-178
-453
-704
-926
-1110
-1255
-1363
-1440
-1494
-1530
-1554
-1574
-1596
-1621
-1650
-1680
-1711
-1735
-1742
-1724
-1678
-1602
-1492
-1341
-1155
-942
-706
-456
-202
44
275
481
660
808
921
1001
1050
1081
1091
1090
1085
1079
1077
1079
1083
1089
1093
1091
1073
1038
979
894
782
642
479
295
97
-108
-309
-500
-675
-826
-950
-1044
-1109
-1144
-1155
-1143
-1118
-1084
-1045
-1004
-965
-932
-904
-876
-851
-822
-786
-739
-679
-603
-514
-412
-296
-174
-47
76
192
292
376
439
478
494
488
462
420
364
305
245
189
140
102
76
66
71
86
111
144
181
220
258
297
334
365
396
428
461
499
545
599
664
739
828
928
1035
1147
1255
1353
1432
1484
1503
1484
1420
1305
1142
938
701
440
164
-114
-383
-632
-855
-1046
-1197
-1311
-1393
-1451
-1489
-1508
-1519
-1527
-1534
-1545
-1556
-1569
-1579
-1578
-1557
-1516
-1450
-1357
-1232
-1074
-886
-676
-449
-211
25
252
461
650
813
946
1043
1110
1150
1170
1174
1165
1152
1137
1122
1107
1096
1086
1074
1053
1018
969
898
805
689
548
386
205
12
-187
-381
-566
-737
-883
-1003
-1093
-1152
-1181
-1183
-1164
-1131
-1085
-1032
-976
-921
-868
-818
-771
-726
-680
-628
-566
-495
-416
-325
-222
-108
11
134
255
368
467
549
611
652
667
660
631
586
530
466
402
341
283
238
203
183
177
183
199
223
251
286
323
360
397
430
463
497
530
566
608
657
712
776
852
938
1032
1128
1224
1308
1376
1417
1430
1406
1337
1222
1061
860
628
373
105
-164
-425
-667
-881
-1063
-1206
-1313
-1389
-1439
-1465
-1477
-1476
-1472
-1467
-1464
-1466
-1467
-1467
-1457
-1431
-1389
-1323
-1231
-1109
-956
-775
-572
-350
-121
109
330
536
723
881
1007
1101
1160
1193
1202
1193
1171
1140
1106
1072
1039
1012
988
962
931
889
834
763
670
557
424
265
86
-105
-305
-503
-695
-875
-1033
-1167
-1268
-1337
-1371
-1372
-1345
-1297
-1234
-1161
-1080
-999
-926
-859
-802
-753
-708
-666
-620
-566
-505
-431
-344
-242
-124
1
132
258
376
477
557
615
641
639
608
552
478
396
309
225
150
91
51
34
37
62
102
151
204
259
312
361
400
429
449
462
475
488
508
537
579
631
698
781
879
985
1093
1198
1289
1361
1405
1415
1383
1306
1181
1009
798
559
298
30
-238
-493
-724
-925
-1089
-1214
-1302
-1361
-1394
-1407
-1408
-1401
-1393
-1388
-1388
-1395
-1403
-1405
-1399
-1376
-1332
-1266
-1171
-1045
-886
-700
-489
-264
-32
196
417
622
802
957
1077
1163
1217
1244
1250
1240
1217
1186
1154
1121
1090
1066
1044
1020
988
947
892
821
731
622
491
340
171
-13
-200
-386
-568
-738
-892
-1023
-1127
-1202
-1247
-1265
-1260
-1235
-1197
-1146
-1086
-1025
-964
-908
-853
-800
-746
-689
-627
-557
-481
-397
-302
-199
-89
26
139
246
343
429
497
548
577
585
571
538
491
436
376
316
259
210
171
146
136
139
152
173
197
227
259
292
324
353
379
403
429
458
492
530
576
627
686
754
832
916
1006
1095
1177
1250
1309
1345
1353
1329
1266
1162
1017
837
632
405
163
-83
-322
-547
-748
-921
-1060
-1168
-1246
-1302
-1333
-1346
-1347
-1340
-1331
-1321
-1312
-1305
-1294
-1275
-1244
-1199
-1138
-1055
-947
-813
-652
-471
-274
-70
137
340
533
711
864
991
1087
1153
1192
1208
1204
1183
1149
1108
1062
1015
972
930
889
844
794
735
668
589
495
385
258
118
-35
-195
-358
-521
-679
-827
-960
-1073
-1164
-1230
-1270
-1288
-1286
-1265
-1227
-1177
-1119
-1055
-989
-924
-860
-796
-731
-665
-599
-531
-458
-381
-299
-210
-117
-21
72
163
248
325
391
443
478
496
497
483
456
419
375
325
274
226
182
146
121
104
96
98
107
126
150
178
212
246
283
318
353
390
427
463
501
540
583
630
681
742
807
876
946
1013
1071
1114
1139
1135
1100
1027
916
770
592
388
165
-68
-300
-523
-728
-908
-1058
-1174
-1258
-1315
-1346
-1352
-1344
-1324
-1299
-1272
-1247
-1226
-1205
-1182
-1156
-1118
-1071
-1006
-921
-812
-678
-522
-346
-155
43
243
438
622
788
931
1045
1129
1184
1212
1214
1196
1161
1114
1060
1003
945
891
837
785
733
676
617
550
475
388
290
178
54
-78
-216
-357
-499
-639
-773
-894
-1002
-1093
-1162
-1211
-1239
-1248
-1233
-1198
-1146
-1081
-1005
-921
-833
-746
-659
-577
-500
-431
-370
-313
-257
-205
-151
-97
-39
22
87
156
225
293
354
409
454
484
501
503
490
462
421
372
317
261
206
158
118
90
76
78
91
120
160
208
263
322
380
435
486
532
569
601
629
655
679
707
742
787
840
900
966
1032
1092
1138
1165
1164
1128
1051
935
781
592
377
144
-95
-331
-555
-755
-924
-1059
-1155
-1217
-1248
-1250
-1231
-1195
-1152
-1106
-1063
-1027
-998
-973
-953
-929
-902
-864
-815
-743
-647
-528
-383
-218
-36
156
350
543
722
883
1017
1118
1186
1221
1225
1201
1154
1091
1016
936
857
785
721
665
615
570
526
480
426
363
286
193
82
-44
-182
-327
-475
-621
-762
-890
-1002
-1090
-1157
-1198
-1214
-1208
-1183
-1138
-1079
-1011
-938
-864
-793
-727
-666
-612
-562
-520
-480
-441
-398
-352
-299
-237
-172
-98
-20
58
136
209
275
328
367
392
401
396
377
346
305
261
214
168
126
94
69
54
52
62
85
117
156
202
251
300
348
393
431
463
488
506
521
536
554
575
603
640
687
746
811
881
950
1012
1058
1083
1082
1049
978
869
723
547
345
128
-96
-318
-529
-720
-885
-1017
-1114
-1176
-1212
-1223
-1213
-1189
-1155
-1120
-1088
-1059
-1040
-1024
-1010
-994
-970
-938
-890
-822
-732
-618
-481
-323
-150
31
215
393
562
715
844
945
1016
1059
1075
1067
1040
996
944
884
824
766
717
672
631
594
556
514
467
412
344
265
169
61
-57
-183
-311
-441
-568
-688
-797
-892
-970
-1030
-1071
-1091
-1094
-1080
-1049
-1001
-943
-877
-807
-735
-663
-595
-532
-474
-421
-374
-333
-293
-250
-205
-157
-103
-47
18
86
156
224
288
343
388
421
441
446
437
415
380
338
291
242
196
157
124
102
92
93
109
137
173
215
261
309
357
402
439
471
494
511
521
530
540
552
568
592
626
671
727
789
855
918
974
1016
1038
1036
1004
938
837
704
543
362
164
-40
-243
-435
-611
-766
-888
-981
-1046
-1084
-1100
-1096
-1078
-1051
-1021
-993
-968
-950
-938
-924
-910
-891
-864
-826
-771
-695
-596
-474
-333
-176
-8
166
339
507
660
796
905
986
1039
1067
1069
1051
1014
965
907
844
784
727
675
627
580
534
490
441
390
328
257
177
86
-12
-116
-224
-332
-441
-544
-639
-721
-792
-849
-892
-922
-938
-941
-930
-909
-876
-836
-790
-738
-685
-628
-568
-510
-453
-400
-350
-302
-254
-208
-163
-118
-72
-27
21
73
127
181
231
280
323
361
390
411
420
419
404
381
352
317
280
241
204
172
146
130
124
128
139
160
189
221
259
301
340
376
407
432
455
471
484
494
504
515
535
561
599
646
699
756
813
868
911
938
945
923
868
780
661
517
351
166
-25
-218
-404
-573
-720
-840
-932
-1000
-1044
-1064
-1064
-1049
-1029
-1002
-977
-956
-938
-922
-907
-890
-871
-847
-810
-759
-690
-600
-491
-365
-224
-75
82
241
394
536
659
758
830
877
897
895
867
822
764
698
629
565
505
451
404
361
324
290
256
218
174
120
56
-19
-102
-192
-288
-387
-487
-584
-674
-752
-821
-873
-912
-937
-946
-943
-924
-895
-859
-815
-769
-721
-672
-622
-575
-528
-488
-447
-408
-369
-328
-283
-236
-186
-131
-74
-12
52
114
174
228
276
316
348
369
379
380
369
353
330
304
276
248
222
199
179
166
159
157
161
168
179
194
211
229
247
264
282
299
314
330
345
361
379
398
420
447
479
516
560
608
661
716
768
815
854
880
886
872
827
759
662
541
398
237
66
-107
-279
-440
-583
-706
-804
-878
-927
-953
-963
-954
-935
-909
-880
-852
-825
-800
-776
-752
-726
-694
-657
-608
-543
-464
-369
-256
-131
3
143
289
432
565
688
792
876
935
971
986
980
955
914
862
804
744
684
629
575
526
481
436
393
349
301
246
184
114
36
-45
-131
-219
-305
-388
-467
-537
-596
-644
-681
-709
-724
-731
-728
-716
-699
-677
-652
-625
-595
-563
-529
-493
-456
-418
-378
-335
-289
-241
-192
-142
-94
-45
2
49
92
132
167
199
223
247
266
279
287
290
288
281
271
258
242
226
207
188
171
158
147
138
134
133
135
143
156
170
186
204
221
239
258
272
287
297
306
314
322
333
345
361
381
406
437
476
520
565
609
647
676
693
694
675
631
560
465
346
207
53
-108
-276
-440
-595
-736
-855
-951
-1024
-1072
-1100
-1108
-1097
-1073
-1039
-1001
-960
-919
-881
-841
-802
-762
-717
-669
-613
-546
-466
-372
-265
-146
-20
114
251
387
516
637
741
824
886
928
948
948
928
891
844
788
728
668
609
554
501
451
405
362
318
272
222
167
105
39
-31
-106
-184
-261
-339
-413
-484
-545
-597
-640
-674
-697
-710
-712
-705
-689
-665
-635
-604
-567
-529
-490
-451
-414
-377
-343
-310
-277
-244
-210
-177
-144
-110
-76
-41
-6
27
59
87
112
136
156
172
186
195
198
198
193
185
173
156
136
114
91
70
52
36
28
26
29
42
60
84
112
142
170
196
218
234
244
248
246
239
230
220
209
202
199
200
209
222
243
269
301
337
376
414
452
484
506
517
512
489
445
380
297
194
78
-49
-179
-308
-432
-542
-635
-710
-763
-796
-810
-806
-789
-760
-725
-687
-648
-611
-577
-544
-511
-479
-445
-407
-363
-310
-246
-170
-83
14
119
230
343
454
562
658
741
805
849
871
873
855
818
769
708
644
577
516
461
415
376
345
318
296
273
249
217
176
128
69
1
-70
-142
-215
-285
-347
-401
-446
-480
-503
-515
-518
-515
-507
-493
-473
-450
-424
-396
-365
-334
-302
-268
-235
-205
-175
-149
-126
-103
-84
-66
-49
-33
-18
-1
14
30
48
66
83
100
118
133
146
155
161
164
162
156
146
133
114
95
73
54
35
18
5
-5
-9
-8
-2
9
20
34
48
65
79
92
105
114
120
126
129
133
135
135
136
138
141
145
154
165
183
204
234
270
313
360
409
457
500
533
554
558
541
501
439
356
254
140
16
-109
-233
-346
-445
-524
-583
-621
-639
-641
-628
-604
-571
-537
-505
-476
-454
-435
-419
-404
-389
-371
-349
-317
-277
-226
-165
-96
-23
54
131
211
290
366
435
496
550
593
627
650
657
649
623
583
534
474
411
346
282
226
177
136
106
80
56
29
-1
-36
-77
-125
-175
-227
-276
-321
-356
-381
-397
-403
-403
-397
-388
-379
-369
-361
-353
-348
-345
-340
-334
-325
-316
-307
-299
-291
-283
-275
-266
-258
-246
-234
-218
-198
-173
-145
-116
-85
-57
-31
-7
14
31
42
48
50
48
46
42
36
30
23
17
12
9
7
9
11
13
15
20
25
32
37
41
46
51
57
63
74
84
95
108
120
133
146
160
171
180
187
195
202
211
221
232
245
262
281
306
333
365
396
426
453
475
491
496
490
469
433
383
319
246
165
77
-14
-103
-189
-264
-331
-383
-422
-452
-468
-473
-467
-451
-429
-404
-377
-351
-325
-298
-272
-247
-222
-199
-171
-142
-107
-64
-18
32
84
137
189
243
296
345
386
420
446
464
474
475
465
442
412
374
330
283
236
189
145
105
72
46
25
7
-7
-25
-44
-66
-92
-120
-152
-184
-216
-243
-267
-285
-295
-300
-303
-304
-303
-303
-302
-303
-306
-311
-318
-325
-329
-330
-329
-324
-315
-305
-290
-273
-255
-236
-215
-196
-178
-159
-140
-123
-105
-87
-70
-52
-33
-13
8
28
49
68
88
105
121
133
141
143
142
136
128
116
102
87
73
61
53
49
48
51
58
67
78
91
104
116
125
131
135
135
132
126
117
106
96
87
80
76
76
80
90
103
120
139
159
180
198
216
232
245
259
272
281
291
301
311
317
320
318
307
287
259
222
178
126
68
9
-49
-103
-152
-194
-228
-255
-273
-282
-285
-279
-268
-253
-236
-215
-191
-169
-146
-126
-109
-98
-88
-80
-74
-64
-52
-36
-12
20
60
107
158
208
255
293
321
338
341
329
307
273
234
191
150
111
76
45
18
-5
-24
-39
-53
-66
-77
-89
-100
-109
-116
-122
-129
-139
-150
-164
-181
-201
-223
-248
-277
-304
-329
-351
-369
-381
-391
-395
-396
-392
-386
-377
-366
-357
-349
-341
-333
-326
-321
-317
-314
-312
-308
-301
-291
-278
-259
-237
-212
-181
-149
-114
-80
-48
-21
2
18
30
37
39
37
34
29
26
24
25
29
35
42
52
64
79
94
109
122
135
148
156
164
168
168
166
162
153
145
137
128
125
121
120
124
131
143
158
173
190
207
221
234
243
249
252
250
247
245
243
245
249
259
272
290
310
332
355
374
386
392
385
369
341
303
255
197
134
69
5
-54
-108
-152
-189
-215
-231
-237
-236
-228
-216
-205
-194
-185
-178
-175
-175
-179
-187
-194
-201
-204
-202
-196
-184
-166
-141
-111
-75
-36
2
39
72
101
124
141
149
151
145
133
119
101
85
71
59
51
45
47
54
63
77
90
103
112
120
122
119
111
94
72
43
12
-23
-58
-94
-129
-160
-187
-209
-223
-233
-237
-237
-233
-227
-218
-209
-203
-200
-199
-202
-208
-214
-222
-231
-239
-245
-247
-242
-232
-215
-193
-165
-132
-96
-58
-19
15
46
73
93
106
114
116
114
108
99
91
83
80
79
82
87
97
108
121
135
149
160
170
174
175
173
167
156
143
125
107
89
71
57
45
37
32
33
39
47
59
71
84
93
100
104
103
99
92
81
68
56
47
40
35
37
42
52
67
85
108
131
154
176
196
211
223
227
224
214
196
172
141
106
69
32
-6
-41
-72
-98
-116
-130
-135
-138
-135
-131
-123
-117
-112
-110
-112
-115
-124
-133
-143
-153
-162
-169
-171
-169
-160
-145
-126
-103
-77
-48
-20
6
31
51
65
74
77
74
68
59
47
33
20
7
-1
-8
-9
-8
-4
2
11
21
31
37
41
43
38
30
17
-1
-23
-48
-75
-101
-129
-151
-173
-191
-204
-215
-222
-226
-228
-228
-228
-228
-229
-229
-233
-236
-242
-247
-252
-256
-259
-258
-254
-247
-234
-217
-194
-168
-138
-108
-75
-45
-14
11
34
53
66
75
79
80
79
76
72
68
66
66
67
71
78
86
95
104
114
121
128
133
134
132
127
119
110
99
88
77
68
61
57
58
60
67
75
86
98
112
123
135
144
150
154
157
156
154
150
147
143
140
139
139
141
146
153
160
171
180
191
201
210
218
225
229
233
232
231
228
223
215
207
197
185
171
156
141
124
107
89
70
53
34
15
-4
-22
-39
-56
-70
-83
-94
-104
-111
-116
-121
-123
-124
-125
-125
-124
-124
-123
-123
-122
-119
-117
-114
-109
-103
-94
-85
-76
-65
-54
-43
-35
-26
-19
-13
-9
-8
-8
-8
-9
-11
-12
-13
-13
-12
-9
-6
-3
0
3
4
2
-1
-8
-18
-29
-44
-60
-76
-94
-110
-126
-138
-149
-157
-164
-167
-169
-168
-167
-165
-163
-163
-162
-162
-164
-165
-168
-170
-171
-169
-166
-161
-153
-142
-128
-112
-95
-75
-56
-37
-19
-4
10
22
30
36
40
41
43
43
42
43
45
49
54
60
68
77
86
95
102
106
109
109
105
98
88
75
61
47
32
19
8
0
-7
-10
-12
-9
-4
2
9
14
20
25
27
28
27
24
21
18
16
14
15
18
24
32
44
58
74
90
107
124
138
151
162
169
173
173
172
169
164
158
153
147
143
139
137
137
137
138
139
138
137
133
128
119
107
91
73
54
32
10
-11
-32
-52
-69
-83
-95
-103
-109
-113
-115
-115
-116
-116
-117
-118
-122
-125
-129
-133
-136
-139
-141
-142
-138
-135
-129
-121
-111
-100
-89
-77
-66
-57
-49
-42
-38
-36
-35
-36
-39
-42
-45
-49
-52
-54
-57
-58
-60
-61
-63
-64
-66
-70
-73
-77
-83
-89
-95
-102
-109
-115
-120
-125
-129
-131
-131
-130
-126
-123
-118
-113
-108
-104
-100
-97
-95
-95
-95
-95
-96
-97
-96
-94
-90
-84
-75
-64
-52
-38
-23
-8
7
20
32
41
48
53
57
58
57
57
57
57
59
60
65
69
74
79
82
87
88
88
86
82
75
68
60
51
42
34
27
22
20
20
21
26
32
40
49
58
67
75
84
90
96
100
104
106
107
110
112
114
117
120
123
128
132
136
140
144
147
147
148
149
147
144
141
138
134
130
126
122
119
118
115
113
112
110
109
107
105
102
100
96
92
88
82
77
72
66
59
52
46
38
31
23
14
6
-4
-11
-18
-27
-34
-40
-45
-49
-53
-54
-57
-56
-55
-56
-56
-55
-55
-56
-55
-56
-58
-58
-60
-61
-63
-64
-65
-67
-67
-67
-68
-67
-68
-68
-69
-70
-73
-75
-80
-84
-88
-93
-98
-104
-108
-112
-115
-118
-119
-119
-118
-116
-114
-112
-109
-106
-103
-101
-98
-96
-94
-92
-92
-90
-88
-88
-86
-85
-82
-81
-78
-77
-75
-72
-71
-70
-67
-66
-64
-61
-60
-55
-53
-49
-45
-41
-37
-34
-30
-27
-24
-20
-18
-16
-12
-11
-8
-6
-5
-3
0
2
4
6
8
9
10
11
11
12
11
10
11
10
11
12
13
14
16
18
22
23
26
29
33
36
39
41
44
45
47
49
51
51
53
54
56
57
59
62
64
68
70
73
76
79
81
83
84
84
83
81
79
75
73
69
65
61
57
53
51
49
47
47
46
45
44
45
44
43
42
40
38
36
34
31
29
27
25
24
24
25
26
27
29
31
34
37
37
39
38
37
34
30
25
20
14
8
1
-5
-11
-16
-19
-23
-25
-25
-27
-26
-27
-28
-29
-29
-32
-35
-39
-43
-48
-51
-56
-61
-65
-68
-70
-72
-73
-73
-71
-71
-69
-68
-66
-65
-65
-64
-65
-65
-66
-65
-66
-66
-66
-64
-62
-59
-55
-50
-45
-40
-35
-29
-24
-20
-16
-13
-11
-9
-8
-7
-7
-7
-7
-6
-5
-4
-1
1
4
6
10
14
17
20
23
26
26
28
29
29
30
30
30
29
29
31
32
32
34
37
39
40
43
45
48
49
51
51
51
50
50
49
49
47
46
46
45
46
47
49
52
56
59
63
66
68
71
74
75
75
74
73
71
68
65
62
59
56
54
53
52
52
52
51
52
51
51
50
49
46
43
40
35
32
27
25
21
19
17
15
14
15
15
15
14
14
13
12
11
8
4
2
-1
-5
-8
-10
-12
-13
-14
-13
-11
-9
-6
-4
-1
0
1
2
3
2
0
-1
-3
-5
-7
-8
-8
-9
-8
-6
-4
-1
2
5
8
9
12
11
10
8
5
1
-3
-8
-12
-17
-20
-23
-24
-26
-26
-27
-26
-25
-24
-24
-25
-26
-28
-31
-33
-37
-41
-46
-51
-55
-58
-62
-65
-66
-68
-68
-69
-69
-70
-70
-71
-71
-72
-74
-76
-77
-80
-81
-83
-85
-86
-86
-85
-85
-83
-80
-77
-74
-70
-67
-63
-59
-55
-52
-49
-46
-44
-42
-40
-38
-36
-34
-32
-31
-28
-26
-25
-23
-21
-19
-17
-15
-14
-14
-13
-12
-12
-12
-13
-12
-14
-15
-16
-17
-18
-19
-19
-19
-20
-19
-18
-17
-16
-14
-12
-10
-8
-5
-4
0
2
4
6
9
11
13
15
16
18
20
21
24
26
28
30
32
34
37
39
40
43
46
47
50
51
52
56
56
56
57
58
58
58
57
57
56
55
53
53
51
49
48
47
46
45
43
43
41
41
39
39
39
37
35
35
34
32
31
30
28
28
26
25
25
24
22
23
22
22
22
22
22
22
22
21
21
21
19
19
18
17
14
15
13
12
12
12
11
11
12
12
13
13
13
13
13
12
11
10
10
7
7
5
4
2
1
1
0
0
0
0
1
1
2
1
2
3
2
1
1
-1
-2
-3
-3
-5
-6
-7
-7
-7
-8
-9
-8
-9
-9
-11
-11
-12
-13
-15
-18
-20
-21
-24
-25
-27
-28
-29
-29
-29
-29
-27
-27
-26
-24
-24
-24
-24
-23
-23
-25
-25
-26
-27
-27
-29
-28
-28
-28
-28
-27
-25
-24
-22
-21
-20
-18
-17
-15
-15
-15
-14
-14
-13
-13
-12
-12
-12
-10
-10
-10
-8
-7
-7
-6
-6
-5
-6
-7
-7
-7
-9
-9
-10
-11
-12
-13
-13
-14
-15
-15
-15
-15
-15
-16
-15
-14
-14
-14
-13
-14
-13
-12
-11
-11
-9
-9
-8
-6
-5
-4
-3
-3
-3
-2
-2
-2
-2
-1
-1
-1
-1
-1
1
2
3
5
7
10
11
14
14
17
19
20
20
21
21
22
21
21
21
21
20
20
19
19
18
18
18
18
17
18
17
15
14
13
12
10
9
8
7
5
5
4
4
3
3
2
2
3
3
3
3
3
2
2
1
2
2
2
1
1
2
1
2
2
3
4
5
5
6
7
7
8
10
10
11
11
12
11
12
12
11
11
10
10
8
7
7
6
4
3
1
0
-2
-3
-5
-6
-7
-8
-9
-8
-9
-9
-9
-9
-9
-10
-11
-11
-12
-13
-14
-15
-16
-16
-17
-17
-17
-18
-17
-17
-17
-16
-15
-14
-14
-12
-12
-11
-10
-9
-9
-8
-8
-7
-6
-6
-5
-6
-5
-3
-3
-2
-1
0
1
1
1
3
3
4
5
5
7
7
7
9
10
10
12
13
14
15
16
17
18
19
20
20
21
21
22
22
22
23
22
24
24
24
24
25
25
27
26
25
25
26
26
25
25
24
25
24
24
23
23
22
21
22
21
21
20
20
19
19
19
18
18
16
16
15
15
13
13
12
9
9
8
7
5
3
2
1
-1
-2
-4
-5
-7
-7
-9
-11
-11
-12
-12
-14
-12
-14
-14
-14
-14
-15
-14
-15
-15
-15
-15
-15
-15
-15
-15
-15
-14
-13
-12
-12
-10
-10
-9
-8
-7
-6
-4
-5
-4
-4
-3
-4
-3
-4
-3
-3
-4
-4
-3
-4
-4
-5
-5
-5
-5
-5
-6
-6
-8
-8
-9
-9
-11
-12
-12
-14
-15
-16
-17
-17
-19
-19
-19
-20
-19
-20
-20
-20
-19
-19
-19
-18
-19
-18
-18
-18
-18
-19
-19
-18
-19
-19
-18
-18
-18
-18
-17
-17
-18
-17
-16
-16
-16
-16
-15
-14
-14
-14
-14
-13
-12
-11
-11
-10
-10
-10
-8
-8
-7
-7
-7
-7
-6
-5
-5
-4
-4
-4
-3
-3
-3
-2
-1
0
0
1
1
2
4
4
5
6
6
8
7
9
10
10
11
11
11
11
11
10
11
10
10
10
10
10
10
9
8
8
8
8
7
7
8
7
8
8
8
9
9
9
9
9
10
11
11
11
10
11
11
11
10
10
11
10
10
10
10
10
11
11
11
11
11
11
12
12
13
13
13
13
13
12
12
12
11
11
10
10
10
9
9
8
8
7
8
7
6
6
6
5
4
4
3
3
4
3
3
3
2
1
1
1
1
1
0
1
0
-1
-2
-2
-2
-3
-3
-3
-3
-3
-3
-2
-2
-2
-2
0
0
0
1
2
1
2
1
2
2
2
2
1
2
2
1
2
1
1
2
2
3
3
2
3
2
2
2
1
1
-1
-1
-1
-3
-3
-4
-5
-6
-7
-8
-8
-9
-9
-10
-10
-10
-10
-10
-10
-11
-11
-11
-11
-12
-11
-12
-12
-11
-11
-10
-10
-9
-9
-8
-7
-7
-6
-5
-5
-4
-3
-3
-1
-1
1
2
2
4
6
6
8
9
10
12
12
13
13
14
14
13
14
13
12
12
12
11
11
10
10
9
9
8
8
7
6
6
6
5
4
4
4
3
3
2
1
2
1
1
0
1
1
1
1
1
1
0
0
-1
-1
-1
-2
-3
-3
-4
-4
-5
-6
-7
-7
-7
-7
-7
-7
-7
-8
-8
-9
-9
-9
-10
-11
-11
-12
-12
-14
-14
-13
-14
-15
-14
-14
-15
-15
-14
-15
-15
-14
-14
-15
-14
-13
-15
-14
-14
-14
-13
-13
-13
-11
-11
-12
-10
-9
-9
-8
-9
-8
-8
-6
-6
-6
-7
-5
-5
-5
-4
-4
-4
-4
-4
-3
-4
-3
-3
-3
-2
-3
-4
-3
-4
-3
-2
-3
-3
-4
-4
-3
-4
-4
-5
-4
-5
-5
-4
-4
-5
-4
-4
-4
-4
-3
-4
-3
-3
-3
-2
-2
-1
-1
-2
0
0
1
1
1
1
2
2
2
2
3
2
3
4
4
4
4
4
5
6
5
6
5
5
5
6
5
5
6
5
5
5
4
4
4
4
4
3
2
2
2
1
1
1
0
0
-1
-1
-2
-2
-2
-2
-3
-3
-3
-4
-3
-3
-4
-4
-4
-3
-3
-4
-3
-3
-3
-3
-3
-2
-1
-1
-1
-1
1
1
2
3
3
4
5
5
7
7
8
9
8
10
10
11
12
13
14
14
15
15
15
15
16
16
17
17
17
17
17
18
17
17
17
17
16
16
15
15
14
14
13
12
12
11
10
10
9
9
8
7
7
5
5
4
4
3
3
2
1
1
1
0
0
-1
-1
-2
-1
-2
-2
-2
-2
-3
-3
-3
-4
-4
-4
-4
-3
-3
-4
-4
-4
-3
-4
-4
-4
-3
-4
-3
-3
-3
-2
-3
-2
-3
-2
-3
-2
-3
-3
-2
-3
-3
-3
-4
-3
-3
-3
-4
-4
-4
-4
-4
-4
-4
-5
-4
-4
-6
-4
-5
-5
-5
-6
-5
-5
-5
-5
-5
-4
-5
-5
-5
-5
-4
-5
-5
-5
-5
-5
-6
-6
-6
-6
-7
-7
-7
-7
-7
-7
-8
-8
-8
-7
-8
-7
-8
-8
-6
-7
-6
-6
-5
-5
-5
-4
-4
-4
-4
-4
-3
-3
-3
-2
-2
-2
-1
-1
-1
-1
-1
0
0
-1
0
0
0
1
1
1
2
1
2
1
3
2
3
2
2
2
2
3
3
3
2
3
3
2
2
2
3
3
3
3
2
3
3
3
2
2
3
3
1
2
2
1
1
1
0
0
-1
0
-1
-1
-2
-2
-2
-2
-3
-2
-2
-3
-3
-3
-2
-3
-3
-3
-3
-3
-3
-2
-3
-2
-2
-1
-2
-1
-1
0
-1
0
-1
-2
-2
-2
-1
-2
-1
-2
-2
-3
-3
-4
-3
-3
-3
-5
-5
-4
-5
-5
-6
-5
-5
-6
-5
-6
-5
-5
-5
-4
-5
-4
-3
-3
-2
-2
-1
0
0
1
2
3
4
6
7
8
10
12
14
15
17
18
19
21
23
25
26
26
29
29
30
31
33
33
34
35
35
35
34
34
34
33
33
32
30
29
28
27
25
23
22
19
17
16
14
0
0
0
0
0
0
0
0
0
0
0
0
0
0
0
0
0
0
0
0
0
0
0
0
0
0
0
0
0
0
0
0
0
0
0
0
0
0
0
0
0
0
0
0
0
0
0
0
0
0
0
0
0
0
0
0
0
0
0
0
0
0
0
0
0
0
0
0
0
0
0
0
0
0
0
0
0
0
0
0
0
0
0
0
0
0
0
0
0
0
0
0
0
0
0
0
0
0
0
0
0
0
0
0
0
0
0
0
0
0
0
0
0
0
0
0
0
0
0
0
0
0
0
0
0
0
0
0
0
0
0
0
0
0
0
0
0
0
0
0
0
0
0
0
0
0
0
0
0
0
0
0
0
0
0
0
0
0
0
0
0
0
0
0
0
0
0
0
0
0
0
0
0
0
0
0
0
0
0
0
0
0
0
0
0
0
0
0
0
0
0
0
0
0
0
0
0
0
