0
0
0
0
0
0
0
0
0
0
0
0
0
0
0
0
0
0
0
0
0
0
0
0
0
0
0
0
0
0
0
0
0
0
0
0
0
0
0
0
0
0
0
0
0
0
0
0
0
0
0
0
0
0
0
0
0
0
0
0
0
0
0
0
0
0
0
0
0
0
0
0
0
0
0
0
0
0
0
0
0
0
0
0
0
0
0
0
0
0
0
0
0
0
0
0
0
0
0
0
0
0
0
0
0
0
0
0
0
0
0
0
0
0
0
0
0
0
0
0
0
0
0
0
0
0
0
0
0
0
0
0
0
0
0
0
0
0
0
0
0
0
0
0
0
0
0
0
0
0
0
0
0
0
0
0
0
0
0
0
0
0
0
0
0
0
0
0
0
0
0
0
0
0
0
0
0
0
0
0
0
0
0
0
0
0
0
0
0
0
0
0
0
0
0
0
0
0
-10
-16
-12
3
25
50
62
53
28
0
-10
10
59
111
130
93
8
-98
-173
-182
-125
-41
18
17
-45
-138
-205
-206
-138
-32
66
113
90
18
-54
-92
-70
4
98
166
184
151
88
26
-4
5
44
85
107
95
49
-10
-63
-88
-82
-55
-20
4
9
-6
-33
-51
-47
-15
37
83
101
77
29
-14
-28
-5
40
79
83
50
-9
-69
-109
-111
-76
-28
7
-4
-71
-175
-269
-303
-256
-147
-34
29
21
-43
-108
-125
-70
41
168
263
295
258
176
83
27
31
90
173
223
206
118
-5
-114
-165
-146
-85
-22
3
-21
-85
-159
-210
-213
-168
-88
-6
47
55
25
-22
-57
-57
-18
47
108
134
106
32
-58
-125
-139
-100
-35
20
36
12
-34
-71
-73
-32
40
119
173
181
141
77
21
5
36
91
130
126
72
-8
-76
-113
-113
-93
-78
-80
-100
-135
-165
-179
-174
-145
-97
-45
-3
16
14
2
5
33
83
130
152
143
114
89
85
98
113
109
92
71
58
53
45
26
0
-23
-30
-22
-17
-29
-59
-92
-112
-115
-105
-96
-95
-97
-92
-77
-58
-44
-39
-35
-17
15
55
85
91
78
65
64
79
100
110
98
76
55
40
33
27
15
-4
-24
-36
-42
-41
-42
-42
-46
-54
-64
-74
-79
-75
-57
-32
-7
3
-3
-20
-31
-20
18
68
105
111
86
54
38
50
81
104
104
78
42
14
0
-3
-3
-9
-22
-43
-64
-85
-95
-92
-74
-52
-39
-46
-74
-101
-106
-78
-26
27
58
54
28
5
-1
17
55
96
125
132
111
67
13
-23
-25
9
61
92
79
25
-42
-88
-94
-66
-26
5
20
9
-20
-60
-94
-100
-65
3
71
100
76
17
-35
-45
-9
51
99
110
84
32
-25
-68
-83
-67
-28
8
20
-5
-57
-106
-118
-85
-21
43
75
62
21
-25
-48
-36
1
49
83
85
59
17
-20
-32
-14
25
63
84
74
37
-12
-48
-58
-37
3
38
47
21
-27
-74
-97
-82
-42
2
28
24
-2
-41
-72
-84
-67
-26
18
43
36
-1
-43
-66
-55
-13
36
69
73
53
20
-8
-21
-17
4
31
53
60
45
15
-14
-26
-15
11
36
47
39
15
-16
-45
-62
-63
-50
-27
-10
-7
-18
-34
-44
-41
-23
2
24
37
40
34
20
1
-13
-17
-8
12
29
32
17
-3
-19
-18
-1
22
38
41
31
12
-5
-20
-26
-24
-18
-8
-3
-10
-23
-35
-37
-26
-6
11
19
16
5
-3
-5
-3
4
10
14
16
15
15
16
21
27
32
33
27
21
18
16
15
14
8
0
-11
-19
-25
-27
-27
-23
-19
-19
-24
-35
-47
-56
-54
-46
-32
-22
-21
-25
-31
-32
-26
-13
3
20
33
40
39
32
24
17
16
19
27
32
29
17
2
-9
-11
-5
7
12
12
8
2
-3
-7
-15
-23
-30
-35
-36
-41
-52
-69
-85
-91
-87
-76
-63
-55
-53
-52
-46
-35
-20
-4
12
28
39
46
44
34
25
23
34
51
66
67
49
23
2
-8
1
17
32
35
29
16
-1
-14
-19
-14
0
19
38
44
35
11
-17
-31
-22
11
49
71
65
32
-7
-32
-29
-4
24
39
34
14
-13
-36
-47
-41
-20
11
37
46
34
11
-7
-5
16
48
72
73
57
38
30
35
51
67
76
82
89
101
110
114
113
112
117
135
155
166
157
136
118
112
123
137
139
126
106
88
76
67
55
40
30
30
30
18
-8
-43
-65
-63
-41
-23
-28
-61
-108
-146
-162
-160
-154
-162
-184
-213
-238
-256
-269
-277
-278
-267
-243
-214
-198
-203
-223
-239
-232
-201
-160
-130
-124
-139
-155
-156
-141
-125
-110
-103
-95
-83
-73
-72
-87
-108
-118
-107
-74
-40
-18
-19
-34
-49
-55
-50
-40
-32
-20
-7
2
0
-18
-45
-69
-76
-64
-41
-20
-5
8
24
41
58
66
70
80
100
133
172
200
207
193
166
143
138
160
205
255
290
302
301
301
314
337
357
369
385
424
489
565
627
661
681
703
735
765
790
829
924
1072
1201
1174
894
414
-62
-297
-206
72
251
107
-370
-973
-1429
-1576
-1451
-1225
-1066
-1047
-1148
-1317
-1508
-1671
-1738
-1624
-1305
-864
-474
-300
-380
-584
-695
-551
-154
344
745
925
895
763
652
623
674
769
876
968
1010
958
782
504
209
4
-53
8
75
31
-171
-489
-804
-1009
-1058
-985
-869
-784
-760
-786
-827
-842
-800
-679
-485
-252
-43
85
112
72
43
87
222
402
550
605
564
470
383
340
343
373
398
399
363
277
150
3
-120
-184
-174
-120
-75
-88
-167
-277
-354
-350
-257
-117
9
75
77
41
15
33
102
205
310
385
422
418
392
370
375
419
497
580
631
617
544
463
430
476
574
664
699
677
635
611
612
627
641
657
688
744
809
850
815
671
427
150
-60
-127
-67
15
-13
-211
-525
-832
-1017
-1060
-1015
-959
-937
-949
-983
-1038
-1118
-1204
-1243
-1184
-1010
-776
-569
-463
-460
-501
-496
-395
-208
14
209
345
412
426
406
368
331
318
337
387
441
451
393
271
125
11
-45
-49
-39
-43
-72
-116
-168
-223
-271
-296
-287
-235
-161
-94
-53
-42
-46
-51
-43
-15
36
99
159
187
171
123
71
45
52
81
106
112
103
85
59
25
-11
-33
-25
6
35
29
-17
-80
-120
-120
-90
-59
-51
-63
-82
-92
-94
-96
-99
-97
-87
-65
-41
-29
-32
-47
-62
-63
-47
-21
4
19
22
21
20
25
32
38
45
56
68
78
75
65
51
45
47
59
68
70
64
53
44
39
39
44
51
57
55
45
34
30
39
58
76
85
84
81
77
77
77
78
79
78
77
71
58
42
23
8
-1
-5
-11
-18
-36
-61
-93
-120
-137
-143
-146
-151
-162
-181
-202
-219
-229
-231
-227
-220
-212
-204
-201
-204
-211
-222
-226
-220
-204
-183
-167
-156
-155
-157
-153
-144
-127
-104
-81
-62
-47
-36
-30
-27
-27
-22
-9
11
32
43
36
19
-1
-13
-14
-8
-3
-3
-8
-17
-30
-44
-57
-65
-66
-60
-46
-34
-25
-27
-37
-46
-43
-26
-3
14
19
13
4
-3
-8
-7
-2
6
19
27
30
22
8
-4
-6
4
19
32
34
23
9
1
1
6
14
21
26
31
38
44
47
50
52
59
73
89
101
102
97
97
109
130
145
145
141
141
159
185
202
203
195
189
192
202
211
215
221
230
242
249
249
239
228
227
241
266
290
296
276
233
185
153
143
149
158
152
124
77
23
-24
-54
-73
-87
-102
-120
-138
-158
-182
-212
-244
-269
-275
-255
-222
-189
-180
-192
-211
-215
-195
-154
-113
-90
-86
-88
-83
-66
-50
-44
-43
-36
-14
14
32
25
5
-6
0
20
40
43
29
8
-3
-1
14
27
30
22
12
11
19
28
26
13
2
0
4
7
-1
-25
-56
-74
-62
-29
-3
-7
-36
-65
-71
-57
-34
-15
-3
2
-2
-8
-11
-9
-3
8
31
55
62
50
35
37
52
60
58
55
59
62
51
26
5
-3
4
16
25
22
9
-7
-14
-15
-10
-8
-6
4
24
33
21
-4
-15
5
41
76
97
99
90
83
96
127
156
166
170
184
209
232
242
249
256
261
263
266
279
298
309
301
280
254
221
170
114
72
56
54
37
-9
-80
-160
-228
-268
-281
-283
-294
-321
-356
-387
-409
-421
-426
-431
-423
-395
-353
-313
-291
-292
-297
-282
-232
-160
-99
-74
-77
-82
-71
-45
-14
5
7
1
4
29
55
52
19
-22
-38
-17
14
19
-4
-32
-49
-59
-73
-85
-78
-58
-52
-73
-98
-97
-71
-47
-45
-61
-74
-80
-76
-63
-41
-18
-12
-32
-59
-66
-39
7
41
40
14
-6
3
27
40
34
31
39
49
52
48
40
19
-17
-43
-22
44
104
93
11
-72
-91
-55
-12
13
25
24
2
-31
-47
-29
14
44
34
11
24
79
109
74
33
65
136
149
101
98
175
238
210
141
141
213
285
313
300
266
253
296
375
412
372
330
357
414
425
396
398
436
431
345
238
185
183
189
184
162
95
-30
-175
-260
-268
-252
-263
-302
-351
-410
-472
-513
-522
-523
-526
-512
-462
-407
-390
-408
-426
-414
-364
-280
-178
-93
-64
-90
-114
-99
-54
3
74
146
177
144
94
77
94
115
138
173
191
171
141
123
85
15
-22
32
113
111
29
-35
-58
-86
-115
-73
17
28
-66
-141
-124
-101
-137
-141
-54
4
-80
-191
-156
-37
-14
-90
-100
1
75
41
-7
13
47
37
41
112
173
130
60
81
141
101
-1
15
152
214
109
-5
-10
21
5
-9
38
87
75
34
14
-7
-39
-21
55
99
63
40
92
137
85
16
65
194
245
187
151
223
303
292
258
315
435
496
464
416
430
503
576
599
585
574
594
620
597
499
359
252
234
285
319
251
63
-176
-363
-443
-432
-393
-395
-492
-665
-836
-922
-911
-867
-845
-837
-822
-797
-780
-770
-759
-724
-640
-509
-363
-243
-176
-167
-194
-194
-108
52
199
261
232
166
116
111
151
215
266
271
229
161
93
36
-8
-30
-20
6
21
-1
-74
-191
-321
-391
-336
-181
-54
-65
-210
-382
-469
-436
-322
-183
-71
-37
-121
-286
-398
-351
-178
-21
43
56
55
10
-83
-124
-41
102
205
247
231
137
17
-4
92
174
173
185
232
163
-54
-170
-9
233
253
76
-24
41
96
14
-100
-74
82
212
217
135
45
-4
0
93
253
372
361
259
177
173
248
399
563
617
526
449
526
670
712
678
717
821
857
825
868
996
1008
779
477
353
456
625
685
557
247
-150
-457
-534
-415
-299
-353
-597
-917
-1173
-1284
-1265
-1198
-1162
-1177
-1208
-1230
-1242
-1249
-1241
-1175
-1012
-765
-520
-385
-381
-430
-413
-257
21
314
493
505
413
342
363
483
653
789
810
700
540
434
413
428
427
383
301
210
129
46
-73
-222
-340
-368
-332
-317
-374
-482
-591
-662
-663
-594
-509
-467
-485
-520
-532
-497
-407
-286
-204
-188
-181
-105
19
110
136
149
207
297
346
335
326
369
421
407
340
293
279
243
183
158
184
211
205
157
67
-24
-30
61
132
83
-36
-102
-68
29
138
200
177
108
90
155
241
309
388
490
577
615
622
634
676
775
934
1104
1216
1229
1166
1094
1123
1325
1620
1780
1597
1107
619
471
716
1065
1131
753
105
-484
-780
-750
-558
-456
-625
-1043
-1501
-1777
-1818
-1739
-1663
-1631
-1633
-1669
-1735
-1789
-1785
-1693
-1492
-1185
-856
-650
-642
-731
-720
-488
-80
341
609
639
514
416
500
759
1047
1203
1168
1009
843
758
763
806
807
711
549
384
238
96
-42
-162
-254
-337
-427
-539
-692
-859
-965
-959
-903
-893
-962
-1054
-1106
-1076
-969
-838
-758
-750
-757
-703
-566
-388
-233
-128
-56
24
140
280
391
441
470
528
596
601
532
459
421
396
368
368
368
273
73
-96
-129
-69
-19
-14
-52
-144
-269
-343
-305
-178
-43
33
41
20
17
37
75
174
372
589
712
732
742
789
862
985
1201
1443
1570
1562
1531
1594
1764
1926
1899
1583
1126
885
1048
1381
1435
987
239
-392
-630
-500
-269
-255
-615
-1238
-1806
-2037
-1922
-1705
-1644
-1792
-2029
-2219
-2289
-2236
-2087
-1898
-1707
-1527
-1370
-1273
-1242
-1193
-991
-598
-142
169
249
181
148
299
653
1075
1348
1350
1158
987
988
1154
1353
1432
1312
1041
770
620
597
618
578
406
112
-210
-441
-532
-527
-523
-595
-768
-988
-1164
-1229
-1181
-1065
-957
-934
-1010
-1113
-1136
-1028
-817
-583
-416
-354
-349
-297
-140
99
347
515
570
555
558
625
732
838
893
866
756
625
553
545
542
507
430
318
175
39
-50
-78
-71
-55
-59
-105
-190
-257
-250
-165
-48
47
115
179
244
314
421
599
808
964
1048
1125
1255
1427
1611
1791
1947
2048
2078
2014
1808
1503
1310
1420
1721
1820
1427
678
10
-256
-147
59
58
-297
-936
-1583
-1932
-1882
-1645
-1546
-1727
-2066
-2368
-2513
-2479
-2294
-2046
-1852
-1776
-1783
-1787
-1715
-1522
-1188
-787
-462
-324
-335
-331
-160
193
611
919
1010
922
817
861
1086
1355
1479
1397
1197
1031
982
1016
1047
1002
854
612
329
84
-50
-85
-116
-238
-480
-773
-1003
-1094
-1067
-1019
-1048
-1171
-1322
-1416
-1389
-1260
-1106
-1012
-992
-998
-946
-788
-545
-294
-120
-40
-6
57
201
412
619
741
754
702
664
686
766
850
864
765
595
455
407
408
372
262
131
30
-39
-105
-164
-201
-212
-219
-230
-242
-241
-197
-83
85
235
306
330
409
603
862
1068
1175
1253
1396
1614
1830
1947
1896
1649
1323
1201
1455
1862
1918
1380
567
24
-17
213
344
172
-289
-892
-1396
-1601
-1514
-1375
-1429
-1688
-1988
-2202
-2316
-2322
-2191
-1975
-1821
-1823
-1921
-1964
-1862
-1597
-1229
-893
-732
-758
-802
-668
-321
93
393
501
478
453
534
742
997
1171
1179
1055
930
920
1019
1127
1129
988
753
526
393
364
366
311
141
-131
-425
-625
-668
-612
-592
-709
-938
-1159
-1241
-1160
-1009
-915
-937
-1025
-1072
-1002
-813
-579
-397
-314
-296
-263
-151
54
295
482
556
546
532
580
696
828
902
880
782
673
604
597
617
606
519
371
229
153
140
138
99
11
-85
-140
-149
-122
-63
22
104
153
192
274
424
603
745
842
959
1162
1401
1559
1593
1604
1647
1614
1425
1265
1377
1666
1722
1298
641
218
204
368
389
153
-260
-723
-1094
-1249
-1195
-1128
-1243
-1518
-1775
-1919
-1981
-1978
-1881
-1732
-1661
-1720
-1808
-1785
-1613
-1353
-1095
-920
-865
-876
-816
-592
-259
38
195
233
250
320
472
672
845
918
897
855
861
908
958
974
925
807
656
545
512
511
452
291
68
-130
-239
-275
-301
-372
-504
-669
-803
-857
-833
-793
-789
-825
-862
-860
-797
-685
-564
-467
-401
-340
-251
-122
24
154
248
316
379
444
518
606
687
722
695
640
608
612
623
608
554
475
391
319
268
235
199
144
79
13
-48
-87
-75
-8
68
103
110
155
273
430
548
599
656
831
1103
1298
1307
1254
1312
1414
1338
1100
1020
1267
1530
1352
751
224
139
338
419
220
-125
-475
-792
-1016
-1073
-1023
-1061
-1270
-1528
-1697
-1780
-1824
-1798
-1681
-1582
-1620
-1753
-1800
-1663
-1418
-1193
-1057
-1017
-1024
-981
-801
-507
-233
-93
-73
-61
16
164
343
497
586
593
564
560
613
695
757
753
672
553
455
428
445
430
328
154
-16
-123
-162
-172
-213
-323
-480
-613
-660
-632
-593
-602
-660
-713
-709
-634
-521
-423
-366
-341
-306
-229
-104
41
160
228
264
307
373
455
535
595
621
606
567
539
542
564
558
502
423
367
338
306
255
201
153
104
55
31
52
95
120
124
138
185
274
392
505
576
626
741
932
1094
1139
1154
1229
1257
1075
820
862
1242
1479
1146
462
56
173
446
441
149
-186
-457
-695
-856
-860
-806
-880
-1117
-1359
-1496
-1552
-1550
-1459
-1333
-1325
-1479
-1622
-1568
-1337
-1097
-964
-931
-951
-958
-865
-627
-337
-151
-126
-167
-143
-13
178
360
470
470
393
338
394
545
681
698
589
440
349
360
435
473
404
251
101
16
-5
-1
-15
-83
-207
-342
-415
-396
-331
-299
-351
-451
-512
-468
-337
-210
-158
-178
-202
-162
-44
110
239
304
312
313
355
450
558
621
626
599
568
550
557
586
611
581
488
381
326
339
371
352
259
129
44
66
155
209
185
133
132
194
294
406
496
546
598
708
849
920
926
1000
1164
1197
944
646
709
1105
1307
960
360
69
207
383
288
22
-200
-380
-608
-807
-837
-762
-791
-986
-1211
-1347
-1402
-1393
-1293
-1174
-1181
-1333
-1458
-1390
-1179
-987
-899
-883
-888
-878
-792
-597
-364
-217
-203
-240
-209
-84
87
229
296
279
218
203
287
427
511
472
351
254
241
293
335
305
204
88
14
-9
-11
-28
-83
-175
-283
-366
-389
-353
-310
-318
-396
-480
-497
-424
-312
-229
-204
-218
-223
-170
-55
81
175
209
214
234
287
370
464
528
522
465
427
453
509
528
487
413
350
311
298
292
265
204
132
88
77
76
82
113
161
179
160
168
261
401
499
544
599
683
741
772
865
994
958
689
476
630
981
1032
608
116
-6
170
249
80
-140
-274
-425
-665
-844
-825
-728
-770
-969
-1170
-1283
-1313
-1257
-1122
-1025
-1090
-1256
-1312
-1171
-962
-832
-790
-775
-765
-743
-647
-452
-254
-166
-189
-209
-143
-3
140
232
255
227
198
228
316
402
424
370
289
235
237
277
299
249
136
25
-23
-11
6
-24
-109
-214
-297
-327
-308
-268
-254
-290
-361
-405
-369
-273
-183
-145
-150
-150
-108
-19
101
213
269
268
268
335
453
545
566
543
531
540
550
561
589
613
584
491
406
404
457
461
372
268
236
260
273
252
242
270
295
294
305
373
473
552
612
675
716
712
746
880
981
840
540
444
710
979
814
305
-39
31
221
166
-92
-281
-357
-495
-724
-854
-802
-742
-836
-1023
-1160
-1212
-1210
-1144
-1023
-970
-1060
-1178
-1147
-962
-779
-701
-690
-674
-638
-575
-445
-264
-120
-84
-106
-89
10
147
257
307
294
258
254
313
405
453
424
343
268
242
270
308
290
195
67
-20
-40
-29
-37
-87
-175
-278
-360
-381
-344
-302
-315
-392
-468
-471
-392
-291
-236
-240
-256
-231
-153
-41
66
143
179
190
221
302
414
499
519
489
461
479
531
572
573
537
490
446
418
417
431
416
345
253
214
242
291
306
278
247
250
293
366
445
504
539
580
652
722
742
756
842
938
863
607
441
584
844
811
410
5
-78
52
71
-110
-319
-458
-610
-812
-946
-931
-881
-959
-1141
-1286
-1340
-1336
-1289
-1194
-1126
-1167
-1264
-1263
-1110
-911
-795
-763
-745
-701
-619
-486
-311
-157
-90
-93
-76
16
159
288
351
347
316
313
367
447
497
481
409
324
273
277
306
296
215
91
-10
-55
-61
-73
-121
-208
-307
-381
-405
-390
-372
-388
-441
-499
-508
-451
-362
-298
-280
-287
-269
-200
-94
16
99
133
140
177
267
372
439
457
454
450
456
482
526
552
532
481
433
407
406
418
414
365
282
239
265
306
301
272
289
345
378
384
427
522
610
657
703
765
801
819
891
993
957
722
529
637
906
919
536
103
-9
126
162
-35
-276
-407
-524
-730
-918
-945
-889
-936
-1120
-1294
-1364
-1359
-1316
-1237
-1173
-1208
-1306
-1313
-1161
-959
-846
-820
-795
-727
-633
-505
-332
-168
-85
-76
-50
54
210
346
428
458
449
426
444
529
639
680
613
484
392
390
451
476
391
229
89
33
34
21
-40
-139
-252
-354
-411
-400
-358
-360
-431
-524
-560
-511
-410
-327
-302
-321
-327
-269
-147
-17
70
104
124
168
249
348
434
481
485
470
474
510
563
594
578
523
465
439
455
487
484
413
316
264
290
343
352
315
286
308
364
419
467
520
581
648
724
796
833
845
905
1029
1074
907
667
647
886
1039
804
353
101
170
273
154
-96
-276
-387
-559
-775
-879
-843
-843
-993
-1209
-1341
-1361
-1324
-1259
-1204
-1228
-1333
-1391
-1290
-1091
-948
-914
-909
-863
-778
-666
-512
-337
-218
-186
-176
-98
49
204
316
377
396
387
392
457
571
658
644
543
441
411
452
488
451
331
194
98
55
37
2
-71
-188
-314
-401
-424
-405
-402
-448
-540
-617
-622
-549
-458
-418
-435
-453
-420
-333
-222
-119
-46
-15
-2
46
156
277
342
349
344
364
401
447
493
505
465
412
399
420
423
392
357
324
273
221
212
246
269
252
225
233
279
343
414
479
526
580
667
755
793
808
888
1002
985
789
637
746
976
966
621
252
166
281
290
97
-127
-268
-406
-608
-766
-785
-766
-869
-1081
-1245
-1296
-1292
-1273
-1236
-1220
-1281
-1372
-1358
-1209
-1043
-971
-969
-947
-876
-773
-639
-476
-336
-272
-253
-197
-64
100
226
293
330
361
401
462
540
610
642
624
570
520
507
533
546
491
369
252
191
168
133
66
-27
-133
-235
-302
-321
-323
-355
-428
-505
-540
-519
-469
-425
-411
-416
-405
-358
-273
-171
-81
-30
-16
6
88
216
316
339
316
318
371
436
476
481
465
442
426
421
423
420
403
365
316
271
252
263
285
291
270
246
261
335
436
501
509
525
622
762
827
801
817
952
1058
942
706
660
886
1061
875
458
216
282
391
289
41
-143
-250
-400
-591
-693
-689
-721
-875
-1064
-1175
-1206
-1202
-1166
-1124
-1153
-1259
-1318
-1221
-1040
-930
-927
-937
-886
-793
-679
-544
-402
-311
-282
-249
-149
2
133
218
268
301
335
393
475
555
595
590
563
538
530
543
558
531
446
345
279
250
218
155
69
-24
-115
-190
-236
-259
-291
-352
-428
-482
-494
-466
-428
-413
-427
-436
-405
-328
-235
-160
-114
-88
-55
15
121
213
255
258
268
306
360
405
426
422
400
383
387
395
392
373
347
314
263
218
218
258
275
234
184
193
266
342
392
426
455
505
593
696
755
761
797
901
951
823
630
643
873
984
733
325
152
265
349
198
-53
-208
-305
-471
-660
-729
-701
-750
-936
-1131
-1222
-1223
-1199
-1166
-1151
-1208
-1310
-1334
-1210
-1036
-953
-966
-975
-919
-819
-695
-555
-432
-370
-354
-308
-185
-29
91
156
185
215
265
350
443
505
514
491
474
479
495
503
486
434
358
284
233
205
169
105
15
-81
-161
-213
-240
-265
-313
-384
-448
-481
-474
-446
-424
-423
-433
-421
-372
-296
-219
-160
-117
-73
-17
57
143
222
268
276
283
324
391
438
440
418
404
396
393
403
421
404
339
273
260
285
290
255
226
236
262
270
273
317
410
487
508
517
594
721
797
795
816
909
946
812
645
690
909
970
686
300
167
287
351
188
-58
-217
-329
-490
-641
-677
-664
-754
-951
-1110
-1156
-1145
-1131
-1107
-1092
-1146
-1240
-1242
-1099
-927
-864
-892
-895
-825
-712
-585
-457
-351
-306
-291
-232
-100
57
165
206
213
235
306
411
506
544
520
488
492
526
550
537
498
441
375
314
270
238
189
110
18
-67
-138
-187
-214
-240
-298
-384
-446
-454
-419
-392
-404
-431
-431
-388
-318
-251
-196
-151
-107
-55
16
107
191
247
271
292
333
390
436
456
462
464
453
431
427
453
477
446
370
310
309
334
334
302
265
243
250
287
327
350
369
425
503
556
593
658
751
810
831
876
935
899
756
685
813
960
853
513
256
271
373
296
58
-140
-234
-348
-524
-651
-672
-703
-846
-1021
-1109
-1118
-1129
-1139
-1120
-1120
-1186
-1245
-1182
-1028
-924
-928
-947
-897
-796
-696
-594
-483
-397
-359
-326
-234
-90
39
114
148
172
216
290
391
476
497
456
422
448
509
536
500
430
361
315
285
252
204
129
36
-55
-130
-187
-227
-263
-315
-394
-473
-506
-494
-471
-470
-497
-523
-512
-459
-386
-327
-291
-262
-211
-141
-54
36
115
164
180
197
257
344
402
400
371
366
383
390
388
396
398
356
293
275
302
307
256
207
212
232
219
207
246
314
352
361
395
476
576
653
700
727
759
836
930
929
795
669
720
879
888
643
355
263
322
305
134
-51
-159
-268
-440
-591
-634
-644
-744
-906
-1017
-1051
-1071
-1096
-1082
-1056
-1086
-1157
-1160
-1057
-938
-894
-898
-873
-812
-735
-642
-526
-426
-377
-351
-285
-163
-32
61
115
149
185
239
324
420
480
476
436
421
457
512
532
494
418
345
309
302
288
232
137
39
-34
-80
-118
-167
-225
-291
-359
-414
-440
-432
-414
-420
-452
-476
-458
-400
-328
-268
-240
-232
-204
-115
8
89
106
114
167
245
302
339
374
395
392
384
398
417
417
411
414
401
352
304
305
331
319
269
240
249
262
261
278
323
370
399
429
475
538
618
703
753
755
767
847
916
854
707
669
795
884
735
444
276
306
347
237
46
-89
-178
-311
-465
-540
-546
-602
-744
-878
-932
-945
-963
-970
-954
-968
-1034
-1069
-998
-879
-822
-832
-829
-777
-709
-639
-546
-439
-372
-356
-330
-235
-98
12
69
101
130
171
238
334
423
455
429
391
396
446
503
520
469
386
323
312
322
300
229
135
50
-18
-67
-100
-138
-203
-293
-375
-419
-419
-397
-400
-441
-489
-493
-442
-372
-326
-304
-285
-256
-209
-131
-32
44
70
77
116
192
269
319
341
346
344
354
385
419
424
394
361
351
350
339
319
300
280
257
232
216
216
235
271
289
275
277
347
450
505
502
514
593
689
732
739
755
752
683
612
648
748
726
516
283
209
258
246
101
-70
-182
-278
-414
-531
-565
-575
-667
-820
-929
-952
-950
-959
-963
-972
-1017
-1076
-1063
-965
-872
-859
-885
-874
-816
-740
-650
-551
-479
-458
-440
-367
-245
-128
-48
4
40
67
112
194
304
382
387
355
345
378
430
467
471
433
371
320
302
297
273
214
130
47
-25
-72
-103
-140
-211
-307
-384
-411
-403
-397
-416
-457
-495
-495
-445
-378
-334
-320
-306
-266
-202
-129
-53
21
70
90
117
189
284
344
348
341
358
389
407
420
435
425
381
339
343
366
358
314
273
255
244
235
242
259
263
256
267
309
361
409
456
496
528
572
647
724
767
783
781
743
678
671
766
843
737
482
293
298
371
327
156
-15
-137
-250
-363
-427
-447
-508
-649
-795
-862
-866
-865
-880
-900
-942
-1005
-1033
-969
-865
-815
-841
-870
-839
-759
-662
-568
-496
-462
-452
-412
-308
-173
-72
-24
5
41
92
162
258
352
397
385
371
407
481
532
523
481
448
439
441
426
383
313
234
164
113
74
28
-35
-118
-208
-281
-320
-330
-342
-376
-425
-461
-463
-432
-391
-356
-344
-340
-315
-247
-157
-83
-42
-17
23
86
160
231
283
310
320
336
370
412
436
434
416
393
377
381
387
371
329
290
279
270
239
211
225
249
231
186
196
276
354
369
358
385
453
530
595
653
712
765
785
743
672
669
784
906
862
631
402
349
431
460
342
144
-28
-150
-251
-326
-371
-434
-559
-721
-840
-881
-878
-883
-915
-976
-1055
-1105
-1076
-980
-904
-908
-959
-973
-915
-809
-701
-624
-593
-589
-559
-463
-326
-209
-143
-111
-76
-14
77
187
276
316
322
336
383
444
490
510
500
464
419
394
406
420
382
278
159
85
64
50
-3
-99
-215
-312
-363
-372
-380
-423
-496
-558
-575
-555
-515
-477
-459
-463
-463
-420
-326
-226
-166
-141
-110
-45
35
111
179
238
271
278
294
344
409
445
432
386
357
363
386
387
348
298
259
235
217
205
197
177
141
118
136
179
203
209
240
302
361
390
422
497
597
679
732
775
800
775
728
747
863
957
890
674
485
453
518
522
398
208
35
-94
-185
-241
-290
-382
-539
-698
-793
-816
-823
-850
-902
-976
-1051
-1083
-1039
-952
-905
-925
-965
-959
-895
-795
-695
-622
-592
-582
-540
-436
-299
-189
-123
-86
-50
15
117
236
327
362
371
397
448
499
541
576
591
561
499
454
460
485
466
383
269
174
119
93
62
0
-99
-208
-293
-330
-333
-345
-391
-464
-521
-523
-477
-425
-405
-414
-417
-386
-320
-233
-151
-99
-81
-55
6
96
184
241
268
277
286
317
377
431
441
402
355
347
370
381
353
306
270
251
231
203
182
175
173
160
138
127
155
214
261
271
278
336
440
526
554
560
606
723
868
954
919
793
712
800
999
1089
936
655
484
505
582
555
404
211
37
-101
-197
-248
-296
-397
-554
-711
-819
-863
-867
-866
-903
-996
-1101
-1134
-1069
-970
-923
-949
-993
-994
-927
-814
-699
-628
-611
-608
-558
-447
-310
-192
-120
-90
-67
-8
102
237
334
365
354
355
409
498
577
600
562
503
468
476
502
508
461
371
265
183
145
134
106
23
-104
-226
-292
-300
-297
-335
-423
-517
-561
-543
-499
-475
-487
-520
-529
-488
-404
-320
-270
-251
-241
-208
-133
-36
47
85
85
88
124
184
238
270
273
248
215
209
246
285
267
196
133
134
167
169
127
86
73
70
63
74
104
118
107
108
159
230
288
331
385
450
503
538
581
657
771
892
944
860
703
655
816
1035
1049
792
484
365
444
534
481
292
63
-129
-244
-288
-305
-369
-513
-698
-850
-927
-937
-913
-913
-989
-1125
-1223
-1203
-1085
-976
-958
-1014
-1070
-1049
-934
-774
-652
-614
-630
-613
-522
-374
-223
-115
-71
-64
-35
60
207
340
404
404
382
402
487
597
659
641
575
528
531
563
585
563
485
372
271
225
228
223
152
14
-134
-223
-234
-211
-227
-313
-435
-525
-531
-474
-421
-426
-484
-531
-516
-440
-349
-288
-275
-284
-274
-215
-119
-27
23
32
27
35
78
158
234
253
205
155
171
234
276
260
222
194
169
153
174
215
208
137
81
106
173
190
164
160
190
212
224
273
359
425
452
478
532
598
661
720
774
819
883
976
1023
932
774
749
921
1085
1009
718
465
413
479
491
380
193
-1
-164
-267
-318
-369
-472
-622
-763
-862
-923
-953
-960
-978
-1043
-1134
-1179
-1134
-1040
-970
-957
-973
-972
-919
-807
-671
-570
-527
-510
-463
-357
-215
-85
-3
35
62
121
224
343
437
483
495
499
528
587
656
700
694
645
597
582
600
610
574
490
394
321
278
243
192
112
13
-84
-156
-200
-231
-273
-335
-404
-457
-479
-475
-468
-473
-489
-506
-503
-470
-421
-384
-372
-363
-335
-286
-236
-192
-155
-131
-117
-97
-57
-9
27
44
48
48
51
71
108
136
136
116
106
116
136
153
169
173
153
134
149
193
227
227
217
227
251
277
318
373
414
424
435
483
562
615
631
650
695
731
729
743
817
890
835
656
535
605
761
770
551
270
130
147
184
122
-42
-242
-418
-532
-584
-612
-670
-780
-911
-1027
-1097
-1106
-1069
-1044
-1079
-1159
-1204
-1162
-1058
-958
-903
-894
-892
-851
-748
-601
-474
-408
-387
-355
-272
-145
-13
84
128
141
170
247
350
441
491
503
497
500
533
594
648
649
601
543
518
524
532
512
459
380
298
229
186
161
128
60
-44
-151
-212
-224
-229
-272
-356
-442
-485
-477
-449
-443
-477
-523
-543
-516
-460
-410
-393
-399
-399
-371
-312
-245
-198
-178
-164
-141
-103
-57
-11
30
56
59
56
77
127
177
194
181
167
174
205
244
270
270
256
249
263
292
328
351
348
331
322
350
399
431
433
429
441
464
484
508
538
568
582
580
580
601
630
636
615
600
616
632
583
477
401
413
453
408
261
102
23
6
-17
-92
-213
-340
-439
-499
-537
-585
-653
-725
-784
-826
-850
-854
-847
-844
-855
-863
-849
-801
-738
-677
-633
-596
-555
-495
-410
-316
-233
-174
-130
-79
-8
83
169
228
258
282
319
375
431
468
487
492
491
493
499
510
514
497
461
420
394
378
352
304
247
198
159
115
60
1
-45
-86
-133
-189
-241
-276
-296
-321
-358
-398
-421
-424
-419
-420
-426
-430
-424
-410
-387
-364
-343
-323
-298
-266
-234
-210
-180
-142
-101
-75
-59
-33
8
49
71
80
93
119
152
177
183
177
184
208
232
233
219
218
239
260
255
240
240
258
270
271
270
278
287
290
291
297
308
318
329
341
345
336
332
349
380
397
388
370
374
396
409
392
359
347
375
411
387
290
195
183
246
276
195
43
-70
-92
-68
-80
-162
-279
-376
-426
-443
-467
-513
-572
-623
-662
-684
-689
-679
-668
-670
-683
-684
-654
-600
-544
-502
-475
-453
-417
-354
-279
-209
-163
-136
-109
-66
-4
58
101
120
129
146
173
206
233
245
238
222
216
224
237
235
215
184
159
149
144
130
101
67
39
17
-6
-30
-51
-73
-99
-132
-162
-179
-181
-185
-202
-229
-253
-260
-247
-229
-224
-235
-250
-252
-232
-204
-182
-179
-187
-187
-172
-145
-122
-110
-111
-115
-110
-93
-70
-55
-50
-54
-53
-40
-19
-1
7
11
18
33
49
65
79
94
110
121
131
146
169
187
199
207
218
234
255
273
283
288
296
311
333
348
352
353
364
382
399
402
400
403
415
426
430
429
425
423
421
413
396
381
378
382
364
309
247
222
229
224
175
94
22
-21
-39
-61
-106
-174
-242
-292
-323
-349
-381
-418
-454
-486
-509
-517
-518
-519
-524
-527
-525
-511
-482
-446
-417
-398
-382
-355
-312
-259
-212
-177
-156
-131
-96
-51
-6
26
49
67
88
112
139
163
181
190
196
202
212
223
230
231
227
221
215
210
203
195
183
170
153
133
114
99
84
65
40
11
-11
-27
-41
-61
-87
-113
-131
-142
-151
-161
-176
-191
-203
-206
-204
-202
-204
-207
-207
-202
-194
-186
-177
-166
-158
-149
-139
-128
-114
-99
-87
-75
-64
-50
-34
-17
-1
11
24
39
56
76
94
106
119
135
154
174
191
203
215
230
247
261
274
287
300
310
317
326
335
344
349
352
352
352
354
355
354
347
336
327
322
317
309
292
273
255
242
229
209
183
159
142
125
94
53
17
-4
-17
-40
-85
-137
-176
-197
-208
-230
-271
-317
-349
-365
-372
-383
-404
-426
-441
-445
-440
-433
-429
-425
-421
-410
-391
-370
-346
-323
-303
-284
-262
-235
-204
-174
-150
-132
-113
-91
-65
-40
-22
-9
0
10
26
39
49
54
57
57
58
59
63
64
61
52
45
38
35
32
25
14
2
-8
-18
-26
-35
-44
-54
-65
-77
-90
-97
-102
-107
-115
-128
-136
-140
-139
-140
-142
-145
-147
-146
-141
-134
-129
-124
-121
-114
-104
-93
-81
-73
-64
-53
-42
-28
-17
-3
9
19
29
40
52
65
79
90
98
108
118
131
143
153
160
166
175
186
195
203
208
214
219
224
229
234
236
239
239
239
238
238
235
232
230
226
221
212
204
198
193
187
178
166
155
147
142
136
129
118
108
103
99
94
88
80
74
72
69
61
50
42
40
40
32
17
0
-10
-12
-16
-28
-46
-65
-77
-82
-87
-100
-115
-131
-140
-145
-149
-154
-161
-168
-174
-174
-171
-169
-166
-164
-161
-157
-150
-141
-132
-124
-115
-108
-100
-91
-79
-69
-61
-55
-50
-43
-35
-27
-21
-19
-17
-16
-11
-5
1
3
0
-2
-1
6
12
13
8
5
3
9
15
14
10
3
1
2
7
6
2
-5
-9
-10
-9
-8
-12
-17
-21
-22
-21
-22
-22
-24
-24
-26
-26
-25
-23
-20
-19
-19
-18
-15
-11
-8
-3
-2
-1
1
6
11
16
18
19
19
23
30
35
38
39
40
46
52
57
63
66
71
76
83
90
96
102
107
112
119
124
129
136
142
146
149
150
154
157
160
161
161
158
155
152
151
150
146
140
132
124
118
113
108
100
90
79
69
64
56
51
40
29
18
8
1
-4
-11
-23
-38
-52
-60
-64
-68
-80
-96
-111
-120
-123
-126
-134
-149
-163
-170
-171
-171
-174
-182
-190
-195
-194
-191
-186
-186
-189
-188
-185
-177
-169
-162
-158
-152
-148
-139
-128
-118
-108
-101
-97
-91
-84
-73
-64
-56
-53
-52
-50
-44
-36
-31
-29
-33
-36
-37
-33
-28
-27
-32
-40
-46
-45
-44
-42
-47
-55
-62
-65
-65
-62
-64
-69
-75
-79
-78
-73
-71
-71
-73
-75
-74
-70
-64
-61
-59
-59
-59
-55
-51
-45
-42
-41
-41
-39
-35
-29
-26
-23
-21
-20
-17
-12
-7
-2
1
3
7
12
18
23
28
33
37
42
47
52
58
64
68
72
76
81
85
91
94
97
100
103
107
111
114
115
116
118
120
122
123
123
122
121
121
122
122
118
114
111
108
107
103
99
91
86
82
78
74
68
61
55
51
49
46
42
37
33
31
29
31
31
31
30
29
29
32
34
37
38
35
35
36
38
41
41
38
33
30
31
33
32
26
19
12
11
12
10
5
-3
-11
-14
-15
-15
-18
-24
-30
-35
-35
-35
-34
-38
-43
-46
-48
-46
-44
-46
-49
-52
-54
-53
-52
-52
-53
-54
-56
-56
-56
-54
-53
-51
-52
-53
-52
-50
-46
-43
-42
-41
-41
-39
-34
-31
-29
-28
-28
-26
-25
-21
-19
-18
-19
-19
-18
-16
-15
-13
-13
-13
-13
-11
-9
-7
-5
-4
-3
-1
2
5
7
10
12
13
15
18
20
22
23
24
22
23
24
25
25
24
22
21
22
20
21
20
17
17
15
16
16
15
15
14
14
14
14
15
16
15
16
16
17
18
18
19
21
21
20
22
22
21
22
23
21
21
22
23
21
21
21
21
20
20
19
18
18
17
16
14
13
11
10
9
7
4
2
1
-1
-3
-5
-7
-10
-12
-13
-13
-15
-17
-19
-20
-20
-22
-22
-23
-24
-26
-26
-26
-27
-28
-29
-31
-32
-33
-33
-33
-34
-36
-38
-38
-39
-40
-41
-42
-45
-46
-47
-47
-48
-49
-50
-51
-52
-53
-54
-53
-54
-55
-54
-55
-55
-54
-52
-52
-52
-51
-50
-49
-49
-48
-47
-47
-45
-44
-43
-42
-40
-40
-39
-37
-35
-35
-33
-30
-30
-28
-27
-24
-23
-20
-19
-18
-16
-14
-12
-10
-8
-6
-4
-3
0
1
4
6
8
10
10
12
15
17
18
20
21
23
25
26
28
29
28
30
32
32
33
34
34
35
35
35
34
36
37
36
35
36
36
35
36
35
35
36
36
37
37
38
38
38
39
41
41
42
43
44
45
46
46
47
47
48
49
49
50
49
50
50
50
50
50
50
50
50
49
48
48
47
47
46
45
43
42
41
39
38
36
34
33
30
29
26
25
22
20
18
16
14
12
9
7
6
3
3
0
-1
-2
-3
-3
-5
-6
-7
-7
-7
-7
-8
-6
-7
-6
-6
-7
-7
-5
-5
-5
-5
-5
-5
-4
-5
-5
-5
-5
-6
-5
-6
-6
-6
-7
-8
-8
-9
-9
-10
-12
-12
-12
-13
-14
-16
-16
-17
-17
-18
-18
-20
-20
-20
-20
-21
-22
-21
-21
-21
-21
-21
-20
-20
-19
-18
-17
-16
-16
-15
-14
-13
-12
-10
-9
-9
-8
-7
-6
-4
-4
-2
-2
-2
-1
0
0
0
1
2
2
2
3
3
3
3
3
3
3
3
4
3
3
3
3
3
2
3
3
2
2
1
1
1
0
0
0
0
-1
-1
-1
-1
-1
-1
-1
0
-1
-1
0
1
2
1
2
2
2
5
6
5
6
7
9
9
9
10
12
12
12
13
14
13
13
14
13
14
13
13
12
12
11
11
10
9
9
8
6
5
4
3
2
1
0
-1
-2
-2
-3
-4
-5
-6
-7
-8
-9
-10
-9
-11
-11
-13
-13
-13
-14
-14
-14
-14
-16
-15
-15
-16
-15
-15
-15
-16
-15
-15
-14
-15
-14
-13
-13
-13
-12
-12
-10
-10
-9
-9
-8
-8
-7
-6
-5
-5
-4
-3
-4
-2
-2
-2
-1
0
-1
0
1
-1
0
1
1
1
1
1
2
1
1
2
1
1
0
0
0
-1
0
-1
-2
-2
-3
-4
-3
-5
-5
-6
-7
-7
-9
-8
-10
-11
-11
-12
-13
-13
-13
-13
-15
-14
-15
-15
-15
-15
-16
-15
-14
-15
-14
-13
-12
-12
-12
-11
-10
-8
-7
-6
-5
-4
-3
-2
-1
1
2
4
4
6
6
9
10
10
12
13
13
15
15
16
17
17
19
20
20
21
21
21
22
22
22
21
21
20
21
20
19
17
16
14
14
12
10
8
6
4
2
0
-2
-3
-6
-8
-9
-11
-13
-12
-14
-14
-16
-16
-16
-16
-16
-15
-14
-14
-12
-10
-9
-6
-4
-3
0
2
6
7
10
13
16
19
22
23
26
28
30
32
34
35
35
36
37
37
37
37
36
35
35
33
31
29
27
25
23
21
18
15
12
10
7
4
0
-1
-5
-8
-11
-13
-15
-17
-19
-21
-24
-26
-27
-29
-31
-31
-33
-34
-34
-35
-36
-36
-36
-36
-36
-35
-34
-32
-31
-30
-28
-26
-25
-22
-20
-18
-17
-15
-14
-12
-11
-12
-11
-11
-13
-13
-16
-19
-19
-24
-27
-31
-35
-39
-44
-49
-53
-58
-63
-67
-71
-75
-78
-81
-83
-84
-85
-85
-85
-84
-82
-79
-75
-70
-66
-61
-55
-47
-42
-35
-28
-21
-13
-7
0
6
13
16
22
26
30
33
36
38
39
40
40
41
40
39
38
36
35
31
30
28
25
23
21
19
16
15
14
13
12
10
10
10
9
10
9
11
11
13
14
16
16
18
20
22
24
26
28
30
33
36
37
40
44
45
47
50
51
53
55
57
57
57
57
57
56
54
52
50
47
44
39
35
30
26
20
13
8
2
-4
-9
-15
-20
-26
-30
-34
-39
-41
-44
-46
-47
-48
-48
-48
-46
-45
-44
-41
-40
-37
-34
-33
-29
-27
-24
-23
-20
-18
-17
-16
-15
-16
-14
-15
-14
-15
-16
-16
-18
-19
-20
-21
-22
-24
-24
-25
-26
-25
-25
-26
-24
-24
-23
-22
-21
-19
-17
-15
-12
-9
-6
-3
-1
3
6
9
13
17
21
25
28
33
37
41
44
48
50
53
57
60
62
65
65
67
68
68
69
69
69
68
68
66
65
63
63
60
58
56
53
51
49
46
44
41
40
36
35
32
30
29
26
24
22
19
17
15
13
11
9
6
4
2
0
-2
-3
-5
-6
-9
-8
-10
-12
-13
-13
-14
-14
-14
-14
-14
-15
-14
-14
-14
-14
-13
-14
-14
-14
-14
-15
-15
-16
-17
-19
-21
-22
-23
-25
-28
-30
-32
-35
-38
-40
-42
-44
-47
-50
-51
-53
-55
-56
-56
-57
-56
-57
-55
-54
-52
-49
-47
-43
-40
-35
-32
-27
-21
-16
-12
-6
-1
5
10
14
18
23
26
30
33
36
38
41
42
42
42
42
41
41
39
37
35
33
31
29
26
23
21
17
14
11
8
5
3
-1
-4
-7
-10
-13
-16
-19
-21
-24
-27
-29
-32
-34
-36
-39
-41
-41
-43
-43
-44
-44
-42
-43
-42
-39
-37
-35
-32
-29
-25
-23
-20
-16
-12
-9
-5
-3
0
2
4
5
7
7
8
8
8
6
5
3
1
-1
-4
-5
-7
-9
-12
-13
-14
-14
-15
-16
-15
-14
-12
-11
-8
-6
-3
0
4
7
10
12
14
17
19
20
20
22
21
19
18
16
14
10
7
4
1
-3
-5
-9
-13
-15
-16
-18
-18
-19
-18
-16
-14
-11
-8
-4
0
5
10
15
20
26
31
35
40
43
45
48
49
49
50
48
46
44
41
37
33
28
23
18
12
8
3
-2
-6
-10
-13
-16
-19
-20
-21
-22
-22
-22
-20
-19
-16
-14
-11
-8
-6
-2
2
3
6
8
11
13
14
15
16
17
16
16
15
15
13
11
9
7
5
3
1
0
-3
-4
-5
-6
-6
-7
-7
-5
-3
-2
0
2
4
7
10
13
17
19
22
26
28
31
34
36
37
38
40
40
40
40
40
39
38
36
35
34
32
30
28
27
25
24
22
21
18
16
16
13
12
10
9
0
0
0
0
0
0
0
0
0
0
0
0
0
0
0
0
0
0
0
0
0
0
0
0
0
0
0
0
0
0
0
0
0
0
0
0
0
0
0
0
0
0
0
0
0
0
0
0
0
0
0
0
0
0
0
0
0
0
0
0
0
0
0
0
0
0
0
0
0
0
0
0
0
0
0
0
0
0
0
0
0
0
0
0
0
0
0
0
0
0
0
0
0
0
0
0
0
0
0
0
0
0
0
0
0
0
0
0
0
0
0
0
0
0
0
0
0
0
0
0
0
0
0
0
0
0
0
0
0
0
0
0
0
0
0
0
0
0
0
0
0
0
0
0
0
0
0
0
0
0
0
0
0
0
0
0
0
0
0
0
0
0
0
0
0
0
0
0
0
0
0
0
0
0
0
0
0
0
0
0
0
0
0
0
0
0
0
0
0
0
0
0
0
0
0
0
0
0
