0
0
0
0
0
0
0
0
0
0
0
0
0
0
0
0
0
0
0
0
0
0
0
0
0
0
0
0
0
0
0
0
0
0
0
0
0
0
0
0
0
0
0
0
0
0
0
0
0
0
0
0
0
0
0
0
0
0
0
0
0
0
0
0
0
0
0
0
0
0
0
0
0
0
0
0
0
0
0
0
0
0
0
0
0
0
0
0
0
0
0
0
0
0
0
0
0
0
0
0
0
0
0
0
0
0
0
0
0
0
0
0
0
0
0
0
0
0
0
0
0
0
0
0
0
0
0
0
0
0
0
0
0
0
0
0
0
0
0
0
0
0
0
0
0
0
0
0
0
0
0
0
0
0
0
0
0
0
0
0
0
0
0
0
0
0
0
0
0
0
0
0
0
0
0
0
0
0
0
0
0
0
0
0
0
0
0
0
0
0
0
0
0
0
0
0
0
0
3
-8
-11
-4
9
22
26
21
5
-11
-22
-22
-15
-5
5
12
14
10
4
0
-6
-12
-19
-22
-21
-14
-1
12
24
26
21
10
-3
-12
-15
-8
2
10
14
12
7
1
-2
-2
-1
3
8
11
10
8
1
-5
-12
-18
-18
-14
-5
4
13
17
17
15
10
9
10
13
12
6
-6
-21
-33
-35
-23
-4
17
31
29
14
-7
-22
-26
-19
-2
12
15
1
-25
-51
-65
-56
-23
21
63
86
83
58
20
-17
-37
-39
-21
6
30
41
36
16
-10
-31
-40
-38
-25
-12
-4
-4
-14
-29
-41
-45
-34
-12
13
29
29
12
-13
-35
-40
-21
13
50
78
83
66
32
0
-21
-22
-6
16
31
28
7
-26
-58
-78
-77
-61
-34
-8
10
15
11
0
-12
-17
-17
-12
-5
2
4
6
6
5
7
13
21
30
36
37
31
18
4
-6
-8
-4
4
9
5
-8
-28
-44
-52
-50
-36
-16
4
16
15
3
-15
-29
-32
-20
4
30
46
48
38
18
-2
-18
-23
-15
1
21
37
41
33
15
-1
-12
-17
-15
-15
-18
-24
-32
-35
-30
-17
2
19
32
34
26
8
-10
-23
-30
-27
-22
-18
-19
-22
-25
-26
-20
-5
17
40
61
76
80
73
58
38
17
-1
-17
-28
-37
-38
-37
-31
-22
-10
-2
4
4
-3
-14
-25
-32
-29
-21
-9
3
11
16
17
19
23
31
37
40
36
24
7
-14
-30
-40
-36
-24
-7
11
24
30
28
21
10
3
-2
-7
-13
-23
-36
-50
-54
-47
-25
8
41
64
70
58
31
4
-16
-21
-13
-4
2
-1
-10
-22
-22
-7
18
46
68
74
61
35
7
-15
-26
-28
-23
-19
-23
-30
-40
-48
-51
-47
-36
-22
-9
-2
2
1
-3
-10
-14
-11
-1
16
40
61
75
80
77
66
53
42
32
25
17
8
-3
-15
-24
-29
-33
-34
-34
-37
-42
-47
-51
-54
-56
-55
-53
-51
-50
-49
-45
-39
-28
-13
9
37
68
97
120
130
127
112
92
73
58
47
36
19
-6
-36
-69
-94
-103
-97
-77
-54
-39
-36
-45
-60
-70
-71
-56
-30
-2
24
42
50
49
47
44
43
39
35
26
17
10
8
11
20
31
40
42
38
26
9
-9
-26
-42
-55
-69
-79
-86
-88
-84
-71
-51
-28
-1
24
46
62
71
71
63
46
24
0
-20
-33
-36
-29
-12
7
25
40
48
52
53
54
51
47
36
21
-1
-25
-46
-63
-72
-74
-70
-63
-52
-41
-28
-15
-5
-1
-1
-10
-21
-33
-39
-37
-30
-20
-10
0
11
27
50
79
110
138
151
149
130
100
67
39
15
-3
-21
-44
-67
-88
-101
-99
-80
-51
-18
4
13
7
-12
-34
-54
-67
-73
-77
-81
-84
-86
-79
-63
-35
1
38
69
90
99
96
84
70
53
37
22
8
-5
-16
-25
-32
-40
-51
-65
-80
-98
-112
-121
-125
-124
-121
-117
-115
-112
-110
-104
-95
-82
-67
-52
-34
-16
3
23
40
56
69
79
84
87
90
91
95
97
98
96
91
84
80
77
78
84
91
100
110
119
126
132
138
142
140
132
120
102
82
65
50
41
35
30
24
14
3
-11
-21
-26
-24
-16
-4
5
13
14
7
-6
-21
-39
-53
-65
-75
-81
-84
-85
-85
-82
-79
-73
-68
-62
-57
-51
-45
-40
-34
-30
-27
-25
-27
-28
-29
-27
-20
-12
-3
4
7
5
-1
-8
-14
-16
-12
-1
12
27
42
54
65
73
79
83
87
86
81
74
63
48
33
16
3
-6
-12
-14
-15
-14
-15
-15
-13
-10
-3
6
17
24
28
28
21
11
4
-2
-5
-7
-7
-11
-18
-24
-30
-30
-24
-12
2
15
27
32
30
23
15
4
-7
-17
-27
-37
-46
-55
-62
-65
-65
-62
-55
-48
-40
-35
-30
-30
-30
-32
-32
-32
-29
-24
-19
-11
-4
3
9
14
15
13
7
-1
-10
-19
-26
-29
-30
-32
-36
-46
-57
-72
-87
-101
-111
-119
-122
-124
-126
-129
-132
-133
-130
-123
-110
-92
-73
-55
-36
-20
-6
3
11
19
23
26
27
25
20
15
7
-2
-13
-22
-32
-40
-44
-45
-41
-32
-20
-5
10
23
31
35
31
22
6
-11
-29
-45
-56
-62
-61
-53
-36
-10
21
60
102
147
194
236
278
313
343
366
383
394
398
400
397
388
377
364
349
335
319
307
299
295
299
311
332
361
398
441
489
537
582
617
634
625
581
495
367
197
-10
-244
-497
-753
-1002
-1227
-1416
-1557
-1644
-1667
-1629
-1534
-1385
-1195
-979
-747
-517
-299
-108
49
170
252
298
312
303
276
244
210
186
173
176
194
224
259
293
316
324
307
262
182
69
-77
-254
-453
-664
-873
-1068
-1234
-1357
-1426
-1433
-1379
-1266
-1100
-890
-649
-394
-135
111
329
510
647
737
777
774
732
662
572
474
376
289
218
166
133
120
126
146
175
208
241
268
289
300
302
295
283
265
249
239
241
258
294
346
415
499
594
702
818
942
1067
1187
1300
1405
1498
1579
1648
1708
1762
1809
1839
1846
1819
1738
1593
1375
1086
731
319
-143
-635
-1141
-1643
-2116
-2536
-2877
-3122
-3259
-3288
-3207
-3018
-2737
-2383
-1978
-1543
-1102
-681
-296
45
338
574
747
864
937
977
994
1000
1006
1017
1030
1047
1071
1098
1124
1132
1110
1055
959
818
630
399
132
-165
-483
-805
-1108
-1375
-1592
-1747
-1835
-1845
-1779
-1639
-1431
-1167
-862
-538
-212
99
380
619
797
911
956
939
865
744
594
426
246
67
-99
-241
-353
-437
-494
-529
-543
-549
-547
-542
-536
-537
-547
-564
-582
-594
-602
-598
-584
-555
-512
-452
-374
-277
-169
-55
61
176
289
395
489
565
622
655
667
661
643
613
574
527
479
435
404
392
398
422
463
516
582
661
748
839
931
1023
1112
1203
1297
1397
1504
1614
1726
1838
1949
2048
2118
2139
2092
1956
1722
1395
980
491
-61
-657
-1271
-1874
-2433
-2919
-3304
-3566
-3699
-3705
-3585
-3344
-2997
-2572
-2098
-1600
-1107
-646
-235
116
407
630
782
871
915
928
923
915
917
932
963
1007
1064
1130
1192
1233
1235
1191
1093
937
720
451
136
-214
-583
-950
-1291
-1584
-1817
-1977
-2056
-2045
-1945
-1765
-1513
-1203
-858
-501
-155
163
438
652
796
867
868
807
692
543
373
198
28
-123
-247
-338
-395
-427
-439
-435
-425
-415
-413
-420
-440
-477
-526
-585
-642
-694
-733
-759
-760
-735
-682
-603
-495
-364
-218
-62
97
254
406
544
664
766
844
898
929
940
931
909
874
834
793
755
728
714
719
745
794
862
949
1051
1166
1296
1439
1593
1750
1907
2059
2199
2317
2402
2435
2390
2248
1997
1641
1193
665
74
-562
-1217
-1861
-2461
-2980
-3385
-3659
-3797
-3806
-3687
-3443
-3092
-2654
-2162
-1648
-1149
-688
-279
73
368
596
753
845
890
912
925
942
974
1019
1072
1135
1208
1290
1363
1410
1406
1341
1214
1025
775
473
129
-255
-658
-1051
-1408
-1706
-1932
-2077
-2134
-2099
-1968
-1748
-1452
-1099
-718
-334
32
362
642
855
988
1040
1014
922
780
603
410
207
8
-173
-325
-439
-515
-557
-574
-572
-556
-533
-507
-485
-473
-478
-499
-532
-572
-613
-652
-685
-705
-709
-683
-630
-544
-428
-286
-122
53
239
427
604
763
895
993
1058
1081
1067
1021
951
866
773
687
613
560
532
536
576
654
759
889
1036
1194
1366
1549
1736
1918
2089
2243
2375
2478
2541
2547
2472
2292
1997
1601
1114
557
-59
-712
-1378
-2027
-2625
-3136
-3529
-3789
-3918
-3925
-3810
-3573
-3229
-2803
-2327
-1829
-1342
-891
-487
-126
185
435
614
736
820
887
949
1014
1088
1167
1245
1322
1404
1486
1548
1563
1516
1404
1227
990
695
351
-35
-451
-878
-1280
-1628
-1904
-2103
-2222
-2252
-2188
-2030
-1786
-1471
-1108
-728
-353
2
333
619
844
990
1054
1041
966
845
692
513
316
111
-85
-255
-385
-475
-536
-575
-597
-602
-592
-574
-558
-557
-580
-623
-678
-730
-773
-810
-842
-861
-860
-824
-750
-637
-496
-337
-167
14
207
404
587
745
861
936
975
984
969
922
845
744
637
544
479
444
437
456
502
582
698
849
1019
1190
1345
1487
1624
1766
1906
2035
2147
2244
2327
2397
2449
2466
2413
2254
1978
1596
1131
595
-12
-673
-1366
-2055
-2703
-3263
-3693
-3980
-4133
-4164
-4060
-3812
-3429
-2950
-2413
-1853
-1302
-790
-330
88
455
746
945
1060
1130
1179
1217
1252
1288
1325
1360
1396
1447
1513
1570
1576
1518
1395
1216
980
686
338
-56
-489
-937
-1361
-1720
-1998
-2200
-2322
-2353
-2277
-2091
-1811
-1459
-1060
-651
-255
116
458
755
977
1106
1138
1097
1000
865
703
525
335
141
-39
-182
-277
-336
-385
-431
-473
-506
-535
-564
-601
-652
-726
-817
-899
-954
-978
-987
-983
-953
-890
-790
-656
-491
-308
-128
44
212
388
561
709
819
895
941
963
965
954
925
871
796
720
667
640
631
631
646
682
745
836
954
1089
1217
1329
1437
1564
1714
1870
2013
2146
2277
2397
2498
2571
2594
2522
2311
1960
1512
988
380
-312
-1054
-1799
-2516
-3170
-3702
-4065
-4262
-4334
-4286
-4083
-3712
-3221
-2670
-2092
-1503
-951
-472
-61
314
635
855
961
1007
1049
1095
1135
1179
1246
1329
1403
1475
1573
1685
1751
1721
1603
1422
1179
861
472
38
-431
-930
-1420
-1842
-2159
-2376
-2512
-2557
-2488
-2293
-1996
-1624
-1200
-753
-325
62
409
721
972
1122
1161
1116
1021
888
725
548
373
197
23
-126
-219
-263
-295
-347
-413
-476
-542
-626
-724
-828
-947
-1090
-1233
-1329
-1359
-1347
-1316
-1256
-1144
-982
-790
-571
-329
-90
114
278
432
591
730
813
848
857
852
827
796
773
752
709
640
582
571
594
615
631
659
708
770
841
938
1057
1164
1233
1293
1394
1545
1708
1855
2003
2179
2355
2501
2620
2704
2703
2533
2185
1729
1210
597
-141
-954
-1758
-2518
-3232
-3840
-4249
-4445
-4506
-4473
-4282
-3877
-3321
-2731
-2143
-1531
-927
-418
-24
328
663
902
985
985
1015
1089
1148
1185
1262
1396
1522
1611
1712
1852
1959
1933
1778
1560
1302
958
509
8
-497
-1013
-1533
-1992
-2313
-2498
-2596
-2621
-2524
-2277
-1923
-1519
-1084
-620
-171
212
525
798
1029
1163
1168
1086
978
857
700
524
363
222
74
-72
-169
-202
-222
-282
-372
-446
-508
-591
-701
-805
-902
-1025
-1165
-1262
-1282
-1251
-1217
-1167
-1061
-895
-700
-489
-249
4
227
403
563
737
891
983
1009
1004
984
939
876
815
759
687
594
522
511
548
593
632
691
780
885
999
1129
1273
1386
1449
1507
1615
1771
1915
2037
2173
2336
2490
2603
2693
2748
2676
2397
1951
1439
873
185
-631
-1480
-2272
-3023
-3718
-4248
-4524
-4602
-4598
-4490
-4162
-3610
-2972
-2359
-1740
-1089
-500
-62
289
648
970
1127
1127
1122
1199
1289
1331
1380
1506
1655
1741
1797
1907
2036
2042
1870
1604
1316
968
502
-36
-569
-1091
-1625
-2127
-2484
-2660
-2725
-2736
-2648
-2404
-2028
-1599
-1150
-676
-205
197
505
762
995
1161
1198
1126
1012
904
788
648
516
410
309
190
83
30
7
-55
-194
-365
-528
-697
-893
-1100
-1285
-1452
-1618
-1751
-1786
-1711
-1580
-1435
-1257
-1010
-714
-416
-125
161
415
598
709
798
891
946
929
863
798
744
691
644
626
624
603
562
549
587
648
686
698
716
752
789
832
900
990
1065
1106
1159
1284
1479
1685
1872
2077
2320
2565
2762
2912
3014
2996
2762
2312
1753
1139
415
-456
-1394
-2270
-3057
-3774
-4360
-4699
-4782
-4734
-4609
-4316
-3781
-3107
-2461
-1871
-1265
-667
-191
135
421
721
935
983
970
1050
1217
1360
1461
1612
1833
2025
2128
2207
2309
2332
2163
1825
1436
1025
522
-87
-710
-1273
-1794
-2281
-2659
-2845
-2860
-2791
-2663
-2416
-2024
-1559
-1101
-663
-232
160
459
669
848
1005
1086
1060
975
909
875
831
759
687
622
530
393
249
128
-12
-228
-509
-784
-1015
-1227
-1431
-1597
-1702
-1762
-1787
-1742
-1590
-1367
-1141
-933
-704
-440
-174
60
267
452
590
668
721
794
873
915
903
876
868
870
863
854
840
800
722
639
596
591
583
550
522
528
571
642
750
893
1036
1151
1267
1443
1686
1942
2160
2364
2591
2812
2978
3085
3146
3095
2825
2328
1719
1074
343
-534
-1487
-2370
-3138
-3833
-4404
-4726
-4773
-4682
-4543
-4260
-3726
-3034
-2385
-1821
-1246
-654
-177
139
419
741
1001
1087
1094
1207
1438
1642
1769
1921
2147
2337
2404
2416
2446
2409
2158
1713
1222
746
210
-429
-1076
-1631
-2105
-2534
-2855
-2973
-2902
-2753
-2575
-2308
-1902
-1424
-969
-560
-174
178
444
621
773
922
1019
1018
956
914
919
928
908
877
845
783
662
515
369
195
-69
-427
-805
-1143
-1450
-1738
-1984
-2148
-2228
-2240
-2157
-1938
-1610
-1255
-921
-587
-233
107
386
595
747
829
827
777
742
735
712
654
600
593
629
675
727
792
840
829
772
722
696
652
560
445
359
320
316
355
461
627
804
972
1180
1475
1829
2159
2438
2706
2987
3231
3370
3416
3393
3234
2834
2200
1467
719
-106
-1074
-2081
-2957
-3671
-4295
-4801
-5043
-4989
-4792
-4576
-4239
-3662
-2942
-2304
-1787
-1258
-688
-222
66
317
656
979
1143
1228
1435
1779
2080
2258
2430
2667
2842
2827
2694
2561
2365
1952
1326
674
90
-510
-1189
-1840
-2334
-2689
-2982
-3178
-3169
-2961
-2687
-2427
-2118
-1699
-1228
-813
-473
-154
149
389
556
718
920
1114
1233
1293
1371
1483
1568
1569
1492
1360
1148
829
437
33
-378
-834
-1332
-1793
-2135
-2360
-2500
-2553
-2496
-2334
-2107
-1825
-1471
-1065
-683
-378
-131
99
306
459
558
627
678
702
717
771
873
972
1029
1060
1093
1123
1120
1074
996
873
691
475
282
141
35
-64
-136
-134
-45
113
330
607
922
1222
1484
1747
2058
2384
2651
2845
3028
3225
3377
3431
3417
3348
3132
2662
1980
1241
493
-374
-1397
-2420
-3278
-3991
-4641
-5144
-5326
-5214
-5012
-4787
-4373
-3675
-2882
-2218
-1649
-1016
-357
138
455
786
1201
1528
1650
1733
1983
2325
2551
2644
2769
2947
3001
2847
2619
2415
2105
1538
804
113
-491
-1125
-1820
-2429
-2852
-3141
-3362
-3443
-3294
-2974
-2631
-2313
-1932
-1443
-934
-504
-145
195
507
745
930
1138
1380
1577
1673
1713
1772
1845
1854
1755
1567
1306
943
480
-15
-489
-956
-1463
-1978
-2396
-2649
-2764
-2786
-2706
-2509
-2231
-1914
-1556
-1132
-685
-312
-52
147
337
510
630
708
772
821
847
878
962
1087
1183
1203
1176
1140
1091
1000
865
699
493
244
-7
-195
-294
-336
-358
-340
-239
-39
235
561
923
1288
1604
1860
2110
2397
2690
2910
3056
3200
3371
3513
3570
3563
3497
3253
2718
1952
1133
311
-646
-1787
-2924
-3856
-4605
-5269
-5750
-5864
-5644
-5334
-5016
-4494
-3660
-2728
-1970
-1355
-695
-20
465
752
1061
1476
1798
1892
1951
2216
2603
2864
2967
3086
3239
3233
2977
2631
2305
1862
1136
230
-604
-1295
-1969
-2661
-3228
-3561
-3729
-3811
-3740
-3425
-2941
-2465
-2062
-1639
-1135
-627
-214
108
409
694
919
1102
1330
1630
1909
2076
2162
2250
2345
2349
2193
1901
1503
973
300
-430
-1116
-1746
-2378
-2988
-3440
-3643
-3631
-3479
-3197
-2763
-2231
-1690
-1165
-619
-85
324
542
638
702
753
754
725
719
754
805
881
1025
1232
1422
1507
1495
1429
1321
1136
865
538
181
-194
-555
-828
-958
-956
-877
-736
-496
-127
341
850
1350
1815
2203
2492
2719
2933
3130
3258
3318
3375
3468
3553
3594
3609
3560
3297
2706
1886
1021
125
-949
-2205
-3414
-4395
-5208
-5924
-6381
-6383
-6034
-5626
-5201
-4521
-3505
-2437
-1592
-888
-145
550
984
1215
1523
1951
2237
2269
2302
2581
2974
3213
3302
3422
3545
3430
3017
2522
2072
1488
594
-468
-1411
-2160
-2847
-3494
-3947
-4124
-4131
-4062
-3833
-3347
-2700
-2098
-1615
-1162
-667
-196
175
474
768
1050
1269
1454
1698
2030
2342
2517
2561
2550
2492
2314
1969
1500
947
288
-478
-1247
-1885
-2378
-2802
-3165
-3373
-3354
-3159
-2876
-2520
-2075
-1594
-1167
-804
-438
-52
264
447
549
666
810
941
1053
1182
1317
1409
1440
1460
1489
1466
1320
1069
784
504
218
-71
-328
-540
-713
-845
-885
-789
-579
-328
-83
175
480
839
1224
1602
1948
2220
2407
2554
2732
2952
3150
3287
3413
3580
3745
3823
3825
3772
3549
2950
1961
832
-229
-1313
-2581
-3908
-4974
-5693
-6234
-6627
-6620
-6094
-5351
-4726
-4124
-3237
-2119
-1167
-553
-38
549
1011
1182
1300
1681
2212
2533
2620
2826
3294
3736
3884
3853
3818
3638
3072
2208
1370
634
-231
-1326
-2391
-3151
-3638
-4016
-4258
-4219
-3924
-3580
-3263
-2843
-2239
-1606
-1150
-870
-603
-278
33
289
571
950
1365
1714
2020
2377
2767
3027
3032
2831
2531
2126
1549
818
53
-694
-1455
-2207
-2813
-3154
-3281
-3313
-3268
-3066
-2707
-2295
-1899
-1502
-1088
-729
-491
-319
-110
144
363
517
673
885
1125
1336
1512
1673
1774
1752
1603
1392
1157
872
513
125
-229
-516
-749
-918
-992
-964
-871
-739
-549
-278
41
344
612
885
1197
1521
1815
2077
2327
2564
2773
2959
3149
3354
3564
3766
3930
4018
4006
3899
3633
3077
2152
977
-239
-1438
-2697
-3987
-5080
-5818
-6289
-6605
-6641
-6214
-5438
-4650
-3968
-3205
-2258
-1342
-691
-212
300
803
1109
1273
1598
2175
2739
3087
3358
3754
4169
4336
4217
3974
3623
2974
1979
881
-92
-990
-1945
-2880
-3577
-3967
-4159
-4216
-4065
-3689
-3235
-2850
-2509
-2106
-1644
-1241
-957
-723
-441
-105
262
683
1209
1819
2419
2923
3325
3651
3857
3838
3528
2962
2216
1322
302
-764
-1766
-2634
-3354
-3898
-4191
-4195
-3954
-3562
-3078
-2528
-1964
-1458
-1036
-680
-391
-195
-93
-25
86
263
495
769
1090
1439
1768
2036
2227
2323
2285
2078
1713
1243
725
193
-316
-759
-1104
-1348
-1493
-1521
-1416
-1187
-880
-538
-188
157
491
818
1155
1504
1843
2148
2409
2644
2885
3148
3417
3653
3851
4045
4258
4442
4520
4490
4352
3984
3190
1953
536
-812
-2117
-3526
-4930
-6009
-6633
-6982
-7171
-6996
-6287
-5300
-4442
-3753
-2940
-1928
-1037
-488
-88
404
889
1174
1406
1924
2720
3428
3852
4197
4640
4990
4977
4628
4131
3466
2452
1138
-157
-1218
-2135
-3032
-3806
-4268
-4413
-4372
-4199
-3849
-3364
-2912
-2596
-2351
-2063
-1732
-1420
-1137
-824
-428
61
651
1353
2136
2909
3563
4027
4277
4309
4104
3646
2941
2033
999
-68
-1080
-1959
-2651
-3142
-3453
-3601
-3584
-3417
-3139
-2811
-2486
-2199
-1962
-1765
-1578
-1356
-1079
-754
-392
4
441
912
1389
1829
2178
2392
2451
2357
2138
1815
1412
957
481
11
-422
-773
-1014
-1150
-1217
-1243
-1227
-1170
-1085
-977
-835
-644
-404
-130
186
551
954
1374
1801
2235
2651
3002
3261
3435
3545
3594
3575
3499
3394
3310
3279
3281
3260
3184
3046
2767
2171
1151
-136
-1410
-2573
-3749
-4966
-5977
-6552
-6760
-6791
-6592
-5939
-4878
-3791
-2936
-2159
-1251
-338
299
663
1004
1411
1719
1886
2149
2691
3340
3798
4024
4186
4313
4221
3798
3140
2348
1389
217
-1026
-2106
-2916
-3517
-3965
-4227
-4250
-4050
-3694
-3250
-2779
-2325
-1940
-1654
-1445
-1243
-974
-620
-225
194
681
1280
1962
2647
3278
3814
4173
4259
4047
3609
3002
2217
1240
156
-899
-1838
-2641
-3287
-3716
-3910
-3923
-3818
-3613
-3289
-2867
-2423
-2023
-1676
-1350
-1025
-698
-367
-12
379
781
1147
1469
1770
2048
2255
2332
2271
2101
1849
1515
1115
693
285
-114
-510
-873
-1152
-1327
-1426
-1472
-1468
-1410
-1294
-1122
-876
-544
-133
316
767
1206
1647
2096
2535
2914
3193
3378
3495
3565
3596
3594
3563
3514
3458
3422
3432
3490
3560
3545
3278
2574
1400
-48
-1491
-2813
-4071
-5274
-6244
-6816
-7017
-6946
-6557
-5725
-4554
-3393
-2487
-1756
-1022
-307
229
570
859
1174
1455
1702
2089
2747
3548
4213
4592
4732
4694
4438
3898
3094
2097
948
-316
-1587
-2687
-3465
-3897
-4070
-4083
-3967
-3713
-3340
-2917
-2523
-2188
-1925
-1749
-1661
-1578
-1364
-932
-330
342
1042
1784
2562
3301
3916
4354
4575
4510
4119
3452
2653
1839
1021
155
-761
-1640
-2375
-2924
-3311
-3553
-3664
-3678
-3660
-3640
-3556
-3325
-2930
-2449
-1958
-1459
-928
-363
207
767
1291
1733
2019
2126
2112
2057
1986
1869
1677
1412
1121
838
583
357
138
-108
-413
-773
-1142
-1461
-1686
-1810
-1838
-1784
-1642
-1389
-1009
-511
63
666
1253
1773
2192
2513
2767
2978
3128
3186
3154
3085
3041
3052
3094
3120
3122
3136
3191
3274
3347
3392
3350
3025
2164
744
-914
-2408
-3631
-4725
-5737
-6461
-6717
-6611
-6327
-5816
-4885
-3619
-2435
-1648
-1168
-724
-259
91
315
586
989
1416
1776
2199
2863
3706
4437
4795
4747
4389
3795
2985
1990
882
-255
-1349
-2344
-3159
-3688
-3862
-3721
-3429
-3139
-2886
-2629
-2371
-2188
-2117
-2073
-1961
-1789
-1598
-1332
-847
-87
829
1722
2509
3198
3770
4150
4272
4146
3804
3259
2523
1676
862
178
-396
-936
-1474
-1978
-2405
-2758
-3069
-3340
-3550
-3681
-3740
-3710
-3534
-3160
-2590
-1889
-1138
-402
284
887
1369
1711
1915
1990
1938
1771
1537
1314
1170
1105
1061
988
870
720
536
295
-10
-373
-780
-1210
-1622
-1935
-2073
-2009
-1784
-1442
-1009
-504
40
576
1070
1510
1883
2161
2324
2401
2450
2522
2622
2729
2829
2917
2996
3051
3076
3067
3030
2977
2921
2870
2837
2819
2730
2363
1532
260
-1164
-2441
-3499
-4424
-5209
-5703
-5830
-5714
-5478
-5045
-4268
-3221
-2208
-1466
-971
-585
-259
-21
184
485
930
1434
1899
2340
2836
3391
3899
4193
4158
3794
3178
2394
1476
461
-552
-1435
-2119
-2618
-2950
-3081
-3003
-2798
-2590
-2425
-2268
-2104
-1994
-1983
-2018
-1987
-1817
-1517
-1100
-546
158
962
1758
2444
2983
3369
3595
3636
3472
3122
2630
2042
1410
803
294
-86
-395
-743
-1196
-1737
-2290
-2790
-3211
-3544
-3765
-3845
-3760
-3503
-3077
-2481
-1739
-918
-117
560
1057
1358
1484
1472
1368
1234
1119
1035
978
948
965
1031
1114
1150
1088
903
604
213
-250
-744
-1215
-1596
-1837
-1914
-1830
-1602
-1258
-837
-381
75
504
892
1223
1482
1662
1779
1874
1984
2122
2278
2448
2629
2803
2943
3023
3034
2991
2921
2845
2786
2755
2763
2811
2806
2551
1861
738
-595
-1892
-3052
-4073
-4882
-5338
-5418
-5280
-5079
-4790
-4281
-3540
-2720
-1989
-1397
-926
-597
-433
-371
-250
67
604
1282
1983
2629
3191
3624
3852
3811
3524
3084
2557
1917
1114
190
-709
-1442
-1949
-2231
-2298
-2180
-1985
-1857
-1872
-2006
-2172
-2305
-2385
-2412
-2374
-2247
-2014
-1671
-1219
-649
49
842
1646
2329
2793
3011
3010
2840
2555
2220
1898
1621
1377
1130
849
519
138
-286
-742
-1220
-1703
-2174
-2616
-3008
-3331
-3524
-3524
-3287
-2829
-2220
-1550
-903
-345
84
371
541
634
689
730
764
802
860
945
1047
1151
1240
1299
1308
1233
1044
734
332
-111
-544
-919
-1194
-1336
-1339
-1221
-1022
-784
-538
-296
-66
152
366
575
774
957
1119
1267
1418
1584
1774
1974
2161
2307
2390
2401
2351
2257
2142
2024
1930
1888
1926
2051
2241
2431
2506
2318
1768
875
-240
-1419
-2540
-3487
-4141
-4412
-4322
-3997
-3572
-3121
-2678
-2275
-1956
-1717
-1522
-1338
-1164
-1023
-913
-790
-588
-236
288
958
1700
2424
3017
3355
3348
2997
2408
1717
1036
427
-63
-395
-570
-630
-635
-626
-613
-605
-621
-689
-822
-1020
-1273
-1565
-1865
-2116
-2244
-2170
-1868
-1361
-721
-35
608
1130
1475
1624
1609
1483
1309
1132
980
870
810
798
821
861
895
902
858
731
479
77
-462
-1081
-1706
-2259
-2662
-2838
-2744
-2387
-1834
-1185
-539
23
441
681
740
643
442
189
-55
-241
-331
-304
-169
41
286
525
725
859
903
844
688
464
216
-21
-217
-354
-407
-372
-256
-85
110
299
451
539
550
487
386
286
221
211
255
342
456
582
696
776
812
800
747
660
547
431
342
307
340
433
570
737
918
1098
1259
1388
1471
1494
1425
1235
916
495
19
-464
-902
-1244
-1445
-1485
-1389
-1214
-1025
-881
-825
-884
-1054
-1303
-1566
-1780
-1890
-1866
-1705
-1417
-1031
-588
-143
249
555
756
854
859
787
664
520
384
274
203
181
212
293
403
512
587
606
553
423
216
-43
-323
-582
-781
-892
-903
-813
-640
-421
-200
-17
104
153
139
82
0
-81
-145
-174
-162
-112
-27
81
196
293
341
325
237
91
-98
-310
-516
-680
-775
-790
-727
-606
-448
-281
-137
-37
9
2
-46
-118
-199
-273
-325
-341
-314
-248
-151
-44
53
118
143
123
68
-2
-67
-117
-146
-155
-140
-99
-34
46
133
209
263
285
272
232
180
135
106
102
129
192
290
405
514
594
632
623
580
520
462
420
398
398
413
445
488
550
627
710
792
860
910
939
953
951
947
959
997
1070
1173
1272
1318
1259
1058
707
236
-308
-853
-1330
-1678
-1871
-1914
-1846
-1716
-1575
-1457
-1384
-1358
-1362
-1369
-1353
-1295
-1191
-1041
-847
-615
-347
-50
272
604
923
1194
1378
1447
1396
1243
1022
777
550
377
273
236
241
259
259
212
108
-53
-258
-478
-688
-863
-989
-1065
-1088
-1060
-982
-851
-672
-461
-232
-12
173
301
368
381
362
336
330
357
418
492
552
571
529
427
275
92
-103
-290
-453
-590
-703
-798
-878
-930
-943
-906
-823
-709
-582
-465
-374
-321
-297
-284
-263
-218
-147
-54
56
171
275
356
406
429
431
416
385
339
282
219
157
99
55
32
37
60
91
120
139
143
135
128
134
167
228
309
402
496
582
656
714
758
790
805
805
794
785
785
798
829
882
961
1058
1154
1230
1283
1319
1348
1382
1433
1507
1573
1566
1412
1058
512
-167
-896
-1579
-2118
-2440
-2523
-2411
-2192
-1957
-1772
-1661
-1623
-1634
-1647
-1618
-1520
-1362
-1173
-972
-755
-505
-202
161
578
1018
1430
1740
1886
1833
1601
1256
881
555
326
212
195
229
258
237
139
-26
-238
-471
-702
-915
-1105
-1267
-1401
-1502
-1543
-1501
-1351
-1093
-752
-377
-23
258
440
517
510
466
434
452
533
660
805
932
1009
1013
935
785
583
348
94
-178
-466
-763
-1056
-1323
-1549
-1704
-1763
-1711
-1557
-1329
-1069
-811
-585
-406
-278
-190
-127
-67
0
73
143
206
261
300
328
345
360
380
403
416
403
356
271
158
32
-87
-175
-219
-218
-187
-146
-111
-91
-77
-59
-23
45
151
286
436
578
694
779
829
854
866
871
868
850
816
767
712
670
656
687
762
864
957
1015
1025
1000
966
954
996
1100
1244
1356
1349
1153
751
184
-472
-1117
-1646
-1971
-2054
-1930
-1681
-1409
-1192
-1074
-1062
-1136
-1246
-1327
-1336
-1261
-1125
-952
-756
-535
-290
-19
278
595
906
1168
1326
1345
1218
978
680
383
144
5
-20
52
177
298
364
345
238
53
-181
-424
-637
-790
-874
-891
-851
-762
-629
-464
-277
-84
101
258
371
421
408
338
237
136
60
31
57
136
246
356
439
470
442
353
216
44
-146
-333
-495
-620
-698
-724
-692
-604
-471
-313
-158
-29
57
90
72
13
-61
-131
-177
-191
-171
-122
-52
30
105
159
183
175
142
90
24
-38
-81
-95
-73
-23
49
127
202
253
272
256
216
167
121
90
77
90
128
185
249
308
355
380
373
332
262
174
85
10
-42
-66
-59
-28
18
69
120
163
197
221
236
243
242
232
219
206
201
210
231
269
324
390
457
515
559
587
591
562
495
389
249
88
-82
-240
-371
-452
-480
-459
-402
-330
-264
-225
-229
-279
-369
-481
-591
-677
-724
-716
-651
-536
-389
-234
-94
13
77
94
71
19
-44
-101
-142
-160
-151
-119
-66
-4
62
120
161
179
167
126
61
-20
-104
-173
-213
-216
-181
-113
-28
58
130
172
179
150
96
26
-44
-103
-141
-151
-133
-91
-36
24
79
119
134
121
78
14
-65
-148
-224
-275
-296
-279
-230
-159
-77
1
55
77
61
12
-62
-143
-218
-273
-299
-293
-256
-200
-132
-68
-15
18
29
21
-5
-41
-78
-110
-123
-115
-83
-31
34
101
155
188
197
184
154
113
71
39
27
34
58
96
140
182
213
226
217
189
150
108
73
49
43
54
79
109
140
167
189
200
203
198
185
169
149
128
108
94
89
97
115
140
165
187
200
200
189
169
145
125
110
103
106
118
141
172
209
245
273
288
281
246
182
92
-16
-129
-230
-311
-362
-381
-374
-348
-319
-294
-285
-292
-318
-353
-392
-423
-439
-435
-409
-365
-301
-227
-151
-79
-19
26
53
65
62
50
36
25
22
30
49
78
109
136
154
159
148
124
87
44
0
-41
-70
-90
-96
-86
-63
-35
-8
11
19
10
-16
-54
-98
-142
-179
-206
-223
-227
-220
-205
-184
-157
-128
-99
-74
-60
-60
-73
-98
-128
-155
-172
-173
-156
-121
-75
-27
15
49
70
81
84
81
76
74
75
80
87
97
105
109
102
88
69
49
34
25
24
30
42
55
68
77
85
94
104
116
130
147
164
180
191
197
199
201
202
207
215
225
234
242
244
240
230
216
201
183
167
155
146
144
148
155
165
175
182
187
190
192
191
194
197
201
203
204
206
213
227
244
262
273
265
229
156
53
-72
-201
-312
-386
-416
-401
-349
-280
-215
-171
-156
-172
-212
-262
-312
-348
-364
-358
-334
-294
-243
-184
-120
-58
-6
34
57
58
37
4
-34
-67
-86
-86
-67
-33
8
44
69
77
69
45
13
-22
-53
-78
-92
-94
-88
-75
-55
-31
-9
9
18
17
1
-27
-62
-102
-137
-164
-179
-183
-177
-169
-160
-156
-157
-161
-167
-171
-170
-165
-152
-137
-120
-101
-83
-64
-48
-35
-25
-16
-12
-9
-7
-4
0
6
14
24
34
43
46
45
39
29
19
7
-6
-16
-24
-29
-32
-33
-30
-24
-17
-5
7
21
36
50
62
68
67
62
56
52
54
61
77
97
114
126
129
127
116
103
87
72
59
49
42
38
39
45
57
71
84
90
90
79
63
45
30
25
31
48
69
91
110
122
128
127
123
120
117
119
124
129
135
142
150
159
166
171
170
165
149
118
77
29
-25
-78
-124
-161
-186
-199
-205
-205
-205
-206
-214
-228
-246
-266
-286
-302
-312
-315
-310
-296
-274
-244
-210
-171
-133
-98
-69
-47
-30
-16
-4
12
32
56
83
110
132
150
160
163
157
143
124
99
73
46
22
5
-5
-7
-2
9
24
35
42
40
31
16
-2
-17
-28
-34
-34
-27
-18
-6
3
8
10
7
2
-7
-12
-12
-5
8
23
37
50
55
54
47
34
21
9
-2
-12
-19
-23
-26
-29
-33
-41
-54
-75
-101
-129
-159
-185
-205
-218
-225
-226
-223
-218
-215
-210
-203
-194
-184
-172
-158
-140
-120
-96
-68
-34
0
38
73
102
125
142
157
169
184
201
220
238
253
261
262
256
245
231
217
206
198
195
192
190
188
185
180
172
163
153
144
135
126
120
115
109
104
99
95
93
91
94
96
98
101
102
103
103
103
105
107
110
110
109
104
96
87
77
68
59
48
36
19
-3
-29
-60
-93
-126
-154
-174
-187
-191
-186
-178
-165
-155
-146
-141
-139
-142
-148
-154
-158
-158
-151
-139
-123
-101
-77
-53
-35
-22
-16
-15
-21
-31
-41
-50
-58
-63
-65
-65
-66
-69
-73
-82
-94
-112
-133
-160
-189
-219
-245
-263
-267
-256
-230
-194
-153
-114
-83
-65
-58
-61
-68
-77
-82
-81
-72
-57
-36
-12
11
34
51
64
69
66
54
39
23
5
-4
-6
-3
11
25
37
42
39
27
9
-12
-28
-34
-28
-10
18
48
80
106
123
127
121
108
93
79
69
66
71
84
100
120
138
156
172
184
190
188
179
162
144
130
121
123
138
162
190
212
226
231
224
208
186
163
139
119
105
96
96
104
117
128
136
135
124
106
85
66
50
44
48
60
77
94
108
117
118
113
101
91
80
72
64
54
43
31
17
0
-17
-35
-56
-78
-101
-126
-149
-170
-185
-195
-199
-200
-199
-198
-199
-204
-215
-228
-243
-255
-261
-256
-241
-219
-192
-165
-145
-132
-129
-132
-139
-148
-155
-162
-165
-165
-161
-152
-139
-125
-113
-108
-111
-125
-146
-172
-196
-214
-220
-212
-192
-165
-135
-106
-82
-68
-65
-70
-81
-92
-101
-103
-96
-83
-64
-39
-12
17
45
71
91
102
101
92
80
69
67
76
95
122
148
168
178
176
166
149
133
120
112
112
119
130
144
159
169
176
176
172
162
150
137
125
117
116
122
137
160
184
203
214
213
201
182
159
138
122
115
114
116
119
122
127
129
128
124
115
102
84
63
43
26
20
24
38
58
82
99
109
107
95
77
62
52
49
54
64
77
90
100
104
104
97
81
54
16
-32
-85
-136
-180
-213
-237
-253
-263
-273
-288
-305
-325
-345
-355
-361
-355
-340
-316
-286
-252
-216
-178
-143
-109
-76
-44
-18
3
19
32
41
48
54
61
65
67
64
55
42
29
20
19
25
35
49
60
65
66
61
56
53
53
55
59
60
57
46
31
15
2
-4
-5
-3
-3
-9
-23
-48
-78
-109
-130
-144
-149
-147
-147
-147
-152
-156
-161
-163
-160
-156
-151
-149
-153
-161
-169
-170
-166
-152
-133
-109
-85
-63
-47
-37
-30
-23
-18
-15
-15
-18
-25
-28
-27
-21
-7
15
39
62
74
74
62
44
23
7
-2
-2
6
21
37
54
68
81
91
96
96
89
80
70
62
60
65
78
94
112
127
134
133
122
103
83
62
45
34
33
37
46
59
68
74
76
72
65
53
41
28
19
14
14
21
36
58
84
107
123
126
115
93
64
37
19
16
27
49
77
98
107
105
89
66
43
20
5
-4
-6
-4
1
6
14
22
29
32
27
15
-3
-24
-43
-53
-53
-42
-23
0
18
27
24
13
-6
-24
-38
-45
-44
-35
-25
-17
-12
-13
-18
-25
-32
-39
-44
-49
-53
-59
-64
-71
-76
-77
-76
-71
-67
-63
-60
-59
-57
-56
-49
-41
-29
-18
-10
-7
-10
-19
-29
-38
-41
-35
-22
-1
23
42
51
47
30
5
-24
-49
-62
-63
-52
-31
-7
13
24
27
22
11
-1
-11
-17
-17
-13
-3
8
23
38
51
59
62
57
46
31
15
3
-3
-1
6
17
28
33
34
29
19
5
-10
-24
-33
-38
-38
-33
-23
-11
2
12
19
18
12
1
-14
-26
-36
-40
-38
-31
-21
-12
-8
-6
-9
-13
-21
-29
-36
-40
-40
-36
-30
-21
-13
-7
-5
-7
-12
-19
-23
-21
-17
-7
3
11
18
20
17
13
10
7
5
4
2
1
1
3
6
12
20
28
32
32
27
19
10
4
1
2
5
8
13
15
16
15
14
13
13
8
4
1
-3
-5
-5
-3
2
6
7
8
5
1
-3
-6
-6
-6
-3
-1
3
5
6
9
11
10
8
3
-3
-11
-20
-27
-32
-33
-30
-24
-16
-6
1
5
4
-2
-15
-31
-46
-57
-59
-52
-36
-15
6
20
25
20
6
-13
-32
-44
-49
-46
-35
-23
-10
0
5
6
2
-6
-15
-27
-38
-47
-54
-57
-55
-47
-34
-20
-8
1
2
-3
-17
-32
-46
-55
-56
-47
-31
-9
16
35
46
48
38
18
-6
-30
-48
-54
-46
-26
2
31
54
66
62
45
19
-10
-32
-43
-40
-24
2
31
56
71
75
69
56
42
31
26
29
39
51
65
76
82
84
83
81
79
80
82
85
90
91
93
92
92
89
89
89
88
88
88
87
85
80
78
74
70
67
62
57
53
49
44
40
35
29
23
15
7
0
-8
-12
-16
-20
-23
-27
-32
-37
-42
-42
-42
-39
-34
-29
-29
-33
-42
-51
-60
-66
-67
-62
-52
-41
-32
-30
-34
-45
-59
-71
-80
-83
-81
-75
-66
-58
-53
-52
-54
-57
-62
-64
-64
-62
-55
-45
-35
-25
-15
-9
-5
-4
-6
-10
-11
-12
-10
-8
-1
5
12
17
20
19
16
9
1
-7
-14
-18
-19
-18
-16
-14
-13
-13
-14
-15
-15
-15
-15
-16
-22
-27
-35
-40
-42
-39
-29
-17
-3
8
13
11
5
-5
-12
-16
-14
-6
6
20
34
45
52
53
52
48
41
35
31
33
39
50
64
80
94
103
106
103
95
86
76
69
68
72
82
97
111
125
134
137
132
122
107
91
79
73
73
80
92
102
111
113
108
96
80
62
46
34
28
26
28
31
36
37
33
25
14
-2
-18
-30
-39
-42
-39
-33
-28
-25
-29
-38
-50
-66
-79
-89
-94
-96
-93
-91
-89
-92
-97
-105
-116
-126
-135
-143
-147
-149
-148
-144
-142
-141
-143
-148
-153
-159
-162
-161
-156
-147
-137
-126
-117
-113
-111
-111
-113
-113
-110
-103
-93
-82
-68
-57
-47
-41
-40
-41
-42
-45
-44
-40
-33
-26
-18
-13
-10
-8
-10
-10
-9
-5
1
8
16
23
29
32
34
35
35
33
32
30
31
34
39
45
53
59
64
63
59
52
43
37
33
33
36
39
46
48
49
49
47
42
37
33
28
24
24
25
29
33
38
41
42
38
34
31
29
29
33
38
44
50
52
53
51
50
48
46
45
45
44
42
43
42
43
45
46
46
46
44
41
38
36
35
37
40
44
48
51
53
53
52
48
46
43
39
36
35
36
39
40
43
45
41
36
30
20
12
6
5
5
10
17
23
26
27
24
16
8
-1
-9
-14
-16
-13
-6
1
6
11
12
9
3
-5
-11
-17
-19
-21
-20
-18
-13
-11
-7
-5
-5
-7
-11
-17
-23
-29
-32
-32
-29
-22
-18
-13
-10
-11
-14
-18
-24
-28
-32
-31
-28
-26
-22
-20
-17
-17
-17
-16
-18
-21
-23
-26
-28
-29
-28
-27
-24
-23
-23
-24
-27
-30
-33
-34
-33
-31
-29
-28
-29
-30
-33
-36
-37
-38
-36
-34
-30
-28
-26
-25
-24
-24
-24
-23
-24
-22
-23
-21
-19
-16
-14
-11
-7
-5
-4
-5
-7
-9
-11
-12
-12
-11
-9
-6
-2
0
1
1
-1
-3
-6
-8
-9
-8
-6
-2
1
4
6
6
6
6
4
4
3
5
7
8
10
11
12
13
13
13
13
12
12
12
13
13
14
14
12
11
8
5
4
4
6
9
12
16
16
14
10
6
2
-2
-3
-2
0
4
9
11
13
13
11
8
4
2
0
-1
-1
1
3
6
7
7
5
2
-2
-6
-9
-11
-11
-9
-7
-5
-4
-3
-4
-7
-9
-11
-12
-12
-11
-9
-6
-3
0
2
3
3
3
1
0
-2
-3
-2
-2
-1
0
2
2
1
1
-1
-3
-6
-9
-11
-13
-11
-11
-10
-8
-7
-7
-7
-9
-11
-13
-15
-14
-13
-10
-6
-2
1
2
3
1
-1
-4
-6
-6
-5
-3
0
4
8
11
13
14
12
9
6
4
0
1
1
4
6
8
10
11
10
8
5
4
1
-1
-2
-2
-1
0
1
2
3
4
3
2
1
0
-1
-2
-1
-1
0
3
4
6
9
11
11
11
9
7
6
4
4
6
10
13
17
20
22
22
21
20
19
17
16
16
17
18
20
23
25
27
30
32
34
33
33
32
32
31
31
31
33
34
37
39
43
44
46
45
43
41
38
35
32
30
29
31
32
32
32
30
27
23
17
11
5
0
-4
-6
-7
-7
-7
-6
-9
-11
-16
-22
-29
-36
-41
-46
-50
-51
-52
-52
-52
-52
-54
-57
-62
-67
-72
-78
-81
-85
-85
-87
-86
-85
-85
-84
-85
-85
-87
-88
-90
-91
-93
-92
-91
-88
-86
-82
-81
-80
-79
-79
-78
-80
-80
-81
-81
-80
-78
-77
-73
-70
-68
-68
-67
-66
-67
-68
-69
-68
-67
-65
-61
-58
-53
-49
-46
-43
-42
-41
-40
-40
-38
-38
-37
-36
-35
-34
-33
-34
-34
-35
-36
-38
-39
-41
-44
-47
-49
-51
-53
-54
-53
-52
-50
-48
-42
-38
-31
-23
-13
-3
8
20
33
46
59
75
91
107
125
144
161
179
195
212
226
239
252
262
272
281
289
295
300
304
307
309
311
311
309
307
304
297
292
285
278
270
264
256
248
241
234
227
219
211
204
196
187
178
171
162
155
147
140
134
129
124
118
112
104
95
87
78
70
62
57
50
45
41
37
32
28
23
18
13
8
5
1
-3
-5
-8
-9
-10
-9
-9
-9
-8
-8
-7
-7
-8
-8
-10
-9
-9
-11
-11
-11
-11
-11
-10
-10
-10
-11
-12
-14
-16
-21
-25
-28
-34
-39
-44
-48
-52
-56
-59
-62
-65
-69
-73
-79
-86
-94
-101
-108
-115
-122
-125
-127
-129
-128
-130
-131
-133
-137
-141
-146
-150
-155
-157
-159
-159
-157
-154
-151
-148
-147
-148
-148
-150
-151
-153
-153
-151
-148
-144
-139
-132
-125
-121
-119
-115
-113
-112
-111
-110
-106
-101
-96
-89
-83
-77
-72
-68
-65
-65
-67
-68
-70
-71
-72
-71
-70
-66
-64
-63
-62
-63
-64
-67
-69
-72
-75
-77
-76
-74
-72
-66
-62
-55
-50
-45
-41
-37
-36
-34
-32
-31
-29
-28
-26
-24
-22
-20
-19
-18
-20
-23
-27
-33
-40
-46
-54
-60
-65
-68
-70
-73
-72
-73
-73
-72
-71
-70
-68
-65
-60
-54
-45
-35
-24
-9
4
19
33
45
57
68
77
85
91
96
100
103
104
105
103
103
101
96
91
87
80
73
65
58
49
40
32
22
14
7
1
-4
-7
-9
-10
-10
-10
-9
-9
-9
-11
-14
-17
-23
-28
-34
-39
-45
-50
-57
-63
-70
-77
-86
-97
-108
-119
-131
-142
-153
-163
-169
-174
-176
-175
-172
-167
-157
-146
-133
-118
-100
-83
-65
-45
-26
-7
12
33
52
72
93
113
131
150
165
178
188
193
195
192
185
175
161
146
128
109
87
67
45
22
-1
-23
-45
-65
-83
-98
-108
-116
-119
-119
-115
-110
-99
-90
-77
-64
-51
-35
-19
-2
15
34
52
69
84
97
107
113
116
115
113
109
104
99
94
88
84
77
70
60
49
37
22
7
-10
-27
-44
-59
-74
-87
-98
-110
-121
-133
-145
-156
-168
-179
-189
-198
-206
-211
-216
-217
-216
-214
-213
-210
-207
-202
-198
-192
-184
-172
-159
-142
-125
-106
-85
-67
-49
-35
-23
-16
-10
-7
-5
-5
-3
-1
2
7
11
14
16
16
10
4
-5
-14
-21
-27
-27
-22
-10
9
34
65
100
140
180
225
267
311
353
392
429
463
491
511
524
525
516
496
463
421
372
316
258
201
145
93
49
8
-27
-58
-85
-109
-132
-151
-169
-185
-195
-201
-202
-199
-191
-180
-167
-155
-144
-137
-134
-134
-138
-145
-152
-160
-167
-170
-171
-168
-162
-153
-143
-131
-119
-106
-94
-83
-73
-64
-53
-43
-32
-25
-14
-4
7
18
29
39
51
61
71
79
85
89
90
87
82
72
63
52
44
38
37
43
56
76
103
137
175
213
252
289
323
350
372
389
400
406
412
416
418
423
427
432
436
438
438
435
428
416
402
385
367
347
329
309
293
278
263
248
233
216
198
178
157
136
117
99
85
74
69
65
65
66
67
67
63
57
47
32
15
-4
-25
-48
-71
-96
-120
-146
-172
-199
-224
-249
-272
-292
-307
-317
-321
-319
-312
-300
-285
-269
-253
-238
-222
-212
-202
-192
-184
-177
-168
-159
-150
-140
-131
-123
-115
-110
-107
-107
-107
-110
-114
-118
-124
-130
-136
-142
-149
-156
-164
-171
-176
-179
-181
-179
-175
-168
-161
-152
-144
-137
-133
-130
-131
-133
-134
-134
-132
-127
-118
-106
-91
-73
-56
-38
-24
-12
-3
1
3
3
-1
-5
-11
-20
-31
-44
-61
-81
-105
-131
-158
-183
-207
-228
-242
-250
-253
-251
-245
-237
-227
-217
-210
-202
-199
-195
-192
-190
-187
-182
-175
-167
-159
-149
-138
-130
-121
-112
-105
-98
-91
-84
-75
-66
-58
-50
-44
-38
-35
-34
-33
-31
-32
-31
-28
-21
-12
-1
13
28
42
58
71
84
93
101
108
112
116
119
120
122
121
119
118
115
111
107
104
101
101
103
109
117
127
139
150
161
170
177
181
180
179
176
172
169
167
167
170
174
180
189
199
209
220
230
241
252
263
274
286
295
304
310
311
309
301
288
271
251
227
202
179
155
134
116
99
85
73
58
45
31
18
5
-8
-19
-27
-31
-34
-31
-29
-27
-23
-22
-25
-29
-35
-45
-55
-65
-72
-77
-81
-80
-77
-71
-64
-58
-53
-51
-50
-52
-57
-62
-67
-72
-77
-81
-84
-87
-91
-97
-104
-113
-123
-134
-146
-157
-167
-174
-179
-181
-181
-178
-175
-171
-167
-164
-163
-160
-159
-157
-153
-148
-142
-132
-122
-111
-99
-88
-77
-69
-63
-59
-57
-58
-57
-58
-58
-57
-54
-50
-45
-37
-29
-20
-10
2
13
26
42
59
79
99
121
143
165
184
198
206
206
199
183
158
126
88
46
3
-40
-82
-119
-152
-181
-203
-221
-236
-248
-258
-266
-272
-277
-279
-276
-268
-252
-227
-192
-148
-93
-31
40
117
196
275
351
420
477
523
551
563
556
531
487
429
358
279
194
109
26
-50
-117
-172
-215
-246
-264
-271
-270
-260
-246
-227
-207
-186
-166
-147
-128
-113
-98
-87
-76
-69
-62
-58
-54
-50
-47
-44
-39
-34
-27
-19
-10
-2
8
17
24
30
35
40
41
43
44
45
45
45
46
45
45
44
44
41
39
36
31
26
21
17
12
9
7
6
5
4
5
5
5
6
3
2
1
1
1
1
5
8
14
20
27
34
40
44
48
48
48
44
39
36
30
24
21
18
15
12
10
9
6
2
-1
-6
-10
-16
-18
-22
-24
-24
-22
-19
-15
-12
-8
-7
-5
-4
-5
-7
-10
-11
-14
-15
-16
-17
-16
-16
-17
-18
-18
-20
-23
-28
-32
-36
-41
-44
-48
-51
-55
-57
-60
-62
-66
-70
-74
-77
-81
-84
-86
-88
-89
-92
-94
-97
-100
-102
-104
-106
-103
-98
-89
-79
-68
-55
-47
-44
-50
-66
-94
-135
-183
-240
-298
-354
-400
-432
-444
-436
-404
-350
-278
-192
-98
-4
87
166
232
283
319
338
346
345
339
332
325
321
321
327
337
350
365
383
399
415
430
443
455
464
471
478
479
480
478
473
465
454
442
427
412
396
380
364
348
334
319
306
291
276
262
246
229
213
196
179
163
148
134
120
105
91
74
56
34
10
-20
-50
-83
-118
-155
-190
-226
-257
-286
-311
-331
-348
-362
-371
-377
-379
-377
-373
-367
-360
-350
-339
-326
-313
-301
-288
-276
-264
-256
-246
-238
-229
-221
-212
-201
-191
-179
-166
-151
-137
-121
-105
-91
-76
-63
-51
-40
-28
-18
-10
-1
6
11
17
22
24
26
26
25
25
21
19
14
9
2
-4
-11
-20
-30
-40
-52
-65
-79
-94
-110
-125
-141
-157
-173
-189
-204
-219
-233
-247
-259
-269
-277
-283
-288
-288
-286
-280
-273
-263
-252
-238
-224
-208
-192
-175
-158
-139
-121
-102
-82
-63
-43
-24
-6
11
25
39
51
59
67
74
80
84
89
93
98
100
103
105
106
107
106
105
103
101
99
97
94
92
91
90
88
88
87
85
82
80
78
75
71
68
66
64
62
62
61
61
62
62
63
64
63
64
63
63
63
62
62
63
63
62
63
63
64
63
65
66
66
67
68
69
70
70
71
72
74
74
75
76
77
79
82
84
87
90
93
96
98
101
101
102
101
98
96
93
89
86
83
80
76
73
71
68
64
61
57
54
51
48
45
43
42
40
40
39
40
39
39
40
39
39
40
41
42
44
44
46
46
46
46
45
43
41
37
35
32
28
24
20
16
13
9
4
-1
-6
-10
-16
-21
-26
-32
-37
-41
-46
-51
-55
-60
-62
-67
-72
-76
-81
-86
-89
-95
-99
-102
-107
-112
-117
-122
-127
-132
-138
-142
-145
-147
-149
-148
-144
-139
-132
-122
-110
-97
-84
-68
-55
-40
-27
-14
-3
7
17
26
34
43
51
61
69
78
88
98
107
117
128
137
148
156
165
172
178
182
182
181
176
170
160
146
131
114
95
75
56
37
17
0
-17
-31
-44
-54
-64
-70
-75
-78
-79
-80
-78
-75
-72
-68
-65
-61
-58
-57
-55
-54
-53
-53
-53
-53
-53
-52
-52
-50
-49
-47
-46
-44
-42
-41
-40
-40
-41
-42
-45
-48
-51
-54
-59
-62
-66
-70
-75
-77
-81
-84
-86
-87
-86
-86
-83
-81
-76
-71
-66
-59
-52
-44
-35
-26
-15
-4
8
23
38
54
72
89
108
126
143
159
172
185
196
203
207
209
208
204
198
190
180
169
156
141
126
112
96
82
66
53
40
28
18
9
0
-8
-14
-20
-26
-31
-36
-40
-45
-49
-52
-55
-58
-59
-61
-63
-66
-66
-69
-71
-73
-76
-79
-81
-84
-87
-91
-93
-97
-101
-106
-109
-115
-121
-127
-133
-138
-143
-149
-152
-152
-153
-151
-147
-143
-136
-129
-119
-111
-99
-88
-76
-65
-53
-40
-29
-16
-6
5
15
24
33
41
48
54
59
64
68
71
74
76
78
77
78
77
76
73
71
66
62
57
53
47
43
38
33
28
24
20
16
11
7
3
-1
-6
-11
-14
-18
-21
-23
-26
-28
-31
-33
-34
-37
-36
-37
-37
-35
-32
-29
-25
-20
-13
-6
2
9
18
26
35
42
49
56
62
66
69
69
68
66
61
55
46
35
21
8
-10
-25
-44
-61
-79
-96
-111
-126
-138
-147
-154
-158
-158
-154
-147
-137
-123
-107
-90
-70
-51
-31
-14
2
14
23
26
26
19
8
-9
-29
-55
-81
-111
-141
-170
-200
-226
-249
-267
-281
-287
-290
-284
-273
-257
-236
-209
-180
-147
-113
-77
-43
-9
23
53
81
106
129
147
165
178
190
199
207
213
217
220
223
222
224
223
223
222
221
219
217
213
210
206
202
197
192
187
183
178
173
168
164
159
155
153
150
148
145
142
140
136
134
131
128
125
121
117
114
109
105
101
95
91
86
80
76
72
66
62
58
54
49
45
41
37
33
28
22
17
12
6
1
-6
-12
-18
-23
-29
-36
-42
-48
-54
-59
-65
-71
-77
-82
-88
-93
-97
-101
-105
-109
-112
-114
-116
-120
-121
-123
-125
-127
-128
-129
-132
-132
-133
-135
-135
-137
-138
-140
-141
-142
-144
-146
-149
-150
-152
-154
-155
-157
-158
-160
-160
-160
-159
-159
-158
-155
-154
-148
-142
-137
-130
-121
-112
-101
-90
-78
-66
-53
-40
-26
-13
0
14
25
37
48
57
66
74
80
84
88
91
91
90
87
85
81
77
72
66
61
56
51
46
42
38
37
36
36
37
41
44
50
56
64
73
83
93
104
117
128
142
154
166
178
189
199
209
216
220
223
222
219
212
203
190
174
155
134
111
87
62
39
16
-4
-23
-37
-46
-51
-50
-44
-32
-16
6
32
61
93
126
158
190
220
246
269
286
299
304
305
300
291
276
257
234
209
184
154
127
99
71
47
22
2
-17
-34
-49
-61
-72
-82
-91
-98
-105
-112
-117
-122
-127
-131
-135
-137
-139
-141
-143
-142
-142
-142
-140
-137
-135
-131
-127
-124
-121
-116
-112
-108
-105
-101
-98
-95
-91
-89
-87
-84
-81
-79
-77
-74
-72
-70
-68
-64
-62
-61
-59
-57
-56
-55
-53
-52
-51
-50
-49
-48
-45
-45
-43
-42
-40
-38
-36
-34
-33
-31
-30
-29
-27
-27
-25
-25
-25
-25
-26
-26
-26
-27
-28
-29
-30
-31
-31
-31
-31
-31
-31
-31
-30
-30
-30
-28
-27
-26
-23
-22
-20
-17
-14
-11
-8
-5
-1
2
5
9
13
16
20
23
27
30
33
34
36
38
40
40
40
41
39
38
36
34
31
29
25
20
16
13
8
3
-2
-7
-12
-17
-21
-26
-29
-33
-37
-40
-44
-47
-49
-51
-54
-55
-57
-58
-58
-59
-60
-60
-61
-59
-58
-58
-57
-55
-55
-53
-52
-50
-50
-47
-45
-45
-44
-43
-43
-43
-41
-41
-41
-40
-40
-40
-40
-40
-41
-42
-43
-43
-45
-45
-47
-49
-50
-52
-55
-56
-60
-61
-63
-65
-66
-68
-68
-69
-70
-70
-70
-69
-68
-67
-66
-64
-62
-61
-59
-57
-55
-53
-51
-49
-47
-45
-43
-41
-39
-38
-35
-33
-30
-29
-27
-24
-22
-20
-17
-15
-13
-10
-9
-6
-4
-2
0
2
4
4
6
7
8
10
11
12
14
15
17
19
20
22
25
27
30
33
37
40
44
47
51
56
60
64
69
73
78
82
86
89
93
97
101
103
105
108
112
113
115
116
118
119
120
121
121
120
120
119
118
116
114
113
110
107
104
101
97
93
89
85
80
75
70
65
60
54
49
44
38
33
27
22
17
12
7
4
-1
-6
-9
-12
-15
-18
-20
-22
-24
-25
-25
-26
-27
-27
-26
-26
-25
-24
-23
-22
-20
-19
-16
-14
-12
-9
-6
-4
-1
3
7
11
16
21
26
32
37
44
51
58
65
73
80
89
96
104
111
119
126
131
137
142
146
151
154
155
156
156
156
154
151
148
145
139
134
128
122
114
107
99
91
83
74
66
58
50
42
35
28
21
15
9
3
-3
-7
-12
-15
-19
-23
-27
-31
-34
-39
-43
-49
-54
-61
-67
-75
-82
-90
-99
-108
-119
-129
-140
-151
-162
-173
-184
-197
-208
-219
-231
-242
-253
-263
-274
-284
-292
-300
-308
-314
-318
-321
-324
-323
-322
-317
-311
-303
-294
-282
-268
-252
-236
-217
-198
-178
-158
-139
-118
-99
-81
-63
-46
-33
-19
-7
1
9
17
21
24
27
27
28
27
26
25
24
22
20
21
21
21
23
24
26
29
33
37
42
46
51
56
60
66
69
75
78
81
85
87
89
91
93
94
94
96
96
97
98
98
98
98
99
99
99
100
100
100
99
99
98
98
98
95
94
92
89
86
83
80
76
72
67
62
56
51
44
37
30
23
15
7
-1
-9
-17
-26
-33
-41
-50
-57
-64
-70
-75
-80
-84
-89
-91
-93
-92
-92
-90
-88
-84
-79
-72
-65
-58
-49
-39
-29
-18
-7
5
17
29
41
53
64
74
86
94
103
109
115
119
123
125
126
126
123
120
118
112
108
103
96
91
85
80
73
69
65
61
58
55
52
51
51
51
52
53
54
55
57
59
61
62
65
66
67
69
70
71
72
72
73
74
74
74
74
74
74
74
73
72
72
71
69
67
65
64
61
58
55
50
47
43
39
34
31
25
21
16
12
6
2
-2
-7
-10
-13
-16
-18
-20
-22
-21
-20
-19
-16
-11
-6
0
8
17
27
37
47
59
70
80
91
99
106
115
118
120
121
119
115
108
100
90
77
63
48
33
16
-1
-17
-33
-47
-61
-74
-85
-94
-101
-107
-110
-112
-112
-111
-107
-102
-98
-92
-84
-77
-68
-61
-53
-44
-37
-31
-24
-19
-14
-9
-5
-2
0
2
2
3
3
1
1
-1
-4
-8
-10
-14
-19
-23
-29
-35
-43
-49
-57
-65
-74
-84
-94
-104
-115
-126
-137
-147
-158
-167
-177
-186
-195
-202
-208
-213
-218
-220
-223
-224
-223
-222
-220
-217
-211
-207
-201
-194
-188
-180
-172
-163
-155
-147
-138
-129
-120
-111
-103
-93
-85
-75
-67
-58
-50
-41
-33
-26
-19
-12
-5
1
6
12
16
20
24
27
31
34
36
38
40
41
42
44
45
45
47
48
49
50
50
51
52
52
52
53
53
53
53
53
52
53
51
52
51
50
49
47
47
45
44
43
41
41
39
37
37
36
34
35
33
33
31
31
30
30
29
29
29
29
28
27
27
26
25
24
24
23
21
20
19
19
18
16
16
13
12
12
11
10
10
8
7
7
6
6
6
5
5
6
5
6
6
8
9
10
12
14
18
21
25
29
34
40
45
52
58
66
73
80
87
94
100
107
112
117
122
125
128
129
130
129
127
125
122
118
113
109
102
94
88
81
74
67
61
54
48
41
36
0
0
0
0
0
0
0
0
0
0
0
0
0
0
0
0
0
0
0
0
0
0
0
0
0
0
0
0
0
0
0
0
0
0
0
0
0
0
0
0
0
0
0
0
0
0
0
0
0
0
0
0
0
0
0
0
0
0
0
0
0
0
0
0
0
0
0
0
0
0
0
0
0
0
0
0
0
0
0
0
0
0
0
0
0
0
0
0
0
0
0
0
0
0
0
0
0
0
0
0
0
0
0
0
0
0
0
0
0
0
0
0
0
0
0
0
0
0
0
0
0
0
0
0
0
0
0
0
0
0
0
0
0
0
0
0
0
0
0
0
0
0
0
0
0
0
0
0
0
0
0
0
0
0
0
0
0
0
0
0
0
0
0
0
0
0
0
0
0
0
0
0
0
0
0
0
0
0
0
0
0
0
0
0
0
0
0
0
0
0
0
0
0
0
0
0
0
0
