0
0
0
0
0
0
0
0
0
0
0
0
0
0
0
0
0
0
0
0
0
0
0
0
0
0
0
0
0
0
0
0
0
0
0
0
0
0
0
0
0
0
0
0
0
0
0
0
0
0
0
0
0
0
0
0
0
0
0
0
0
0
0
0
0
0
0
0
0
0
0
0
0
0
0
0
0
0
0
0
0
0
0
0
0
0
0
0
0
0
0
0
0
0
0
0
0
0
0
0
0
0
0
0
0
0
0
0
0
0
0
0
0
0
0
0
0
0
0
0
0
0
0
0
0
0
0
0
0
0
0
0
0
0
0
0
0
0
0
0
0
0
0
0
0
0
0
0
0
0
0
0
0
0
0
0
0
0
0
0
0
0
0
0
0
0
0
0
0
0
0
0
0
0
0
0
0
0
0
0
0
0
0
0
0
0
0
0
0
0
0
0
0
0
0
0
0
0
-204
-198
-165
-114
-55
2
48
84
110
129
141
144
141
131
113
89
63
37
11
-14
-36
-56
-69
-76
-73
-64
-48
-31
-18
-10
-8
-9
-10
-7
-2
1
-2
-19
-48
-84
-115
-128
-112
-66
0
69
122
151
149
122
85
50
26
16
18
23
27
25
16
4
-7
-21
-31
-41
-49
-53
-54
-50
-42
-32
-21
-10
0
6
11
13
15
12
5
-3
-10
-18
-19
-14
-5
4
13
18
16
12
5
2
4
11
17
22
19
8
-6
-19
-27
-24
-14
-1
8
10
4
-4
-12
-9
3
22
42
53
54
39
18
-3
-20
-32
-40
-45
-50
-56
-59
-57
-46
-24
6
34
54
59
51
31
8
-7
-14
-11
-2
8
11
8
1
-6
-10
-4
8
23
38
45
45
35
17
-2
-19
-30
-37
-36
-33
-28
-22
-21
-22
-24
-29
-29
-26
-15
2
22
42
55
58
49
34
12
-5
-18
-23
-20
-15
-8
-4
-1
3
6
10
18
24
27
27
22
16
9
3
1
2
5
7
8
6
1
-4
-10
-17
-20
-22
-21
-15
-4
6
14
17
14
4
-12
-27
-35
-35
-26
-11
6
18
26
27
26
29
39
53
72
85
90
79
55
19
-16
-47
-64
-71
-64
-50
-38
-30
-30
-34
-40
-44
-42
-30
-14
5
23
38
48
51
47
39
29
18
12
8
8
11
14
18
18
17
14
10
5
0
-7
-16
-26
-38
-46
-51
-51
-45
-36
-27
-20
-15
-13
-12
-10
-5
5
15
24
35
40
41
40
36
27
19
9
2
-2
-5
-6
-5
-7
-9
-16
-24
-34
-41
-46
-46
-40
-32
-22
-12
-1
8
16
23
26
25
23
19
14
10
9
7
8
7
6
2
-5
-15
-24
-30
-34
-34
-35
-29
-24
-19
-13
-8
-3
0
1
1
-2
-7
-11
-14
-15
-13
-7
2
11
19
23
23
20
17
12
8
6
3
-1
-4
-8
-11
-14
-14
-12
-10
-9
-6
-6
-6
-3
1
7
13
18
21
21
19
15
10
4
1
-3
-5
-10
-12
-12
-12
-10
-7
-4
-3
-3
-6
-11
-15
-18
-18
-14
-9
-4
0
5
6
8
8
9
10
10
9
8
7
3
0
-3
-5
-5
-6
-4
-2
-2
-4
-7
-10
-15
-19
-21
-21
-20
-15
-11
-8
-6
-2
-3
-4
-5
-7
-8
-8
-9
-9
-10
-10
-10
-8
-7
-6
-4
-1
0
0
3
3
4
6
8
9
9
7
6
4
1
-3
-5
-8
-10
-12
-11
-8
-3
4
13
19
24
28
27
23
18
13
9
6
5
4
3
1
0
-1
-1
-1
0
1
3
5
3
2
0
-4
-6
-10
-10
-8
-5
0
5
12
19
23
26
28
30
31
30
26
21
12
2
-8
-17
-24
-27
-27
-24
-22
-17
-13
-10
-6
0
5
11
15
18
20
18
14
7
-2
-10
-18
-24
-26
-25
-24
-22
-18
-13
-7
-2
2
7
10
12
12
12
6
1
-5
-13
-21
-25
-28
-29
-29
-27
-26
-25
-27
-29
-34
-39
-45
-52
-56
-58
-60
-61
-61
-61
-62
-59
-59
-59
-56
-52
-47
-40
-33
-27
-21
-19
-19
-19
-22
-27
-30
-33
-32
-30
-28
-25
-21
-19
-14
-7
-1
9
19
29
39
49
60
72
82
91
99
105
107
106
104
98
97
99
109
127
153
185
221
257
288
315
336
352
366
376
382
387
387
384
379
375
376
386
400
418
433
437
423
390
337
268
189
95
-19
-157
-333
-548
-793
-1049
-1288
-1481
-1602
-1637
-1586
-1456
-1259
-1014
-737
-445
-156
113
343
521
639
703
721
712
692
672
653
635
609
568
508
423
314
186
42
-113
-266
-409
-524
-605
-642
-635
-590
-522
-445
-379
-332
-306
-298
-297
-288
-258
-206
-130
-37
66
172
270
352
407
423
394
319
206
71
-65
-186
-278
-334
-358
-361
-353
-338
-315
-287
-252
-213
-172
-130
-88
-41
15
84
162
238
297
329
329
302
263
225
200
191
194
204
216
236
268
312
361
408
450
487
524
574
665
801
971
1156
1351
1566
1822
2118
2427
2690
2803
2637
2093
1154
-71
-1410
-2673
-3697
-4377
-4678
-4641
-4353
-3876
-3235
-2440
-1544
-641
165
792
1194
1364
1368
1317
1334
1465
1681
1917
2105
2192
2133
1908
1530
1032
434
-250
-990
-1714
-2325
-2739
-2916
-2841
-2536
-2055
-1495
-943
-457
-52
268
501
659
768
870
980
1104
1247
1413
1590
1736
1802
1751
1574
1265
829
297
-265
-786
-1217
-1526
-1696
-1722
-1622
-1434
-1198
-934
-655
-382
-146
43
192
314
422
539
697
909
1143
1347
1456
1426
1237
890
428
-75
-556
-975
-1314
-1562
-1706
-1737
-1662
-1483
-1221
-917
-630
-405
-264
-189
-147
-102
-29
88
239
396
528
626
686
705
675
598
481
339
182
25
-109
-197
-236
-245
-242
-240
-246
-272
-315
-357
-374
-347
-270
-143
34
257
502
738
947
1126
1272
1369
1405
1389
1341
1270
1175
1086
1051
1098
1197
1296
1374
1444
1514
1575
1616
1638
1594
1361
804
-104
-1238
-2395
-3387
-4069
-4334
-4151
-3627
-2948
-2253
-1560
-839
-110
557
1099
1486
1697
1708
1549
1343
1236
1282
1415
1524
1536
1396
1063
520
-162
-859
-1472
-1975
-2368
-2618
-2669
-2506
-2163
-1685
-1103
-468
120
559
823
952
1005
1005
976
970
1028
1134
1222
1246
1207
1107
923
618
216
-225
-662
-1083
-1463
-1726
-1807
-1704
-1470
-1160
-800
-430
-114
106
250
358
448
511
557
618
711
813
879
870
744
479
78
-403
-876
-1265
-1530
-1649
-1622
-1474
-1249
-985
-694
-391
-126
48
111
85
-1
-120
-223
-259
-198
-65
83
208
299
356
365
329
266
216
191
180
182
209
268
327
348
320
266
205
138
77
52
100
220
385
581
824
1108
1375
1569
1695
1799
1897
1962
1982
2002
2082
2210
2329
2404
2423
2295
1834
887
-495
-2072
-3568
-4784
-5554
-5733
-5304
-4451
-3444
-2441
-1443
-428
522
1292
1849
2226
2411
2372
2164
1970
1953
2093
2233
2239
2060
1648
941
-43
-1144
-2149
-2936
-3494
-3808
-3816
-3490
-2904
-2183
-1399
-577
215
847
1241
1432
1517
1554
1553
1548
1616
1777
1944
1992
1860
1568
1127
518
-230
-1001
-1651
-2119
-2426
-2565
-2480
-2145
-1639
-1077
-525
1
455
751
859
861
869
921
992
1077
1204
1359
1454
1406
1216
905
465
-144
-882
-1610
-2198
-2576
-2715
-2582
-2177
-1594
-988
-465
-43
283
493
565
540
486
428
346
249
187
196
237
243
187
89
-39
-205
-391
-527
-542
-431
-252
-51
151
329
428
418
317
188
72
-17
-56
4
187
457
745
999
1209
1362
1417
1358
1230
1097
983
876
812
876
1100
1405
1676
1868
2013
2121
2150
2094
2002
1855
1472
638
-653
-2141
-3503
-4522
-5068
-5029
-4404
-3427
-2450
-1670
-1024
-380
281
880
1388
1830
2175
2314
2227
2073
2041
2120
2130
1932
1514
891
39
-999
-2035
-2827
-3264
-3395
-3294
-2966
-2418
-1750
-1100
-522
16
531
949
1203
1345
1469
1607
1710
1757
1786
1812
1755
1513
1063
477
-166
-842
-1504
-2030
-2306
-2325
-2168
-1898
-1517
-1051
-589
-213
70
308
507
633
695
763
894
1056
1188
1263
1287
1232
1040
692
232
-293
-861
-1440
-1942
-2263
-2349
-2221
-1921
-1485
-968
-467
-74
191
356
446
460
413
348
298
259
196
105
7
-91
-201
-330
-451
-531
-561
-552
-499
-376
-183
40
238
381
456
455
373
229
73
-36
-68
-15
127
350
618
866
1033
1111
1129
1101
1043
981
950
945
942
956
1048
1253
1518
1755
1928
2057
2142
2147
2071
1971
1821
1418
534
-821
-2360
-3743
-4766
-5281
-5153
-4391
-3280
-2216
-1407
-774
-170
420
942
1398
1841
2221
2402
2358
2256
2266
2332
2245
1886
1282
479
-528
-1656
-2675
-3343
-3590
-3512
-3212
-2712
-2039
-1312
-675
-167
282
697
1019
1226
1399
1631
1900
2102
2182
2153
2014
1695
1158
460
-275
-963
-1574
-2066
-2343
-2349
-2126
-1774
-1358
-899
-447
-84
150
304
454
622
793
960
1148
1341
1483
1510
1402
1172
835
400
-103
-628
-1118
-1526
-1824
-1988
-2013
-1914
-1714
-1434
-1091
-708
-319
40
343
566
698
744
725
665
571
437
257
36
-213
-459
-656
-768
-771
-678
-522
-350
-184
-36
93
197
274
324
343
334
299
262
240
252
310
412
550
703
841
929
954
929
881
831
792
784
813
851
889
965
1134
1384
1647
1857
2016
2141
2206
2177
2084
1975
1766
1205
109
-1389
-2924
-4184
-5005
-5258
-4836
-3852
-2689
-1727
-1063
-548
-44
451
912
1387
1896
2333
2545
2546
2514
2534
2470
2133
1494
649
-348
-1450
-2502
-3248
-3535
-3422
-3084
-2627
-2072
-1462
-901
-454
-74
327
735
1069
1334
1630
1994
2327
2504
2469
2239
1790
1106
262
-579
-1273
-1779
-2106
-2250
-2201
-1994
-1717
-1424
-1104
-750
-408
-132
94
330
598
872
1128
1371
1584
1699
1636
1380
979
504
9
-458
-846
-1130
-1351
-1558
-1749
-1877
-1906
-1849
-1710
-1462
-1085
-627
-169
235
577
845
989
971
824
607
352
63
-227
-466
-626
-719
-765
-757
-691
-580
-470
-370
-259
-124
15
135
236
334
419
471
474
447
414
386
380
415
513
662
807
900
933
928
898
855
818
818
851
898
976
1138
1381
1629
1813
1939
2044
2112
2091
2010
1931
1767
1231
115
-1425
-2968
-4178
-4923
-5117
-4665
-3673
-2540
-1661
-1112
-701
-274
181
652
1204
1856
2451
2779
2830
2781
2733
2559
2089
1324
392
-628
-1694
-2642
-3232
-3355
-3134
-2780
-2397
-1984
-1562
-1192
-873
-507
-11
565
1095
1550
1994
2427
2736
2808
2638
2259
1672
881
1
-789
-1368
-1730
-1920
-1959
-1876
-1739
-1627
-1536
-1391
-1139
-794
-402
31
503
963
1338
1597
1760
1841
1799
1591
1228
790
346
-67
-423
-686
-873
-1068
-1349
-1701
-2022
-2225
-2264
-2112
-1735
-1148
-472
127
570
862
1023
1037
918
740
566
391
187
-35
-229
-372
-478
-567
-637
-669
-664
-635
-564
-412
-178
86
306
461
553
571
508
396
300
268
310
415
578
776
957
1063
1082
1036
958
866
788
766
821
923
1049
1212
1429
1665
1851
1965
2046
2098
2077
1987
1905
1814
1453
511
-968
-2554
-3812
-4590
-4867
-4580
-3759
-2717
-1860
-1342
-1005
-662
-266
182
753
1501
2289
2846
3031
2968
2841
2630
2180
1458
592
-328
-1290
-2190
-2801
-2991
-2848
-2581
-2316
-2065
-1822
-1614
-1419
-1121
-604
105
844
1489
2022
2456
2714
2721
2510
2158
1688
1076
379
-275
-785
-1151
-1420
-1604
-1708
-1773
-1852
-1923
-1892
-1684
-1311
-832
-280
311
861
1274
1510
1607
1622
1577
1457
1259
1012
739
444
123
-212
-562
-931
-1312
-1670
-1958
-2143
-2202
-2118
-1864
-1440
-906
-368
83
412
614
687
660
598
541
479
386
255
86
-124
-359
-573
-716
-769
-737
-646
-514
-354
-174
-5
129
228
307
356
354
309
261
240
265
343
480
648
796
889
925
932
926
911
903
936
1022
1129
1217
1298
1407
1547
1671
1761
1842
1919
1938
1872
1795
1762
1581
877
-480
-2125
-3499
-4318
-4601
-4387
-3703
-2783
-2016
-1602
-1408
-1192
-852
-391
238
1096
2075
2867
3206
3120
2862
2573
2179
1606
925
215
-567
-1417
-2143
-2540
-2617
-2543
-2442
-2323
-2174
-2021
-1861
-1611
-1155
-473
307
1031
1652
2166
2515
2613
2483
2244
1954
1570
1078
552
73
-351
-739
-1080
-1361
-1603
-1838
-2038
-2121
-2015
-1719
-1287
-772
-219
295
688
925
1060
1166
1279
1380
1434
1420
1338
1172
902
560
196
-211
-707
-1261
-1735
-2020
-2134
-2129
-1991
-1696
-1306
-933
-618
-320
-32
205
370
497
625
718
708
574
370
166
-13
-162
-263
-299
-293
-295
-307
-276
-174
-42
66
146
218
269
261
198
127
98
128
211
346
522
699
836
922
983
1041
1104
1189
1311
1453
1569
1629
1665
1726
1806
1875
1923
1977
2011
1957
1829
1713
1537
952
-296
-1937
-3329
-4056
-4171
-3888
-3333
-2677
-2208
-2067
-2065
-1896
-1440
-766
56
1031
2088
2957
3326
3144
2691
2272
1949
1635
1320
1007
561
-157
-1035
-1795
-2290
-2582
-2735
-2719
-2523
-2230
-1942
-1670
-1342
-908
-404
99
598
1145
1706
2134
2347
2401
2351
2163
1795
1331
875
444
16
-377
-688
-951
-1242
-1570
-1853
-2006
-2002
-1851
-1558
-1144
-677
-254
67
305
517
740
972
1195
1383
1510
1539
1437
1214
921
570
118
-433
-980
-1388
-1636
-1779
-1835
-1782
-1641
-1488
-1355
-1186
-928
-615
-315
-46
200
398
484
430
292
152
57
24
62
154
234
226
123
-3
-67
-66
-34
20
108
199
234
182
82
-17
-92
-125
-81
56
247
426
573
705
839
967
1098
1267
1478
1675
1800
1853
1893
1963
2031
2056
2058
2064
2024
1878
1697
1548
1222
317
-1201
-2760
-3692
-3862
-3596
-3196
-2818
-2637
-2754
-2970
-2896
-2342
-1454
-479
471
1391
2205
2710
2759
2483
2205
2102
2084
2031
1915
1654
1068
149
-831
-1586
-2086
-2424
-2607
-2603
-2473
-2333
-2216
-2074
-1842
-1497
-1076
-600
-41
600
1219
1672
1940
2113
2212
2186
2035
1834
1601
1286
885
485
122
-256
-693
-1133
-1487
-1723
-1845
-1851
-1739
-1541
-1312
-1104
-919
-717
-453
-120
247
603
923
1185
1345
1394
1375
1303
1112
737
233
-223
-505
-638
-728
-842
-995
-1190
-1411
-1572
-1560
-1354
-1073
-846
-691
-560
-449
-382
-335
-249
-107
55
222
378
491
523
485
443
466
567
678
698
609
469
343
235
146
93
63
1
-102
-178
-174
-111
-9
150
367
590
774
936
1120
1340
1567
1775
1968
2170
2372
2508
2530
2461
2354
2205
2024
1895
1779
1310
133
-1508
-2831
-3313
-3142
-2837
-2703
-2834
-3255
-3777
-3953
-3465
-2448
-1322
-387
317
876
1336
1650
1817
1982
2316
2754
3037
2999
2658
2046
1195
327
-240
-463
-607
-913
-1385
-1923
-2443
-2825
-2927
-2719
-2301
-1815
-1386
-1063
-812
-547
-223
179
698
1320
1891
2227
2284
2141
1876
1576
1359
1282
1245
1087
746
251
-326
-892
-1313
-1503
-1504
-1434
-1388
-1415
-1514
-1612
-1598
-1403
-1049
-616
-177
210
480
590
561
472
410
444
606
826
926
769
384
-55
-383
-531
-518
-439
-431
-588
-891
-1210
-1413
-1437
-1299
-1075
-856
-714
-667
-666
-621
-454
-173
162
484
745
897
924
871
831
874
978
1059
1045
918
697
432
206
87
70
94
111
107
73
13
-12
89
346
692
1026
1276
1440
1580
1740
1900
2043
2185
2319
2368
2319
2259
2075
1376
32
-1378
-2065
-1928
-1576
-1564
-1992
-2750
-3650
-4279
-4190
-3382
-2345
-1550
-1101
-847
-632
-381
-54
420
1119
1971
2677
2932
2705
2189
1593
1116
973
1169
1357
1142
470
-411
-1239
-1831
-2076
-1983
-1743
-1575
-1579
-1736
-1955
-2083
-1960
-1536
-897
-195
392
712
749
684
725
958
1335
1751
2063
2109
1834
1362
896
563
392
355
351
230
-88
-557
-1057
-1471
-1689
-1654
-1438
-1218
-1113
-1118
-1184
-1272
-1321
-1233
-937
-464
53
432
537
396
194
143
329
680
1017
1125
896
435
-29
-342
-480
-490
-452
-470
-609
-856
-1124
-1322
-1353
-1162
-810
-456
-231
-159
-181
-179
-27
312
728
1053
1204
1198
1099
1005
1002
1101
1220
1272
1243
1141
971
774
640
634
723
837
928
971
976
982
1035
1124
1226
1342
1452
1517
1563
1631
1541
937
-175
-1170
-1397
-956
-545
-649
-1232
-2047
-2837
-3248
-2982
-2194
-1424
-1046
-1009
-1058
-1043
-931
-666
-164
568
1330
1801
1799
1439
995
706
717
1053
1491
1630
1243
505
-217
-702
-901
-831
-606
-460
-572
-913
-1314
-1618
-1701
-1490
-1039
-537
-193
-108
-230
-384
-372
-101
360
856
1221
1338
1185
898
684
663
798
974
1076
996
701
279
-117
-381
-487
-454
-365
-352
-504
-775
-1065
-1310
-1449
-1401
-1150
-830
-630
-620
-722
-801
-747
-518
-155
218
459
497
368
203
127
168
256
324
324
207
-36
-329
-546
-624
-584
-475
-368
-345
-437
-570
-617
-508
-264
19
230
313
303
293
358
515
735
956
1091
1108
1062
1035
1059
1118
1201
1286
1328
1315
1290
1296
1337
1399
1466
1490
1442
1362
1309
1282
1288
1347
1301
783
-281
-1305
-1576
-1115
-652
-749
-1334
-2077
-2740
-3078
-2857
-2165
-1473
-1153
-1158
-1230
-1231
-1140
-888
-358
421
1176
1555
1440
1044
713
654
896
1335
1716
1707
1199
457
-140
-440
-499
-397
-244
-226
-488
-955
-1406
-1655
-1623
-1315
-861
-490
-384
-536
-769
-850
-643
-182
343
734
889
818
619
466
510
747
1031
1208
1200
988
623
263
62
40
98
134
79
-130
-485
-852
-1083
-1155
-1113
-993
-853
-811
-939
-1143
-1238
-1121
-836
-495
-216
-80
-93
-173
-201
-105
84
264
355
338
242
94
-62
-151
-132
-65
-43
-100
-205
-324
-422
-437
-339
-179
-55
-13
-31
-58
-42
59
235
421
558
625
642
651
707
843
1017
1161
1234
1246
1224
1218
1292
1442
1591
1675
1692
1649
1555
1465
1442
1469
1488
1515
1476
1080
157
-868
-1256
-872
-384
-459
-1088
-1867
-2522
-2893
-2797
-2249
-1644
-1387
-1477
-1627
-1665
-1582
-1336
-819
-52
689
1055
946
615
432
587
1023
1559
1952
1943
1477
836
399
287
354
445
471
315
-99
-662
-1116
-1297
-1223
-999
-764
-670
-803
-1084
-1290
-1234
-893
-418
-13
192
199
102
29
117
413
814
1119
1212
1108
891
667
560
637
798
859
736
468
129
-202
-420
-478
-488
-600
-801
-953
-1020
-1086
-1178
-1209
-1116
-957
-822
-736
-675
-618
-547
-422
-235
-51
36
11
-41
-31
37
101
135
148
127
59
-21
-47
-16
20
29
24
16
-11
-48
-52
-2
78
150
204
241
266
292
343
433
557
692
805
873
917
967
1038
1133
1260
1401
1512
1575
1608
1624
1606
1579
1588
1617
1619
1621
1573
1228
425
-455
-765
-407
-27
-220
-906
-1648
-2208
-2523
-2480
-2095
-1692
-1608
-1807
-2008
-2061
-1983
-1751
-1271
-601
-19
203
70
-121
-78
276
807
1325
1641
1606
1264
891
760
876
1048
1134
1090
847
385
-138
-477
-543
-456
-379
-422
-641
-1003
-1351
-1487
-1339
-1021
-730
-597
-623
-713
-749
-651
-385
1
366
558
556
471
421
459
608
846
1040
1031
827
586
419
283
139
33
-14
-99
-309
-591
-829
-976
-1039
-1015
-930
-879
-940
-1068
-1128
-1042
-860
-677
-544
-464
-432
-422
-385
-276
-127
-13
35
49
52
42
41
95
195
265
251
187
135
120
137
185
243
276
259
226
220
258
323
393
462
527
581
619
657
723
814
905
996
1099
1207
1296
1361
1420
1459
1467
1470
1496
1526
1541
1555
1469
1076
386
-190
-243
77
206
-152
-782
-1357
-1759
-1960
-1892
-1634
-1461
-1559
-1814
-2009
-2062
-1981
-1728
-1289
-806
-517
-514
-640
-646
-399
32
498
856
1004
921
735
662
808
1067
1268
1329
1229
968
618
358
307
392
440
343
100
-237
-579
-800
-818
-695
-583
-601
-748
-931
-1048
-1029
-864
-595
-329
-182
-187
-249
-241
-108
121
386
602
676
584
453
426
496
532
471
374
298
200
40
-142
-288
-388
-464
-512
-546
-619
-748
-866
-897
-855
-809
-787
-760
-716
-670
-623
-553
-453
-353
-281
-219
-151
-82
-26
40
135
226
271
272
282
319
366
403
439
469
474
460
457
477
499
512
540
591
644
682
705
723
748
793
876
981
1083
1166
1236
1275
1266
1243
1260
1320
1363
1387
1397
1276
875
307
-50
16
253
234
-149
-668
-1115
-1422
-1550
-1465
-1294
-1264
-1447
-1690
-1838
-1864
-1778
-1541
-1180
-868
-767
-840
-896
-778
-484
-104
247
461
485
384
318
411
639
878
1029
1050
936
726
537
487
581
697
704
567
325
53
-151
-211
-149
-79
-116
-278
-497
-682
-767
-731
-612
-491
-446
-493
-578
-615
-555
-403
-210
-40
45
29
-25
-13
101
258
340
298
182
79
46
70
91
57
-40
-166
-276
-354
-399
-420
-434
-471
-546
-647
-727
-741
-689
-618
-575
-576
-597
-605
-566
-467
-340
-241
-195
-171
-131
-64
23
120
224
300
333
342
361
407
479
562
626
646
619
585
590
644
723
795
831
818
783
783
848
952
1055
1135
1180
1173
1129
1109
1144
1203
1245
1258
1194
954
540
168
71
203
260
36
-386
-809
-1119
-1285
-1289
-1192
-1156
-1292
-1527
-1702
-1755
-1707
-1561
-1321
-1079
-967
-995
-1029
-930
-684
-365
-61
154
233
208
195
303
522
747
882
910
851
734
629
610
685
766
757
638
458
268
124
73
108
147
94
-64
-253
-393
-449
-430
-368
-322
-344
-437
-537
-574
-527
-424
-320
-251
-230
-253
-286
-276
-196
-72
27
53
8
-59
-96
-68
3
60
49
-26
-113
-163
-171
-159
-159
-193
-264
-350
-409
-424
-402
-374
-364
-386
-434
-473
-470
-417
-338
-279
-259
-271
-273
-237
-158
-56
45
121
165
198
245
323
425
525
604
648
664
678
720
797
884
944
965
958
952
975
1029
1100
1169
1219
1232
1203
1157
1133
1146
1177
1200
1179
1052
780
443
213
179
223
154
-100
-457
-795
-1031
-1133
-1122
-1095
-1165
-1333
-1512
-1614
-1625
-1557
-1419
-1247
-1119
-1082
-1090
-1045
-888
-641
-370
-148
-23
17
40
137
331
561
738
819
814
760
709
711
779
862
882
809
665
505
372
303
296
304
250
111
-65
-213
-292
-309
-291
-285
-327
-422
-524
-570
-544
-473
-405
-367
-371
-410
-446
-425
-330
-206
-132
-135
-178
-216
-211
-161
-79
-13
-13
-77
-148
-177
-162
-136
-118
-127
-173
-246
-308
-331
-316
-294
-290
-308
-347
-391
-413
-393
-341
-294
-281
-298
-312
-298
-245
-166
-85
-24
8
28
70
144
246
349
441
514
566
604
650
724
815
898
954
982
1003
1036
1085
1153
1220
1257
1247
1203
1167
1157
1165
1169
1148
1060
863
595
367
260
231
159
-27
-304
-610
-873
-1038
-1087
-1088
-1143
-1284
-1454
-1579
-1630
-1609
-1518
-1384
-1267
-1213
-1196
-1154
-1043
-862
-634
-405
-232
-145
-100
-22
133
331
514
638
691
684
658
667
728
805
844
822
749
649
547
472
439
428
389
293
154
11
-100
-163
-181
-192
-238
-329
-434
-510
-531
-503
-457
-432
-447
-489
-523
-524
-481
-415
-349
-306
-301
-328
-350
-326
-255
-172
-120
-113
-136
-165
-175
-154
-104
-65
-65
-105
-161
-202
-217
-207
-185
-180
-207
-256
-293
-302
-285
-259
-239
-234
-236
-233
-210
-164
-107
-55
-13
24
69
130
206
288
369
437
492
545
614
698
789
872
940
993
1036
1080
1143
1220
1288
1322
1314
1288
1262
1244
1231
1212
1157
1037
856
665
516
415
310
165
-24
-240
-460
-654
-794
-888
-977
-1091
-1222
-1339
-1427
-1477
-1483
-1444
-1387
-1340
-1305
-1260
-1179
-1057
-898
-722
-555
-424
-319
-205
-59
116
292
439
544
609
651
698
763
836
888
897
864
805
739
684
648
616
567
485
374
255
153
78
27
-19
-82
-167
-263
-345
-401
-428
-434
-438
-454
-483
-511
-523
-513
-485
-448
-413
-388
-373
-365
-348
-315
-271
-233
-207
-196
-188
-178
-164
-147
-132
-125
-127
-130
-134
-135
-137
-144
-154
-170
-186
-197
-203
-206
-208
-211
-213
-217
-221
-214
-195
-167
-134
-99
-65
-29
13
63
121
188
258
331
405
476
546
613
681
750
823
905
979
1045
1103
1157
1205
1242
1265
1279
1287
1289
1276
1240
1172
1054
898
737
606
502
386
223
9
-224
-437
-607
-730
-828
-935
-1073
-1219
-1343
-1420
-1447
-1439
-1417
-1394
-1379
-1365
-1329
-1254
-1140
-1004
-863
-734
-626
-530
-421
-283
-119
44
183
287
361
426
499
590
684
752
782
778
757
734
722
712
693
650
578
490
398
320
251
186
116
32
-61
-157
-243
-304
-343
-373
-407
-451
-503
-546
-565
-550
-515
-480
-467
-483
-505
-501
-451
-373
-299
-264
-271
-297
-300
-260
-188
-122
-99
-120
-165
-195
-187
-152
-118
-116
-149
-198
-232
-237
-221
-203
-200
-218
-241
-254
-242
-210
-174
-148
-135
-125
-109
-72
-18
49
113
165
204
239
289
360
453
548
629
684
726
771
838
928
1023
1103
1157
1192
1217
1240
1264
1287
1301
1302
1285
1243
1167
1047
900
758
645
552
438
268
45
-194
-405
-560
-664
-757
-877
-1039
-1208
-1334
-1395
-1399
-1381
-1369
-1368
-1370
-1348
-1287
-1181
-1054
-925
-809
-701
-597
-483
-353
-203
-50
90
206
296
369
442
525
615
698
754
773
764
748
740
743
749
738
697
625
542
464
407
360
310
245
155
53
-45
-120
-169
-208
-251
-307
-369
-427
-465
-484
-483
-475
-468
-462
-457
-454
-456
-455
-441
-400
-342
-289
-265
-274
-295
-296
-260
-197
-140
-116
-140
-183
-209
-197
-159
-128
-126
-159
-199
-219
-210
-181
-159
-157
-172
-186
-180
-151
-109
-70
-46
-34
-23
2
48
105
167
219
261
297
340
397
469
549
625
685
733
780
836
903
977
1050
1112
1164
1194
1204
1204
1204
1211
1224
1221
1176
1073
925
764
634
548
474
364
188
-45
-283
-475
-594
-664
-738
-861
-1035
-1214
-1339
-1388
-1374
-1338
-1324
-1347
-1380
-1382
-1325
-1206
-1058
-920
-814
-735
-657
-552
-409
-241
-75
59
155
224
286
362
459
561
648
695
704
691
675
673
689
706
701
661
586
497
421
368
334
296
238
149
44
-55
-129
-170
-195
-224
-275
-349
-425
-480
-501
-489
-465
-460
-490
-544
-588
-587
-536
-466
-416
-412
-443
-471
-459
-396
-310
-246
-235
-266
-300
-297
-246
-181
-136
-141
-184
-229
-240
-208
-156
-124
-131
-169
-204
-212
-181
-131
-89
-75
-83
-91
-78
-37
19
76
119
146
171
208
262
330
399
465
521
573
627
688
757
828
895
959
1020
1077
1128
1163
1180
1186
1188
1192
1196
1179
1118
1007
863
722
612
530
443
314
123
-104
-320
-483
-583
-651
-736
-871
-1044
-1207
-1311
-1338
-1313
-1281
-1279
-1312
-1350
-1346
-1276
-1150
-1004
-881
-797
-733
-661
-548
-392
-220
-62
57
139
204
276
371
481
584
658
694
698
691
688
695
710
716
697
651
585
513
449
398
356
313
250
167
74
-12
-79
-128
-165
-203
-251
-309
-371
-421
-454
-463
-453
-439
-435
-451
-488
-523
-532
-499
-434
-370
-341
-357
-401
-427
-402
-328
-238
-182
-182
-226
-269
-270
-222
-150
-99
-99
-140
-190
-208
-183
-132
-89
-80
-105
-137
-148
-124
-73
-22
8
14
10
18
51
108
169
221
258
285
321
370
431
499
562
619
672
729
789
851
913
973
1033
1093
1143
1178
1191
1188
1179
1174
1169
1148
1087
977
834
684
561
467
378
255
79
-141
-363
-541
-652
-719
-786
-896
-1050
-1214
-1333
-1376
-1349
-1295
-1260
-1266
-1298
-1310
-1263
-1150
-998
-849
-738
-665
-603
-516
-386
-221
-57
79
174
238
297
371
466
566
648
699
717
716
711
712
717
716
701
665
611
546
478
411
350
288
225
159
82
4
-76
-149
-209
-254
-293
-334
-383
-435
-478
-503
-508
-504
-505
-527
-558
-575
-566
-528
-480
-447
-442
-459
-470
-452
-397
-328
-277
-266
-287
-313
-313
-275
-217
-166
-150
-170
-205
-226
-215
-175
-132
-111
-116
-136
-154
-150
-124
-89
-57
-40
-31
-20
2
37
78
120
159
200
243
292
344
394
442
492
548
610
675
733
785
829
875
930
995
1059
1103
1121
1117
1101
1095
1100
1105
1079
1007
888
741
603
494
408
318
187
6
-208
-418
-582
-688
-758
-831
-936
-1076
-1218
-1324
-1364
-1343
-1295
-1257
-1244
-1251
-1246
-1198
-1099
-963
-822
-702
-609
-530
-441
-325
-188
-44
85
189
269
338
410
485
559
621
666
692
706
712
709
701
679
649
610
570
527
479
420
349
274
200
135
81
31
-20
-83
-153
-220
-277
-314
-336
-353
-374
-406
-446
-480
-501
-503
-491
-474
-462
-457
-454
-449
-433
-405
-369
-331
-299
-274
-257
-244
-232
-216
-195
-170
-148
-129
-120
-120
-124
-125
-120
-105
-88
-73
-66
-67
-74
-79
-73
-57
-33
-7
17
36
52
74
103
143
192
246
299
349
396
443
492
545
603
665
728
785
839
887
933
980
1031
1081
1122
1146
1151
1144
1133
1121
1102
1066
997
894
768
635
513
404
296
169
10
-176
-364
-530
-657
-752
-833
-924
-1033
-1147
-1240
-1293
-1300
-1272
-1235
-1203
-1181
-1152
-1099
-1018
-911
-791
-675
-568
-465
-360
-248
-128
-14
91
187
276
362
444
520
579
619
646
663
681
702
715
711
685
637
582
528
486
450
407
350
276
192
112
45
-5
-47
-91
-144
-204
-264
-313
-348
-372
-389
-408
-431
-453
-474
-486
-489
-489
-485
-477
-464
-446
-424
-400
-379
-360
-341
-320
-293
-266
-237
-216
-204
-198
-192
-182
-167
-151
-138
-132
-134
-138
-136
-131
-123
-113
-107
-103
-101
-93
-82
-63
-41
-18
8
38
72
106
146
185
230
279
331
388
443
494
541
588
634
688
744
801
855
901
940
973
1003
1023
1038
1045
1045
1035
1017
984
925
840
732
611
493
383
278
163
26
-137
-314
-486
-632
-743
-827
-904
-989
-1086
-1183
-1260
-1300
-1300
-1274
-1233
-1193
-1153
-1106
-1042
-959
-855
-742
-628
-515
-403
-290
-177
-67
34
128
215
301
387
468
538
590
622
642
656
669
684
692
685
659
614
561
510
464
422
374
318
250
174
101
36
-20
-71
-123
-172
-220
-263
-299
-333
-364
-393
-417
-429
-428
-421
-418
-427
-448
-473
-478
-456
-410
-358
-320
-310
-326
-341
-335
-297
-239
-180
-149
-150
-172
-197
-204
-189
-158
-130
-116
-120
-133
-147
-157
-154
-143
-123
-98
-70
-47
-31
-28
-25
-18
7
56
119
181
227
254
270
291
334
399
479
555
616
658
687
713
752
802
861
921
975
1021
1052
1070
1072
1060
1045
1033
1024
1014
985
917
807
665
516
382
274
185
90
-34
-195
-380
-560
-709
-812
-880
-933
-993
-1065
-1143
-1209
-1246
-1247
-1219
-1172
-1116
-1056
-989
-915
-833
-743
-647
-545
-434
-314
-187
-64
48
141
215
280
347
424
505
580
635
665
673
670
664
664
667
660
641
606
555
500
442
382
324
260
192
127
66
9
-45
-102
-160
-217
-271
-313
-341
-358
-370
-382
-399
-417
-434
-447
-451
-446
-433
-414
-393
-375
-360
-351
-345
-332
-312
-281
-244
-207
-182
-172
-175
-184
-190
-187
-176
-161
-151
-148
-157
-173
-192
-205
-208
-202
-185
-164
-142
-127
-116
-110
-101
-82
-52
-8
44
93
137
172
200
231
267
315
374
438
500
555
598
634
660
689
722
762
808
855
899
933
950
950
934
914
897
884
877
862
822
747
635
496
356
230
124
34
-61
-177
-322
-483
-643
-782
-887
-960
-1014
-1059
-1106
-1156
-1199
-1229
-1241
-1226
-1188
-1127
-1049
-957
-864
-777
-694
-615
-528
-427
-307
-176
-44
72
162
231
287
342
407
476
545
600
634
649
647
635
618
598
573
544
513
478
438
391
333
263
186
111
46
-5
-47
-88
-137
-193
-256
-313
-357
-386
-404
-414
-425
-430
-430
-426
-420
-420
-425
-431
-425
-398
-355
-303
-262
-244
-248
-259
-258
-232
-184
-127
-88
-75
-89
-114
-139
-151
-149
-141
-133
-131
-137
-148
-165
-181
-194
-198
-189
-162
-124
-88
-60
-46
-42
-36
-15
28
90
153
208
250
278
305
336
381
433
492
545
594
634
666
692
712
732
757
789
832
878
917
939
941
923
897
874
861
854
838
798
718
600
461
319
194
89
-2
-95
-206
-338
-483
-629
-754
-854
-925
-978
-1017
-1050
-1079
-1103
-1118
-1120
-1105
-1072
-1014
-930
-831
-725
-625
-538
-463
-387
-301
-196
-76
52
168
263
335
387
434
483
534
587
632
663
678
678
664
638
600
556
511
469
431
396
355
302
234
154
75
6
-48
-87
-119
-156
-196
-246
-296
-339
-371
-392
-403
-403
-397
-386
-376
-371
-374
-382
-386
-375
-345
-300
-251
-214
-195
-194
-198
-195
-178
-150
-117
-90
-79
-84
-99
-121
-140
-152
-158
-155
-146
-136
-131
-136
-153
-171
-185
-180
-156
-120
-78
-47
-31
-24
-19
-2
31
79
136
191
239
279
311
337
363
389
423
464
512
560
601
626
633
629
630
643
678
729
783
824
840
828
799
766
743
734
733
724
688
614
500
361
218
90
-13
-95
-173
-265
-381
-520
-666
-803
-911
-983
-1024
-1044
-1057
-1071
-1086
-1103
-1110
-1098
-1061
-997
-910
-808
-702
-603
-519
-446
-376
-299
-208
-99
18
134
235
312
367
409
444
482
524
565
601
623
626
608
572
525
475
427
384
346
308
266
216
154
83
10
-59
-116
-159
-191
-216
-241
-274
-309
-344
-375
-394
-400
-393
-381
-361
-342
-324
-311
-305
-302
-301
-292
-273
-241
-198
-157
-126
-115
-123
-138
-148
-143
-123
-96
-76
-76
-99
-135
-171
-196
-199
-190
-175
-161
-155
-157
-164
-170
-169
-157
-131
-95
-51
-8
30
58
76
94
118
156
208
265
319
360
388
406
419
437
461
492
524
556
583
604
618
626
628
630
641
664
702
747
784
801
792
761
723
692
677
667
648
598
508
383
241
107
-5
-92
-168
-250
-350
-468
-595
-715
-813
-885
-932
-963
-981
-992
-996
-993
-984
-966
-935
-887
-817
-726
-619
-511
-410
-323
-251
-182
-104
-13
90
195
290
366
423
465
498
529
558
582
599
604
598
576
545
502
450
392
336
286
242
204
161
114
56
-7
-67
-119
-156
-182
-203
-223
-244
-269
-293
-310
-321
-325
-322
-310
-292
-267
-241
-221
-210
-212
-219
-223
-211
-183
-145
-110
-89
-90
-107
-127
-138
-134
-116
-95
-84
-89
-109
-137
-167
-187
-199
-202
-197
-190
-183
-178
-176
-176
-174
-164
-141
-107
-64
-19
22
52
74
93
115
144
183
228
273
316
348
371
386
397
408
426
451
478
505
525
532
529
519
517
524
546
583
622
660
686
696
690
676
656
643
635
623
597
542
451
328
192
61
-47
-128
-195
-268
-362
-482
-615
-741
-842
-907
-941
-957
-966
-977
-990
-997
-994
-975
-935
-879
-805
-715
-616
-514
-418
-335
-262
-196
-125
-41
54
152
244
316
365
397
417
435
457
478
494
498
488
465
431
390
345
296
249
203
159
120
82
40
-4
-55
-109
-159
-196
-221
-232
-238
-246
-258
-276
-293
-305
-309
-300
-280
-255
-225
-200
-184
-183
-190
-202
-210
-204
-179
-145
-114
-96
-103
-128
-156
-177
-181
-169
-150
-141
-149
-174
-209
-244
-266
-273
-264
-245
-221
-199
-183
-175
-170
-165
-152
-125
-86
-35
13
53
83
101
116
133
161
195
236
276
312
341
361
374
381
386
394
409
431
456
477
487
482
472
462
466
487
522
562
593
612
618
620
624
637
655
674
678
659
607
523
414
294
182
89
20
-37
-102
-189
-303
-441
-578
-689
-761
-791
-793
-792
-803
-830
-866
-896
-904
-882
-831
-756
-669
-577
-487
-407
-336
-273
-212
-145
-64
31
132
225
299
345
368
377
386
403
433
461
482
486
468
435
394
351
312
277
248
224
200
175
145
108
63
13
-33
-71
-95
-106
-109
-110
-115
-127
-142
-155
-161
-156
-142
-124
-104
-85
-69
-51
-37
-31
-36
-57
-89
-122
-143
-149
-139
-125
-120
-134
-167
-209
-247
-269
-272
-263
-251
-248
-258
-279
-302
-322
-332
-323
-298
-263
-221
-180
-149
-128
-113
-97
-71
-29
25
84
139
178
202
214
219
230
245
266
291
315
334
346
353
355
353
352
351
354
363
375
387
396
400
403
407
413
426
443
464
486
508
531
555
582
610
634
640
620
560
465
345
222
119
48
1
-44
-113
-221
-364
-519
-652
-741
-778
-777
-765
-764
-784
-819
-856
-876
-872
-843
-788
-714
-626
-534
-442
-364
-304
-257
-213
-157
-82
13
111
194
251
275
279
273
273
283
297
310
316
310
291
262
226
183
142
104
75
58
50
44
32
9
-25
-61
-88
-101
-97
-81
-63
-50
-45
-46
-53
-58
-59
-57
-48
-35
-18
-2
9
9
-5
-34
-70
-106
-133
-148
-153
-156
-166
-190
-227
-270
-306
-328
-333
-326
-313
-305
-306
-317
-333
-344
-351
-341
-319
-284
-240
-195
-154
-121
-99
-86
-76
-57
-28
13
60
107
145
173
189
195
199
206
215
231
251
272
291
304
311
313
315
320
328
338
348
356
363
374
387
405
423
441
455
468
483
501
519
536
548
562
585
619
658
677
652
566
427
266
126
39
10
8
-10
-85
-224
-404
-574
-694
-742
-735
-702
-678
-681
-704
-731
-750
-749
-729
-693
-639
-565
-470
-366
-274
-208
-172
-157
-139
-96
-23
68
153
210
227
217
194
180
181
189
197
195
183
167
149
130
104
73
41
16
8
18
40
63
73
66
50
38
40
60
91
121
142
150
149
144
139
134
128
121
116
112
110
104
86
52
6
-42
-83
-113
-135
-159
-190
-235
-283
-321
-340
-340
-326
-312
-305
-307
-308
-305
-294
-277
-255
-238
-222
-203
-178
-149
-117
-88
-69
-54
-40
-24
-2
22
42
58
68
77
91
110
130
148
163
175
186
200
216
233
249
264
282
303
330
365
392
411
419
424
434
453
484
518
544
557
556
550
546
548
555
564
571
577
587
600
608
590
528
417
271
118
-4
-73
-97
-107
-138
-217
-344
-485
-606
-674
-684
-655
-620
-596
-597
-612
-627
-632
-625
-607
-579
-539
-480
-409
-336
-275
-242
-235
-241
-235
-205
-151
-87
-35
-8
-8
-23
-39
-45
-44
-40
-39
-39
-41
-38
-31
-23
-24
-29
-34
-28
-7
31
73
107
127
134
134
139
153
171
188
198
199
189
175
159
139
116
90
65
43
27
13
-2
-27
-64
-107
-145
-175
-191
-198
-201
-212
-230
-254
-275
-285
-283
-273
-260
-250
-243
-237
-227
-211
-194
-176
-165
-160
-155
-150
-142
-129
-118
-110
-107
-101
-92
-78
-59
-42
-26
-14
-1
14
36
61
86
108
127
146
169
194
221
244
262
278
289
304
320
338
354
366
376
382
388
394
395
390
380
366
353
341
333
330
330
330
330
326
319
311
305
310
328
352
369
362
314
227
120
19
-51
-79
-80
-76
-99
-157
-241
-330
-398
-429
-429
-412
-398
-395
-403
-417
-430
-440
-446
-448
-439
-415
-374
-323
-274
-240
-225
-223
-221
-206
-174
-131
-87
-58
-40
-35
-32
-27
-21
-15
-12
-10
-3
7
20
34
41
42
40
43
56
77
102
122
134
139
144
150
158
167
170
168
159
148
139
129
116
97
71
40
10
-13
-30
-41
-51
-65
-81
-98
-115
-131
-145
-159
-170
-177
-178
-173
-165
-157
-155
-159
-164
-167
-162
-149
-131
-111
-94
-87
-85
-86
-90
-90
-89
-82
-74
-66
-58
-53
-47
-43
-35
-23
-7
14
38
59
81
100
119
136
155
172
188
200
209
216
225
237
252
266
279
286
287
284
283
282
285
288
288
284
274
260
244
232
223
222
225
230
236
238
233
222
213
209
214
223
229
219
185
131
70
17
-16
-29
-34
-43
-69
-114
-168
-213
-241
-249
-249
-246
-249
-261
-275
-285
-292
-295
-300
-304
-302
-292
-271
-243
-219
-203
-200
-201
-199
-186
-164
-138
-117
-105
-103
-105
-107
-104
-99
-95
-88
-83
-77
-67
-55
-46
-38
-35
-30
-21
-7
8
19
27
28
28
28
33
39
42
40
32
21
11
4
1
-2
-10
-22
-38
-56
-70
-80
-87
-94
-104
-118
-129
-138
-141
-137
-132
-127
-124
-122
-118
-112
-102
-92
-86
-82
-84
-86
-87
-84
-79
-74
-73
-75
-75
-76
-73
-64
-54
-46
-39
-34
-30
-22
-12
0
14
26
36
46
56
68
79
89
99
109
119
129
139
148
154
158
162
166
172
177
180
179
175
170
167
167
172
176
178
176
171
164
159
156
155
157
157
156
153
151
147
142
137
131
124
119
115
113
105
94
75
50
26
5
-9
-14
-15
-20
-30
-45
-65
-80
-91
-95
-94
-95
-96
-100
-103
-103
-101
-99
-97
-99
-99
-98
-93
-83
-71
-64
-62
-66
-71
-75
-76
-74
-70
-65
-62
-61
-59
-57
-57
-59
-59
-60
-57
-52
-44
-34
-25
-18
-13
-9
-3
4
12
22
30
38
42
43
42
39
33
29
26
23
21
22
19
17
10
5
0
-3
-4
-4
-4
-4
-7
-10
-12
-15
-15
-13
-11
-6
-1
4
8
11
12
14
14
16
20
23
26
26
24
22
20
19
18
19
22
24
26
29
31
34
37
41
44
48
51
55
58
61
65
70
75
81
84
85
86
85
86
88
91
94
96
95
92
85
78
71
67
66
65
66
67
65
63
59
56
52
51
50
48
46
44
39
33
27
20
13
7
0
-8
-15
-22
-27
-30
-31
-34
-39
-46
-52
-60
-66
-69
-69
-69
-70
-71
-74
-79
-83
-86
-86
-85
-85
-82
-80
-81
-84
-87
-91
-96
-99
-102
-101
-101
-100
-101
-104
-106
-107
-107
-105
-102
-97
-92
-87
-83
-81
-79
-76
-73
-69
-66
-61
-55
-52
-47
-44
-43
-40
-39
-37
-34
-32
-30
-30
-32
-33
-35
-36
-36
-37
-37
-37
-39
-38
-36
-33
-30
-27
-25
-21
-18
-17
-13
-10
-7
-5
-3
-2
0
4
6
7
10
12
13
14
15
18
20
23
26
27
28
29
29
31
33
36
39
41
43
44
44
48
50
53
56
59
60
61
60
59
59
59
57
58
56
56
56
54
50
47
43
40
37
37
38
39
40
39
37
34
32
31
31
33
35
36
36
35
32
30
27
25
22
21
19
17
14
12
8
5
2
0
-3
-6
-7
-9
-9
-10
-9
-9
-11
-12
-13
-13
-13
-14
-14
-14
-15
-15
-13
-14
-15
-17
-18
-21
-23
-24
-24
-25
-24
-23
-26
-26
-28
-29
-29
-30
-28
-26
-24
-23
-21
-22
-23
-24
-26
-25
-24
-21
-20
-20
-19
-18
-20
-19
-18
-17
-16
-13
-12
-11
-11
-11
-11
-10
-8
-8
-7
-5
-3
-1
1
2
3
3
5
7
8
10
10
11
11
10
11
10
9
9
9
10
10
10
11
11
11
11
12
12
13
14
14
17
19
22
23
23
24
24
24
24
24
25
26
28
29
29
29
28
26
25
25
24
26
26
26
27
27
24
23
22
20
20
20
20
21
21
22
20
18
16
14
13
12
11
11
10
9
6
4
2
0
-1
-2
-3
-3
-3
-5
-6
-7
-9
-10
-12
-12
-13
-14
-14
-15
-16
-18
-19
-20
-21
-23
-24
-25
-25
-27
-28
-29
-31
-31
-33
-33
-33
-34
-35
-35
-37
-37
-38
-39
-40
-40
-41
-41
-42
-42
-42
-43
-42
-43
-43
-43
-43
-43
-44
-43
-43
-43
-43
-42
-42
-42
-42
-41
-41
-40
-38
-37
-35
-34
-33
-32
-31
-30
-30
-28
-27
-26
-24
-22
-20
-19
-17
-17
-16
-15
-13
-12
-11
-10
-8
-7
-5
-5
-4
-2
-1
-1
0
3
3
4
5
5
7
9
9
10
11
13
12
13
13
14
14
14
15
16
17
16
16
15
16
15
15
15
14
14
13
11
10
7
6
4
3
1
0
-2
-4
-5
-8
-9
-12
-13
-14
-17
-16
-18
-19
-20
-23
-24
-25
-27
-27
-28
-27
-27
-28
-29
-29
-30
-32
-33
-33
-33
-33
-33
-33
-33
-33
-33
-34
-34
-34
-35
-34
-35
-36
-35
-36
-37
-38
-40
-41
-41
-41
-41
-40
-37
-37
-35
-34
-31
-28
-25
-19
-12
-4
5
17
29
42
57
73
90
108
127
149
170
191
212
232
253
272
290
307
324
338
352
363
374
380
385
386
385
383
378
372
363
352
339
326
311
292
275
256
238
219
201
183
164
147
129
111
95
79
66
53
40
29
18
8
-1
-9
-16
-22
-29
-32
-37
-40
-44
-47
-51
-54
-57
-57
-58
-60
-61
-62
-63
-65
-67
-67
-68
-69
-69
-69
-69
-69
-69
-70
-72
-73
-74
-74
-76
-76
-77
-79
-80
-81
-81
-83
-83
-85
-86
-86
-86
-88
-87
-88
-88
-90
-91
-91
-93
-94
-96
-95
-96
-97
-96
-98
-98
-99
-100
-101
-103
-103
-103
-103
-101
-100
-99
-97
-96
-94
-92
-90
-87
-83
-79
-75
-70
-65
-60
-56
-52
-47
-42
-35
-27
-21
-14
-9
-2
3
7
13
19
24
30
35
39
42
45
49
51
53
56
58
57
58
59
58
57
55
54
50
47
44
40
36
30
25
19
13
7
0
-7
-15
-22
-32
-39
-47
-56
-65
-72
-82
-91
-101
-110
-119
-128
-136
-143
-150
-156
-161
-164
-168
-171
-175
-178
-180
-181
-181
-180
-180
-180
-181
-183
-184
-187
-189
-190
-192
-193
-194
-193
-195
-197
-200
-204
-209
-215
-221
-227
-234
-241
-249
-257
-265
-272
-280
-287
-294
-300
-302
-304
-305
-302
-300
-294
-286
-278
-266
-251
-233
-210
-182
-152
-116
-76
-34
11
60
107
157
208
258
307
354
400
442
481
516
546
572
592
608
618
624
624
621
614
602
587
571
553
533
515
494
474
455
434
415
396
376
356
337
319
301
284
267
252
237
223
210
198
187
177
166
155
142
128
112
93
75
54
31
8
-12
-32
-51
-67
-83
-93
-102
-109
-113
-116
-118
-119
-120
-123
-130
-142
-157
-180
-208
-241
-278
-317
-355
-392
-424
-450
-471
-482
-484
-475
-457
-430
-395
-351
-301
-249
-192
-136
-81
-29
20
66
108
144
176
202
221
232
233
223
199
163
111
45
-34
-127
-231
-343
-461
-581
-697
-808
-906
-989
-1052
-1094
-1114
-1107
-1079
-1028
-956
-867
-763
-647
-523
-395
-266
-140
-19
93
198
289
368
435
488
532
563
583
595
596
588
572
550
520
487
449
412
373
334
297
264
234
207
185
168
155
149
149
153
162
174
188
202
215
224
229
229
224
215
201
183
162
139
119
97
80
65
54
47
44
43
46
54
63
76
88
105
124
145
167
187
206
224
237
247
250
247
238
224
205
181
153
126
97
70
49
34
26
26
34
44
58
69
75
70
56
29
-11
-60
-115
-171
-225
-272
-307
-332
-342
-339
-324
-299
-264
-224
-180
-136
-91
-52
-16
12
32
45
48
43
30
13
-8
-29
-52
-71
-87
-100
-106
-110
-108
-104
-95
-84
-70
-55
-39
-22
-6
9
20
30
35
35
30
19
3
-19
-47
-79
-116
-157
-199
-245
-288
-330
-370
-403
-428
-445
-451
-448
-435
-415
-389
-358
-325
-294
-265
-239
-218
-201
-187
-176
-164
-151
-134
-115
-89
-57
-15
33
91
158
233
309
386
456
514
553
565
548
498
417
308
178
36
-108
-247
-369
-471
-549
-599
-627
-634
-623
-599
-569
-529
-488
-445
-399
-355
-309
-264
-218
-170
-123
-76
-29
15
55
92
118
138
148
152
150
145
140
136
135
133
132
127
113
90
53
4
-58
-129
-206
-282
-350
-408
-452
-479
-487
-479
-457
-421
-377
-330
-278
-227
-178
-133
-89
-47
-7
32
71
109
146
184
219
251
279
304
322
338
347
354
356
355
353
350
345
344
341
341
342
344
349
351
352
345
336
318
294
265
231
194
161
129
103
85
71
67
67
73
85
99
120
144
173
204
238
274
309
340
365
380
383
371
345
305
253
191
124
59
-3
-52
-86
-104
-107
-96
-76
-52
-30
-15
-8
-12
-23
-39
-54
-65
-65
-56
-31
1
41
86
128
164
190
203
204
192
168
136
99
58
19
-16
-45
-70
-87
-97
-100
-96
-87
-72
-51
-27
2
35
70
106
138
165
184
189
181
157
119
66
5
-62
-129
-193
-249
-293
-322
-337
-336
-322
-295
-262
-220
-178
-135
-96
-61
-32
-9
7
19
27
32
34
36
36
33
29
23
15
3
-9
-24
-39
-52
-65
-76
-86
-95
-103
-111
-117
-127
-137
-150
-166
-184
-203
-225
-248
-270
-290
-308
-320
-324
-320
-307
-284
-255
-220
-179
-136
-93
-52
-15
18
45
66
82
94
100
102
103
100
94
89
82
76
69
64
59
54
49
43
37
28
17
4
-11
-27
-42
-57
-71
-79
-85
-85
-80
-71
-58
-41
-23
-6
8
20
28
30
29
25
19
10
2
-6
-10
-13
-16
-16
-18
-18
-22
-27
-32
-37
-44
-50
-55
-55
-50
-43
-28
-10
13
39
67
98
127
155
182
205
225
241
252
260
262
262
260
255
247
238
229
220
214
209
208
210
213
218
222
226
227
226
220
209
194
174
149
121
89
55
20
-16
-52
-85
-117
-145
-168
-187
-201
-209
-210
-207
-198
-187
-170
-150
-130
-108
-86
-67
-48
-31
-17
-7
2
6
8
6
2
-4
-12
-25
-37
-50
-61
-73
-82
-87
-90
-86
-79
-68
-55
-40
-22
-4
13
31
46
59
70
77
82
84
82
78
71
63
53
43
33
24
18
12
8
8
8
10
12
14
15
14
10
2
-8
-22
-38
-55
-76
-96
-117
-136
-155
-171
-185
-196
-205
-212
-215
-215
-214
-208
-203
-193
-182
-169
-156
-140
-126
-111
-93
-79
-60
-44
-26
-8
11
30
52
74
99
124
150
176
203
230
256
279
301
321
337
348
356
361
360
354
344
333
317
300
281
260
240
220
199
179
161
143
126
110
95
78
63
46
29
12
-6
-26
-46
-66
-87
-107
-128
-147
-164
-179
-192
-202
-208
-214
-215
-217
-216
-213
-209
-203
-196
-188
-179
-167
-156
-141
-128
-112
-97
-82
-66
-51
-38
-23
-11
1
12
25
36
48
60
70
79
88
93
99
102
103
102
102
100
96
94
90
88
83
79
74
68
61
53
44
35
26
18
11
6
2
0
-2
-3
-4
-5
-4
-7
-10
-13
-15
-17
-17
-12
-6
3
15
32
49
68
86
101
113
121
124
120
113
102
87
70
53
36
22
10
3
-4
-7
-8
-8
-9
-13
-18
-28
-41
-58
-78
-99
-120
-142
-159
-174
-185
-192
-196
-195
-192
-189
-183
-178
-173
-170
-165
-161
-156
-150
-141
-130
-116
-101
-82
-64
-46
-29
-13
0
11
17
21
22
21
17
13
7
2
-4
-11
-18
-26
-34
-41
-50
-60
-70
-79
-90
-100
-110
-121
-130
-139
-146
-152
-156
-160
-160
-158
-153
-146
-136
-124
-107
-87
-65
-41
-17
8
31
53
72
88
100
107
109
108
104
98
89
79
70
62
54
46
42
38
34
33
29
27
24
23
20
19
18
18
20
22
26
30
35
40
43
47
48
51
50
48
46
43
39
35
30
26
22
20
18
16
17
17
17
20
22
26
29
34
40
43
48
53
57
61
62
63
63
63
61
60
58
55
53
49
48
45
43
40
36
31
26
19
11
2
-5
-13
-23
-30
-38
-45
-51
-57
-61
-67
-69
-72
-74
-77
-78
-79
-79
-80
-80
-79
-79
-80
-79
-79
-79
-77
-75
-72
-69
-65
-60
-53
-47
-40
-31
-23
-14
-7
3
11
20
28
36
45
52
60
68
76
83
91
100
107
117
126
135
142
152
161
167
174
180
184
188
190
189
186
182
174
166
155
144
130
116
102
89
77
68
58
51
46
41
37
32
26
21
14
5
-2
-10
-18
-25
-32
-39
-45
-51
-58
-67
-79
-90
-105
-122
-141
-160
-179
-196
-213
-226
-234
-238
-238
-232
-223
-210
-194
-175
-152
-131
-109
-86
-67
-48
-30
-17
-6
5
12
18
23
27
31
32
34
35
37
38
38
39
40
41
41
43
45
47
50
55
58
62
64
65
64
61
57
49
40
29
19
7
-4
-14
-25
-32
-39
-45
-49
-51
-54
-55
-56
-57
-56
-57
-56
-54
-52
-51
-47
-45
-41
-38
-33
-29
-26
-22
-17
-13
-10
-6
-2
1
7
12
16
20
25
30
35
40
44
48
52
55
58
61
60
62
62
60
58
56
52
49
46
41
36
31
28
23
18
15
13
11
10
9
9
9
10
11
12
12
14
13
13
13
12
12
11
11
11
11
10
10
9
9
8
8
8
8
8
8
9
10
10
11
12
12
11
11
9
8
7
3
2
0
-3
-5
-7
-10
-13
-15
-19
-20
-23
-27
-30
-32
-35
-37
-38
-38
-37
-36
-35
-34
-32
-31
-29
-29
-28
-26
-26
-26
-26
-26
-28
-29
-31
-34
-38
-42
-45
-51
-55
-58
-60
-62
-62
-62
-59
-55
-49
-43
-34
-26
-16
-6
6
17
28
40
51
62
72
83
92
101
109
115
122
128
135
141
145
150
155
159
162
165
166
165
163
158
153
147
138
128
119
108
96
85
72
61
50
39
30
21
14
9
5
2
1
2
3
6
9
12
17
21
27
30
35
38
42
45
48
50
51
51
51
48
44
39
34
27
21
14
6
-2
-9
-18
-27
-35
-44
-53
-64
-74
-86
-96
-108
-119
-130
-141
-151
-161
-170
-177
-186
-193
-198
-203
-208
-211
-213
-214
-214
-213
-210
-208
-203
-198
-192
-187
-179
-173
-166
-158
-151
-143
-134
-129
-122
-116
-110
-105
-99
-95
-89
-84
-79
-72
-66
-59
-53
-46
-39
-33
-26
-20
-15
-12
-8
-5
-1
1
5
8
12
15
21
25
30
37
42
48
54
60
66
70
76
79
83
84
87
86
85
84
81
79
75
70
65
62
57
52
49
44
41
37
36
32
32
31
31
30
30
31
31
33
33
35
37
39
41
43
46
48
51
53
56
59
61
65
68
69
73
75
78
80
83
84
86
87
89
90
91
92
93
92
93
94
92
91
90
88
87
84
80
79
76
72
69
66
63
60
55
53
49
46
43
39
36
34
31
28
24
23
20
19
17
16
16
16
15
16
18
20
21
24
26
26
28
29
30
30
31
29
28
24
23
19
15
11
5
-1
-9
-16
-24
-32
-42
-51
-60
-70
-79
-89
-98
-108
-117
-126
-135
-144
-152
-161
-169
-176
-183
-189
-193
-197
-199
-200
-197
-193
-188
-179
-169
-157
-145
-131
-117
-100
-86
-70
-55
-42
-29
-17
-7
3
12
20
26
31
36
39
41
43
45
44
44
42
42
40
39
38
38
37
38
37
40
42
45
48
52
57
60
64
68
72
76
79
82
86
90
93
96
98
101
103
104
107
108
108
108
106
105
101
98
93
89
83
77
70
65
57
50
44
37
30
23
16
11
5
-2
-8
-13
-18
-24
-28
-33
-36
-39
-43
-46
-47
-48
-50
-50
-50
-49
-48
-45
-43
-42
-39
-35
-31
-27
-23
-19
-15
-10
-6
-1
6
10
16
21
28
35
42
47
54
59
65
70
75
79
81
83
83
81
79
74
69
63
57
49
40
32
23
14
6
-2
-8
-15
-22
-28
-34
-41
-46
-53
-61
-69
-78
-85
-95
-106
-117
-127
-136
-146
-156
-164
-171
-177
-181
-184
-187
-185
-183
-181
-176
-171
-165
-158
-150
-142
-134
-125
-115
-107
-97
-90
-80
-71
-62
-53
-45
-37
-29
-22
-15
-9
-3
2
7
12
15
19
22
24
26
27
28
29
29
29
29
28
29
29
29
30
29
30
32
33
33
35
35
37
37
38
38
37
37
35
32
29
23
19
13
7
-1
-8
-15
-23
-31
-39
-46
-53
-59
-65
-71
-75
-78
-81
-81
-82
-82
-80
-77
-73
-70
-65
-59
-52
-45
-38
-30
-23
-13
-6
3
11
19
27
34
43
50
56
63
68
73
77
80
83
84
84
83
82
79
77
73
70
65
62
57
53
49
45
43
41
38
38
38
39
38
40
42
43
45
47
48
50
53
53
55
57
59
60
62
64
67
68
70
73
75
76
78
79
79
80
80
80
78
76
75
73
72
69
66
63
61
58
56
54
51
49
47
45
44
42
42
40
39
39
37
37
37
36
35
35
33
33
32
31
30
28
28
26
25
25
23
23
23
22
24
24
24
25
26
28
28
28
30
30
28
29
28
28
27
25
23
21
20
18
15
14
12
10
9
8
6
5
4
4
3
3
2
1
1
1
1
0
-1
-1
-3
-4
-4
-6
-7
-8
-10
-11
-14
-16
-17
-19
-21
-22
-24
-26
-26
-28
-29
-30
-32
-31
-31
-32
-31
-30
-30
-29
-28
-26
-27
-24
-21
-21
-20
-17
-17
-16
-14
-13
-13
-10
-9
-8
-8
-6
-7
-6
-6
-5
-5
-4
-3
-4
-4
-3
-4
-5
-7
-7
-8
-9
-11
-13
-14
-17
-20
-23
-27
-30
-33
-37
-41
-46
-49
-54
-57
-61
-63
-66
-69
-71
-73
-74
-75
-77
-78
-79
-77
-78
-77
-77
-76
-74
-74
-72
-70
-69
-68
-66
-66
-64
-63
-63
-62
-62
-61
-63
-64
-66
-67
-68
-70
-72
-73
-75
-76
-78
-80
-80
-80
-80
-80
-78
-76
-75
-72
-69
-66
-61
-57
-53
-46
-41
-34
-28
-21
-14
-8
-1
7
13
19
25
33
39
44
49
55
60
64
69
74
76
81
84
87
88
90
91
91
91
90
89
86
83
79
75
70
65
58
52
45
38
32
24
16
9
1
-6
-13
-20
-26
-32
-38
-44
-49
-52
-57
-60
-62
-64
-65
-67
-66
-67
-67
-67
-66
-64
-64
-62
-60
-59
-57
-55
-52
-50
-48
-44
-40
-37
-33
-29
-25
-22
-18
-14
-10
-6
-4
0
4
7
10
13
15
19
21
24
27
29
31
32
34
35
36
39
40
39
40
40
41
41
40
41
41
40
40
39
39
38
36
36
35
34
32
32
30
29
27
27
25
23
22
21
19
17
16
14
13
12
11
9
7
7
6
5
2
1
0
-1
-2
-3
-3
-4
-4
-5
-5
-4
-4
-4
-4
-3
-3
-2
0
-1
1
2
2
2
3
4
4
4
5
6
6
5
7
6
7
8
8
8
8
8
8
8
9
8
9
8
8
8
8
8
8
8
7
8
7
6
6
6
6
4
4
3
2
1
0
-1
-3
-4
-7
-7
-8
-10
-11
-13
-14
-16
-17
-19
-20
-22
-24
-26
-29
-29
-32
-33
-35
-36
-37
-39
-40
-41
-41
-41
-43
-42
-44
-43
-43
-44
-44
-44
-43
-43
-43
-42
-41
-41
-41
-40
-39
-38
-36
-36
-34
-34
-33
-32
-30
-29
-28
-27
-26
-25
-24
-22
-21
-20
-19
-18
-17
-16
-16
-15
-15
-15
-13
-13
-14
-13
-13
-12
-12
-11
-10
-11
-11
-11
-10
-10
-10
-10
-10
-10
-10
-9
-10
-11
-11
-12
-11
-11
-11
-11
-12
-12
-11
-11
-12
-10
-10
-10
-10
-9
-9
-9
-8
-8
-7
-7
-7
-6
-6
-4
-4
-4
-3
-2
0
-1
0
2
3
4
4
5
6
7
8
9
10
11
11
12
13
14
15
16
16
17
18
18
18
19
19
20
21
22
22
22
23
24
25
25
25
27
27
27
27
28
29
29
29
29
28
28
28
27
27
28
26
26
26
25
24
24
23
22
22
22
22
22
22
21
21
21
21
22
22
23
24
24
25
27
28
28
29
31
31
33
34
34
37
36
37
38
39
40
40
41
42
43
43
43
44
43
43
42
41
41
39
38
36
33
31
28
26
23
19
15
12
9
4
0
-4
-9
-12
-18
-22
-26
-30
-36
-39
-44
-47
-50
-52
-55
-57
-58
-59
-60
-59
-60
-58
-57
-55
-55
-51
-49
-46
-42
-39
-36
-33
-28
-25
-21
-17
-14
-11
-7
-4
-1
1
4
6
9
10
12
13
14
15
16
16
17
16
16
16
16
15
14
15
13
13
13
11
11
10
10
9
9
9
9
9
9
8
10
10
11
10
11
12
13
13
12
13
13
13
13
13
13
12
12
12
11
12
10
9
9
8
7
6
5
4
2
2
0
-1
-2
-3
-3
-5
-6
-7
-8
-8
-10
-11
-12
-14
-14
-15
-15
-16
-17
-16
-17
-16
-16
-14
-13
-12
-10
-9
-8
-6
-4
-3
-1
0
1
1
1
1
2
0
0
-1
-2
-3
-6
-8
-10
-13
-15
-16
-18
-21
-23
-24
-24
-24
-25
-24
-24
-23
-20
-18
-15
-11
-9
-5
-1
2
6
10
13
15
18
19
20
20
21
19
17
15
11
9
5
0
-5
-10
-14
-20
-24
-29
-33
-36
-40
-42
-44
-47
-47
-47
-47
-45
-44
-42
-40
-38
-36
-34
-31
-28
-25
-24
-20
-18
-18
-16
-15
-14
-13
-12
-10
-10
-10
-8
-8
-7
-6
-5
-5
-3
-1
0
2
4
6
8
10
13
16
19
22
25
28
32
34
38
41
44
47
50
51
53
55
56
57
59
58
59
58
58
56
55
53
50
49
45
43
39
36
33
30
26
24
20
19
16
14
12
10
9
8
7
8
8
8
8
8
9
9
9
11
11
12
13
14
16
17
18
19
21
21
22
22
22
22
23
23
22
22
22
21
21
21
21
21
20
21
20
20
20
18
18
18
18
17
17
16
17
15
14
14
14
13
13
11
11
9
6
6
4
2
0
-3
-5
-8
-11
-14
-16
-19
-21
-24
-25
-28
-31
-33
-35
-37
-40
-40
-41
-43
-45
-46
-47
-47
-48
-49
-50
-49
-49
-50
-49
-49
-48
-47
-45
-44
-42
-42
-40
-37
-35
-33
-31
-27
-25
-23
-20
-17
-15
-13
-11
-9
-7
-6
-5
-4
-5
-4
-4
-4
-5
-7
-7
-8
-10
-11
-14
-15
-18
-19
-22
-24
-26
-28
-30
-33
-33
-35
-37
-38
-39
-40
-40
-40
-41
-40
-39
-39
-38
-37
-36
-34
-32
-29
-27
-25
-23
-20
-17
-15
-12
-10
-7
-6
-4
-2
-1
0
1
1
2
2
1
0
0
-2
-4
-6
-8
-11
-13
-16
-20
-22
-26
-29
-32
-34
-39
-41
-44
-48
-50
-53
-55
-56
-60
-61
-63
-64
-65
-66
-68
-68
-67
-67
-67
-65
-65
-63
-61
-58
-54
-52
-47
-42
-38
-32
-26
-20
-14
-8
-1
4
10
16
22
27
31
34
38
41
44
44
45
44
43
42
39
37
33
29
25
20
16
12
8
5
1
0
-2
-3
-2
-2
1
3
7
12
18
23
29
37
44
52
60
66
73
80
85
91
93
97
99
101
100
99
96
93
88
82
77
70
64
57
50
43
37
30
24
19
14
10
6
3
2
0
0
0
0
2
2
4
6
8
11
14
16
18
19
22
23
24
24
25
25
25
25
25
24
23
23
22
21
20
20
19
18
17
17
16
15
14
14
13
13
12
12
13
12
13
14
15
17
19
21
24
28
31
34
38
43
47
51
56
59
64
68
72
74
75
77
76
76
75
73
71
67
64
59
54
49
45
40
34
30
25
21
17
13
10
7
3
0
-2
-5
-8
-11
-13
-17
-19
-23
-25
-28
-31
-34
-37
-38
-40
-42
-42
-43
-43
-40
-38
-35
-32
-29
-23
-18
-13
-7
-2
4
9
14
19
23
27
29
31
33
33
33
33
30
29
25
22
18
13
8
3
-3
-9
-15
-21
-29
-35
-42
-48
-54
-61
-66
-73
-78
-83
-88
-93
-97
-101
-104
-108
-111
-113
-116
-117
-119
-119
-119
-119
-118
-117
-117
-114
-113
-111
-108
-106
-103
-101
-97
-94
-92
-87
-85
-81
-77
-73
-69
-65
-61
-57
-54
-49
-46
-42
-39
-35
-31
-27
-25
-21
-18
-15
-12
-8
-6
-3
1
3
6
9
13
16
18
21
25
28
30
34
36
39
41
43
44
46
47
48
47
47
45
43
41
38
35
31
28
22
18
11
7
3
-3
-8
-13
-17
-20
-25
-27
-28
-31
-32
-32
-32
-32
-31
-29
-28
-25
-22
-19
-17
-13
-9
-8
-4
-1
2
5
7
10
13
16
17
22
25
27
31
32
36
39
43
46
49
52
57
59
62
65
67
69
71
72
74
73
74
73
73
73
70
68
66
63
62
60
57
54
50
48
46
43
41
38
36
34
32
31
29
28
27
26
26
25
24
23
23
22
21
22
21
20
19
17
17
16
16
14
12
11
9
8
7
4
4
2
1
1
0
0
0
0
1
2
3
6
6
9
11
15
17
20
24
27
30
32
35
37
39
41
42
42
42
42
42
40
38
36
33
30
25
21
16
12
6
0
-6
-13
-20
-27
-33
-39
-46
-53
-59
-64
-69
-73
-76
-79
-81
-81
-81
-79
-77
-74
-70
-66
-59
-54
-48
-41
-34
-26
-20
-13
-5
0
6
12
16
21
24
28
30
33
35
36
37
37
35
34
33
31
29
27
24
21
17
14
10
6
2
-2
-6
-9
-13
-17
-21
-24
-27
-30
-32
-34
-36
-37
-39
-39
-40
-41
-41
-42
-42
-42
-42
-42
-42
-42
-43
-42
-42
-42
-42
-42
-41
-41
-40
-40
-40
-38
-38
-38
-37
-35
-35
-34
-33
-32
-31
-29
-29
-28
-27
-25
-24
-23
-22
-20
-19
-17
-16
-14
-12
-10
-8
-7
-4
-3
0
1
2
5
6
8
10
10
12
13
13
13
13
12
11
11
10
8
6
5
4
1
0
-2
-3
-5
-8
-9
-10
-11
-12
-13
-13
-14
-15
-15
-15
-15
-15
-15
-15
-14
-14
-14
-14
-14
-13
-13
-14
-13
-13
-13
-13
-15
-16
-16
-17
-18
-19
-21
-22
-23
-25
-26
-27
-27
-28
-28
-29
-29
-29
-29
-28
-27
-26
-25
-23
-22
-20
-18
-16
-14
-12
-10
-7
-5
-3
-1
1
3
5
8
9
11
12
14
14
17
16
18
17
16
16
15
14
12
10
7
5
3
-1
-4
-7
-10
-13
-16
-19
-22
-23
-25
-27
-29
-30
-31
-31
-32
-31
-31
-30
-29
-27
-25
-22
-20
-16
-14
-9
-5
0
4
10
15
21
27
32
38
44
50
55
60
64
68
71
74
76
76
77
77
75
72
69
65
61
55
49
42
34
27
19
13
5
-1
-7
-14
-19
-24
-29
-31
-34
-35
-37
-37
-35
-35
-33
-31
-27
-24
-20
-15
-12
-7
-2
2
7
11
16
20
24
28
31
34
37
39
40
42
42
43
43
43
42
42
41
40
38
36
33
30
28
26
23
20
16
14
11
7
5
2
-1
-2
-4
-7
-9
-11
-12
-14
-15
-16
-16
-18
-18
-19
-18
-19
-19
-18
-19
-18
-17
-16
-15
-14
-13
-12
-10
-8
-7
-6
-4
-2
-2
0
1
2
2
4
5
5
6
6
7
7
6
7
6
5
4
5
4
3
2
0
-2
-3
-4
-5
-7
-9
-11
-12
-14
-15
-17
-17
-19
-21
-21
-21
-22
-22
-23
-23
-24
-24
-23
-23
-23
-22
-23
-23
-22
-21
-21
-21
-21
-22
-21
-21
-22
-21
-21
-20
-19
-19
-17
-15
-13
-11
-8
-6
-3
1
5
7
12
15
19
23
26
29
31
34
35
36
37
38
38
38
38
36
35
33
32
31
29
27
26
25
23
23
21
20
20
19
19
20
20
18
19
18
18
17
16
15
13
11
9
7
5
3
0
-3
-6
-10
-14
-18
-20
-23
-27
-31
-32
-35
-37
-39
-42
-42
-43
-44
-44
-45
-46
-46
-44
-43
-43
-43
-41
-40
-39
-38
-37
-36
-33
-32
-30
-27
-25
-22
-18
-14
-9
-4
1
8
15
21
31
39
49
58
68
78
89
98
108
117
126
135
142
149
154
159
162
164
166
165
163
160
155
148
141
131
121
109
97
82
65
50
33
14
-4
-22
-40
-59
-76
-93
-110
-124
-138
-151
-160
-169
-175
-180
-183
-183
-183
-179
-174
-168
-160
-151
-141
-131
-120
-110
-98
-87
-78
-69
-59
-51
-44
-38
-32
-28
-25
-21
-20
-18
-17
-16
-15
-14
-15
-13
-13
-13
-11
-9
-8
-7
-7
-5
-6
-6
-6
-7
-10
-13
-17
-22
-27
-33
-39
-47
-54
-60
-67
-72
-77
-81
-82
-81
-78
-73
-66
-56
-43
-28
-11
9
31
53
77
101
126
150
173
197
217
236
253
269
280
291
298
303
306
306
306
303
299
294
288
282
274
267
259
252
244
235
226
217
205
194
180
164
148
128
107
83
57
29
1
-31
-63
-95
-128
-159
-190
-218
-246
-268
-287
-302
-314
-320
-322
-320
-313
-303
-287
-270
-249
-227
-203
-178
-152
-128
-104
-83
-62
-43
-28
-14
-3
5
11
15
17
17
17
14
11
6
1
-4
-10
-17
-22
-29
-36
-43
-51
-57
-64
-71
-79
-86
-94
-100
-107
-114
-119
-123
-128
-131
-133
-134
-133
-131
-127
-122
-115
-108
-99
-89
-77
-66
-53
-40
-27
-13
0
12
23
34
42
51
57
62
67
69
71
69
67
64
59
53
46
39
31
24
15
9
1
-6
-12
-17
-20
-24
-25
-26
-25
-23
-22
-18
-14
-11
-6
-1
2
5
9
12
14
15
16
16
15
15
13
9
8
4
1
-2
-6
-9
-12
-14
-17
-19
-22
-23
-23
-24
-24
-23
-23
-20
-19
-16
-14
-11
-8
-5
-2
3
6
10
13
16
21
23
27
27
30
32
32
33
33
32
32
30
29
27
24
22
20
17
15
12
12
10
9
7
7
7
8
8
9
11
13
13
14
16
18
19
21
23
23
24
26
27
27
29
29
31
31
31
31
31
31
31
30
30
29
27
27
24
21
19
16
12
8
4
-1
-5
-10
-16
-21
-27
-32
-38
-42
-47
-52
-55
-59
-62
-65
-67
-69
-70
-71
-70
-68
-67
-65
-62
-58
-53
-49
-44
-37
-31
-25
-18
-11
-4
3
9
17
23
30
36
42
46
52
55
59
62
65
67
70
72
74
75
77
78
81
82
84
85
88
90
91
94
95
96
97
98
99
99
98
96
95
93
88
86
82
77
72
67
62
56
50
45
39
32
26
21
15
10
4
-2
-6
-10
-14
-16
-19
-20
-21
-21
-21
-18
-16
-12
-7
-3
3
9
16
23
28
34
38
42
44
43
41
39
33
24
14
2
-12
-27
-44
-60
-78
-94
-110
-125
-137
-145
-152
-155
-156
-152
-144
-135
-122
-107
-89
-71
-52
-34
-14
3
18
31
40
47
50
48
44
37
26
11
-6
-24
-43
-64
-85
-104
-124
-141
-157
-170
-181
-189
-193
-195
-193
-188
-181
-171
-160
-147
-133
-116
-101
-84
-68
-53
-37
-24
-9
3
15
26
35
43
50
58
63
68
73
78
83
88
93
98
104
109
115
122
129
135
142
147
153
158
162
165
167
166
165
163
156
150
142
131
120
107
94
80
68
55
42
32
23
16
12
8
8
9
14
19
25
33
41
50
57
64
68
70
71
69
63
56
46
32
17
1
-17
-35
-55
-73
-92
-108
-123
-135
-145
-154
-157
-159
-159
-155
-150
-142
-133
-123
-112
-100
-88
-77
-66
-56
-47
-38
-31
-25
-20
-15
-11
-8
-5
-2
1
3
7
11
14
19
24
30
37
43
50
58
65
71
80
86
94
99
105
110
114
116
119
119
119
118
116
112
108
104
98
91
83
76
67
57
48
39
30
20
10
1
-7
-14
-22
-30
-36
-41
-47
-52
-55
-57
-60
-61
-61
-62
-60
-59
-58
-55
-52
-49
-45
-41
-37
-32
-29
-26
-22
-19
-15
-12
-9
-7
-5
-4
-4
-3
-3
-3
-3
-3
-4
-3
-4
-2
-1
0
1
3
6
9
12
16
18
22
24
27
29
30
31
30
28
26
22
18
12
6
-1
-8
-16
-24
-32
-41
-47
-55
-62
-68
-73
-76
-80
-82
-83
-84
-83
-82
-80
-78
-75
-72
-69
-66
-63
-58
-56
-52
-49
-44
-41
-38
-33
-30
-26
-23
-19
-15
-11
-7
-5
-1
2
5
7
9
11
13
14
15
16
16
17
18
17
17
16
17
16
15
15
14
14
14
14
14
13
13
14
13
14
13
13
14
15
14
15
16
16
17
18
19
20
21
22
23
25
25
27
27
27
27
28
28
28
27
27
25
24
23
21
19
18
17
15
14
12
11
11
10
8
7
7
7
6
5
4
3
1
1
0
-2
-5
-6
-8
-9
-12
-14
-16
-17
-19
-20
-20
-20
-20
-19
-18
-16
-13
-9
-5
-2
3
8
13
18
22
27
32
36
38
41
43
43
44
43
41
37
34
30
25
18
12
6
-1
-7
-14
-20
-25
-32
-37
-42
-44
-48
-50
-51
-51
-51
-50
-48
-46
-44
-40
-38
-35
-31
-29
-26
-23
-22
-19
-18
-16
-14
-14
-14
-14
-13
-13
-14
-14
-15
-14
-14
-14
-14
-14
-14
-15
-14
-15
-15
-15
-15
-16
-16
-17
-19
-20
-21
-21
-22
-22
-22
-22
-20
-19
-16
-14
-8
-3
3
9
16
22
30
38
46
54
60
64
70
73
75
76
77
76
72
68
63
58
51
44
37
30
24
17
12
7
5
3
1
2
3
5
8
13
16
22
27
31
36
39
42
44
47
47
46
45
42
37
34
29
24
18
12
5
0
-6
-11
-16
-19
-24
-26
-28
-30
-32
-32
-31
-31
-30
-29
-28
-27
-26
-25
-23
-23
-22
-22
-21
-22
-22
-22
-22
-23
-24
-24
-25
-24
-25
-25
-25
-24
-25
-24
-22
-22
-20
-18
-16
-15
-13
-12
-9
-8
-5
-4
-3
-1
1
1
2
3
3
3
3
4
5
3
3
2
2
2
0
0
-1
0
-1
-1
-1
-2
-2
-1
-2
-1
-1
-1
-1
-1
0
-1
-2
-2
-2
-3
-3
-4
-6
-6
-7
-8
-9
-9
-10
-11
-12
-12
-12
-13
-13
-13
-12
-13
-12
-13
-12
-13
-12
-13
-13
-13
-13
-14
-15
-16
-16
-17
-16
-17
-18
-19
-19
-19
-18
-18
-18
-17
-16
-15
-13
-11
-10
-8
-6
-4
-2
1
2
5
8
9
11
13
15
17
18
19
20
21
22
22
21
21
21
20
20
18
18
16
13
12
9
7
5
3
1
-1
-4
-6
-8
-11
-13
-14
-16
-18
-20
-21
-21
-22
-23
-24
-24
-23
-23
-22
-22
-21
-18
-18
-16
-13
-12
-9
-5
-3
-1
3
5
10
13
16
20
23
26
30
32
36
40
42
44
46
48
50
51
51
52
53
52
51
50
49
47
45
43
41
38
34
32
28
25
22
19
15
12
8
6
2
0
-3
-5
-8
-10
-12
-14
-16
-18
-19
-21
-21
-23
-23
-25
-25
-26
-28
-28
-30
-30
-30
-33
-34
-35
-37
-38
-39
-40
-42
-43
-45
-46
-47
-47
-49
-48
-48
-48
-46
-46
-44
-42
-39
-36
-34
-30
-27
-24
-20
-16
-12
-8
-3
0
4
8
11
15
18
21
23
25
27
29
30
31
32
33
33
32
32
32
31
31
30
28
26
26
24
22
21
20
19
17
16
14
13
12
11
10
9
8
8
7
8
7
7
8
8
8
9
10
11
12
13
14
14
15
16
17
16
17
16
16
15
14
12
11
8
5
3
0
-4
-6
-11
-14
-18
-22
-25
-29
-32
-35
-37
-39
-41
-42
-43
-43
-44
-43
-41
-40
-38
-34
-31
-27
-24
-19
-14
-10
-4
0
6
11
16
22
26
32
37
42
46
51
55
58
61
63
66
68
69
70
72
71
71
70
67
66
62
59
54
50
44
39
32
25
18
10
3
-6
-14
-22
-29
-37
-44
-50
-57
-61
-66
-69
-72
-74
-74
-73
-73
-70
-66
-61
-57
-50
-45
-37
-30
-22
-15
-7
1
8
15
22
28
33
38
42
45
49
49
50
51
50
49
47
44
41
37
0
0
0
0
0
0
0
0
0
0
0
0
0
0
0
0
0
0
0
0
0
0
0
0
0
0
0
0
0
0
0
0
0
0
0
0
0
0
0
0
0
0
0
0
0
0
0
0
0
0
0
0
0
0
0
0
0
0
0
0
0
0
0
0
0
0
0
0
0
0
0
0
0
0
0
0
0
0
0
0
0
0
0
0
0
0
0
0
0
0
0
0
0
0
0
0
0
0
0
0
0
0
0
0
0
0
0
0
0
0
0
0
0
0
0
0
0
0
0
0
0
0
0
0
0
0
0
0
0
0
0
0
0
0
0
0
0
0
0
0
0
0
0
0
0
0
0
0
0
0
0
0
0
0
0
0
0
0
0
0
0
0
0
0
0
0
0
0
0
0
0
0
0
0
0
0
0
0
0
0
0
0
0
0
0
0
0
0
0
0
0
0
0
0
0
0
0
0
