0
0
0
0
0
0
0
0
0
0
0
0
0
0
0
0
0
0
0
0
0
0
0
0
0
0
0
0
0
0
0
0
0
0
0
0
0
0
0
0
0
0
0
0
0
0
0
0
0
0
0
0
0
0
0
0
0
0
0
0
0
0
0
0
0
0
0
0
0
0
0
0
0
0
0
0
0
0
0
0
0
0
0
0
0
0
0
0
0
0
0
0
0
0
0
0
0
0
0
0
0
0
0
0
0
0
0
0
0
0
0
0
0
0
0
0
0
0
0
0
0
0
0
0
0
0
0
0
0
0
0
0
0
0
0
0
0
0
0
0
0
0
0
0
0
0
0
0
0
0
0
0
0
0
0
0
0
0
0
0
0
0
0
0
0
0
0
0
0
0
0
0
0
0
0
0
0
0
0
0
0
0
0
0
0
0
0
0
0
0
0
0
0
0
0
0
0
0
39
2
-30
-48
-49
-27
5
35
58
55
25
-10
-31
-42
-36
-11
23
50
47
26
9
-12
-37
-33
-1
13
9
20
31
13
-8
-3
8
2
-14
-9
7
2
-4
21
39
12
-10
-6
-9
-30
-27
6
30
24
16
24
15
-25
-46
-24
-2
-1
12
42
42
6
-16
-18
-34
-53
-29
26
53
44
35
17
-31
-76
-66
-17
24
56
74
46
-14
-58
-71
-67
-28
45
92
72
15
-42
-79
-79
-28
41
69
53
34
6
-54
-95
-53
15
47
61
63
17
-55
-80
-48
-10
14
49
68
37
-20
-48
-46
-38
-9
42
62
28
-17
-39
-51
-42
9
57
49
13
-7
-31
-66
-52
12
56
59
54
28
-47
-104
-79
-20
12
52
97
71
-19
-72
-63
-56
-48
17
91
84
28
0
-28
-84
-98
-25
50
50
28
34
24
-33
-69
-42
-8
-3
18
66
61
-9
-51
-32
-18
-32
-17
29
38
5
-10
-8
-27
-41
-16
20
23
9
7
5
-14
-26
-13
-1
-3
-7
3
11
-6
-34
-35
-12
-10
-14
17
42
14
-17
-14
-23
-54
-46
9
36
22
23
27
-21
-81
-67
-22
-9
13
57
49
-18
-54
-38
-30
-27
12
68
64
-4
-58
-70
-65
-34
33
79
55
-9
-53
-64
-70
-62
7
98
115
56
-15
-83
-138
-122
-22
79
110
93
51
-37
-135
-157
-85
7
73
121
115
27
-83
-126
-104
-60
11
95
117
50
-27
-68
-101
-108
-47
34
71
63
43
7
-61
-104
-64
6
38
52
56
7
-71
-96
-53
-8
21
60
76
32
-48
-103
-113
-70
16
105
135
80
-12
-84
-115
-106
-63
11
89
122
83
-1
-79
-111
-104
-53
34
101
102
58
6
-43
-90
-98
-43
32
61
54
51
25
-44
-91
-59
-7
9
30
67
51
-14
-38
-17
-20
-33
8
55
32
-13
-16
-15
-41
-37
17
53
32
16
19
-14
-65
-51
17
57
44
27
25
-4
-63
-80
-31
26
57
75
71
16
-57
-80
-40
2
26
61
87
60
-2
-31
-29
-19
9
49
65
41
9
-9
-9
4
26
46
55
44
28
21
7
-3
5
25
47
58
45
29
25
6
-20
-6
29
38
35
50
55
28
-9
-14
14
36
38
53
77
67
23
-7
2
15
10
24
55
50
26
32
40
7
-28
-9
41
50
28
38
45
5
-27
-14
-1
-3
12
46
54
19
-14
-11
-13
-21
20
82
89
42
23
47
32
-5
37
108
100
59
59
45
-20
-39
40
97
70
59
85
54
-19
-25
21
28
20
66
95
27
-37
-14
7
-15
-12
28
28
-10
-10
10
-18
-47
-5
36
22
10
20
11
-13
-18
-8
-5
-2
17
23
-3
-20
-14
-28
-43
-1
39
28
26
42
4
-52
-56
-18
7
1
26
66
22
-38
-25
-19
-47
-43
-6
33
37
9
-1
-20
-57
-50
-18
-9
4
29
36
-9
-59
-50
-48
-77
-30
42
23
-13
7
-5
-81
-84
1
0
-55
0
35
-55
-85
-9
10
-41
-50
5
5
-81
-63
26
-28
-84
15
39
-84
-124
-42
-1
-39
-37
26
16
-50
-48
-50
-108
-74
18
16
-2
42
25
-58
-92
-92
-69
-13
5
20
69
11
-103
-91
-62
-90
-38
58
62
-1
-53
-51
-72
-147
-105
22
-2
-47
33
0
-135
-115
-52
-84
-52
32
9
-57
-51
-29
-58
-75
-29
6
-8
-10
-27
-95
-83
4
-3
-31
26
2
-98
-73
-17
-52
-11
66
5
-53
-20
-51
-103
-61
-19
-13
4
24
10
-59
-94
-46
-48
-59
37
52
-29
22
38
-82
-67
14
-32
-22
77
59
-29
-47
-37
-78
-85
26
94
23
-2
33
-36
-104
-42
9
-13
9
75
52
-55
-67
-7
-45
-50
65
59
-47
-10
30
-34
-18
32
4
20
47
-24
-23
62
18
-37
50
69
-42
-38
39
-10
-57
46
109
25
-3
49
-3
-70
3
44
-2
43
88
21
-6
17
-9
-44
-21
43
64
28
48
58
-39
-51
37
-5
-48
76
120
24
26
47
-59
-63
42
-12
-36
125
87
-65
33
59
-90
-7
95
-16
-3
81
-16
-46
54
18
-49
30
61
-26
-4
57
-36
-59
52
28
-27
35
11
-35
22
-1
-41
46
31
-55
29
56
-55
-12
34
-73
-33
69
-24
-26
83
-1
-53
51
2
-93
-3
44
-30
-26
58
62
-24
-58
-17
-10
-29
1
19
7
7
9
-17
-49
-55
-34
11
45
30
6
8
-19
-64
-52
-11
5
8
7
2
-18
-17
8
-23
-36
14
0
-23
7
-37
-42
42
15
-11
36
-38
-77
-1
-24
-19
48
-15
-18
62
-45
-116
24
33
-65
7
77
-7
-48
12
14
-69
-79
30
29
-94
-45
54
-22
-30
36
-42
-69
-25
-79
-28
42
-38
16
83
-73
-106
-27
-79
-46
17
-18
51
59
-98
-84
-25
-101
-55
60
35
18
24
-34
-52
-52
-88
-55
21
29
10
8
-6
-34
-51
-45
-30
-8
18
11
-10
16
8
-62
-39
29
-14
-49
11
27
-34
-45
16
8
-69
-26
40
-46
-31
79
-32
-109
50
51
-74
-10
36
-48
-48
-5
-26
-35
9
39
-6
-33
7
-21
-74
-8
12
-30
32
44
-41
-25
-19
-61
4
13
-66
6
67
-19
-30
7
-26
-34
-29
-14
38
19
-19
17
-11
-64
-10
4
-54
-15
47
-7
-43
13
13
-33
-14
13
-7
-23
-41
-24
34
30
-16
10
33
-44
-88
-8
42
7
34
82
26
-42
-64
-60
-5
19
15
66
57
-16
-14
-43
-101
-30
33
27
67
50
-32
-27
-13
-50
-29
24
17
6
30
15
-33
-38
-27
-18
23
26
-13
9
40
-15
-35
37
51
-16
-26
4
-12
-13
3
-3
28
34
-22
1
29
-52
-42
60
32
-12
36
16
-24
4
-21
-41
42
45
-29
-4
24
7
16
-25
-38
37
7
-10
71
-7
-54
83
38
-59
34
17
-41
37
3
-56
23
17
-26
51
51
-47
-7
83
0
-56
59
48
-30
43
25
-44
28
-6
-62
42
31
-13
57
19
-6
42
-36
-38
51
8
7
68
10
-25
8
-6
-29
-7
39
25
-22
19
36
-15
1
15
1
33
19
-1
34
37
17
-6
-11
22
-14
-29
56
34
-29
19
10
-33
-1
12
31
49
6
12
41
-16
-46
18
41
-6
23
65
-32
-54
37
-9
-14
71
-14
2
128
-19
-72
85
7
-63
39
23
22
42
-22
34
36
-69
22
62
-40
30
75
-8
13
8
-44
8
36
13
29
18
-9
-2
-6
-14
3
26
33
16
0
11
5
-14
24
45
-25
-7
66
-20
-52
53
12
-38
31
-1
-23
17
-27
11
57
-43
-1
79
-41
-45
60
11
-18
30
7
-31
-11
26
13
-34
-28
10
29
13
-3
35
33
-22
13
24
-45
-3
60
23
17
5
-28
-4
-22
-26
51
39
-22
9
9
-43
-29
10
9
15
19
0
9
11
-25
9
40
-27
-17
15
-61
-40
18
-45
-8
64
-9
-12
27
-30
-35
-11
-11
28
22
-8
22
-1
-65
-71
-41
-12
10
38
49
10
-19
-37
-70
-52
-25
-3
69
64
9
20
-22
-64
-27
-35
-1
67
22
27
56
-60
-81
10
-25
-24
76
71
38
57
17
-35
-16
8
-4
17
47
13
13
43
-4
-10
24
-17
12
77
13
12
69
9
1
28
-34
-9
55
19
34
83
24
-17
11
1
-24
10
54
45
28
37
28
-12
-38
-4
37
31
48
81
29
-39
-31
-26
-48
-19
52
67
16
5
23
-34
-77
-13
47
33
36
50
-18
-81
-45
-31
-52
9
56
8
7
18
-49
-63
-7
-4
0
40
23
-20
-23
-33
-68
-56
5
23
-3
13
26
-28
-55
-36
-29
-21
1
26
16
-39
-41
-14
-39
-20
31
12
-11
-2
-10
-48
-78
-35
14
-16
-10
36
3
-33
-5
-4
-47
-42
7
1
-25
9
-9
-68
-42
-41
-62
1
-11
-44
24
-28
-89
15
-16
-80
41
4
-99
-5
-49
-129
6
-8
-79
26
-37
-119
12
-38
-128
15
9
-85
7
9
-77
-47
-45
-63
-35
-53
-35
15
-23
-52
-40
-69
-90
-72
-22
11
-21
-1
32
-63
-91
-20
-50
-43
30
7
11
21
-55
-41
-8
-85
-60
45
20
-8
57
45
-32
-26
-5
-28
-6
50
74
71
30
18
34
-19
-21
68
65
50
83
43
18
12
-23
48
78
5
88
140
13
23
85
11
18
76
75
89
59
30
48
-19
-25
61
31
48
114
29
5
48
-31
-10
75
41
58
74
-7
-2
7
-36
5
22
0
33
12
-19
3
-30
-36
9
-22
-21
32
10
1
9
-21
-25
-34
-46
0
3
-23
-1
-27
-50
-21
-44
-34
21
3
15
43
-17
-24
10
-30
-14
47
8
-4
28
-23
-39
1
-42
-18
74
25
7
69
-3
-36
29
0
16
81
44
40
38
-34
-13
14
-42
-1
78
25
-25
28
2
-79
-3
80
23
34
89
29
-23
-24
-24
-5
-3
18
58
22
-14
3
-28
-54
-26
-10
14
26
7
31
37
-33
-38
10
-6
-13
35
39
3
-4
11
-12
-42
-8
18
9
23
19
3
3
-18
-17
-1
-8
22
38
21
37
-3
-48
-6
-15
-18
56
59
27
21
-14
-25
-40
-45
43
72
16
40
33
-47
-45
-21
-7
33
28
38
48
-27
-31
1
-46
-5
47
8
31
-4
-76
-12
-35
-76
39
23
-27
48
-2
-55
-11
-43
-18
22
-40
-16
0
-74
-31
13
-48
-24
23
-33
-80
-40
5
-31
-46
19
-4
-82
-29
18
-47
-30
38
-15
-48
-13
-54
-71
-11
-41
-51
10
-61
-87
33
-8
-71
24
-16
-83
-3
-25
-33
42
-43
-52
31
-89
-95
41
-36
-46
58
-25
-67
-13
-39
-26
-18
-25
24
-36
-78
12
-14
-34
37
2
-14
-16
-64
1
-12
-69
51
29
-70
23
-7
-83
6
6
-2
51
-8
-3
44
-45
-64
3
-9
-12
36
47
3
-21
-15
-33
-29
11
32
64
50
-18
-8
-26
-91
-6
50
-30
41
100
-27
-21
26
-67
-37
35
-6
25
39
-13
16
-12
-73
-8
14
-20
39
65
2
-26
-10
-29
-51
-8
16
-9
10
12
-22
-1
-12
-36
30
24
-27
20
-1
-78
-30
-1
-22
26
36
10
15
-38
-63
-12
-12
-2
51
32
-9
-28
-51
-39
-2
28
48
47
13
-26
-14
-10
-31
24
54
7
13
-5
-60
-11
8
-10
51
38
-20
21
11
-44
16
63
5
18
56
-19
-29
44
8
1
58
11
13
59
-8
16
72
-14
9
66
-24
11
74
6
54
86
-4
38
57
-18
43
64
17
77
71
44
69
-3
-2
40
-20
50
117
45
83
83
-10
17
9
0
88
69
63
103
20
6
32
-11
25
42
31
95
60
15
62
-5
-49
33
11
6
97
81
55
56
-12
-23
-10
-39
17
64
41
73
56
-22
-26
-20
-18
18
25
35
46
5
-16
-10
-27
-20
35
64
33
20
24
-9
-15
-7
-19
-4
-7
-7
37
17
7
46
-4
-13
45
11
25
76
20
15
45
-12
-33
-10
-24
-18
15
29
17
16
27
-17
-43
-3
-12
-4
76
59
-13
2
-31
-77
-11
35
43
67
24
-23
-40
-70
-25
38
35
42
19
-44
-77
-89
-46
21
35
55
41
-34
-77
-93
-69
-30
-11
65
75
-16
-29
-82
-147
-63
-11
40
152
109
56
59
-76
-139
-56
-22
49
125
96
47
-63
-166
-139
-121
-53
115
151
100
59
-76
-147
-105
-99
10
140
78
41
24
-135
-178
-73
-32
27
103
83
39
-20
-64
-30
-23
-33
29
26
-36
-33
-54
-93
-40
5
21
61
36
-13
-10
-45
-65
-39
-37
7
30
-18
6
-10
-85
-4
54
8
81
134
76
81
91
50
16
-9
2
17
18
55
66
43
33
0
-2
23
14
69
142
116
95
66
-27
-62
-54
-31
42
62
35
40
-5
-84
-110
-113
-97
-55
-1
44
19
-41
-81
-146
-201
-202
-189
-149
-110
-112
-122
-171
-265
-320
-326
-308
-268
-218
-192
-229
-264
-275
-321
-339
-291
-257
-223
-202
-225
-255
-306
-362
-388
-423
-431
-383
-333
-260
-217
-216
-159
-120
-103
25
152
237
381
457
450
441
352
272
248
154
99
104
36
16
29
-47
-100
-148
-224
-194
-123
-59
76
169
185
214
241
264
330
428
513
557
606
659
652
641
647
631
621
615
604
582
525
504
525
482
416
372
278
205
210
210
213
211
149
128
150
95
63
88
39
20
88
88
49
21
-60
-118
-150
-186
-143
-73
-16
72
114
132
168
163
207
289
271
282
324
235
186
225
178
148
154
65
-12
-73
-174
-181
-178
-236
-211
-225
-329
-354
-376
-402
-361
-358
-330
-262
-279
-242
-188
-279
-318
-272
-258
-153
-23
23
60
32
-26
-9
5
36
110
148
183
164
70
30
-48
-161
-132
-94
-107
-33
-20
-95
-123
-206
-290
-292
-355
-377
-299
-292
-273
-243
-364
-482
-526
-587
-542
-448
-458
-469
-488
-574
-605
-600
-616
-560
-461
-361
-216
-117
-101
-96
-135
-183
-129
-54
7
87
98
41
-7
-71
-134
-147
-135
-98
-31
27
54
38
-20
-90
-147
-169
-153
-114
-59
-8
31
61
50
0
-60
-103
-78
13
103
160
155
67
-20
-58
-77
-60
-8
18
37
60
48
21
-29
-110
-142
-105
-37
63
143
141
89
26
-28
-50
-53
-43
-12
23
49
54
15
-61
-132
-155
-134
-91
-49
-41
-70
-103
-140
-173
-188
-210
-228
-213
-184
-144
-103
-90
-105
-141
-178
-181
-158
-119
-67
-26
1
19
36
55
70
87
123
172
244
312
340
356
359
343
357
387
399
417
435
454
495
531
558
594
617
652
725
802
875
936
972
1001
1027
1036
1038
1035
1035
1066
1144
1258
1361
1407
1422
1427
1423
1439
1491
1569
1654
1691
1596
1209
427
-576
-1521
-2189
-2409
-2276
-2074
-2018
-2284
-2831
-3384
-3775
-3900
-3645
-3052
-2282
-1537
-982
-694
-730
-952
-1014
-722
-110
718
1537
2078
2195
1958
1591
1234
977
939
1096
1279
1346
1204
799
147
-625
-1267
-1640
-1774
-1744
-1677
-1767
-2087
-2541
-2974
-3252
-3298
-3081
-2630
-2068
-1532
-1087
-781
-622
-516
-320
44
521
1003
1381
1535
1430
1179
902
656
475
391
379
368
306
162
-77
-355
-569
-632
-514
-276
-28
191
367
478
570
714
896
1097
1379
1750
2118
2415
2634
2801
2935
3039
3151
3321
3503
3695
4030
4458
4657
4517
4241
3985
3743
3495
3019
1827
-196
-2464
-4177
-4877
-4637
-3952
-3446
-3677
-4771
-6140
-7092
-7412
-7011
-5780
-3914
-1958
-403
558
817
420
-41
217
1414
3140
4844
6038
6260
5358
3860
2471
1444
868
863
1246
1500
1200
281
-1148
-2907
-4513
-5354
-5274
-4600
-3731
-2985
-2637
-2799
-3208
-3443
-3330
-2827
-1806
-344
1170
2361
3039
3148
2805
2359
2254
2625
3218
3762
4042
3839
3099
2003
847
-160
-939
-1269
-1121
-1009
-1268
-1891
-3006
-4381
-5403
-5787
-5449
-4495
-3386
-2434
-1764
-1477
-1415
-1329
-1081
-542
325
1381
2350
2907
2874
2314
1502
782
389
349
492
557
376
-105
-794
-1487
-1995
-2200
-2050
-1605
-1038
-579
-354
-353
-450
-401
-20
672
1512
2271
2767
2998
3073
3120
3218
3420
3743
4090
4350
4496
4465
4195
3812
3580
3615
3749
3803
3768
3579
3105
2407
1492
-6
-2233
-4510
-5922
-6253
-5889
-5255
-4760
-4944
-5860
-6659
-6616
-5909
-4794
-3090
-956
865
1963
2574
2766
2390
1990
2469
3783
5071
5828
5996
5293
3584
1614
243
-566
-1130
-1309
-1104
-1158
-1943
-3130
-4304
-5406
-6127
-5884
-4713
-3354
-2325
-1594
-1168
-1143
-1177
-733
210
1335
2554
3807
4699
4873
4446
3753
3023
2465
2310
2522
2678
2405
1648
525
-768
-1950
-2771
-3177
-3341
-3437
-3501
-3576
-3729
-3931
-4083
-4062
-3749
-3088
-2139
-1081
-150
515
955
1265
1496
1700
1934
2168
2308
2298
2102
1648
922
71
-672
-1185
-1476
-1589
-1589
-1605
-1730
-1892
-1956
-1880
-1661
-1243
-632
64
735
1328
1802
2132
2374
2665
3077
3550
3967
4251
4377
4353
4217
4062
3962
3884
3764
3680
3763
3892
3769
3315
2771
2308
1922
1654
1227
-135
-2651
-5257
-6668
-6714
-6045
-5133
-4380
-4463
-5428
-6174
-5872
-4892
-3625
-1718
767
2768
3635
3801
3562
2802
2153
2688
4235
5458
5655
5071
3709
1461
-842
-2149
-2548
-2685
-2585
-2178
-2169
-3157
-4610
-5656
-6082
-5825
-4553
-2499
-708
146
366
399
323
371
1023
2271
3559
4526
5118
5109
4266
2916
1721
1026
779
860
1025
819
-37
-1330
-2621
-3617
-4154
-4115
-3570
-2817
-2138
-1707
-1694
-2094
-2532
-2495
-1764
-518
833
1821
2087
1621
811
161
-64
146
645
1149
1311
930
53
-1060
-2063
-2625
-2575
-2045
-1436
-1158
-1367
-1902
-2421
-2613
-2303
-1522
-509
432
1079
1359
1329
1167
1128
1407
2007
2738
3323
3518
3239
2626
1976
1552
1452
1602
1831
1956
1877
1624
1319
1115
1172
1530
2103
2765
3351
3651
3557
3230
2995
3005
3202
3483
3379
2028
-725
-3664
-5384
-5699
-5280
-4572
-3926
-4066
-5201
-6338
-6520
-5934
-4938
-3149
-533
1772
2820
2938
2676
2056
1517
2086
3803
5350
5776
5288
4088
2029
-333
-1851
-2250
-2196
-2028
-1702
-1711
-2713
-4344
-5559
-5890
-5463
-4246
-2357
-604
245
334
255
250
407
1053
2308
3692
4656
5035
4801
3899
2569
1407
821
718
787
747
349
-551
-1792
-2976
-3757
-4014
-3775
-3165
-2400
-1731
-1352
-1339
-1596
-1835
-1679
-951
197
1368
2146
2317
1945
1267
577
131
25
157
308
271
-80
-754
-1620
-2410
-2865
-2879
-2537
-2036
-1589
-1371
-1409
-1550
-1597
-1419
-978
-316
440
1105
1534
1694
1658
1567
1573
1758
2091
2422
2590
2508
2203
1790
1414
1177
1085
1082
1117
1169
1228
1283
1343
1454
1695
2108
2632
3158
3598
3883
3957
3864
3780
3836
3944
3987
3961
3524
1864
-1214
-4463
-6328
-6532
-5873
-4971
-4227
-4376
-5705
-7126
-7320
-6299
-4703
-2463
470
3010
4022
3805
3270
2663
2200
2753
4574
6350
6709
5678
3833
1329
-1369
-3104
-3346
-2872
-2518
-2373
-2581
-3624
-5289
-6476
-6442
-5376
-3624
-1414
607
1596
1516
1146
1088
1450
2312
3691
5111
5864
5684
4756
3333
1713
384
-269
-336
-236
-362
-933
-1984
-3282
-4380
-4885
-4666
-3836
-2692
-1610
-846
-448
-344
-424
-452
-117
714
1819
2781
3245
3033
2218
1158
313
-126
-345
-629
-1069
-1596
-2150
-2690
-3145
-3440
-3539
-3408
-3013
-2410
-1787
-1308
-977
-696
-391
-55
304
665
1000
1304
1605
1869
1990
1907
1688
1461
1304
1250
1287
1345
1323
1175
933
655
398
219
197
374
713
1118
1483
1745
1915
2091
2428
3014
3757
4440
4841
4850
4516
4085
3821
3750
3715
3667
3421
2217
-602
-4302
-7052
-7841
-7251
-6201
-5116
-4601
-5390
-7003
-7792
-6935
-5093
-2779
201
3294
5034
4979
4215
3570
3026
2998
4254
6204
7075
6087
3959
1345
-1546
-3910
-4699
-4130
-3442
-3260
-3454
-4152
-5510
-6796
-6916
-5680
-3679
-1364
889
2366
2610
2131
1842
2147
2968
4179
5478
6234
5957
4746
3047
1280
-190
-1057
-1288
-1213
-1277
-1789
-2782
-3998
-4989
-5378
-5003
-3941
-2518
-1214
-372
39
237
352
488
845
1561
2469
3218
3517
3217
2339
1150
60
-668
-1051
-1279
-1552
-2010
-2647
-3306
-3812
-4062
-3995
-3582
-2892
-2112
-1421
-910
-583
-370
-138
214
664
1110
1472
1706
1785
1727
1575
1377
1178
1043
997
1004
994
915
736
473
206
30
-11
64
224
433
647
864
1111
1394
1710
2103
2608
3202
3821
4388
4785
4901
4726
4386
4046
3830
3733
3613
3367
2960
2038
-96
-3439
-6612
-8046
-7648
-6505
-5397
-4670
-4890
-6216
-7424
-7031
-5103
-2681
-78
2758
4925
5382
4590
3829
3473
3368
3970
5501
6742
6245
4122
1450
-1221
-3591
-4848
-4581
-3681
-3296
-3591
-4248
-5240
-6322
-6629
-5575
-3544
-1263
833
2352
2870
2534
2141
2344
3184
4374
5552
6206
5891
4629
2864
1085
-323
-1135
-1394
-1428
-1600
-2135
-3078
-4232
-5138
-5380
-4871
-3780
-2381
-1066
-228
83
205
467
925
1533
2275
3027
3518
3543
3092
2278
1272
288
-496
-1052
-1468
-1881
-2394
-3007
-3602
-4009
-4140
-3982
-3550
-2928
-2256
-1635
-1089
-636
-276
45
400
786
1144
1441
1660
1757
1703
1541
1338
1129
943
815
742
681
597
478
312
115
-51
-120
-67
99
337
590
826
1063
1331
1642
2005
2435
2922
3458
4019
4499
4739
4677
4408
4062
3775
3656
3652
3566
3296
2716
1276
-1555
-5089
-7553
-7943
-6975
-5802
-4890
-4619
-5552
-7187
-7783
-6403
-3911
-1314
1382
3908
5118
4650
3723
3381
3458
3835
4995
6547
6914
5293
2555
-224
-2699
-4421
-4709
-3849
-3139
-3363
-4223
-5306
-6421
-7011
-6354
-4488
-2180
-78
1502
2267
2188
1842
1971
2817
4131
5488
6342
6206
5044
3304
1534
135
-657
-894
-970
-1292
-1977
-2965
-4119
-5098
-5458
-5038
-4056
-2821
-1603
-734
-380
-294
-33
618
1570
2625
3490
3830
3552
2905
2180
1476
831
301
-153
-705
-1468
-2392
-3318
-4040
-4374
-4283
-3898
-3405
-2951
-2616
-2359
-2021
-1470
-748
3
660
1118
1298
1255
1175
1198
1322
1483
1611
1599
1368
968
551
250
124
174
320
409
324
96
-153
-278
-178
153
617
1084
1448
1668
1802
1993
2360
2923
3617
4307
4779
4887
4692
4371
4056
3850
3839
3900
3760
3352
2681
1246
-1524
-4998
-7406
-7762
-6822
-5736
-4915
-4704
-5656
-7258
-7743
-6166
-3482
-856
1618
3796
4748
4249
3527
3578
4064
4606
5563
6719
6764
4981
2216
-436
-2641
-4104
-4289
-3476
-2907
-3374
-4529
-5737
-6653
-6862
-5915
-3980
-1815
-44
1135
1693
1766
1791
2249
3270
4619
5850
6420
5993
4720
3075
1524
415
-72
-155
-367
-1040
-2060
-3207
-4316
-5092
-5172
-4558
-3618
-2636
-1727
-1071
-792
-641
-205
629
1657
2658
3443
3756
3490
2884
2281
1803
1389
969
476
-233
-1257
-2460
-3501
-4088
-4182
-3960
-3625
-3305
-3076
-2940
-2741
-2271
-1520
-691
29
581
924
1017
975
1022
1246
1536
1766
1872
1775
1426
935
535
364
400
556
713
731
512
122
-240
-381
-229
145
607
1028
1321
1471
1587
1854
2364
3072
3864
4579
5014
5037
4751
4396
4143
4069
4156
4206
3991
3512
2712
1060
-1863
-5271
-7513
-7842
-7013
-5993
-5166
-4995
-5997
-7501
-7766
-6036
-3311
-706
1626
3485
4165
3745
3436
3965
4795
5433
6120
6738
6351
4503
1931
-473
-2405
-3614
-3747
-3132
-2831
-3532
-4950
-6378
-7249
-7135
-5882
-3878
-1851
-343
503
845
1056
1529
2405
3574
4840
5880
6244
5709
4541
3192
1953
1032
599
465
76
-891
-2222
-3533
-4590
-5165
-5037
-4336
-3513
-2877
-2401
-2012
-1683
-1261
-544
447
1467
2329
2973
3322
3296
2968
2543
2180
1894
1557
1013
144
-1033
-2324
-3384
-3919
-3929
-3705
-3538
-3497
-3495
-3422
-3151
-2564
-1722
-889
-269
150
452
662
826
1052
1375
1692
1894
1951
1856
1601
1255
982
907
1016
1176
1221
1045
648
156
-231
-335
-143
198
511
721
865
1005
1233
1666
2337
3153
3969
4661
5096
5192
5007
4725
4537
4545
4677
4715
4481
3969
3037
1190
-1786
-5044
-7223
-7839
-7489
-6807
-6074
-5788
-6422
-7378
-7298
-5723
-3509
-1467
377
1935
2793
3129
3811
5112
6297
6789
6778
6416
5394
3659
1788
278
-867
-1697
-2122
-2345
-2928
-4165
-5760
-7097
-7635
-7107
-5661
-3834
-2228
-1196
-740
-521
-15
1077
2542
3951
5044
5702
5790
5336
4669
4077
3523
2879
2198
1487
539
-760
-2159
-3299
-4025
-4321
-4211
-3874
-3630
-3659
-3806
-3761
-3292
-2353
-1085
221
1267
1882
2101
2147
2256
2500
2780
2983
2998
2618
1689
366
-934
-1883
-2406
-2561
-2508
-2539
-2881
-3441
-3870
-3899
-3506
-2832
-2098
-1527
-1221
-1078
-874
-452
173
866
1463
1853
2009
1978
1852
1750
1759
1878
2038
2163
2148
1881
1351
721
227
15
69
271
443
451
309
189
294
728
1456
2317
3110
3711
4116
4390
4602
4804
4991
5123
5170
5108
4890
4540
4113
3381
1777
-927
-4002
-6328
-7482
-7801
-7580
-6971
-6474
-6609
-7020
-6767
-5594
-4156
-2915
-1671
-297
973
2193
3779
5635
6951
7181
6611
5741
4723
3614
2638
1889
1159
271
-694
-1627
-2607
-3763
-5053
-6198
-6815
-6690
-5957
-4964
-3976
-3134
-2498
-1932
-1080
239
1693
2792
3421
3784
4037
4256
4586
5027
5239
4838
3841
2582
1323
169
-792
-1502
-2034
-2518
-2999
-3432
-3792
-4092
-4326
-4406
-4182
-3599
-2798
-2021
-1397
-885
-391
181
915
1764
2471
2715
2398
1729
1071
691
619
669
577
165
-570
-1443
-2187
-2623
-2788
-2862
-2955
-3044
-3062
-2958
-2694
-2271
-1775
-1319
-913
-480
10
512
968
1376
1756
2124
2479
2789
2985
2984
2758
2392
2041
1808
1670
1531
1314
1010
664
377
261
350
575
842
1129
1482
1954
2548
3199
3792
4197
4366
4375
4396
4510
4652
4722
4646
4193
2938
735
-1891
-4168
-5784
-6839
-7321
-7176
-6748
-6529
-6469
-6097
-5318
-4538
-3953
-3303
-2427
-1460
-377
1105
2958
4631
5637
5989
5928
5547
4889
4102
3330
2542
1662
743
-55
-663
-1197
-1862
-2712
-3593
-4326
-4887
-5278
-5396
-5168
-4687
-4040
-3132
-1902
-587
461
1140
1594
1944
2259
2662
3242
3857
4237
4268
4061
3756
3385
2903
2268
1464
501
-555
-1553
-2317
-2765
-2977
-3102
-3219
-3341
-3484
-3647
-3749
-3688
-3436
-3028
-2455
-1700
-859
-105
448
807
1028
1147
1203
1232
1226
1140
952
703
465
272
75
-196
-576
-1046
-1546
-1996
-2315
-2450
-2423
-2285
-2052
-1704
-1239
-710
-184
280
661
961
1229
1538
1924
2357
2758
3056
3230
3297
3273
3178
3031
2842
2611
2360
2155
2063
2112
2270
2490
2737
2993
3213
3332
3331
3254
3157
3057
2989
2980
2860
2223
810
-1125
-3045
-4617
-5767
-6391
-6414
-6085
-5806
-5598
-5139
-4345
-3516
-2867
-2295
-1721
-1244
-825
-183
809
1906
2810
3510
4099
4517
4616
4372
3857
3118
2198
1232
412
-174
-598
-1015
-1489
-1942
-2271
-2500
-2720
-2957
-3193
-3456
-3734
-3835
-3542
-2869
-2039
-1207
-396
364
1000
1522
2008
2443
2705
2745
2665
2595
2573
2566
2534
2447
2266
1958
1529
1027
488
-105
-788
-1521
-2178
-2669
-2989
-3157
-3190
-3134
-3053
-2968
-2858
-2708
-2558
-2432
-2302
-2103
-1787
-1342
-795
-191
410
937
1325
1543
1601
1503
1243
852
414
13
-317
-569
-730
-810
-845
-858
-835
-759
-651
-550
-465
-387
-283
-128
109
442
842
1248
1606
1889
2099
2235
2306
2338
2375
2440
2539
2673
2846
3041
3230
3407
3592
3794
3965
4046
4021
3909
3719
3462
3184
2856
2279
1245
-206
-1788
-3266
-4557
-5559
-6122
-6268
-6227
-6129
-5855
-5311
-4635
-3991
-3356
-2670
-2022
-1517
-1060
-494
163
799
1416
2104
2845
3488
3919
4122
4101
3836
3348
2728
2088
1469
842
195
-408
-875
-1212
-1497
-1768
-2003
-2215
-2458
-2719
-2895
-2943
-2935
-2916
-2805
-2511
-2037
-1456
-794
-83
582
1101
1479
1799
2098
2332
2456
2482
2445
2364
2241
2108
2008
1921
1768
1501
1137
709
204
-379
-977
-1513
-1971
-2376
-2724
-2993
-3198
-3363
-3480
-3505
-3407
-3197
-2900
-2522
-2063
-1540
-987
-433
110
615
1035
1317
1463
1496
1422
1237
980
720
508
350
256
243
291
345
363
352
328
289
240
202
206
257
341
449
588
751
911
1047
1181
1340
1523
1712
1918
2165
2441
2715
2976
3236
3498
3727
3886
3972
4017
4035
4016
3953
3850
3637
3139
2225
953
-477
-1897
-3196
-4233
-4879
-5170
-5278
-5283
-5128
-4790
-4385
-3992
-3575
-3110
-2694
-2399
-2138
-1781
-1308
-785
-196
497
1236
1892
2404
2802
3103
3259
3225
3013
2675
2245
1751
1246
815
505
259
-7
-305
-586
-838
-1087
-1334
-1537
-1707
-1911
-2163
-2365
-2432
-2366
-2204
-1938
-1559
-1127
-715
-328
64
454
793
1048
1242
1393
1495
1538
1550
1574
1616
1634
1602
1522
1400
1216
950
621
269
-105
-529
-1005
-1493
-1956
-2382
-2769
-3086
-3304
-3422
-3450
-3366
-3133
-2752
-2276
-1752
-1200
-645
-140
270
581
796
897
863
743
614
534
512
539
612
702
760
760
717
660
601
540
486
451
434
411
376
351
357
398
460
544
649
771
902
1048
1223
1433
1666
1910
2168
2445
2738
3017
3250
3423
3546
3631
3675
3674
3618
3426
2968
2160
1069
-139
-1332
-2416
-3277
-3835
-4135
-4314
-4423
-4414
-4261
-4028
-3765
-3452
-3108
-2821
-2654
-2523
-2310
-1982
-1577
-1096
-533
64
608
1081
1522
1936
2254
2405
2383
2230
1985
1684
1379
1132
949
782
584
373
189
33
-129
-307
-489
-687
-935
-1226
-1483
-1650
-1732
-1752
-1702
-1566
-1379
-1172
-939
-655
-339
-43
196
386
543
665
758
842
939
1039
1105
1125
1128
1130
1110
1037
912
742
518
229
-107
-457
-822
-1236
-1702
-2175
-2605
-2954
-3182
-3243
-3117
-2836
-2440
-1952
-1385
-781
-214
248
561
703
675
538
396
333
376
493
639
777
883
940
964
976
985
976
943
889
830
777
729
693
666
640
612
590
595
630
689
762
846
952
1094
1283
1531
1826
2147
2460
2743
2981
3162
3287
3380
3456
3507
3511
3430
3207
2753
2013
1032
-70
-1179
-2210
-3065
-3670
-4044
-4270
-4392
-4383
-4232
-3993
-3714
-3399
-3070
-2801
-2633
-2503
-2314
-2032
-1674
-1242
-725
-164
382
888
1370
1811
2149
2330
2349
2239
2033
1765
1475
1211
987
782
576
382
226
108
-7
-137
-283
-457
-681
-946
-1194
-1377
-1492
-1555
-1555
-1483
-1348
-1169
-942
-656
-336
-36
201
377
507
606
679
745
818
887
923
925
912
908
898
850
754
614
422
170
-129
-450
-805
-1236
-1757
-2322
-2847
-3254
-3482
-3476
-3218
-2752
-2158
-1496
-807
-149
388
729
840
741
494
196
-26
-84
24
222
434
608
734
817
881
959
1055
1135
1164
1134
1071
997
921
850
793
754
732
721
729
767
827
897
976
1083
1242
1470
1760
2092
2441
2767
3036
3236
3383
3514
3648
3775
3851
3834
3662
3247
2532
1550
417
-757
-1884
-2869
-3618
-4114
-4417
-4588
-4616
-4488
-4255
-3981
-3684
-3368
-3081
-2877
-2721
-2508
-2184
-1767
-1276
-699
-54
587
1172
1698
2170
2534
2723
2724
2582
2335
2011
1651
1309
1013
748
484
228
7
-172
-342
-529
-732
-951
-1203
-1488
-1754
-1939
-2025
-2032
-1965
-1809
-1565
-1264
-929
-551
-146
229
522
732
886
1001
1077
1132
1198
1272
1320
1326
1305
1273
1211
1085
894
648
351
0
-398
-832
-1310
-1865
-2500
-3147
-3700
-4068
-4187
-4021
-3589
-2960
-2230
-1479
-747
-83
450
784
890
790
546
252
20
-68
-4
146
307
436
525
586
633
685
742
775
755
688
606
541
503
482
472
475
485
499
532
606
727
873
1031
1230
1503
1856
2267
2708
3164
3590
3927
4146
4290
4415
4525
4581
4552
4390
3971
3173
1994
578
-896
-2303
-3516
-4413
-4954
-5237
-5382
-5400
-5235
-4911
-4509
-4070
-3600
-3158
-2825
-2581
-2277
-1803
-1177
-461
321
1149
1937
2605
3155
3611
3930
4012
3820
3417
2890
2294
1683
1130
673
274
-130
-541
-912
-1219
-1495
-1779
-2074
-2374
-2687
-2989
-3209
-3249
-3085
-2764
-2331
-1799
-1178
-518
127
748
1334
1822
2146
2302
2359
2383
2388
2377
2371
2373
2326
2173
1918
1606
1246
799
244
-390
-1085
-1858
-2703
-3549
-4309
-4936
-5395
-5605
-5468
-4957
-4141
-3115
-1969
-817
201
992
1545
1894
2035
1950
1676
1306
925
593
365
303
396
549
657
682
632
511
325
126
-17
-77
-70
4
147
344
537
672
741
779
830
933
1118
1404
1780
2215
2685
3194
3774
4441
5152
5797
6269
6520
6550
6379
6056
5641
5114
4309
3018
1217
-891
-3037
-4983
-6510
-7442
-7807
-7856
-7813
-7677
-7318
-6717
-5950
-5050
-4035
-3055
-2295
-1716
-1059
-143
962
2100
3213
4237
5025
5470
5653
5711
5602
5151
4314
3233
2079
937
-111
-942
-1520
-1981
-2500
-3082
-3596
-3971
-4250
-4482
-4645
-4713
-4718
-4641
-4347
-3695
-2718
-1606
-508
535
1505
2332
2982
3509
3944
4199
4173
3916
3596
3320
3074
2816
2534
2168
1600
781
-184
-1154
-2110
-3120
-4189
-5219
-6110
-6797
-7198
-7189
-6736
-5943
-4953
-3819
-2536
-1164
156
1297
2192
2793
3050
3005
2807
2600
2391
2100
1692
1232
784
376
37
-193
-338
-507
-770
-1058
-1228
-1226
-1096
-889
-632
-373
-169
9
251
604
1024
1451
1883
2351
2889
3531
4291
5111
5882
6534
7056
7422
7595
7599
7504
7289
6874
6245
5433
4300
2563
126
-2718
-5560
-8122
-10161
-11347
-11535
-11044
-10347
-9568
-8531
-7206
-5776
-4324
-2780
-1258
-80
693
1457
2595
4052
5534
6875
7981
8606
8520
7811
6792
5606
4139
2344
432
-1319
-2774
-3899
-4620
-4914
-4963
-5073
-5379
-5748
-5978
-6017
-5905
-5586
-4970
-4082
-3026
-1782
-227
1582
3322
4684
5593
6102
6202
5928
5479
5055
4630
4055
3335
2628
2015
1398
675
-159
-1121
-2290
-3648
-4981
-6045
-6783
-7273
-7532
-7482
-7080
-6366
-5363
-4068
-2567
-1083
188
1224
2125
2928
3574
4011
4216
4139
3728
3036
2240
1488
782
48
-719
-1436
-2027
-2451
-2661
-2619
-2383
-2094
-1843
-1588
-1244
-797
-298
232
780
1300
1747
2168
2673
3296
3945
4513
4977
5375
5706
5957
6176
6448
6772
7016
7064
6930
6697
6356
5846
5174
4338
3099
1072
-1822
-5126
-8211
-10700
-12369
-12941
-12338
-11005
-9596
-8316
-6934
-5372
-3870
-2511
-1069
483
1816
2799
3842
5341
7084
8530
9419
9753
9378
8100
6118
3958
1919
-102
-2159
-3972
-5238
-5963
-6342
-6461
-6331
-6133
-6147
-6412
-6621
-6446
-5829
-4875
-3596
-1954
-79
1763
3438
4988
6343
7201
7332
6861
6093
5209
4272
3425
2809
2339
1744
904
-55
-1012
-2039
-3215
-4452
-5584
-6550
-7337
-7811
-7761
-7142
-6145
-4988
-3759
-2514
-1390
-492
243
957
1679
2321
2860
3365
3824
4077
3974
3510
2768
1793
625
-585
-1616
-2364
-2881
-3228
-3376
-3281
-3018
-2702
-2355
-1948
-1532
-1199
-917
-512
130
961
1881
2834
3751
4499
4978
5216
5304
5293
5209
5108
5050
5055
5141
5363
5702
5998
6071
5875
5459
4835
4027
3092
1921
171
-2380
-5399
-8175
-10181
-11247
-11270
-10242
-8578
-6996
-5839
-4851
-3733
-2547
-1383
-71
1461
2883
3911
4784
5875
7039
7748
7707
6968
5579
3550
1192
-952
-2586
-3844
-4908
-5706
-6087
-6082
-5843
-5465
-4986
-4510
-4163
-3915
-3499
-2622
-1235
439
2143
3735
5067
5921
6214
6106
5770
5143
4107
2806
1566
558
-263
-917
-1352
-1680
-2157
-2882
-3643
-4195
-4513
-4666
-4613
-4268
-3700
-3078
-2426
-1635
-714
108
633
870
930
850
665
536
623
877
1099
1168
1109
918
504
-149
-902
-1575
-2107
-2503
-2699
-2619
-2308
-1933
-1609
-1314
-1008
-707
-419
-74
392
918
1417
1908
2487
3126
3659
3955
4014
3872
3532
3045
2597
2389
2481
2771
3147
3571
4038
4526
4970
5321
5549
5594
5387
4948
4397
3746
2700
848
-1798
-4672
-7117
-8809
-9603
-9331
-8089
-6482
-5159
-4182
-3218
-2183
-1256
-354
831
2234
3377
4086
4715
5477
6011
5876
5063
3768
1987
-231
-2426
-4038
-4965
-5508
-5862
-5941
-5699
-5280
-4799
-4214
-3477
-2696
-1993
-1276
-290
1080
2647
4089
5230
6004
6275
5923
5071
4045
3021
1926
734
-350
-1139
-1711
-2206
-2607
-2855
-3046
-3317
-3577
-3576
-3215
-2599
-1831
-919
76
935
1434
1541
1375
1029
518
-100
-684
-1111
-1369
-1467
-1369
-1094
-788
-628
-653
-782
-962
-1202
-1470
-1661
-1695
-1596
-1427
-1224
-998
-809
-714
-675
-583
-369
-29
428
988
1580
2081
2422
2634
2746
2714
2499
2174
1865
1634
1486
1469
1673
2115
2685
3244
3720
4115
4484
4889
5350
5832
6231
6415
6294
5877
5171
3958
1867
-1173
-4579
-7482
-9347
-10075
-9660
-8215
-6275
-4617
-3541
-2744
-1958
-1257
-592
454
2067
3786
5070
5902
6435
6421
5491
3769
1716
-466
-2776
-4906
-6306
-6795
-6708
-6414
-6010
-5530
-5119
-4794
-4324
-3475
-2266
-860
664
2333
4064
5568
6538
6853
6568
5758
4502
3030
1688
670
-127
-859
-1512
-2033
-2537
-3154
-3776
-4140
-4141
-3843
-3248
-2264
-968
346
1443
2292
2865
2972
2471
1563
654
-32
-558
-1038
-1477
-1869
-2271
-2655
-2849
-2731
-2424
-2122
-1844
-1485
-1057
-713
-549
-497
-484
-548
-707
-869
-920
-857
-733
-525
-171
286
715
1038
1289
1488
1591
1597
1603
1666
1704
1630
1494
1419
1408
1391
1388
1532
1921
2522
3238
3985
4705
5363
5956
6485
6900
7098
6975
6497
5751
4816
3491
1315
-1879
-5457
-8345
-9919
-10244
-9532
-7944
-5967
-4368
-3430
-2693
-1748
-773
75
1227
3025
4984
6311
6827
6766
5997
4251
1853
-462
-2426
-4267
-5941
-6974
-7177
-6944
-6658
-6318
-5857
-5381
-4880
-4045
-2619
-734
1258
3133
4809
6148
6928
7011
6473
5533
4376
3102
1831
746
-91
-837
-1654
-2477
-3163
-3728
-4238
-4548
-4386
-3679
-2603
-1309
131
1513
2513
3010
3183
3200
2973
2350
1413
402
-531
-1406
-2241
-2977
-3562
-3975
-4141
-3938
-3352
-2575
-1838
-1208
-649
-186
73
87
-60
-263
-466
-622
-667
-587
-448
-308
-158
38
260
455
619
792
983
1156
1295
1426
1529
1520
1356
1132
993
995
1121
1395
1877
2561
3335
4076
4705
5183
5540
5877
6272
6677
6937
6894
6471
5723
4714
3248
848
-2608
-6333
-9070
-10186
-9959
-8828
-7019
-5012
-3586
-2961
-2490
-1649
-685
174
1401
3374
5446
6646
6812
6300
5037
2810
122
-2140
-3784
-5211
-6431
-6976
-6799
-6454
-6288
-6101
-5713
-5232
-4598
-3445
-1603
600
2730
4590
6066
6926
6981
6329
5276
4133
3081
2155
1330
557
-230
-1131
-2150
-3120
-3860
-4352
-4621
-4514
-3834
-2651
-1264
115
1399
2412
2929
2973
2814
2618
2283
1712
1027
371
-337
-1282
-2456
-3635
-4576
-5108
-5089
-4466
-3403
-2254
-1308
-632
-184
19
-33
-229
-375
-379
-295
-190
-87
-23
-45
-154
-262
-296
-255
-150
61
416
850
1213
1405
1429
1328
1137
909
747
745
929
1281
1796
2453
3161
3793
4282
4632
4893
5138
5471
5940
6449
6795
6774
6276
5351
4145
2634
502
-2453
-5706
-8182
-9202
-8972
-8011
-6575
-4922
-3612
-2970
-2583
-1882
-883
157
1445
3283
5211
6313
6252
5382
3946
1898
-454
-2450
-3819
-4845
-5701
-6158
-6151
-6052
-6116
-6128
-5790
-5094
-4102
-2710
-887
1122
3000
4575
5734
6299
6162
5461
4507
3596
2880
2313
1732
1002
106
-928
-2049
-3111
-3891
-4266
-4236
-3781
-2871
-1664
-487
461
1210
1797
2139
2232
2206
2106
1786
1190
531
21
-443
-1127
-2095
-3131
-3976
-4479
-4527
-4061
-3177
-2141
-1230
-589
-260
-242
-448
-659
-656
-395
-26
278
437
445
316
91
-136
-268
-248
-58
286
712
1082
1259
1225
1087
983
944
939
967
1079
1319
1686
2153
2685
3201
3623
3957
4285
4657
5065
5509
6001
6483
6767
6643
6025
5018
3784
2287
247
-2439
-5236
-7240
-7997
-7786
-7057
-6000
-4802
-3873
-3389
-2973
-2196
-1098
132
1613
3395
4944
5576
5219
4259
2908
1200
-572
-2000
-3051
-3952
-4712
-5183
-5456
-5760
-6017
-5923
-5398
-4572
-3456
-2007
-396
1129
2545
3871
4870
5259
5114
4736
4264
3688
3095
2585
2032
1237
259
-705
-1618
-2525
-3276
-3608
-3450
-2945
-2234
-1398
-578
89
595
1010
1326
1516
1639
1757
1758
1427
697
-272
-1245
-2074
-2689
-3039
-3129
-3033
-2840
-2599
-2327
-2048
-1775
-1484
-1159
-831
-555
-371
-290
-290
-312
-296
-217
-89
47
172
270
345
428
549
718
922
1112
1234
1264
1224
1144
1046
976
990
1118
1350
1654
2000
2346
2683
3037
3437
3889
4397
4964
5547
6058
6405
6469
6140
5419
4466
3379
1953
-105
-2639
-4941
-6357
-6821
-6666
-6130
-5335
-4526
-3974
-3637
-3231
-2564
-1585
-231
1457
3096
4161
4433
4024
3094
1802
439
-719
-1645
-2427
-3040
-3485
-3963
-4638
-5325
-5685
-5588
-5106
-4263
-3064
-1677
-340
869
1980
2906
3478
3703
3787
3880
3927
3831
3593
3207
2596
1734
734
-266
-1206
-1997
-2479
-2568
-2363
-2047
-1728
-1455
-1234
-1003
-693
-311
80
446
776
996
1009
765
271
-374
-995
-1428
-1656
-1754
-1771
-1728
-1681
-1690
-1757
-1843
-1914
-1909
-1757
-1479
-1185
-965
-846
-814
-827
-816
-736
-581
-347
-24
337
660
901
1064
1160
1212
1273
1374
1484
1583
1675
1734
1710
1613
1520
1487
1526
1655
1892
2199
2522
2851
3200
3564
3940
4336
4731
5048
5207
5146
4842
4318
3591
2564
1082
-762
-2512
-3679
-4193
-4311
-4194
-3837
-3393
-3203
-3389
-3650
-3617
-3182
-2389
-1242
128
1337
1996
2026
1581
827
-40
-739
-1045
-987
-780
-666
-841
-1414
-2274
-3115
-3661
-3790
-3483
-2789
-1878
-1026
-427
-94
46
90
174
449
954
1586
2185
2623
2812
2693
2320
1833
1365
1000
777
700
702
667
526
285
-13
-332
-611
-779
-815
-775
-742
-770
-875
-1026
-1152
-1192
-1124
-965
-747
-520
-353
-264
-218
-192
-183
-185
-174
-158
-174
-245
-363
-522
-714
-888
-987
-1009
-1005
-1010
-1017
-1020
-1036
-1063
-1065
-991
-818
-569
-305
-83
78
207
336
482
644
818
989
1131
1225
1262
1251
1210
1165
1143
1161
1227
1329
1440
1535
1614
1686
1766
1857
1968
2103
2242
2362
2435
2438
2332
2115
1839
1570
1349
1182
1058
927
715
395
23
-331
-652
-937
-1161
-1307
-1393
-1451
-1499
-1562
-1687
-1877
-2067
-2192
-2234
-2201
-2093
-1929
-1768
-1648
-1581
-1570
-1604
-1635
-1597
-1462
-1266
-1060
-868
-716
-618
-568
-545
-528
-498
-428
-298
-125
50
193
293
349
374
398
438
499
582
690
817
935
1006
1016
977
905
825
742
650
537
404
267
155
72
-8
-106
-225
-349
-458
-528
-557
-559
-552
-540
-533
-551
-597
-654
-712
-760
-785
-782
-766
-761
-757
-735
-705
-692
-695
-693
-663
-596
-485
-341
-196
-80
16
114
209
288
359
431
513
602
699
791
862
912
965
1036
1125
1230
1352
1491
1643
1797
1943
2057
2118
2142
2156
2163
2123
1993
1784
1559
1376
1264
1201
1113
920
597
222
-110
-358
-548
-711
-848
-963
-1060
-1150
-1253
-1401
-1598
-1785
-1895
-1913
-1877
-1812
-1722
-1623
-1547
-1512
-1519
-1563
-1605
-1582
-1460
-1274
-1097
-961
-857
-773
-715
-669
-630
-597
-541
-425
-243
-53
84
167
220
257
288
332
393
463
544
657
784
870
878
828
749
662
585
530
479
405
312
230
157
77
-12
-100
-191
-277
-335
-350
-336
-314
-287
-265
-277
-327
-389
-438
-466
-475
-460
-443
-448
-476
-506
-529
-559
-589
-592
-566
-511
-431
-331
-234
-157
-85
-4
88
186
288
395
492
580
663
744
813
879
956
1037
1116
1199
1292
1393
1507
1629
1757
1875
1967
2037
2084
2105
2102
2061
1944
1743
1509
1319
1205
1143
1075
928
653
284
-65
-316
-481
-607
-716
-810
-903
-1000
-1100
-1221
-1387
-1567
-1690
-1720
-1692
-1648
-1584
-1510
-1461
-1456
-1487
-1540
-1591
-1583
-1474
-1290
-1110
-976
-881
-805
-738
-674
-610
-546
-473
-352
-174
10
146
224
265
291
318
361
420
481
546
633
724
783
791
763
716
655
576
479
365
251
169
133
119
85
12
-96
-216
-320
-383
-393
-362
-305
-240
-195
-203
-259
-335
-401
-443
-458
-451
-442
-445
-457
-476
-512
-568
-623
-646
-623
-554
-456
-350
-257
-193
-141
-87
-29
43
137
253
374
481
566
629
679
732
801
875
951
1026
1112
1214
1325
1440
1554
1662
1765
1868
1965
2034
2064
2066
2035
1949
1785
1565
1337
1153
1030
945
831
618
303
-42
-334
-537
-674
-779
-876
-975
-1075
-1170
-1278
-1413
-1561
-1675
-1720
-1707
-1659
-1600
-1538
-1488
-1470
-1485
-1527
-1571
-1569
-1483
-1322
-1142
-993
-893
-822
-760
-696
-633
-565
-482
-366
-211
-41
103
195
242
267
294
329
382
447
526
618
708
770
783
751
695
629
561
489
414
330
247
176
122
75
22
-43
-117
-199
-272
-317
-321
-286
-234
-193
-190
-233
-312
-394
-458
-496
-510
-513
-515
-525
-541
-564
-595
-628
-645
-632
-585
-506
-407
-306
-221
-158
-109
-60
-3
74
174
292
411
517
601
659
706
758
830
922
1024
1124
1224
1323
1420
1512
1602
1696
1800
1916
2029
2113
2147
2128
2078
2002
1887
1713
1488
1261
1086
978
900
772
536
204
-139
-410
-577
-677
-755
-842
-943
-1056
-1176
-1306
-1451
-1583
-1662
-1665
-1618
-1561
-1512
-1472
-1439
-1426
-1432
-1450
-1457
-1414
-1293
-1119
-950
-834
-771
-727
-679
-615
-535
-445
-341
-211
-58
92
204
260
284
305
341
397
468
547
625
700
757
780
759
705
645
590
536
481
420
354
287
224
159
90
17
-48
-103
-155
-204
-246
-269
-267
-253
-246
-272
-339
-430
-515
-574
-606
-612
-603
-587
-576
-575
-583
-602
-621
-618
-585
-519
-432
-335
-245
-175
-129
-101
-81
-51
2
87
193
301
399
474
531
574
619
682
767
870
984
1094
1196
1287
1374
1462
1546
1628
1709
1787
1859
1915
1948
1952
1922
1860
1755
1592
1376
1143
945
809
720
630
479
236
-63
-345
-558
-694
-786
-870
-962
-1065
-1174
-1285
-1401
-1521
-1620
-1673
-1672
-1632
-1576
-1516
-1463
-1430
-1418
-1429
-1441
-1430
-1368
-1249
-1108
-984
-899
-839
-787
-730
-662
-586
-501
-394
-260
-111
27
132
200
248
286
331
383
440
503
567
624
658
657
627
580
530
484
448
425
403
371
315
230
124
21
-51
-80
-86
-101
-145
-213
-288
-347
-391
-423
-460
-505
-555
-602
-645
-678
-699
-707
-703
-690
-676
-665
-657
-641
-615
-583
-541
-490
-430
-364
-301
-251
-217
-192
-165
-119
-49
38
139
241
335
412
472
521
572
638
729
836
946
1043
1122
1183
1234
1288
1351
1424
1504
1584
1661
1728
1778
1813
1831
1832
1810
1753
1648
1487
1285
1083
922
814
732
622
442
183
-114
-388
-599
-744
-848
-939
-1033
-1134
-1240
-1350
-1462
-1565
-1636
-1662
-1640
-1588
-1526
-1464
-1417
-1395
-1398
-1422
-1440
-1427
-1362
-1249
-1116
-995
-902
-830
-768
-701
-627
-539
-433
-305
-155
-4
125
220
279
312
340
374
424
491
570
653
723
767
780
761
728
691
663
652
657
667
658
604
494
347
201
95
41
14
-20
-92
-199
-311
-401
-455
-483
-501
-520
-547
-581
-616
-647
-669
-677
-670
-655
-642
-637
-640
-643
-645
-643
-632
-605
-557
-492
-422
-364
-325
-299
-271
-222
-146
-53
53
162
267
363
442
502
550
599
665
751
853
954
1044
1118
1175
1224
1273
1329
1403
1492
1590
1681
1758
1814
1854
1885
1909
1924
1916
1868
1757
1578
1346
1109
916
786
699
602
438
193
-99
-377
-593
-736
-830
-907
-989
-1087
-1196
-1316
-1447
-1573
-1678
-1740
-1754
-1729
-1679
-1624
-1578
-1555
-1560
-1583
-1597
-1572
-1490
-1354
-1194
-1046
-930
-845
-776
-712
-643
-558
-452
-321
-169
-13
122
220
282
321
354
397
455
532
625
719
803
855
872
857
829
798
772
746
723
702
687
674
646
580
461
302
134
0
-75
-93
-80
-82
-132
-240
-382
-521
-624
-672
-674
-658
-651
-672
-724
-795
-866
-922
-955
-966
-955
-930
-892
-851
-815
-785
-763
-736
-695
-631
-548
-457
-369
-290
-219
-152
-81
-1
92
194
301
405
499
583
661
739
825
919
1011
1099
1172
1236
1290
1345
1402
1464
1528
1588
1636
1673
1696
1715
1737
1770
1810
1848
1864
1835
1741
1579
1366
1143
952
818
729
640
501
285
6
-292
-556
-761
-902
-1005
-1094
-1188
-1297
-1418
-1546
-1669
-1769
-1830
-1843
-1816
-1758
-1688
-1624
-1577
-1552
-1543
-1535
-1503
-1431
-1317
-1181
-1043
-924
-832
-756
-688
-616
-530
-423
-296
-151
1
140
255
339
400
449
501
563
638
726
818
899
960
991
997
987
972
955
937
921
907
899
889
860
797
689
548
402
277
186
120
63
-5
-96
-207
-323
-434
-529
-604
-657
-695
-726
-759
-798
-845
-894
-944
-987
-1027
-1056
-1066
-1055
-1030
-996
-963
-930
-894
-847
-786
-715
-633
-542
-442
-335
-222
-109
-1
100
197
291
385
484
585
686
785
874
953
1022
1087
1146
1205
1261
1315
1371
1426
1478
1524
1563
1599
1631
1660
1686
1701
1704
1698
1690
1685
1688
1697
1693
1649
1538
1345
1092
834
632
516
463
408
277
50
-247
-554
-806
-979
-1082
-1144
-1194
-1257
-1338
-1440
-1555
-1662
-1745
-1790
-1790
-1748
-1676
-1591
-1508
-1450
-1424
-1427
-1431
-1404
-1326
-1201
-1051
-902
-773
-667
-576
-495
-418
-336
-241
-124
17
168
313
431
518
575
608
636
671
720
792
876
958
1013
1027
1000
946
887
844
825
819
813
784
723
633
524
416
318
227
135
37
-66
-168
-265
-354
-438
-523
-603
-673
-729
-777
-820
-865
-912
-951
-976
-988
-991
-998
-1014
-1036
-1060
-1073
-1063
-1030
-974
-906
-841
-787
-743
-697
-638
-554
-450
-334
-215
-101
1
89
173
250
329
415
508
606
702
788
858
911
949
981
1012
1046
1085
1124
1160
1187
1206
1213
1216
1221
1227
1232
1237
1238
1233
1226
1217
1203
1181
1153
1128
1115
1117
1106
1048
910
690
439
231
115
89
86
23
-147
-407
-690
-925
-1071
-1139
-1168
-1190
-1231
-1295
-1374
-1461
-1540
-1597
-1619
-1603
-1553
-1475
-1384
-1287
-1208
-1161
-1147
-1144
-1115
-1032
-899
-742
-596
-482
-396
-327
-259
-189
-113
-31
62
171
284
384
465
521
556
575
585
595
612
642
686
730
760
765
745
706
659
608
556
512
479
457
438
404
337
237
115
-4
-100
-167
-210
-245
-284
-335
-397
-468
-538
-600
-650
-682
-701
-709
-710
-707
-706
-708
-721
-743
-764
-776
-764
-729
-678
-626
-581
-546
-515
-483
-440
-389
-328
-257
-180
-102
-24
49
115
172
226
278
332
392
457
523
585
634
674
702
726
751
777
803
824
844
858
868
877
883
885
888
884
877
869
864
865
873
879
878
864
839
816
802
794
784
767
750
750
763
767
711
566
350
132
-5
-28
25
65
11
-162
-401
-626
-772
-827
-820
-796
-790
-820
-880
-958
-1037
-1096
-1124
-1120
-1094
-1054
-1002
-944
-887
-847
-841
-853
-856
-823
-740
-625
-516
-427
-364
-316
-265
-215
-166
-117
-64
-2
69
136
194
238
269
293
313
327
339
351
367
390
410
424
425
414
391
356
311
263
221
191
172
156
124
73
8
-60
-120
-165
-196
-216
-231
-242
-255
-270
-292
-316
-342
-363
-379
-388
-389
-386
-379
-374
-377
-391
-411
-431
-443
-436
-415
-384
-353
-331
-315
-303
-291
-271
-243
-205
-162
-115
-71
-32
3
34
66
103
145
189
234
274
310
342
374
407
440
473
500
518
529
536
540
546
558
571
583
592
597
596
588
582
576
577
584
594
601
602
597
588
580
572
563
556
548
543
534
518
492
462
433
410
387
346
274
173
69
-12
-52
-63
-75
-119
-202
-311
-418
-502
-551
-574
-586
-603
-633
-676
-724
-767
-797
-811
-811
-804
-791
-769
-740
-710
-687
-672
-665
-651
-620
-568
-506
-444
-396
-361
-331
-299
-261
-214
-164
-112
-64
-21
19
57
99
141
180
208
222
228
234
243
255
264
264
253
237
220
202
184
163
139
113
88
68
52
38
22
0
-28
-62
-94
-118
-130
-134
-133
-137
-151
-170
-190
-202
-206
-203
-196
-188
-186
-186
-189
-195
-198
-202
-199
-193
-182
-171
-158
-146
-136
-126
-115
-99
-78
-49
-17
16
47
74
101
132
167
204
242
275
303
329
351
373
398
423
448
467
481
488
492
496
502
509
520
529
533
526
515
500
486
478
476
477
473
457
430
396
362
336
322
316
309
296
274
246
217
194
174
156
142
129
120
113
104
91
65
26
-16
-53
-77
-86
-88
-92
-108
-138
-174
-206
-225
-228
-223
-217
-217
-224
-238
-251
-258
-265
-267
-272
-274
-277
-279
-280
-283
-283
-281
-273
-263
-250
-236
-224
-211
-194
-174
-152
-129
-107
-86
-69
-55
-43
-31
-19
-4
9
20
22
19
12
10
11
17
23
23
18
6
-10
-24
-33
-42
-46
-52
-61
-74
-89
-103
-115
-123
-125
-128
-128
-127
-124
-119
-113
-106
-100
-90
-80
-66
-54
-43
-35
-29
-23
-14
-5
9
22
35
46
56
65
74
85
100
115
129
141
150
157
164
169
172
175
178
180
182
184
185
184
181
180
181
182
186
191
196
201
206
208
211
211
214
217
217
215
208
196
183
168
152
138
124
109
89
70
51
35
21
12
5
-1
-4
-10
-16
-24
-31
-36
-38
-37
-35
-32
-33
-42
-60
-85
-108
-123
-125
-120
-115
-118
-136
-159
-176
-176
-155
-119
-84
-55
-41
-33
-23
-2
33
74
114
146
167
181
192
206
221
236
248
256
265
273
280
283
278
268
254
243
235
229
218
196
160
111
54
-7
-64
-123
-187
-257
-333
-411
-487
-556
-613
-658
-691
-713
-724
-722
-706
-678
-638
-590
-536
-478
-418
-356
-295
-235
-178
-127
-85
-50
-24
-4
10
19
23
23
22
20
17
14
12
10
9
8
6
7
8
8
8
5
3
-1
-4
-7
-9
-9
-10
-11
-12
-12
-11
-7
-2
5
11
13
14
11
4
-8
-23
-44
-68
-97
-130
-166
-203
-242
-277
-307
-329
-344
-353
-354
-352
-347
-338
-324
-304
-280
-252
-218
-179
-136
-89
-38
18
76
137
201
265
327
389
446
497
539
569
588
594
590
569
535
485
417
331
231
125
17
-87
-183
-268
-341
-403
-453
-488
-508
-511
-496
-467
-426
-378
-325
-271
-215
-158
-101
-43
15
71
127
182
232
282
329
370
406
442
474
502
527
546
559
566
566
558
543
523
497
466
435
405
377
353
332
311
285
252
214
170
120
67
7
-59
-128
-195
-248
-282
-290
-275
-239
-193
-142
-96
-56
-26
-6
7
14
17
19
19
22
23
19
8
-15
-47
-87
-129
-170
-204
-233
-258
-285
-318
-360
-404
-444
-474
-490
-498
-512
-550
-631
-767
-957
-1189
-1432
-1648
-1799
-1860
-1814
-1667
-1434
-1139
-812
-471
-134
188
486
756
990
1186
1340
1453
1529
1574
1594
1595
1583
1565
1540
1510
1475
1436
1390
1348
1314
1297
1302
1330
1370
1410
1438
1437
1395
1307
1171
990
781
551
323
110
-77
-229
-343
-422
-469
-488
-486
-476
-467
-476
-513
-583
-687
-811
-943
-1069
-1174
-1250
-1297
-1318
-1320
-1308
-1286
-1246
-1184
-1102
-995
-873
-754
-652
-584
-561
-580
-631
-701
-774
-837
-878
-897
-894
-872
-834
-784
-722
-648
-564
-469
-367
-263
-159
-63
28
114
194
272
347
417
477
524
553
565
559
538
504
458
404
340
267
186
100
16
-64
-132
-191
-240
-280
-319
-358
-395
-431
-457
-474
-479
-475
-464
-445
-425
-404
-381
-356
-326
-295
-266
-238
-220
-211
-213
-223
-240
-258
-270
-277
-276
-263
-240
-205
-147
-68
34
158
298
449
609
773
944
1121
1298
1461
1595
1686
1727
1723
1686
1637
1590
1551
1518
1479
1428
1364
1298
1243
1212
1206
1215
1223
1211
1159
1071
952
820
689
571
477
409
370
365
390
437
493
536
548
508
409
257
70
-128
-309
-450
-536
-565
-547
-500
-446
-401
-375
-365
-361
-351
-324
-277
-219
-159
-113
-93
-97
-118
-145
-161
-159
-138
-100
-56
-16
14
33
38
29
8
-24
-69
-127
-196
-276
-369
-473
-577
-665
-704
-664
-518
-260
78
431
717
848
769
474
7
-543
-1081
-1518
-1812
-1957
-1987
-1947
-1873
-1778
-1658
-1497
-1288
-1041
-784
-558
-398
-311
-279
-267
-235
-147
-5
172
355
508
616
675
701
714
723
729
721
680
596
465
300
124
-37
-160
-233
-249
-218
-152
-67
22
97
146
157
127
56
-48
-177
-318
-463
-606
-745
-876
-998
-1102
-1185
-1243
-1276
-1283
-1272
-1245
-1208
-1161
-1102
-1033
-956
-878
-803
-737
-683
-641
-604
-567
-527
-479
-430
-385
-344
-316
-301
-295
-295
-294
-290
-281
-262
-235
-199
-152
-90
-17
72
170
273
376
472
556
624
675
711
732
742
744
737
725
703
668
620
558
483
402
324
255
213
209
250
343
488
670
871
1065
1225
1331
1365
1321
1208
1045
851
655
484
357
291
289
350
458
599
753
902
1028
1120
1174
1183
1151
1079
976
854
719
585
460
348
250
162
85
10
-60
-129
-195
-255
-305
-346
-377
-398
-408
-410
-404
-391
-373
-354
-336
-323
-312
-302
-292
-280
-267
-258
-257
-270
-293
-326
-361
-391
-409
-413
-404
-382
-352
-316
-272
-225
-176
-130
-93
-66
-51
-36
-4
58
161
306
475
641
771
840
827
734
571
365
142
-70
-254
-399
-502
-566
-596
-602
-596
-588
-589
-605
-640
-690
-747
-806
-857
-892
-907
-903
-880
-845
-801
-756
-711
-670
-635
-604
-575
-544
-509
-471
-421
-362
-290
-202
-100
15
134
254
364
451
505
521
495
430
328
197
48
-110
-263
-403
-524
-617
-678
-707
-704
-672
-615
-537
-444
-345
-242
-139
-41
51
138
216
284
340
381
404
410
400
379
347
310
268
223
173
117
57
-5
-69
-125
-175
-219
-253
-279
-298
-306
-301
-279
-242
-186
-118
-40
45
137
234
337
450
572
701
831
951
1056
1134
1181
1194
1174
1129
1068
997
927
864
814
775
748
722
691
653
597
524
439
346
253
166
89
20
-41
-101
-160
-220
-282
-343
-399
-450
-493
-525
-546
-549
-530
-490
-432
-363
-293
-223
-154
-72
34
174
348
537
709
824
844
753
555
271
-58
-382
-672
-895
-1046
-1123
-1132
-1083
-983
-845
-681
-509
-351
-221
-132
-88
-85
-110
-157
-215
-280
-350
-422
-495
-562
-622
-670
-704
-720
-714
-679
-610
-505
-366
-201
-33
126
255
351
416
461
499
538
579
620
655
684
709
733
752
756
717
602
389
70
-339
-787
-1218
-1571
-1805
-1899
-1861
-1716
-1496
-1232
-948
-660
-379
-113
126
331
495
611
679
705
699
665
617
567
519
484
467
470
495
536
587
644
700
754
799
836
860
874
872
857
832
796
751
701
645
586
523
459
396
339
288
246
213
190
175
170
168
172
177
183
189
191
194
193
190
184
173
161
145
126
108
88
64
39
10
-22
-59
-99
-141
-184
-231
-277
-327
-379
-432
-487
-538
-586
-626
-658
-679
-690
-694
-688
-673
-652
-625
-595
-558
-519
-474
-425
-375
-323
-270
-220
-172
-129
-90
-55
-23
8
45
87
138
198
267
345
426
512
596
673
739
784
802
791
749
682
592
492
386
280
179
84
-1
-77
-143
-196
-242
-281
-320
-365
-418
-482
-551
-622
-690
-749
-797
-836
-867
-884
-890
-881
-848
-793
-720
-636
-556
-492
-453
-442
-456
-486
-518
-543
-550
-533
-493
-429
-345
-247
-138
-23
93
206
312
409
494
569
634
693
748
797
843
885
921
949
968
977
975
959
928
885
831
767
703
639
582
532
488
446
400
350
292
228
159
91
28
-30
-82
-125
-162
-189
-213
-231
-243
-253
-260
-263
-267
-269
-273
-278
-287
-298
-312
-326
-337
-340
-338
-330
-318
-306
-293
-279
-263
-243
-212
-172
-119
-61
3
67
128
182
226
262
290
310
324
335
346
357
369
384
398
410
419
425
427
423
414
396
371
340
303
258
210
160
107
53
-1
-56
-108
-156
-194
-219
-230
-223
-194
-147
-83
-6
74
152
218
262
280
271
235
176
101
14
-74
-161
-243
-312
-371
-418
-450
-468
-477
-473
-464
-449
-429
-405
-380
-356
-331
-311
-292
-275
-263
-252
-242
-235
-225
-214
-201
-185
-168
-146
-125
-103
-81
-60
-40
-20
1
24
48
73
99
126
155
188
225
265
309
356
408
460
509
551
582
595
585
552
492
408
304
184
55
-78
-206
-329
-436
-526
-597
-648
-678
-689
-682
-655
-608
-538
-438
-306
-139
59
278
505
715
888
1009
1064
1058
998
902
795
696
618
572
556
563
580
597
598
577
525
436
312
153
-37
-247
-466
-682
-881
-1051
-1185
-1278
-1327
-1337
-1309
-1251
-1170
-1076
-973
-865
-760
-660
-565
-477
-398
-327
-261
-202
-150
-103
-64
-32
-6
14
28
38
48
56
67
80
96
119
146
178
216
257
298
340
380
415
444
467
482
489
491
489
481
471
459
448
434
421
408
395
381
366
349
330
310
285
258
228
196
162
128
97
69
47
32
20
15
10
2
-7
-25
-50
-85
-127
-176
-231
-286
-339
-387
-424
-451
-464
-462
-446
-418
-382
-339
-294
-249
-206
-167
-132
-100
-72
-49
-30
-15
-2
9
18
26
35
43
51
58
66
73
78
84
93
99
111
123
139
158
180
203
228
254
279
302
322
338
347
354
352
347
337
323
307
285
259
231
198
162
125
88
50
16
-11
-34
-48
-54
-52
-44
-30
-12
8
28
47
63
76
84
88
88
87
81
75
66
57
48
39
29
20
10
0
-10
-23
-35
-48
-61
-73
-85
-95
-103
-110
-116
-120
-121
-119
-108
-90
-57
-12
47
120
200
281
357
420
464
483
477
445
390
315
226
132
35
-58
-144
-221
-285
-338
-378
-408
-427
-439
-446
-449
-448
-445
-440
-435
-426
-416
-404
-390
-375
-359
-344
-328
-311
-297
-282
-269
-258
-246
-237
-229
-221
-215
-208
-203
-196
-190
-183
-172
-159
-145
-128
-112
-94
-77
-63
-51
-42
-36
-32
-30
-32
-37
-44
-56
-71
-88
-109
-131
-155
-179
-204
-229
-252
-273
-291
-305
-316
-322
-321
-320
-313
-303
-290
-277
-262
-246
-230
-215
-199
-186
-173
-161
-151
-139
-126
-111
-93
-74
-52
-32
-9
12
34
55
75
95
112
127
143
155
166
173
179
184
188
189
191
191
191
191
191
192
194
198
202
207
212
218
222
225
229
231
232
230
229
225
220
215
208
201
195
189
184
180
177
172
171
170
169
169
168
167
163
157
148
138
125
112
97
85
75
68
61
58
56
53
50
47
42
35
28
21
11
3
-5
-15
-22
-25
-27
-28
-22
-15
-8
3
12
22
31
37
40
42
42
39
35
30
26
22
20
18
15
11
9
1
-8
-20
-36
-54
-73
-92
-109
-127
-139
-150
-158
-162
-166
-168
-165
-162
-156
-147
-140
-130
-121
-110
-98
-86
-75
-63
-50
-40
-28
-16
-7
1
9
15
22
27
31
35
39
41
45
49
51
54
56
57
60
62
65
67
70
73
77
82
87
92
98
103
109
112
115
116
116
115
113
111
107
104
98
93
86
80
73
65
59
52
45
39
32
26
19
13
6
-2
-11
-19
-28
-37
-47
-55
-63
-70
-77
-82
-87
-91
-96
-98
-100
-102
-102
-102
-99
-96
-93
-90
-86
-82
-78
-75
-71
-66
-63
-58
-54
-51
-47
-44
-42
-41
-38
-38
-36
-34
-33
-30
-28
-25
-22
-20
-17
-14
-13
-10
-8
-6
-5
-3
-1
1
3
6
10
14
20
26
33
40
46
50
54
56
56
54
49
43
34
24
12
0
-13
-26
-40
-51
-63
-73
-80
-87
-93
-98
-102
-106
-110
-114
-117
-121
-124
-126
-128
-131
-132
-133
-133
-133
-133
-133
-132
-132
-130
-129
-128
-125
-122
-119
-115
-109
-103
-96
-88
-79
-69
-59
-50
-38
-28
-14
-3
9
23
37
52
67
82
99
115
131
149
166
185
204
223
241
258
276
290
303
311
316
318
314
305
291
275
255
233
211
189
167
147
131
117
106
100
95
94
93
94
95
97
97
95
92
88
81
73
63
53
43
31
21
10
1
-8
-17
-24
-32
-38
-46
-54
-61
-71
-82
-94
-108
-123
-138
-153
-169
-184
-199
-211
-221
-230
-235
-238
-239
-237
-233
-228
-221
-213
-205
-196
-186
-177
-169
-161
-152
-145
-137
-130
-123
-116
-107
-99
-91
-83
-75
-67
-59
-52
-45
-40
-35
-31
-27
-24
-19
-17
-12
-9
-6
-1
3
8
12
16
19
23
28
31
36
42
48
55
65
74
85
97
110
123
136
149
162
174
183
194
201
208
214
219
223
226
226
228
226
224
221
216
210
203
193
184
173
160
146
131
117
100
84
69
54
40
26
14
3
-5
-13
-19
-25
-29
-31
-33
-35
-35
-36
-37
-36
-36
-35
-34
-33
-33
-32
-31
-30
-29
-26
-24
-21
-21
-18
-14
-12
-9
-6
-2
0
2
4
6
8
10
11
12
12
13
14
13
14
13
14
14
13
12
11
9
9
6
5
3
2
1
0
0
0
0
0
2
5
6
8
8
10
10
9
9
8
5
4
2
0
-3
-6
-9
-11
-14
-17
-19
-23
-24
-26
-26
-28
-29
-28
-30
-29
-29
-29
-28
-28
-28
-29
-28
-27
-27
-27
-27
-26
-27
-26
-25
-24
-23
-22
-21
-21
-21
-20
-19
-21
-22
-23
-25
-26
-29
-29
-31
-34
-36
-39
-41
-43
-44
-45
-46
-46
-46
-45
-44
-43
-41
-38
-37
-35
-32
-28
-26
-23
-21
-18
-15
-13
-10
-6
-4
-1
1
3
5
9
11
13
16
17
19
20
21
22
22
23
24
23
24
24
25
26
27
28
29
30
32
31
33
32
33
34
33
32
31
30
29
27
25
23
22
20
18
15
12
9
6
2
-2
-7
-12
-17
-24
-28
-36
-42
-48
-54
-60
-64
-69
-74
-76
-79
-81
-82
-83
-82
-81
-80
-78
-75
-72
-68
-65
-62
-58
-54
-51
-48
-43
-38
-36
-33
-28
-24
-20
-17
-15
-11
-8
-6
-5
-4
-4
-3
-1
0
1
1
3
4
6
7
9
11
14
17
20
23
25
27
28
30
31
30
29
29
27
24
22
18
16
12
8
4
1
-4
-7
-11
-14
-17
-21
-24
-28
-30
-34
-36
-37
-39
-41
-41
-41
-42
-40
-41
-40
-39
-36
-34
-34
-31
-29
-27
-25
-22
-19
-17
-15
-13
-11
-9
-8
-7
-4
-4
-2
-1
0
1
1
3
4
5
6
7
8
9
10
10
13
14
14
16
18
19
20
21
23
24
26
28
29
31
33
35
37
39
40
43
45
46
49
51
54
55
56
58
58
59
60
61
60
60
59
58
57
55
54
51
49
46
43
41
37
33
30
26
23
18
14
9
6
1
-3
-7
-9
-14
-18
-21
-24
-27
-30
-32
-35
-37
-39
-41
-43
-44
-46
-48
-50
-52
-53
-55
-57
-57
-59
-60
-61
-62
-64
-64
-64
-65
-66
-66
-67
-66
-67
-67
-66
-67
-67
-68
-68
-68
-67
-68
-67
-66
-66
-64
-63
-61
-60
-57
-55
-52
-50
-48
-45
-43
-40
-39
-36
-34
-32
-30
-28
-25
-23
-21
-19
-19
-17
-14
-13
-10
-9
-8
-6
-4
-3
-1
1
2
4
5
6
8
9
10
11
13
13
14
13
15
16
17
17
17
17
19
19
19
19
21
20
21
21
21
21
21
21
21
22
22
22
22
22
22
22
22
22
23
23
22
22
22
21
22
21
21
21
21
22
22
22
23
24
24
24
25
25
28
27
29
30
29
30
30
30
29
29
27
27
26
24
24
23
22
20
19
17
15
15
13
11
9
8
6
5
5
3
2
1
0
0
-1
-1
-2
-2
-1
0
1
1
3
6
8
10
13
15
19
21
25
28
32
34
38
40
44
48
50
52
54
57
58
61
59
61
62
62
62
62
62
62
60
60
58
57
55
53
51
49
46
45
42
40
37
34
32
31
28
26
24
23
20
18
16
15
12
11
10
8
6
6
5
3
3
2
2
1
0
0
0
-1
-1
-1
-1
-1
-1
0
-2
-2
-1
-2
-2
-2
-2
-2
-2
-2
-3
-3
-3
-4
-4
-4
-4
-5
-5
-5
-6
-6
-5
-6
-7
-7
-7
-7
-7
-7
-8
-8
-8
-9
-10
-10
-11
-11
-12
-13
-13
-14
-14
-15
-15
-15
-16
-16
-17
-15
-17
-17
-17
-17
-18
-17
-18
-18
-18
-18
-19
-17
-18
-18
-19
-19
-19
-20
-19
-19
-20
-20
-20
-20
-19
-19
-20
-20
-19
-21
-20
-21
-21
-21
-21
-21
-21
-21
-20
-20
-21
-21
-21
-21
-21
-21
-22
-22
-22
-23
-23
-23
-23
-22
-23
-24
-23
-24
-24
-23
-23
-23
-22
-22
-21
-22
-21
-20
-19
-19
-20
-18
-17
-17
-16
-15
-15
-14
-12
-13
-11
-11
-10
-10
-10
-9
-8
-8
-7
-7
-5
-4
-5
-4
-3
-3
-2
-2
-3
-2
-1
-1
0
-1
0
0
-1
-1
0
-2
-2
-3
-3
-2
-3
-3
-3
-4
-4
-4
-4
-5
-5
-5
-5
-5
-4
-5
-4
-5
-5
-4
-3
-3
-3
-3
-3
-3
-4
-2
-1
-1
-1
0
1
1
2
3
3
4
4
5
6
6
7
9
9
9
11
11
12
12
12
13
13
13
13
14
13
14
15
14
14
14
12
13
12
11
10
9
7
6
4
2
1
0
-4
-5
-8
-9
-12
-15
-17
-19
-21
-23
-24
-27
-29
-30
-31
-33
-33
-34
-35
-35
-35
-34
-32
-32
-31
-32
-30
-29
-27
-26
-26
-24
-23
-22
-21
-18
-16
-14
-13
-10
-8
-5
-3
0
2
3
7
8
9
10
10
11
10
10
10
10
9
7
7
5
3
2
0
-1
-2
-4
-4
-6
-9
-9
-12
-11
-13
-14
-15
-15
-17
-15
-16
-15
-14
-12
-11
-8
-5
-2
1
5
9
12
14
19
24
27
30
33
36
39
42
43
45
46
47
47
46
45
44
42
40
38
34
31
26
20
16
10
3
-3
-9
-16
-23
-31
-38
-44
-51
-58
-63
-68
-74
-79
-85
-90
-93
-97
-100
-100
-98
-96
-90
-83
-70
-54
-34
-13
13
42
72
103
136
165
193
217
237
250
258
259
252
239
219
193
164
130
95
60
25
-6
-35
-59
-79
-92
-102
-106
-106
-102
-95
-87
-77
-68
-58
-49
-42
-36
-33
-32
-31
-34
-36
-40
-43
-49
-52
-58
-63
-69
-74
-79
-85
-90
-97
-102
-108
-112
-114
-117
-118
-117
-114
-112
-107
-102
-95
-90
-86
-82
-79
-78
-78
-81
-84
-87
-89
-92
-93
-89
-83
-72
-57
-37
-11
18
51
87
123
161
195
225
252
272
284
288
285
272
249
219
182
138
90
40
-13
-64
-116
-162
-207
-246
-279
-305
-324
-338
-346
-347
-345
-335
-322
-305
-285
-264
-240
-215
-188
-161
-134
-106
-79
-54
-29
-3
19
41
60
79
95
107
119
128
135
138
141
142
141
138
132
126
120
112
102
93
83
71
57
44
29
15
1
-14
-30
-44
-57
-68
-79
-88
-93
-96
-97
-95
-90
-82
-74
-62
-49
-36
-23
-11
2
13
22
32
40
46
51
55
60
64
67
72
77
84
91
99
109
120
130
141
150
159
167
174
177
179
180
177
172
167
159
151
141
132
125
116
108
101
97
94
91
90
90
91
91
94
95
96
97
96
99
97
96
97
96
97
98
99
100
102
106
111
114
119
124
128
131
133
134
132
131
127
122
114
107
98
89
80
72
64
56
49
43
38
35
31
29
26
21
17
11
6
-1
-8
-15
-24
-32
-41
-48
-56
-61
-67
-72
-76
-82
-88
-95
-100
-108
-115
-123
-131
-136
-140
-143
-142
-132
-121
-104
-80
-53
-22
12
47
80
110
133
149
156
151
135
106
67
17
-39
-102
-167
-232
-293
-345
-389
-421
-440
-446
-436
-414
-381
-338
-289
-234
-178
-122
-69
-19
26
66
101
132
159
184
210
233
258
284
313
343
374
405
435
462
487
506
518
525
523
516
502
483
458
430
400
372
340
312
287
264
243
224
209
195
179
166
151
135
118
98
79
58
40
21
4
-10
-23
-31
-36
-39
-38
-36
-34
-32
-31
-31
-36
-46
-60
-77
-100
-125
-152
-182
-210
-237
-262
-280
-293
-302
-303
-299
-289
-275
-259
-240
-223
-207
-195
-187
-186
-189
-199
-213
-232
-254
-277
-298
-319
-335
-346
-350
-347
-336
-320
-296
-267
-234
-198
-162
-127
-93
-65
-41
-22
-9
-2
-2
-6
-14
-27
-41
-56
-71
-84
-96
-104
-109
-109
-104
-94
-79
-58
-31
0
36
74
116
161
206
248
290
326
357
379
393
398
393
378
354
321
281
235
185
134
82
32
-13
-52
-86
-111
-128
-139
-141
-137
-129
-117
-101
-83
-66
-47
-31
-16
-1
9
19
27
32
35
39
39
36
33
25
18
7
-8
-24
-44
-64
-84
-107
-127
-144
-160
-172
-180
-183
-182
-176
-166
-151
-133
-113
-93
-71
-51
-31
-13
3
17
29
38
48
55
62
68
74
80
84
87
90
91
89
84
76
62
46
23
-2
-32
-66
-101
-139
-176
-214
-248
-280
-306
-328
-345
-354
-358
-354
-343
-330
-309
-284
-256
-225
-191
-158
-125
-92
-61
-32
-5
20
41
61
77
91
104
113
121
128
133
137
139
142
144
145
146
148
149
149
152
153
154
155
155
156
156
155
152
148
143
137
128
118
106
93
79
63
48
32
15
-1
-18
-36
-56
-74
-97
-122
-146
-174
-202
-233
-265
-297
-327
-355
-378
-397
-409
-413
-406
-392
-367
-333
-289
-235
-176
-111
-42
27
96
163
226
282
331
375
411
436
453
463
464
458
446
426
399
369
330
288
240
188
133
77
18
-39
-95
-148
-195
-235
-269
-294
-308
-313
-311
-298
-279
-254
-225
-192
-159
-125
-94
-63
-37
-16
0
13
22
25
27
25
21
17
11
6
0
-5
-12
-17
-23
-27
-33
-39
-45
-52
-57
-64
-71
-76
-79
-84
-86
-86
-87
-84
-82
-78
-76
-70
-66
-62
-59
-57
-56
-56
-55
-59
-61
-64
-68
-72
-76
-78
-80
-81
-81
-80
-76
-72
-66
-60
-53
-44
-35
-24
-15
-4
7
19
32
46
59
75
92
111
130
153
177
200
224
249
272
294
312
327
339
343
343
336
324
306
282
252
219
182
145
106
66
28
-9
-44
-77
-108
-135
-159
-182
-203
-221
-239
-255
-270
-284
-297
-308
-319
-328
-335
-340
-341
-338
-331
-320
-305
-287
-264
-240
-211
-184
-155
-129
-104
-82
-65
-51
-39
-30
-27
-23
-21
-20
-18
-13
-7
0
10
23
38
53
71
87
102
115
126
132
136
136
132
126
120
110
101
93
85
82
82
84
90
100
111
127
144
160
177
194
209
224
236
246
255
263
270
276
283
289
295
300
307
311
316
317
317
315
309
299
288
271
255
237
217
197
180
164
148
136
127
117
110
102
92
80
67
48
22
-7
-41
-82
-127
-171
-218
-264
-307
-344
-373
-396
-406
-407
-398
-378
-347
-309
-264
-215
-162
-109
-57
-7
39
81
118
149
172
192
206
215
219
220
217
212
204
194
182
170
157
141
127
111
97
83
71
62
52
45
42
40
39
40
40
40
40
36
31
23
11
-3
-22
-42
-66
-91
-119
-145
-170
-193
-215
-232
-247
-260
-268
-273
-276
-278
-279
-279
-280
-281
-282
-286
-291
-297
-301
-305
-309
-308
-307
-301
-291
-278
-257
-232
-204
-170
-135
-97
-55
-14
25
62
98
130
158
179
196
208
215
217
214
206
196
184
169
154
137
118
101
85
69
55
42
30
18
8
-2
-9
-16
-21
-25
-29
-30
-31
-32
-32
-30
-28
-24
-20
-17
-13
-6
-2
4
10
17
22
30
36
43
50
54
61
66
70
73
75
76
76
76
74
72
69
67
64
62
60
60
60
60
60
63
64
66
68
68
67
65
62
57
50
41
32
21
10
0
-11
-22
-30
-39
-45
-49
-52
-53
-53
-52
-52
-49
-48
-46
-45
-45
-47
-49
-49
-52
-52
-52
-52
-48
-43
-35
-25
-14
-1
13
27
40
52
62
70
71
69
65
54
40
22
2
-20
-43
-66
-87
-106
-123
-134
-141
-144
-141
-132
-120
-105
-85
-63
-38
-13
14
43
70
99
126
153
179
204
227
249
270
288
303
316
327
334
336
336
332
326
315
301
285
265
241
217
190
163
132
103
73
43
14
-14
-40
-67
-90
-111
-131
-147
-161
-173
-183
-193
-200
-208
-214
-221
-229
-238
-247
-258
-268
-278
-288
-298
-307
-314
-319
-321
-320
-318
-314
-306
-297
-285
-275
-264
-253
-242
-233
-224
-217
-210
-202
-196
-188
-179
-168
-153
-138
-119
-98
-74
-49
-22
5
32
56
80
102
119
132
143
150
153
153
149
142
134
126
116
104
93
84
75
69
63
59
60
62
67
74
85
100
118
138
160
185
211
236
262
286
307
324
336
345
348
343
334
318
298
275
246
218
186
157
129
101
76
56
37
21
10
-1
-10
-15
-23
-30
-37
-45
-54
-63
-72
-81
-90
-98
-105
-111
-115
-119
-122
-123
-123
-124
-125
-124
-125
-127
-126
-126
-125
-120
-114
-102
-86
-64
-38
-7
30
72
119
168
217
264
310
349
382
406
420
422
414
394
366
328
284
234
182
130
80
35
-3
-34
-57
-72
-79
-76
-69
-56
-40
-22
-3
10
20
24
23
14
-4
-30
-64
-105
-151
-200
-251
-299
-342
-378
-405
-422
-423
-413
-389
-353
-308
-253
-194
-135
-74
-19
30
70
101
119
128
127
115
93
65
31
-6
-45
-87
-127
-165
-199
-230
-256
-277
-295
-306
-313
-315
-315
-311
-303
-296
-285
-275
-263
-251
-238
-225
-209
-194
-178
-160
-141
-123
-104
-83
-65
-46
-29
-13
2
16
31
44
58
71
84
98
112
125
137
150
161
170
177
184
188
190
192
193
195
197
201
206
213
222
231
244
255
266
277
287
293
295
293
286
274
256
233
203
170
131
88
42
-7
-56
-107
-159
-209
-260
-310
-358
-403
-446
-486
-523
-555
-583
-601
-614
-620
-614
-598
-570
-533
-486
-430
-366
-299
-227
-156
-86
-22
35
82
119
146
159
163
156
142
119
93
62
28
-4
-36
-66
-92
-115
-132
-144
-153
-157
-157
-153
-144
-133
-120
-104
-88
-69
-49
-29
-9
13
33
54
73
94
115
135
152
170
188
202
217
231
240
252
259
262
263
259
251
237
214
186
149
104
49
-10
-78
-148
-220
-291
-359
-419
-467
-501
-520
-521
-504
-469
-419
-354
-276
-189
-98
-6
84
166
241
305
353
389
410
415
406
384
349
305
252
193
130
65
0
-63
-121
-173
-218
-254
-280
-295
-300
-292
-273
-243
-205
-158
-106
-50
10
67
125
177
223
263
293
315
330
337
336
328
318
302
285
268
248
229
212
195
178
161
146
129
111
92
72
52
32
13
-7
-25
-43
-59
-72
-82
-91
-99
-104
-111
-117
-123
-129
-137
-147
-157
-168
-181
-192
-205
-214
-223
-231
-235
-238
-239
-236
-233
-227
-219
-212
-204
-197
-190
-185
-179
-175
-172
-170
-166
-163
-159
-154
-148
-141
-132
-124
-112
-101
-87
-73
-60
-43
-25
-8
13
37
61
89
117
148
179
210
243
275
304
330
353
374
390
401
408
409
406
398
389
372
352
331
308
281
253
225
197
171
148
127
109
95
85
82
83
90
102
120
141
166
195
226
257
288
319
347
371
391
406
414
417
414
404
388
365
340
308
275
237
200
163
125
89
55
22
-4
-29
-50
-66
-77
-87
-92
-93
-94
-94
-94
-95
-100
-106
-117
-131
-148
-167
-188
-207
-222
-232
-233
-226
-208
-182
-147
-105
-56
-5
44
92
135
168
196
214
221
227
222
214
204
194
186
178
171
168
164
160
155
150
142
131
119
106
93
80
68
58
50
44
40
39
40
39
38
38
36
31
26
17
6
-5
-23
-41
-59
-81
-104
-124
-145
-160
-171
-175
-172
-162
-144
-120
-92
-63
-35
-11
4
10
5
-11
-39
-76
-119
-167
-214
-259
-297
-330
-355
-371
-382
-387
-387
-386
-384
-384
-383
-383
-382
-382
-378
-371
-359
-342
-321
-296
-268
-238
-207
-178
-150
-126
-105
-86
-71
-57
-45
-35
-23
-13
-2
8
19
29
40
50
59
69
79
87
98
108
119
129
140
150
158
167
174
178
182
183
183
182
180
177
172
169
164
159
153
145
136
126
115
103
89
76
62
48
35
22
11
1
-8
-18
-28
-35
-45
-53
-61
-69
-76
-83
-86
-91
-95
-95
-97
-96
-96
-95
-93
-94
-92
-92
-93
-91
-91
-90
-86
-83
-79
-74
-67
-61
-53
-47
-42
-35
-30
-27
-23
-19
-15
-12
-7
0
7
13
21
30
38
46
50
56
58
58
59
56
52
47
40
33
25
18
10
2
-8
-17
-27
-39
-50
-62
-73
-86
-99
-110
-123
-133
-145
-156
-167
-177
-185
-195
-203
-212
-217
-223
-228
-230
-231
-231
-227
-223
-218
-211
-204
-197
-190
-183
-176
-170
-162
-155
-147
-139
-129
-119
-110
-98
-87
-76
-65
-54
-44
-35
-25
-15
-4
9
21
37
53
70
88
105
120
134
144
151
156
156
154
149
142
132
118
104
87
68
47
23
-4
-35
-69
-103
-138
-173
-206
-234
-257
-272
-279
-276
-263
-240
-207
-166
-117
-63
-5
55
116
175
230
279
322
357
386
405
414
417
412
400
383
363
339
314
288
262
238
214
193
174
158
141
127
112
99
87
73
60
47
35
21
9
-2
-14
-26
-36
-47
-59
-69
-79
-90
-101
-112
-122
-134
-144
-153
-163
-171
-177
-184
-188
-189
-190
-189
-186
-181
-174
-167
-157
-145
-133
-121
-108
-97
-87
-80
-76
-74
-75
-82
-91
-102
-117
-133
-150
-168
-182
-196
-207
-213
-217
-216
-210
-202
-188
-170
-151
-128
-104
-80
-55
-30
-6
18
39
59
78
96
113
127
140
152
163
172
181
189
196
201
207
213
218
222
225
231
234
237
242
246
250
254
257
261
265
266
269
269
269
268
266
263
259
253
248
241
232
223
212
202
189
177
162
147
132
116
97
78
60
39
19
0
-19
-40
-58
-76
-93
-108
-123
-138
-151
-164
-176
-186
-195
-203
-210
-217
-223
-226
-230
-233
-234
-234
-234
-233
-230
-228
-223
-218
-211
-205
-196
-188
-179
-170
-159
-150
-141
-133
-125
-118
-112
-107
-104
-102
-101
-101
-102
-102
-105
-106
-107
-108
-108
-107
-105
-101
-98
-92
-87
-82
-74
-68
-63
-55
-48
-43
-36
-29
-23
-16
-8
1
10
20
32
45
58
73
89
104
120
136
153
167
181
194
207
217
225
230
236
239
241
239
238
236
234
231
227
225
221
218
217
213
212
208
204
201
196
191
184
176
166
155
143
128
112
94
77
57
35
13
-9
-32
-55
-79
-104
-127
-151
-174
-197
-218
-238
-256
-271
-285
-295
-303
-308
-309
-306
-301
-293
-281
-267
-251
-233
-214
-196
-176
-157
-138
-119
-101
-84
-68
-51
-37
-22
-8
5
17
29
41
53
65
76
87
97
108
119
129
139
149
158
167
176
183
189
196
201
203
203
203
201
197
192
184
176
166
154
142
129
113
99
83
65
49
32
14
-4
-23
-40
-59
-77
-94
-110
-127
-141
-155
-167
-178
-186
-193
-199
-202
-202
-201
-198
-194
-187
-180
-171
-161
-149
-137
-125
-111
-98
-85
-71
-56
-43
-29
-15
-1
12
26
39
52
64
74
86
97
106
116
125
133
141
149
155
162
167
173
176
178
181
182
179
177
172
166
160
152
144
134
123
113
102
91
80
68
57
46
35
24
13
3
-7
-18
-27
-37
-45
-52
-61
-65
-71
-75
-78
-79
-80
-79
-78
-75
-70
-65
-59
-51
-45
-37
-28
-21
-12
-5
3
10
18
24
30
36
41
45
48
51
53
54
53
52
50
46
43
39
33
27
22
15
10
4
-2
-8
-13
-18
-23
-26
-32
-36
-40
-43
-47
-50
-54
-57
-61
-63
-66
-69
-73
-76
-79
-80
-84
-86
-88
-89
-90
-91
-91
-92
-91
-90
-90
-89
-86
-84
-82
-79
-77
-74
-72
-69
-67
-65
-63
-61
-59
-57
-55
-53
-52
-49
-47
-45
-42
-38
-35
-31
-27
-25
-20
-18
-14
-11
-9
-7
-5
-3
-1
-1
1
3
2
3
4
4
5
5
7
7
9
11
12
12
15
18
18
21
23
24
27
28
29
32
33
33
36
37
36
37
36
36
36
36
34
33
31
30
28
26
24
23
20
18
17
15
11
11
9
6
6
2
0
-2
-4
-5
-5
-8
-9
-12
-12
-12
-13
-13
-14
-13
-13
-13
-12
-11
-11
-9
-7
-6
-3
-1
0
3
4
8
12
15
19
21
24
27
30
33
34
35
36
36
35
33
30
28
23
20
15
11
7
3
-1
-5
-7
-11
-11
-14
-14
-14
-13
-13
-12
-9
-7
-5
-3
-2
-1
1
2
3
2
2
1
0
-3
-5
-8
-12
-15
-20
-23
-27
-29
-32
-34
-35
-36
-35
-33
-30
-25
-19
-12
-5
4
14
23
35
46
57
68
78
88
97
106
113
118
125
127
130
132
132
132
130
128
126
121
117
112
106
101
95
89
82
76
70
63
56
48
39
31
23
14
7
-1
-10
-18
-26
-33
-41
-48
-56
-62
-68
-73
-78
-81
-85
-87
-89
-90
-92
-92
-92
-92
-92
-91
-91
-90
-90
-91
-90
-90
-90
-89
-88
-89
-89
-88
-84
-82
-79
-74
-68
-61
-52
-42
-32
-19
-6
6
20
35
49
62
76
89
101
112
119
126
130
134
134
132
129
124
116
108
97
87
74
60
47
32
17
3
-10
-25
-38
-49
-61
-70
-79
-88
-93
-97
-102
-106
-107
-108
-107
-105
-103
-100
-97
-92
-86
-82
-74
-68
-61
-54
-46
-38
-30
-22
-14
-6
2
9
16
22
28
35
39
44
47
51
53
55
55
54
55
53
52
51
49
46
44
40
36
34
31
27
25
21
18
15
11
8
4
2
-2
-6
-10
-14
-19
-25
-30
-34
-40
-45
-50
-55
-59
-64
-68
-71
-74
-77
-78
-80
-81
-81
-81
-79
-78
-75
-73
-69
-66
-62
-58
-52
-49
-43
-39
-34
-29
-24
-19
-15
-11
-7
-2
1
4
8
11
14
18
21
24
26
29
32
34
35
37
39
41
40
42
41
42
41
42
42
41
39
39
37
36
34
33
31
29
25
24
21
18
16
13
11
8
5
3
1
-1
-3
-4
-6
-7
-8
-8
-9
-10
-9
-9
-10
-9
-10
-11
-10
-9
-8
-8
-8
-10
-11
-11
-12
-14
-14
-15
-16
-18
-19
-19
-21
-22
-23
-22
-23
-24
-23
-24
-23
-21
-21
-20
-19
-17
-16
-16
-13
-12
-11
-9
-8
-6
-5
-5
-3
-3
-1
-1
-1
0
0
1
1
0
0
0
2
1
1
0
2
1
1
2
2
2
2
3
3
3
3
4
5
4
5
6
5
5
6
7
6
6
8
7
8
9
10
10
11
12
12
14
16
16
18
20
22
22
25
27
29
31
33
35
37
39
41
43
44
44
45
45
45
44
44
43
42
40
37
35
32
30
28
24
21
19
16
13
10
8
7
4
2
2
1
0
0
-1
-1
-1
-1
0
1
2
3
4
5
6
9
11
13
16
18
21
24
27
31
33
37
41
44
48
51
54
56
59
59
61
61
61
60
60
56
54
51
47
42
37
32
27
21
15
10
4
-1
-4
-9
-13
-17
-19
-21
-23
-25
-25
-25
-25
-23
-23
-22
-20
-19
-17
-15
-13
-14
-12
-12
-11
-12
-14
-14
-16
-19
-22
-24
-27
-31
-35
-40
-44
-48
-53
-58
-61
-63
-68
-71
-73
-74
-75
-76
0
0
0
0
0
0
0
0
0
0
0
0
0
0
0
0
0
0
0
0
0
0
0
0
0
0
0
0
0
0
0
0
0
0
0
0
0
0
0
0
0
0
0
0
0
0
0
0
0
0
0
0
0
0
0
0
0
0
0
0
0
0
0
0
0
0
0
0
0
0
0
0
0
0
0
0
0
0
0
0
0
0
0
0
0
0
0
0
0
0
0
0
0
0
0
0
0
0
0
0
0
0
0
0
0
0
0
0
0
0
0
0
0
0
0
0
0
0
0
0
0
0
0
0
0
0
0
0
0
0
0
0
0
0
0
0
0
0
0
0
0
0
0
0
0
0
0
0
0
0
0
0
0
0
0
0
0
0
0
0
0
0
0
0
0
0
0
0
0
0
0
0
0
0
0
0
0
0
0
0
0
0
0
0
0
0
0
0
0
0
0
0
0
0
0
0
0
0
