0
0
0
0
0
0
0
0
0
0
0
0
0
0
0
0
0
0
0
0
0
0
0
0
0
0
0
0
0
0
0
0
0
0
0
0
0
0
0
0
0
0
0
0
0
0
0
0
0
0
0
0
0
0
0
0
0
0
0
0
0
0
0
0
0
0
0
0
0
0
0
0
0
0
0
0
0
0
0
0
0
0
0
0
0
0
0
0
0
0
0
0
0
0
0
0
0
0
0
0
0
0
0
0
0
0
0
0
0
0
0
0
0
0
0
0
0
0
0
0
0
0
0
0
0
0
0
0
0
0
0
0
0
0
0
0
0
0
0
0
0
0
0
0
0
0
0
0
0
0
0
0
0
0
0
0
0
0
0
0
0
0
0
0
0
0
0
0
0
0
0
0
0
0
0
0
0
0
0
0
0
0
0
0
0
0
0
0
0
0
0
0
0
0
0
0
0
0
20
16
8
10
7
6
12
25
37
30
6
-17
-37
-62
-77
-64
-58
-81
-98
-102
-134
-173
-162
-116
-81
-41
12
33
17
20
53
81
118
184
241
245
209
156
100
66
61
74
84
66
9
-70
-153
-224
-253
-221
-164
-135
-137
-152
-182
-204
-178
-104
-30
32
83
99
72
52
67
101
139
173
192
168
112
66
51
59
67
62
44
8
-42
-81
-81
-67
-69
-68
-54
-66
-104
-114
-84
-57
-37
-2
27
18
-2
3
18
30
52
78
71
27
-9
-13
-1
2
-2
-8
-23
-45
-55
-55
-67
-71
-35
6
9
-3
-11
-32
-47
-8
55
88
101
102
65
9
-6
27
63
100
132
125
70
6
-41
-60
-41
4
53
82
54
-39
-144
-198
-182
-102
2
41
-28
-135
-198
-211
-177
-100
-15
45
82
83
41
-4
-5
49
143
239
274
222
129
40
-18
-4
61
102
75
16
-48
-104
-125
-105
-83
-69
-42
-23
-38
-73
-107
-120
-93
-40
-5
-2
-6
-19
-37
-24
23
59
77
106
131
118
88
81
90
95
111
143
159
131
98
97
95
66
43
66
91
79
49
2
-84
-167
-176
-136
-117
-133
-151
-173
-207
-231
-216
-177
-134
-81
-17
22
17
1
9
34
67
117
167
184
176
178
176
150
128
134
150
158
160
138
87
43
15
-14
-55
-89
-96
-70
-34
-30
-73
-119
-132
-102
-33
31
33
-3
-12
4
11
17
17
-9
-28
11
57
50
8
-35
-68
-53
21
62
19
-48
-81
-73
-27
19
2
-75
-128
-95
-17
25
-6
-68
-96
-73
-12
51
48
-29
-75
-7
86
113
90
50
1
3
102
192
174
91
26
-2
16
65
73
17
-40
-57
-43
-21
-27
-91
-149
-120
-31
29
22
-45
-132
-162
-94
4
44
-2
-91
-141
-107
-30
13
9
-21
-63
-62
4
60
42
10
25
53
64
72
53
-3
-30
29
115
137
87
3
-73
-96
-40
50
86
40
-40
-88
-85
-50
-13
0
-10
-17
1
27
20
-26
-63
-55
-16
22
40
14
-58
-115
-110
-60
-16
8
5
-29
-61
-53
-25
-12
-3
18
35
53
67
40
-24
-57
-23
39
103
159
151
68
-10
-25
5
56
120
164
149
83
5
-55
-88
-96
-65
11
70
47
-34
-114
-181
-216
-160
-37
39
28
-16
-70
-135
-166
-115
-24
43
69
65
35
-23
-84
-94
-47
13
50
65
52
-9
-83
-101
-56
-1
49
96
114
76
19
-4
5
19
42
80
107
91
42
-13
-55
-76
-51
21
87
92
51
2
-39
-64
-56
-10
44
79
90
72
16
-67
-121
-104
-36
33
80
79
9
-80
-119
-106
-78
-44
-8
15
19
7
-36
-104
-158
-155
-80
29
95
70
-9
-77
-102
-69
17
91
110
111
135
156
142
111
88
97
157
245
290
249
144
42
13
62
126
141
105
53
6
-16
0
26
29
33
84
149
173
154
124
96
91
142
224
261
227
161
107
77
69
75
76
59
35
24
26
14
-22
-68
-101
-120
-129
-133
-136
-156
-194
-239
-281
-314
-331
-325
-314
-321
-350
-387
-422
-445
-446
-427
-402
-380
-363
-357
-360
-355
-328
-284
-226
-156
-91
-51
-32
-15
6
29
62
99
115
112
111
105
83
59
50
50
53
68
90
89
57
16
-22
-47
-45
-8
31
30
-2
-21
-30
-53
-66
-37
5
39
93
139
113
42
27
68
116
184
270
300
253
203
198
222
279
372
440
441
402
370
351
339
330
339
382
448
508
544
551
529
524
585
682
739
743
742
775
865
983
991
758
344
-29
-181
-87
119
197
-15
-461
-912
-1183
-1247
-1180
-1087
-1039
-1051
-1097
-1167
-1283
-1443
-1559
-1517
-1289
-946
-633
-488
-551
-712
-784
-650
-336
36
331
484
514
494
480
482
496
529
597
699
797
820
717
510
281
119
69
108
152
119
-12
-192
-359
-474
-536
-560
-570
-570
-537
-464
-408
-415
-461
-484
-442
-306
-109
49
101
76
49
54
109
201
284
330
349
359
370
380
370
327
287
273
263
258
265
232
128
36
29
54
68
86
75
-15
-97
-58
39
79
81
76
30
-23
-7
38
19
-23
2
67
114
138
129
77
38
71
151
224
264
266
243
223
217
220
246
288
314
320
322
321
321
338
358
342
301
281
302
357
404
376
248
84
-28
-39
33
109
110
23
-104
-217
-285
-314
-323
-336
-345
-344
-340
-352
-391
-451
-509
-523
-471
-372
-274
-211
-198
-221
-238
-224
-180
-118
-58
-17
-1
-10
-32
-60
-85
-97
-97
-87
-68
-52
-54
-76
-108
-136
-144
-127
-96
-68
-48
-41
-40
-38
-32
-25
-16
1
27
58
88
105
103
89
80
84
96
111
123
129
125
115
99
81
64
60
68
75
71
57
36
12
-8
-19
-22
-20
-17
-18
-30
-46
-63
-73
-76
-69
-56
-46
-42
-45
-55
-65
-72
-74
-69
-57
-42
-32
-33
-43
-48
-49
-40
-24
-8
4
14
18
13
8
13
23
36
51
66
79
89
95
93
86
87
98
110
116
119
122
128
135
140
144
153
168
186
194
196
199
207
217
227
233
241
249
250
230
194
156
128
122
137
151
147
114
57
-9
-59
-81
-86
-94
-111
-138
-166
-195
-228
-266
-300
-320
-314
-293
-273
-268
-277
-298
-320
-327
-311
-271
-231
-205
-200
-206
-210
-198
-167
-131
-101
-79
-63
-50
-30
-5
12
11
3
8
34
65
79
61
32
29
57
85
83
55
31
34
55
60
46
27
18
19
16
-1
-19
-19
-9
-12
-24
-33
-37
-36
-33
-39
-51
-51
-40
-37
-40
-33
-21
-21
-31
-36
-30
-12
6
12
4
-4
1
12
15
4
-5
-2
11
19
12
-6
-17
-6
17
24
0
-39
-57
-39
-4
14
-1
-23
-25
0
18
-3
-54
-72
0
142
245
232
127
34
46
162
306
405
436
412
355
301
282
315
390
476
538
556
533
469
368
256
176
165
218
291
318
252
92
-98
-242
-308
-294
-237
-192
-207
-284
-392
-493
-565
-591
-578
-534
-458
-369
-320
-338
-406
-463
-461
-381
-246
-112
-18
25
24
-7
-47
-70
-43
43
167
265
280
206
99
26
22
75
140
181
201
204
170
88
-17
-89
-76
19
127
156
86
-21
-105
-152
-156
-114
-55
-11
3
-19
-83
-163
-211
-210
-176
-117
-55
-27
-51
-106
-168
-200
-163
-65
17
28
15
21
29
-3
-55
-68
1
112
159
89
-24
-59
-3
63
71
33
-1
-3
20
40
39
31
25
20
18
22
31
40
62
92
103
80
52
55
91
141
169
162
151
169
199
193
162
173
247
342
403
411
393
389
413
440
458
494
557
624
667
673
622
495
329
202
175
249
359
389
253
-36
-348
-534
-527
-401
-310
-357
-513
-674
-776
-836
-893
-926
-893
-781
-642
-556
-561
-639
-721
-725
-605
-390
-169
-25
10
-39
-99
-103
-36
78
203
303
338
298
226
166
139
145
169
194
222
253
250
164
24
-66
-50
24
76
73
22
-51
-118
-160
-175
-169
-153
-148
-150
-145
-144
-184
-253
-296
-272
-202
-134
-98
-102
-154
-228
-264
-216
-106
-6
31
18
-10
-26
-30
-28
-1
62
139
168
136
81
45
32
33
47
59
66
92
124
106
18
-68
-86
-43
28
95
109
40
-50
-70
-13
52
70
69
94
150
195
192
163
167
208
244
266
327
425
478
450
409
437
519
593
626
645
670
688
694
724
815
913
878
648
340
167
240
458
599
496
153
-276
-576
-629
-501
-370
-387
-559
-793
-983
-1081
-1106
-1111
-1109
-1066
-967
-864
-819
-854
-928
-958
-865
-631
-330
-84
15
-34
-132
-146
-15
208
415
531
543
480
402
367
392
434
444
426
434
464
448
338
184
91
96
152
183
157
75
-35
-136
-197
-205
-179
-165
-187
-222
-237
-256
-318
-396
-422
-377
-295
-231
-218
-259
-315
-334
-301
-232
-146
-62
-8
-8
-34
-48
-36
-9
44
128
203
193
91
-3
17
140
225
190
110
105
158
140
18
-79
-38
89
174
156
57
-81
-193
-190
-42
147
239
186
67
7
54
143
193
223
304
421
469
416
347
359
470
636
785
862
871
850
826
816
870
1029
1261
1457
1476
1221
748
309
208
506
929
1086
773
115
-544
-890
-836
-556
-338
-384
-699
-1126
-1471
-1629
-1628
-1553
-1458
-1358
-1281
-1275
-1367
-1510
-1601
-1526
-1238
-802
-400
-206
-259
-427
-498
-328
62
499
781
821
692
538
473
540
702
860
931
893
783
636
489
377
330
353
400
406
325
159
-46
-224
-314
-302
-231
-184
-235
-389
-583
-719
-750
-692
-613
-584
-631
-723
-793
-790
-720
-621
-531
-464
-416
-375
-338
-303
-258
-168
-26
117
188
161
79
19
43
167
333
429
386
244
106
36
21
41
98
182
222
138
-67
-264
-323
-228
-71
65
146
142
35
-109
-159
-46
159
340
439
458
413
319
242
285
498
801
1032
1099
1054
999
987
1033
1161
1368
1612
1842
2014
2041
1796
1257
671
436
752
1361
1692
1339
406
-598
-1169
-1125
-669
-242
-242
-771
-1551
-2158
-2342
-2166
-1872
-1673
-1647
-1765
-1947
-2105
-2175
-2102
-1856
-1459
-1017
-696
-616
-740
-873
-787
-385
214
749
987
882
615
462
600
978
1383
1595
1530
1268
985
834
858
976
1059
1032
891
673
420
184
20
-37
-12
-1
-99
-321
-579
-763
-820
-792
-768
-815
-934
-1062
-1137
-1137
-1090
-1035
-987
-935
-873
-798
-712
-619
-511
-392
-264
-132
-10
89
157
215
296
410
510
552
545
535
547
565
558
510
422
309
211
159
159
163
116
-3
-154
-270
-308
-257
-146
-33
11
-32
-114
-151
-101
29
215
411
549
584
558
567
678
882
1118
1327
1472
1551
1596
1648
1734
1871
2075
2339
2520
2383
1836
1151
830
1114
1678
1899
1423
450
-491
-961
-871
-474
-214
-436
-1146
-1982
-2499
-2515
-2209
-1918
-1865
-2063
-2371
-2610
-2649
-2474
-2172
-1855
-1588
-1396
-1290
-1256
-1208
-1029
-663
-176
275
534
556
450
423
622
1022
1432
1646
1588
1356
1150
1121
1276
1474
1547
1413
1133
844
650
563
527
471
361
190
-33
-289
-534
-711
-786
-793
-821
-944
-1164
-1407
-1567
-1569
-1431
-1258
-1182
-1244
-1366
-1411
-1294
-1040
-769
-589
-532
-542
-514
-381
-151
100
292
398
437
451
477
537
629
720
767
743
655
542
438
361
314
270
210
124
13
-103
-197
-241
-227
-188
-169
-200
-271
-319
-284
-154
7
121
180
242
369
559
770
958
1122
1277
1440
1614
1796
1972
2148
2348
2548
2594
2298
1719
1259
1333
1861
2261
1988
1054
-9
-632
-620
-205
140
-19
-790
-1822
-2543
-2615
-2198
-1775
-1734
-2115
-2681
-3101
-3152
-2832
-2361
-2016
-1927
-2002
-2075
-2015
-1774
-1366
-880
-445
-175
-85
-82
-22
211
615
1065
1384
1466
1347
1191
1170
1358
1658
1872
1858
1627
1321
1088
998
1027
1099
1093
905
535
113
-199
-343
-376
-399
-505
-734
-1063
-1399
-1612
-1617
-1468
-1314
-1303
-1457
-1657
-1735
-1605
-1325
-1043
-893
-881
-908
-846
-631
-308
4
202
277
316
414
595
801
959
1017
986
921
886
898
909
850
708
538
415
355
306
218
104
6
-69
-143
-222
-273
-275
-245
-215
-189
-151
-101
-48
41
209
447
677
837
943
1070
1257
1502
1779
2049
2273
2428
2512
2468
2227
1846
1616
1797
2231
2388
1904
975
168
-125
44
330
365
-63
-888
-1744
-2174
-2038
-1654
-1494
-1765
-2303
-2794
-3003
-2858
-2481
-2137
-2044
-2179
-2334
-2315
-2076
-1687
-1260
-917
-736
-679
-620
-440
-113
286
655
898
978
955
960
1098
1350
1603
1739
1712
1546
1343
1223
1264
1401
1463
1316
975
584
306
214
239
214
3
-387
-797
-1049
-1094
-1033
-1030
-1174
-1417
-1611
-1647
-1535
-1380
-1290
-1291
-1331
-1324
-1214
-1003
-748
-526
-383
-293
-191
-35
169
394
600
748
816
832
856
914
975
995
968
909
820
706
589
508
459
399
299
172
46
-59
-126
-145
-138
-142
-178
-214
-214
-167
-80
52
220
381
509
619
755
944
1187
1463
1717
1880
1960
2017
2044
1920
1651
1488
1659
1996
2034
1534
774
236
122
263
365
226
-224
-894
-1500
-1743
-1612
-1418
-1474
-1814
-2240
-2540
-2611
-2459
-2210
-2058
-2104
-2251
-2310
-2176
-1896
-1581
-1315
-1146
-1060
-985
-827
-550
-211
92
298
406
465
548
712
949
1162
1248
1204
1120
1101
1167
1257
1287
1201
1007
794
662
638
634
526
271
-50
-303
-413
-423
-453
-591
-829
-1073
-1211
-1213
-1136
-1084
-1119
-1213
-1276
-1236
-1096
-923
-787
-708
-646
-542
-375
-176
7
143
241
332
446
583
709
794
835
840
821
790
772
775
768
710
611
513
449
401
333
242
150
81
40
21
14
1
-26
-35
10
107
228
357
493
617
710
808
995
1283
1556
1698
1744
1762
1682
1425
1177
1270
1700
1990
1698
947
279
79
281
545
564
207
-450
-1111
-1419
-1282
-1005
-972
-1288
-1759
-2135
-2265
-2121
-1832
-1644
-1713
-1943
-2092
-2016
-1754
-1425
-1151
-1018
-1032
-1070
-967
-672
-301
-8
133
152
150
235
446
709
896
946
893
829
822
889
991
1054
1020
882
709
595
570
565
503
364
186
12
-122
-200
-256
-343
-470
-609
-731
-803
-806
-777
-782
-836
-889
-881
-799
-670
-552
-484
-451
-394
-283
-132
26
159
248
307
374
472
581
658
697
709
716
722
722
714
686
623
541
486
474
462
404
306
206
135
109
118
134
126
97
82
114
193
298
409
514
600
671
796
1023
1268
1393
1425
1495
1543
1358
1010
929
1314
1745
1636
965
274
27
193
443
508
268
-274
-915
-1281
-1181
-873
-790
-1074
-1515
-1869
-2019
-1932
-1664
-1434
-1470
-1739
-1960
-1921
-1658
-1334
-1085
-978
-1027
-1114
-1051
-765
-383
-100
5
-23
-85
-53
145
451
687
718
572
411
386
518
703
809
759
576
366
259
294
382
398
286
92
-97
-199
-199
-168
-205
-343
-526
-664
-698
-635
-553
-545
-637
-750
-771
-655
-467
-324
-287
-326
-351
-288
-117
90
231
260
224
223
304
441
566
626
605
539
494
511
575
618
591
499
394
321
300
313
309
255
170
107
94
116
151
190
221
245
289
390
523
624
700
831
1013
1133
1167
1241
1343
1235
864
629
902
1410
1487
916
186
-129
23
287
362
170
-258
-798
-1177
-1161
-884
-744
-947
-1323
-1621
-1757
-1731
-1539
-1304
-1252
-1450
-1677
-1685
-1458
-1158
-934
-840
-874
-953
-919
-679
-325
-59
-1
-87
-152
-72
154
412
561
538
394
270
290
461
645
694
571
356
178
142
244
353
323
146
-57
-177
-186
-128
-85
-143
-303
-468
-539
-497
-396
-328
-362
-472
-551
-511
-374
-221
-127
-119
-156
-156
-51
126
277
341
339
334
381
490
615
679
652
584
551
575
629
664
650
578
476
401
389
413
415
374
305
239
206
220
279
348
382
369
354
407
540
677
783
890
991
1027
1043
1152
1268
1122
735
561
893
1347
1295
666
24
-148
66
283
275
44
-367
-849
-1135
-1044
-783
-744
-1019
-1350
-1525
-1574
-1543
-1395
-1203
-1179
-1372
-1540
-1468
-1212
-964
-809
-741
-763
-811
-728
-453
-133
31
3
-79
-57
111
346
519
548
454
334
307
411
568
643
575
408
234
142
169
262
283
171
-13
-162
-222
-207
-170
-186
-289
-433
-533
-548
-494
-425
-409
-465
-538
-546
-460
-316
-196
-166
-203
-208
-115
46
197
277
286
271
295
396
537
638
641
580
534
551
614
675
687
635
540
458
434
454
466
434
367
298
254
247
285
354
398
376
342
390
517
643
741
837
896
905
958
1061
988
643
396
644
1137
1197
606
-96
-317
-76
169
119
-163
-533
-919
-1181
-1151
-935
-884
-1159
-1503
-1637
-1605
-1559
-1488
-1373
-1344
-1481
-1605
-1515
-1258
-1022
-892
-833
-823
-824
-726
-464
-155
16
1
-64
-26
154
396
568
588
479
361
359
505
687
750
631
423
270
245
320
397
365
197
-5
-121
-127
-94
-103
-185
-326
-466
-535
-513
-455
-430
-474
-559
-629
-619
-512
-364
-268
-274
-327
-320
-203
-15
146
217
201
177
227
371
536
624
603
543
532
586
652
687
700
680
614
531
493
519
566
562
487
378
303
324
438
544
533
427
381
483
647
772
864
932
938
940
1044
1126
920
551
529
984
1331
1011
271
-177
-63
232
281
45
-299
-656
-967
-1080
-939
-815
-996
-1371
-1595
-1591
-1545
-1529
-1460
-1385
-1452
-1605
-1613
-1409
-1166
-1019
-952
-920
-907
-848
-652
-347
-104
-50
-114
-122
28
295
536
629
562
445
422
555
765
895
841
657
495
460
533
614
607
475
272
120
91
128
124
28
-133
-296
-394
-395
-359
-366
-441
-540
-617
-638
-580
-466
-378
-365
-398
-405
-343
-199
-22
96
108
76
109
243
422
544
555
498
474
531
632
712
731
688
605
542
544
588
614
588
524
444
380
376
448
541
564
515
485
531
623
741
889
991
982
964
1054
1087
846
554
677
1170
1376
903
182
-100
154
445
396
80
-279
-602
-839
-852
-679
-644
-951
-1359
-1522
-1460
-1405
-1398
-1365
-1378
-1537
-1701
-1643
-1386
-1172
-1116
-1136
-1145
-1123
-1016
-770
-476
-317
-348
-422
-359
-124
170
371
402
313
244
307
502
718
809
727
564
466
497
609
695
664
495
294
204
248
306
269
129
-56
-208
-259
-212
-171
-228
-366
-503
-586
-579
-492
-404
-405
-481
-546
-529
-427
-281
-160
-118
-136
-141
-70
77
236
323
309
272
299
392
486
543
558
525
456
415
460
550
575
497
396
360
383
413
443
481
501
493
482
509
597
752
896
924
868
890
978
894
623
551
896
1239
1041
408
-31
68
393
476
229
-116
-408
-626
-706
-599
-500
-682
-1067
-1316
-1297
-1212
-1205
-1210
-1216
-1332
-1521
-1556
-1355
-1119
-1048
-1108
-1157
-1145
-1068
-886
-635
-469
-482
-567
-547
-356
-91
114
173
113
54
107
276
476
596
584
485
414
435
524
611
636
559
405
294
311
391
403
305
147
1
-74
-53
-3
-22
-130
-271
-377
-405
-348
-261
-242
-315
-398
-399
-314
-195
-104
-71
-85
-91
-39
75
212
303
307
266
268
357
478
545
535
489
469
479
507
537
552
525
461
412
406
421
439
467
488
485
479
508
561
640
766
873
872
831
892
950
780
514
571
975
1188
817
197
-58
173
452
412
124
-173
-408
-581
-597
-462
-429
-683
-1023
-1146
-1070
-1021
-1050
-1055
-1067
-1195
-1346
-1311
-1093
-920
-915
-981
-1011
-995
-910
-710
-481
-385
-450
-519
-450
-248
-18
130
139
63
24
106
284
460
531
468
355
316
386
492
555
534
427
297
242
290
355
334
216
59
-61
-90
-42
-6
-62
-193
-320
-381
-365
-299
-244
-256
-327
-384
-366
-274
-154
-70
-59
-93
-94
-8
131
248
303
299
274
281
365
497
581
557
479
445
481
540
569
550
489
423
391
399
415
425
429
414
397
428
499
536
550
631
757
800
765
785
832
707
465
465
810
1043
753
170
-116
62
315
274
6
-246
-438
-619
-697
-607
-540
-724
-1037
-1181
-1122
-1075
-1110
-1113
-1092
-1177
-1325
-1329
-1142
-965
-941
-993
-1011
-991
-919
-750
-536
-424
-462
-516
-458
-293
-97
54
107
64
10
47
190
364
463
436
339
284
323
413
491
502
419
287
214
249
309
299
213
80
-53
-120
-90
-39
-74
-198
-332
-410
-407
-340
-282
-298
-375
-432
-411
-323
-219
-144
-118
-126
-129
-74
57
207
283
263
229
262
368
487
553
548
513
497
510
539
574
601
578
506
435
421
465
525
536
478
424
469
567
599
584
649
773
803
747
765
837
741
486
426
722
984
763
212
-99
46
287
258
6
-232
-410
-575
-653
-577
-518
-690
-992
-1133
-1060
-1001
-1051
-1084
-1058
-1109
-1248
-1269
-1093
-913
-890
-950
-967
-938
-865
-706
-510
-414
-447
-483
-413
-254
-81
51
100
74
52
116
255
393
464
454
409
397
440
506
551
553
498
411
359
375
402
371
289
189
90
19
3
15
-16
-117
-232
-310
-333
-308
-271
-278
-345
-408
-395
-319
-242
-190
-159
-147
-137
-89
17
136
211
222
213
240
328
436
498
500
481
490
522
546
564
582
587
554
491
461
499
570
600
562
507
523
611
678
678
696
788
867
859
848
888
830
602
470
678
983
905
412
-15
-13
237
325
133
-142
-349
-511
-625
-601
-506
-581
-868
-1101
-1098
-1004
-1005
-1049
-1049
-1083
-1208
-1275
-1152
-954
-877
-931
-988
-983
-919
-782
-591
-457
-467
-537
-515
-367
-171
-15
47
14
-26
25
173
329
412
405
354
336
392
478
531
531
487
413
361
378
420
404
321
223
134
65
41
48
11
-90
-202
-273
-309
-315
-292
-293
-354
-425
-430
-374
-317
-287
-266
-242
-224
-200
-130
-20
64
75
52
77
167
274
341
348
322
321
368
436
469
454
431
425
429
421
419
461
515
508
443
445
554
636
601
575
689
823
815
755
797
817
636
437
550
879
935
521
40
-64
156
301
174
-84
-315
-508
-648
-644
-531
-547
-805
-1085
-1146
-1046
-997
-1029
-1044
-1070
-1185
-1286
-1197
-977
-854
-901
-982
-995
-942
-819
-627
-468
-462
-549
-552
-408
-208
-49
25
9
-32
3
139
294
384
388
352
335
380
463
522
527
489
425
374
385
438
443
362
250
169
130
121
118
77
-20
-125
-192
-219
-222
-223
-246
-303
-360
-374
-335
-278
-246
-246
-246
-217
-164
-104
-36
33
73
82
102
169
262
323
330
316
332
382
425
437
441
457
454
418
393
417
462
488
496
497
489
498
563
654
698
694
723
804
866
894
932
916
728
509
589
946
1097
725
158
-46
183
420
346
57
-208
-395
-537
-574
-483
-446
-650
-964
-1094
-1021
-956
-982
-1002
-1013
-1121
-1258
-1222
-999
-817
-833
-943
-986
-932
-806
-617
-438
-399
-494
-541
-411
-190
-27
31
20
-7
17
138
302
405
408
363
342
392
487
559
563
511
444
406
427
483
492
409
288
203
170
174
178
132
24
-83
-141
-163
-177
-185
-207
-267
-334
-357
-328
-283
-250
-238
-244
-245
-216
-141
-42
29
34
9
48
160
253
275
274
294
327
359
394
414
416
421
429
406
367
363
403
432
420
403
419
455
484
512
557
608
647
689
741
789
842
895
833
593
412
592
977
1030
557
18
-75
208
412
293
-3
-268
-463
-584
-567
-448
-459
-727
-1033
-1115
-1028
-982
-1003
-1015
-1064
-1217
-1337
-1247
-1019
-887
-943
-1056
-1088
-1020
-876
-678
-520
-517
-630
-649
-471
-218
-68
-51
-95
-119
-57
102
271
343
309
248
244
329
454
523
493
414
354
343
389
449
438
332
204
130
112
125
126
61
-67
-170
-198
-195
-205
-225
-262
-322
-366
-358
-315
-275
-248
-242
-258
-250
-179
-79
-9
12
13
28
84
168
243
284
288
267
273
343
423
424
370
355
384
387
367
382
411
385
327
335
424
497
485
457
499
580
617
632
697
797
861
878
820
630
440
549
936
1111
741
149
-81
150
441
436
163
-159
-396
-522
-508
-390
-362
-588
-932
-1090
-1011
-911
-915
-959
-1023
-1160
-1293
-1242
-1017
-845
-875
-1014
-1088
-1029
-869
-668
-508
-488
-591
-644
-503
-228
-16
26
-51
-116
-61
129
347
444
386
276
250
359
524
614
569
451
361
361
436
509
493
369
214
130
136
175
177
93
-55
-177
-201
-164
-142
-161
-222
-308
-369
-345
-255
-180
-174
-216
-246
-220
-131
-18
51
58
47
57
116
204
285
331
331
305
295
339
426
482
456
382
343
371
427
448
413
347
304
331
417
482
462
404
422
524
597
602
626
710
785
827
866
827
636
473
623
990
1095
693
159
10
273
522
449
147
-153
-353
-445
-411
-321
-370
-632
-924
-1019
-948
-891
-915
-969
-1044
-1172
-1268
-1197
-994
-865
-916
-1036
-1070
-988
-827
-635
-504
-519
-609
-600
-416
-170
-11
11
-45
-74
1
172
353
443
408
309
270
363
525
622
581
449
340
333
419
498
467
323
162
81
93
132
115
7
-138
-241
-265
-245
-233
-257
-324
-408
-458
-429
-339
-261
-253
-302
-331
-285
-172
-47
23
18
-9
15
107
215
288
308
285
254
265
338
422
442
394
329
306
330
362
366
340
302
261
235
249
291
327
327
318
336
381
434
482
534
588
641
707
774
758
602
446
538
850
998
720
249
34
193
428
433
191
-121
-353
-452
-426
-352
-389
-618
-900
-1029
-985
-924
-931
-968
-1033
-1153
-1251
-1195
-1016
-886
-905
-996
-1030
-965
-827
-655
-519
-494
-554
-561
-419
-197
-28
31
13
-15
24
162
340
448
441
378
340
378
476
566
582
516
417
341
339
399
435
366
219
85
24
20
32
3
-99
-233
-322
-344
-325
-306
-325
-396
-473
-486
-419
-335
-294
-297
-314
-297
-226
-119
-17
40
50
53
101
199
291
335
340
335
348
390
439
454
433
412
399
379
373
392
396
346
278
247
250
262
274
288
292
288
301
350
418
468
493
525
590
686
784
834
756
571
484
674
982
1010
646
230
134
332
503
431
171
-110
-306
-391
-364
-306
-373
-616
-875
-969
-923
-880
-892
-933
-1017
-1143
-1207
-1115
-938
-842
-883
-969
-987
-899
-736
-563
-456
-456
-508
-487
-334
-122
33
86
69
50
101
237
393
481
475
425
401
438
515
575
579
527
446
378
363
393
403
336
211
93
21
3
6
-30
-133
-253
-323
-337
-334
-334
-346
-386
-438
-446
-386
-309
-273
-276
-266
-214
-139
-65
5
69
109
129
168
241
312
346
363
383
396
386
381
407
433
407
344
306
318
331
300
244
201
181
174
185
197
177
142
157
238
318
348
348
370
430
520
613
698
779
817
744
585
519
687
948
978
668
283
148
288
444
401
176
-96
-317
-427
-405
-334
-384
-614
-877
-991
-954
-894
-886
-926
-1014
-1144
-1214
-1130
-952
-844
-874
-955
-978
-912
-772
-594
-462
-453
-522
-519
-374
-163
-10
39
20
1
46
171
322
418
420
360
314
338
430
515
520
435
329
275
289
323
311
228
109
1
-60
-71
-70
-113
-208
-309
-371
-386
-376
-364
-377
-415
-455
-457
-407
-336
-281
-263
-266
-249
-187
-87
8
52
51
58
116
204
271
299
303
299
297
324
373
387
344
292
288
311
301
252
214
209
206
179
149
139
144
143
142
158
192
230
272
323
374
410
442
497
576
658
733
814
854
764
580
507
691
960
973
644
259
135
270
418
393
190
-94
-345
-449
-385
-293
-364
-613
-858
-946
-904
-844
-821
-851
-951
-1085
-1131
-1025
-847
-744
-769
-853
-887
-811
-640
-455
-360
-387
-452
-433
-285
-85
50
70
18
-17
38
181
329
381
324
248
242
318
406
436
398
326
269
257
283
301
270
189
101
39
6
-6
-13
-47
-121
-202
-247
-250
-233
-223
-234
-270
-306
-304
-255
-188
-152
-153
-164
-148
-94
-24
31
61
71
77
100
147
200
232
235
229
224
228
245
271
282
266
236
213
204
206
211
209
187
156
140
145
143
122
117
149
183
184
176
205
272
333
375
413
453
493
541
599
667
756
846
843
686
510
551
819
1008
847
457
190
214
376
451
347
116
-154
-340
-353
-252
-222
-379
-626
-784
-804
-759
-721
-714
-767
-885
-990
-969
-832
-701
-674
-729
-783
-784
-702
-552
-410
-364
-422
-474
-420
-270
-112
-29
-37
-86
-99
-18
128
245
264
205
148
166
254
345
365
307
231
209
244
278
266
210
149
105
82
68
52
17
-42
-103
-143
-160
-171
-182
-205
-240
-280
-298
-284
-255
-236
-236
-247
-250
-225
-178
-133
-114
-111
-96
-56
-6
20
29
42
72
100
111
116
132
156
167
157
148
148
156
166
163
137
103
94
118
130
98
51
42
73
96
85
67
74
108
145
176
204
241
284
327
371
422
469
499
542
644
752
726
545
419
551
827
907
664
339
222
323
439
433
301
91
-126
-243
-206
-129
-181
-376
-573
-658
-662
-654
-648
-662
-740
-866
-940
-895
-792
-729
-741
-799
-850
-841
-749
-614
-523
-528
-576
-576
-494
-354
-216
-144
-152
-181
-141
-11
138
225
243
225
218
258
355
456
483
422
352
344
390
430
423
363
280
210
183
189
181
124
34
-44
-89
-113
-127
-144
-182
-240
-294
-310
-295
-274
-264
-269
-281
-286
-265
-212
-152
-116
-111
-110
-80
-17
47
78
84
94
121
150
167
183
203
213
197
170
170
189
189
160
133
126
118
94
84
91
83
42
20
58
106
96
49
49
116
188
207
204
234
311
393
444
469
500
548
603
671
774
874
863
714
589
670
897
1009
857
580
410
412
490
519
446
261
23
-147
-174
-131
-161
-315
-508
-641
-700
-714
-711
-727
-803
-924
-1005
-985
-902
-841
-837
-867
-894
-881
-802
-675
-565
-526
-537
-524
-443
-310
-173
-81
-56
-62
-29
76
205
289
314
311
318
349
401
456
482
463
420
392
395
414
412
370
296
226
190
181
167
119
48
-26
-84
-117
-125
-134
-169
-230
-281
-296
-280
-257
-249
-262
-281
-284
-253
-201
-156
-137
-139
-132
-102
-54
-9
11
13
16
30
45
54
61
67
61
36
16
17
27
24
1
-25
-43
-50
-45
-25
-13
-32
-64
-63
-23
18
28
27
40
72
106
144
187
230
259
283
324
387
456
502
523
533
561
608
652
684
719
749
717
608
521
561
678
703
552
328
190
181
223
220
121
-64
-263
-377
-374
-345
-394
-531
-678
-771
-801
-789
-765
-776
-843
-928
-959
-912
-827
-764
-751
-774
-790
-754
-655
-537
-458
-438
-441
-417
-340
-222
-112
-53
-48
-51
-8
84
182
244
257
242
241
281
347
400
407
377
341
331
346
370
372
334
270
216
198
202
189
142
75
18
-16
-32
-47
-75
-117
-162
-195
-210
-213
-211
-216
-231
-251
-258
-244
-217
-199
-195
-198
-189
-166
-137
-112
-97
-85
-73
-58
-41
-17
7
18
14
11
35
70
80
58
45
68
100
101
81
81
104
117
104
96
112
138
152
152
150
160
181
209
232
249
263
281
308
343
374
395
409
435
481
522
535
526
526
546
573
603
623
603
524
443
437
499
527
447
302
187
143
143
132
75
-33
-163
-264
-309
-319
-347
-415
-507
-593
-648
-657
-643
-646
-684
-734
-759
-746
-706
-663
-634
-627
-629
-607
-549
-468
-397
-355
-330
-299
-244
-164
-79
-15
18
43
86
150
216
269
302
319
328
347
385
425
435
410
381
375
383
382
355
308
258
221
196
172
133
82
32
-12
-51
-82
-108
-136
-168
-201
-223
-236
-245
-253
-254
-256
-259
-261
-251
-230
-211
-201
-192
-172
-146
-127
-112
-88
-58
-37
-28
-19
1
28
45
48
49
60
73
77
71
71
83
93
84
63
57
77
99
96
73
62
80
111
121
112
110
130
158
173
178
189
212
234
252
269
284
294
306
332
358
365
356
359
385
411
407
377
348
341
362
386
372
300
209
163
183
219
200
109
-13
-100
-116
-88
-83
-148
-266
-363
-398
-389
-380
-406
-464
-529
-571
-578
-555
-534
-539
-567
-587
-582
-549
-505
-469
-449
-443
-433
-400
-339
-271
-226
-207
-196
-166
-109
-37
20
48
55
66
100
152
199
224
231
223
219
232
258
279
272
240
205
191
194
196
175
131
82
47
31
18
-4
-42
-84
-121
-148
-164
-177
-196
-219
-240
-256
-265
-265
-257
-250
-247
-248
-244
-225
-196
-166
-144
-130
-120
-97
-61
-21
7
20
28
45
77
108
122
120
121
133
150
158
153
145
140
139
140
139
131
117
104
100
103
98
87
80
82
84
76
67
72
91
104
100
88
89
109
134
145
146
147
153
165
181
201
215
220
215
219
238
260
265
257
258
267
270
258
248
254
262
249
211
175
162
164
156
128
78
28
-8
-21
-27
-52
-101
-153
-188
-201
-207
-221
-247
-276
-302
-308
-301
-293
-292
-299
-304
-298
-281
-259
-239
-224
-212
-202
-184
-157
-126
-103
-87
-76
-61
-42
-20
4
23
33
34
37
50
66
79
81
77
70
68
69
72
72
67
56
39
30
30
33
29
16
1
-6
-6
-3
-2
-6
-14
-17
-17
-13
-7
-2
-5
-11
-12
-6
3
4
-1
-7
-5
0
0
-5
-6
-6
-7
-10
-13
-12
-10
-12
-15
-16
-14
-13
-14
-15
-11
-7
-7
-11
-11
-6
4
9
7
5
8
17
28
35
38
42
49
63
76
84
90
99
116
132
141
143
149
163
181
191
193
193
195
199
205
213
218
215
206
200
203
210
210
200
189
182
182
182
176
164
147
132
128
129
120
94
59
37
35
33
14
-25
-67
-95
-105
-112
-130
-164
-205
-237
-249
-252
-257
-279
-308
-330
-335
-329
-322
-325
-334
-340
-335
-320
-302
-287
-277
-269
-258
-239
-214
-188
-167
-154
-140
-122
-99
-74
-51
-37
-25
-17
-6
10
28
43
47
43
41
46
56
64
62
52
44
38
39
41
38
31
19
7
0
0
0
-5
-15
-26
-32
-37
-39
-38
-38
-43
-53
-58
-58
-52
-49
-49
-53
-57
-55
-50
-46
-42
-41
-41
-42
-40
-35
-29
-25
-26
-27
-25
-19
-12
-9
-9
-7
-3
4
10
16
20
26
32
39
47
57
65
73
80
87
97
105
116
121
128
135
141
147
153
158
163
165
168
171
174
174
172
170
169
168
166
158
150
145
142
136
126
114
105
100
94
83
71
62
56
49
42
36
29
24
20
15
11
9
7
6
4
1
-2
-6
-8
-8
-7
-11
-16
-23
-26
-29
-30
-31
-39
-50
-58
-59
-56
-56
-65
-77
-82
-81
-77
-76
-79
-85
-89
-87
-82
-75
-74
-77
-79
-78
-71
-63
-59
-60
-61
-59
-54
-48
-44
-42
-42
-42
-40
-36
-32
-30
-31
-33
-33
-32
-29
-28
-29
-32
-32
-34
-33
-31
-32
-34
-35
-35
-32
-30
-29
-29
-27
-25
-23
-20
-16
-13
-10
-7
-4
-1
3
7
11
15
17
19
21
26
29
32
33
33
32
34
37
40
39
38
37
37
38
39
39
39
38
37
38
38
37
38
39
42
43
40
37
40
45
50
49
44
43
48
55
59
55
51
50
55
61
62
58
54
55
60
64
61
55
51
52
58
58
53
45
39
41
46
45
38
27
22
26
30
29
20
12
9
12
13
12
6
2
1
1
1
-1
-4
-5
-5
-9
-13
-17
-17
-16
-17
-22
-32
-39
-39
-35
-34
-43
-57
-67
-67
-61
-58
-67
-82
-95
-96
-89
-84
-90
-103
-114
-116
-111
-105
-104
-111
-120
-122
-117
-109
-105
-106
-110
-113
-108
-102
-95
-90
-89
-88
-87
-84
-77
-67
-61
-60
-60
-60
-53
-44
-36
-34
-35
-37
-33
-24
-17
-13
-15
-20
-18
-12
-5
-1
-2
-5
-6
-1
5
9
9
6
7
10
16
18
16
16
16
20
21
23
21
19
19
21
21
20
16
13
13
14
14
11
7
5
4
4
4
3
2
0
2
3
2
3
5
8
10
10
12
15
20
25
28
28
29
34
39
46
50
50
50
53
59
66
70
70
69
71
74
79
80
80
78
78
78
79
77
75
74
70
68
63
60
58
56
51
47
40
35
31
30
27
23
18
12
8
8
9
8
3
0
-2
-1
2
3
3
1
1
2
6
9
11
10
9
11
14
17
18
18
16
18
19
19
20
18
17
16
16
16
15
11
9
8
7
6
4
2
0
0
-1
-4
-6
-9
-10
-10
-10
-13
-15
-19
-19
-19
-19
-21
-24
-26
-27
-27
-26
-28
-29
-32
-32
-33
-32
-31
-32
-33
-34
-34
-33
-32
-31
-31
-30
-30
-29
-26
-24
-22
-22
-22
-21
-18
-14
-12
-11
-9
-8
-6
-3
1
3
5
6
6
8
10
14
14
16
15
17
18
20
22
21
20
19
21
21
22
21
19
18
16
16
14
13
11
9
7
4
4
2
1
-1
-4
-6
-7
-8
-9
-11
-12
-13
-14
-14
-14
-14
-14
-14
-13
-13
-12
-11
-11
-8
-7
-7
-6
-4
-3
-2
0
1
2
2
3
4
6
6
7
6
5
6
6
6
6
4
3
1
1
0
-1
-3
-4
-6
-7
-8
-9
-11
-11
-13
-15
-16
-16
-16
-17
-18
-19
-20
-21
-20
-20
-21
-22
-22
-22
-21
-22
-22
-23
-22
-22
-23
-22
-22
-22
-22
-22
-22
-21
-21
-20
-21
-20
-20
-19
-20
-20
-19
-18
-18
-20
-19
-18
-19
-17
-17
-18
-18
-17
-16
-16
-16
-16
-15
-15
-13
-12
-11
-11
-11
-10
-10
-7
-7
-7
-6
-5
-3
-3
-2
-2
-2
-1
-1
-1
0
-1
-1
0
-1
-1
-2
-2
-1
-3
-3
-3
-3
-3
-4
-3
-4
-3
-2
-1
-1
-1
1
0
2
3
4
5
6
8
10
11
11
11
13
15
16
17
18
19
20
20
22
21
23
24
24
25
26
26
27
28
29
30
31
31
32
32
33
34
35
37
36
37
37
38
38
38
39
39
40
38
39
38
39
38
38
38
37
37
36
36
34
34
34
32
32
31
30
28
28
27
25
24
23
20
19
18
16
14
12
10
8
6
4
2
0
-3
-4
-6
-8
-11
-12
-14
-15
-17
-19
-21
-21
-22
-24
-24
-26
-26
-27
-27
-28
-29
-29
-29
-30
-31
-31
-32
-32
-33
-33
-34
-34
-36
-36
-37
-37
-38
-37
-37
-38
-38
-38
-37
-36
-35
-33
-33
-31
-28
-28
-26
-23
-21
-19
-16
-13
-9
-7
-4
-1
2
4
6
9
12
15
17
20
23
24
27
29
30
33
35
36
38
39
42
43
44
45
47
48
49
50
50
52
52
52
52
52
50
50
48
46
44
41
39
36
34
29
26
22
18
14
11
7
3
1
-2
-5
-7
-9
-11
-12
-11
-12
-13
-13
-12
-11
-10
-9
-8
-7
-6
-4
-2
0
1
4
5
7
9
13
14
18
21
24
27
30
34
37
39
42
44
46
48
48
48
48
48
46
45
41
39
35
30
26
21
15
10
5
0
-4
-10
-14
-20
-24
-28
-31
-35
-38
-42
-44
-46
-48
-51
-53
-55
-57
-59
-60
-62
-63
-63
-65
-65
-65
-66
-65
-63
-62
-61
-58
-57
-52
-49
-45
-41
-37
-33
-28
-24
-19
-14
-11
-8
-5
-3
-1
0
0
0
-1
-3
-6
-10
-14
-19
-25
-32
-38
-45
-54
-61
-70
-77
-85
-93
-100
-108
-116
-122
-128
-133
-138
-141
-145
-148
-149
-150
-150
-149
-146
-144
-140
-136
-130
-125
-117
-110
-103
-94
-86
-75
-65
-56
-47
-36
-26
-15
-5
6
15
25
34
43
52
60
67
75
82
89
96
102
108
115
121
128
133
141
148
154
161
168
175
182
189
195
201
207
210
215
217
219
217
216
214
210
205
200
192
186
177
169
160
152
143
136
128
120
112
106
99
92
86
79
73
65
56
45
35
22
8
-8
-25
-43
-62
-82
-101
-122
-142
-161
-178
-195
-210
-222
-232
-240
-244
-246
-246
-241
-234
-227
-217
-204
-191
-178
-163
-148
-135
-120
-108
-97
-87
-78
-71
-65
-61
-56
-53
-51
-49
-47
-44
-42
-38
-34
-30
-24
-18
-10
-3
5
14
23
31
41
49
56
62
68
72
74
76
75
73
71
66
61
54
48
40
32
22
15
5
-4
-12
-20
-26
-33
-39
-43
-45
-47
-47
-45
-44
-39
-34
-25
-17
-6
4
17
28
41
54
67
79
89
99
107
114
120
123
124
123
120
115
109
101
92
83
72
61
50
40
31
21
14
6
1
-4
-6
-8
-8
-8
-6
-5
-1
3
6
10
15
21
27
31
36
43
49
55
62
68
75
81
87
93
97
103
106
108
111
110
108
105
98
90
79
66
50
33
13
-7
-30
-53
-76
-100
-123
-144
-165
-183
-199
-211
-221
-226
-229
-229
-224
-219
-208
-196
-180
-163
-145
-127
-108
-88
-68
-50
-34
-17
-2
11
22
32
41
47
52
54
57
57
57
56
54
50
46
41
36
29
23
15
7
-1
-10
-18
-28
-36
-46
-55
-63
-70
-78
-83
-88
-93
-95
-96
-97
-96
-93
-89
-85
-79
-72
-65
-56
-48
-38
-30
-20
-13
-3
5
13
21
29
35
42
46
53
58
63
67
72
76
79
82
84
86
88
89
89
89
90
89
87
85
82
79
74
71
67
63
58
53
49
43
40
35
32
29
27
25
24
21
20
19
18
17
16
14
14
12
10
8
6
3
-1
-4
-9
-13
-18
-23
-29
-33
-37
-43
-46
-50
-53
-55
-56
-56
-57
-55
-53
-49
-45
-41
-36
-31
-24
-19
-13
-6
0
6
11
16
20
25
27
30
31
32
32
32
31
28
26
23
20
18
14
11
8
6
4
2
1
-1
-1
-1
-1
0
1
2
2
3
5
6
6
7
7
6
7
8
6
6
7
7
9
10
12
15
18
23
28
33
40
47
53
60
66
72
78
83
87
90
94
95
95
93
89
86
81
75
69
60
52
45
36
28
20
12
4
-2
-8
-14
-18
-23
-26
-29
-32
-35
-37
-39
-41
-43
-46
-47
-50
-53
-56
-60
-63
-65
-68
-72
-74
-77
-78
-80
-80
-80
-79
-77
-75
-73
-70
-68
-63
-60
-56
-54
-51
-48
-47
-46
-46
-46
-46
-48
-50
-53
-55
-57
-61
-62
-64
-66
-67
-67
-65
-64
-61
-57
-51
-45
-38
-30
-22
-11
-3
7
17
26
36
44
53
61
67
73
79
84
87
89
91
91
91
90
88
86
83
79
76
71
66
59
53
45
36
27
19
9
0
-9
-19
-30
-39
-48
-56
-65
-72
-78
-84
-88
-91
-94
-95
-95
-94
-92
-90
-86
-83
-79
-73
-69
-66
-61
-57
-53
-48
-44
-40
-36
-33
-28
-24
-18
-14
-8
-3
4
11
19
27
35
44
54
62
72
80
89
97
104
111
115
121
124
125
126
126
123
121
117
113
107
101
95
87
80
73
65
58
51
44
38
32
26
20
16
11
6
1
-3
-8
-14
-18
-24
-30
-35
-42
-48
-54
-60
-66
-71
-75
-79
-83
-84
-85
-85
-83
-79
-73
-66
-57
-48
-37
-24
-9
6
22
38
55
71
88
104
118
132
144
155
164
170
174
177
177
174
169
162
151
140
125
109
90
69
49
28
4
-19
-42
-65
-86
-108
-127
-146
-161
-174
-187
-196
-202
-207
-209
-206
-204
-199
-190
-181
-171
-159
-146
-134
-121
-107
-93
-80
-67
-54
-42
-31
-20
-10
1
9
18
27
35
43
50
57
63
68
72
75
77
77
76
72
67
60
52
42
30
18
4
-9
-23
-38
-50
-62
-73
-81
-88
-90
-92
-89
-85
-79
-68
-58
-45
-31
-17
-2
13
26
40
50
60
67
73
77
77
77
75
72
69
65
61
59
56
55
56
57
62
69
76
85
96
107
118
129
140
149
157
163
166
168
165
160
153
142
129
114
98
80
60
40
21
3
-16
-33
-48
-61
-72
-81
-87
-92
-95
-95
-94
-92
-89
-86
-81
-76
-71
-67
-63
-59
-56
-53
-50
-49
-48
-48
-49
-49
-51
-51
-53
-56
-58
-61
-64
-67
-70
-74
-77
-81
-86
-90
-94
-98
-102
-106
-109
-112
-115
-116
-118
-118
-118
-116
-113
-110
-105
-99
-93
-85
-78
-68
-58
-48
-37
-26
-15
-3
8
20
32
43
54
65
76
85
94
104
111
119
126
131
137
139
142
144
144
143
140
136
130
123
117
109
98
87
76
65
52
39
27
14
1
-11
-23
-34
-45
-56
-65
-74
-81
-89
-95
-101
-105
-110
-113
-116
-118
-120
-121
-123
-124
-125
-125
-124
-123
-122
-120
-118
-114
-111
-106
-102
-97
-91
-84
-77
-69
-60
-52
-43
-36
-26
-17
-9
-1
7
15
20
27
33
37
42
46
50
52
55
59
61
63
67
71
75
78
83
88
94
99
105
110
116
121
127
131
136
139
142
143
142
142
141
138
135
131
126
121
116
109
104
100
94
89
85
81
78
74
72
70
68
66
63
62
60
58
56
51
48
42
37
30
24
15
6
-3
-14
-23
-35
-44
-55
-65
-74
-83
-91
-97
-103
-108
-113
-114
-116
-115
-114
-113
-110
-106
-101
-96
-90
-83
-77
-70
-64
-57
-50
-43
-36
-31
-25
-20
-15
-10
-6
-2
1
5
7
9
10
12
13
13
13
13
13
12
11
10
9
6
6
4
1
-1
-3
-5
-7
-8
-10
-14
-15
-18
-19
-21
-23
-26
-28
-29
-31
-32
-34
-36
-37
-38
-39
-40
-40
-40
-41
-40
-39
-38
-38
-35
-34
-32
-30
-28
-26
-24
-21
-18
-16
-14
-12
-9
-7
-4
-2
0
2
4
8
9
12
15
18
21
25
27
31
35
39
43
47
51
55
58
62
66
68
72
73
75
77
78
78
78
78
77
76
74
71
68
65
62
58
54
50
47
43
38
34
31
28
24
21
18
13
11
8
5
1
-1
-5
-8
-11
-15
-20
-24
-28
-33
-37
-42
-46
-51
-55
-60
-64
-68
-73
-75
-78
-80
-82
-83
-83
-83
-82
-82
-80
-77
-76
-72
-69
-67
-61
-58
-55
-51
-47
-43
-39
-36
-32
-29
-27
-24
-22
-20
-19
-18
-16
-15
-14
-14
-14
-14
-14
-15
-14
-14
-15
-16
-16
-16
-17
-17
-16
-16
-15
-15
-14
-12
-11
-11
-8
-8
-5
-4
-1
1
2
5
6
8
10
11
13
14
16
15
18
18
18
20
20
20
20
22
22
23
25
25
26
28
29
30
32
35
36
39
41
44
45
48
50
52
54
56
56
58
59
61
60
61
62
61
61
61
59
59
58
57
55
54
52
50
49
46
43
43
40
38
35
33
32
30
28
25
24
22
20
19
17
16
14
13
12
10
9
8
6
6
4
2
0
-1
-2
-5
-6
-8
-10
-12
-15
-16
-18
-21
-23
-25
-27
-30
-32
-34
-37
-38
-40
-41
-43
-45
-46
-48
-48
-50
-50
-51
-52
-51
-52
-53
-52
-51
-51
-49
-49
-47
-46
-45
-43
-41
-39
-36
-33
-30
-27
-24
-21
-17
-15
-12
-7
-4
-1
2
6
10
13
15
18
20
22
24
26
26
28
28
28
28
28
28
27
26
25
24
22
21
19
19
17
15
14
12
12
11
9
8
7
8
6
6
4
5
5
4
3
3
2
2
1
0
0
-1
-2
-4
-5
-7
-9
-10
-11
-13
-15
-16
-18
-21
-22
-23
-24
-25
-26
-26
-27
-28
-27
-27
-26
-25
-23
-22
-20
-18
-16
-14
-11
-9
-7
-5
-3
0
3
5
7
8
11
11
13
14
16
17
17
16
16
16
15
14
13
12
11
8
6
4
2
0
-3
-5
-8
-10
-13
-15
-16
-17
-20
-21
-23
-23
-24
-25
-26
-26
-26
-26
-26
-25
-24
-23
-23
-22
-22
-21
-21
-19
-19
-18
-18
-18
-16
-15
-15
-14
-13
-13
-12
-12
-11
-11
-9
-8
-8
-6
-5
-5
-3
-2
-1
0
1
3
4
5
6
5
7
8
9
9
10
10
12
11
11
12
13
13
13
13
14
13
12
13
13
13
13
12
12
12
11
11
11
11
11
11
12
12
12
12
12
13
13
15
16
17
17
18
20
21
22
22
23
25
26
27
28
28
30
30
31
32
33
32
32
33
33
33
32
33
32
31
31
30
29
28
27
26
26
24
24
22
20
19
18
17
16
14
14
13
11
10
8
7
5
4
2
0
-1
-2
-4
-7
-7
-10
-12
-14
-16
-18
-20
-22
-24
-25
-27
-29
-30
-32
-34
-34
-35
-35
-36
-36
-36
-36
-36
-36
-35
-34
-33
-32
-31
-30
-28
-27
-25
-24
-21
-19
-18
-15
-12
-11
-9
-7
-4
-2
0
2
3
6
7
9
10
13
13
14
15
15
16
16
17
17
16
16
16
15
15
13
11
11
11
9
8
7
5
5
3
2
1
-1
-2
-2
-3
-4
-4
-5
-5
-6
-5
-6
-6
-5
-4
-4
-4
-4
-3
-2
-1
-2
-1
-1
-1
0
0
0
-1
-2
-2
-3
-4
-5
-7
-8
-10
-10
-12
-13
-14
-15
-16
-17
-18
-19
-18
-19
-20
-20
-20
-19
-18
-18
-19
-17
-17
-16
-16
-14
-13
-12
-11
-10
-8
-6
-5
-4
-2
0
2
4
6
8
10
12
13
15
16
17
17
17
18
17
18
17
16
14
12
10
7
4
2
-1
-4
-7
-11
-14
-17
-20
-23
-25
-27
-30
-31
-32
-33
-33
-32
-32
-32
-31
-29
-27
-24
-22
-19
-16
-13
-10
-6
-3
0
3
7
10
13
16
19
20
23
25
27
28
30
31
32
32
33
32
33
32
31
31
31
30
29
28
27
25
24
23
21
20
17
17
14
12
9
8
5
3
0
-2
-5
-7
-9
-11
-14
-16
-18
-20
-22
-24
-25
-25
-26
-26
-26
-25
-24
-22
-20
-19
-15
-12
-9
-5
-3
1
6
10
15
19
22
27
30
34
36
39
41
42
43
45
44
44
43
42
40
37
35
32
28
26
21
17
13
9
4
0
-6
-10
-15
-20
-25
-30
-35
-40
-43
-49
-52
-56
-59
-62
-64
-66
-67
-67
-67
-66
-64
-60
-57
-52
-47
-39
-31
-23
-13
-2
8
20
31
43
55
66
78
88
99
108
116
125
129
134
137
139
139
138
135
130
123
116
106
96
84
71
58
45
29
15
0
-14
-29
-43
-57
-71
-83
-95
-105
-115
-123
-130
-136
-140
-143
-145
-146
-144
-143
-139
-134
-128
-122
-113
-104
-94
-84
-73
-61
-49
-36
-24
-11
1
13
23
34
42
52
60
66
72
76
78
81
80
80
78
74
69
64
57
50
41
34
24
16
8
-1
-10
-17
-24
-32
-37
-42
-46
-49
-53
-54
-53
-53
-53
-50
-47
-44
-40
-37
-32
-27
-21
-17
-12
-8
-2
2
6
10
13
15
18
20
21
21
22
22
22
22
20
18
17
15
15
15
13
12
10
10
11
11
11
12
14
15
17
20
22
23
26
28
29
31
31
31
31
29
28
26
23
20
15
10
6
1
-4
-10
-16
-21
-26
-31
-34
-39
-41
-44
-45
-46
-46
-46
-45
-44
-41
-38
-36
-32
-30
-27
-23
-19
-17
-14
-10
-8
-5
-3
-1
0
3
5
7
8
9
11
14
14
16
18
19
21
21
22
23
24
24
25
25
25
25
24
24
23
22
21
19
18
16
14
13
11
9
7
5
4
2
0
-2
-4
-4
-7
-8
-9
-11
-11
-13
-14
-14
-15
-16
-17
-18
-18
-19
-19
-19
-19
-19
-19
-19
-19
-19
-19
-18
-18
-17
-16
-16
-16
-15
-14
-13
-13
-12
-11
-10
-8
-8
-6
-5
-3
-2
-1
1
2
4
6
7
9
11
12
14
14
16
17
18
19
20
21
20
21
22
21
21
21
21
20
20
19
18
18
17
15
14
13
11
10
8
7
6
4
2
0
-2
-2
-4
-5
-6
-7
-7
-7
-8
-7
-6
-6
-5
-5
-3
-2
0
1
3
6
7
9
11
12
15
16
18
18
19
20
20
21
21
21
20
19
19
16
16
14
13
11
9
7
6
4
3
1
0
-2
-3
-4
-6
-6
-7
-8
-8
-9
-9
-10
-10
-11
-10
-11
-11
-11
-10
-11
-10
-11
-12
-11
-11
-11
-10
-11
-10
-9
-9
-8
-7
-6
-5
-4
-3
-2
-1
0
1
3
3
4
5
5
5
6
5
5
4
3
3
2
0
-1
-2
-3
-4
-5
-6
-7
-8
-9
-10
-8
-9
-8
-8
-8
-6
-6
-4
-3
-3
-3
-1
0
-1
0
-1
-1
-1
-2
-3
-4
-5
-6
-8
-9
-11
-11
-12
-15
-15
-16
-17
-17
-17
-17
-16
-17
-14
-14
-12
-11
0
0
0
0
0
0
0
0
0
0
0
0
0
0
0
0
0
0
0
0
0
0
0
0
0
0
0
0
0
0
0
0
0
0
0
0
0
0
0
0
0
0
0
0
0
0
0
0
0
0
0
0
0
0
0
0
0
0
0
0
0
0
0
0
0
0
0
0
0
0
0
0
0
0
0
0
0
0
0
0
0
0
0
0
0
0
0
0
0
0
0
0
0
0
0
0
0
0
0
0
0
0
0
0
0
0
0
0
0
0
0
0
0
0
0
0
0
0
0
0
0
0
0
0
0
0
0
0
0
0
0
0
0
0
0
0
0
0
0
0
0
0
0
0
0
0
0
0
0
0
0
0
0
0
0
0
0
0
0
0
0
0
0
0
0
0
0
0
0
0
0
0
0
0
0
0
0
0
0
0
0
0
0
0
0
0
0
0
0
0
0
0
0
0
0
0
0
0
