0
0
0
0
0
0
0
0
0
0
0
0
0
0
0
0
0
0
0
0
0
0
0
0
0
0
0
0
0
0
0
0
0
0
0
0
0
0
0
0
0
0
0
0
0
0
0
0
0
0
0
0
0
0
0
0
0
0
0
0
0
0
0
0
0
0
0
0
0
0
0
0
0
0
0
0
0
0
0
0
0
0
0
0
0
0
0
0
0
0
0
0
0
0
0
0
0
0
0
0
0
0
0
0
0
0
0
0
0
0
0
0
0
0
0
0
0
0
0
0
0
0
0
0
0
0
0
0
0
0
0
0
0
0
0
0
0
0
0
0
0
0
0
0
0
0
0
0
0
0
0
0
0
0
0
0
0
0
0
0
0
0
0
0
0
0
0
0
0
0
0
0
0
0
0
0
0
0
0
0
0
0
0
0
0
0
0
0
0
0
0
0
0
0
0
0
0
0
29
37
-21
-1
30
-21
-67
-42
-13
-43
-38
13
-13
-41
-1
-41
-74
9
-21
-73
35
41
-50
11
60
-9
-17
33
36
2
9
57
41
9
46
48
8
25
30
2
25
37
6
23
48
6
-6
30
10
-34
-5
23
-29
-33
32
0
-53
11
8
-74
-33
7
-55
-30
28
-13
-16
14
-33
-42
-12
-42
-29
23
-6
-6
31
-22
-47
-4
-41
-54
23
20
-14
42
42
-20
-6
12
-9
4
23
43
60
30
22
49
3
-27
18
8
-14
20
17
2
15
-14
-35
-11
-33
-65
-19
4
-30
-9
28
-5
-32
-22
-32
-43
-36
-18
8
13
4
16
5
-30
-15
-16
-37
16
28
-7
48
62
-8
-1
42
6
-27
35
84
25
28
103
39
-21
43
24
-5
67
61
53
113
61
9
61
33
-18
39
69
49
66
60
34
38
-15
-53
7
-7
-65
1
37
-39
-57
-15
-60
-130
-81
-60
-106
-49
-8
-60
-39
-22
-101
-111
-54
-73
-84
1
35
-8
-2
8
-20
-40
-44
4
59
18
28
121
47
-46
50
57
-44
26
111
28
12
75
1
-32
19
-26
-1
55
-23
12
57
-63
-38
47
-42
-29
77
11
-39
41
4
-67
15
36
-26
31
55
-40
-30
3
-65
-45
30
3
-3
39
-17
-58
-20
-46
-63
37
45
-24
51
49
-76
-37
12
-32
-8
34
44
15
-27
-9
-8
-52
-29
19
-3
-29
-6
-21
-52
-21
-32
-36
17
-31
-53
6
-36
-53
20
-4
-5
56
-23
-24
65
-33
-44
92
42
-18
70
62
-11
1
8
-1
6
2
25
37
-11
-5
-5
-64
-36
-10
-58
-17
45
-17
-54
17
-16
-103
-44
16
-28
-46
27
46
-58
-56
40
-43
-96
47
24
-70
44
45
-63
22
45
-51
14
60
-26
-4
69
24
-17
54
67
-30
-12
70
-15
-61
77
42
-75
60
46
-116
16
30
-125
14
44
-109
-31
18
-84
-74
-16
-15
-46
-66
-21
-27
-103
-46
27
-22
-9
54
15
-48
-29
-5
-28
-20
54
83
29
18
33
-40
-84
-4
5
-28
49
69
-4
-16
11
-45
-70
41
38
-27
80
98
-30
12
89
5
-25
61
82
-4
10
104
23
-9
75
9
-31
0
-17
-2
7
25
52
-11
-14
0
-112
-81
27
-44
-18
97
16
-48
-21
-69
-87
-56
-10
24
19
59
23
-62
-1
-5
-122
-5
125
-51
-20
170
-13
-76
111
22
-48
96
87
20
104
145
63
81
184
111
33
158
184
68
134
236
138
88
148
128
48
58
161
118
71
194
124
-33
74
115
-60
10
216
83
-19
148
105
-75
-25
51
2
-15
37
61
20
-28
-36
-10
-32
-67
19
14
-61
38
44
-93
11
94
-99
-20
169
-52
-81
137
-32
-151
71
32
-146
-1
31
-174
-132
-62
-204
-200
-118
-188
-221
-191
-218
-280
-313
-279
-268
-314
-289
-194
-245
-325
-210
-182
-285
-207
-92
-137
-127
6
12
-37
46
77
-2
45
157
129
122
231
229
123
145
179
95
95
143
125
159
182
96
76
109
-5
-47
62
39
-4
49
46
1
-46
-69
-50
-82
-109
-41
-14
-50
-32
-7
-82
-118
-70
-77
-47
3
8
42
54
35
-6
-14
8
-35
-2
127
132
51
78
104
-6
-53
38
82
37
75
169
127
35
55
47
9
77
90
107
195
122
9
57
79
-34
-6
113
51
3
63
64
-32
-97
-55
-64
-76
-13
-30
-34
-34
-136
-84
4
-156
-170
-16
-110
-196
-35
14
-130
-134
-14
-65
-183
-134
-76
-115
-94
-10
14
-7
-57
-165
-163
-65
-124
-134
63
71
-124
-104
-17
-169
-203
-40
-48
-52
72
14
-88
-6
-52
-152
-13
85
43
54
67
41
-22
-28
66
23
-28
95
72
-24
68
98
-38
-42
91
63
5
84
74
5
36
78
63
86
84
-11
26
111
22
7
84
31
-1
37
29
57
20
-53
59
87
-9
63
45
-48
46
41
10
127
77
-6
11
-53
-11
73
-51
-3
172
-13
-91
114
-24
-167
51
61
-20
130
126
-4
-10
8
22
12
48
124
71
56
74
-9
27
43
-32
60
93
16
68
54
-23
48
32
-39
112
125
-43
47
100
-70
-12
136
61
7
42
49
23
-30
-22
31
41
33
46
88
72
-62
-103
32
31
-46
74
126
-23
-73
-28
-87
-148
-96
-68
-34
-1
-98
-138
-113
-225
-281
-145
-72
-139
-109
-36
-98
-166
-171
-153
-108
-73
-4
76
39
2
34
-1
-21
64
80
74
175
185
114
117
35
-51
18
95
31
-60
-4
-51
-222
-166
-98
-252
-318
-234
-249
-258
-244
-335
-288
-218
-287
-143
-5
-187
-234
-19
38
-6
163
272
136
139
257
274
323
368
357
389
453
434
363
406
389
265
363
483
351
293
338
167
64
191
141
92
170
31
-45
50
-86
-169
18
-45
-244
-85
-4
-175
-109
-34
-157
-188
-141
-109
-87
-62
-114
-187
-86
-72
-172
-34
-13
-223
-140
48
14
1
28
-18
-34
-52
27
205
82
-23
128
19
-57
90
-15
-110
-66
-131
-82
-6
-150
-195
-176
-339
-289
-100
-182
-206
-118
-204
-226
-115
-121
-119
-75
-142
-122
31
26
-68
-32
-13
-99
-88
67
107
16
-1
3
41
96
41
93
173
32
9
176
176
70
66
96
58
-28
13
69
-82
-143
-77
-93
-43
-82
-188
-130
-221
-361
-149
-23
-155
-92
28
-17
-75
-72
-5
8
-19
103
261
254
159
148
163
83
41
133
219
209
158
154
137
40
-61
-90
-22
-25
-90
23
27
-128
-100
-134
-256
-169
-81
-125
-33
93
19
-27
15
-34
-58
32
117
157
176
208
208
106
93
199
171
107
246
331
148
141
288
162
83
261
261
86
119
124
5
52
97
100
69
-18
-28
-146
-225
-94
-145
-205
-6
-45
-260
-186
-221
-397
-257
-138
-169
-57
-45
-177
-182
-202
-237
-188
-126
-47
-44
-22
16
-90
-107
-72
-128
-29
79
18
102
176
12
21
149
65
0
86
162
116
55
149
127
-34
67
130
7
97
93
-78
22
136
37
46
126
-3
-87
12
14
-43
-48
16
63
-21
-10
40
-176
-273
-63
-7
-4
124
26
-133
-96
-125
-138
30
52
-17
43
51
63
10
-143
-87
-57
-119
72
150
-39
-86
-122
-206
-73
55
-45
-95
-26
-77
-58
117
91
-39
-47
-7
34
100
169
109
49
91
118
157
169
102
6
12
116
144
194
151
-67
-76
-16
-89
14
85
-86
-139
-60
-48
-30
5
-69
-133
-17
39
30
132
127
2
-1
111
167
117
121
99
-24
28
128
44
32
58
-89
-146
-4
-19
-138
-74
-75
-186
-109
22
-44
-113
-40
-53
-91
-4
34
20
0
-19
27
14
11
75
-6
-68
23
-6
-34
88
87
-43
-41
4
-71
-29
77
-40
-96
-33
-129
-186
-99
-126
-217
-185
-111
-136
-210
-188
-162
-264
-282
-153
-96
-111
-150
-202
-180
-210
-273
-170
-89
-118
-142
-163
-60
45
-55
-49
144
127
94
330
448
373
369
375
427
534
549
611
676
588
565
555
484
475
377
327
440
377
270
268
101
-73
-69
-74
-70
-58
-76
-73
-197
-292
-242
-287
-248
-145
-176
-122
-156
-307
-219
-171
-270
-186
-112
-160
-114
-129
-184
-105
-170
-228
-15
13
-80
3
-21
-109
-70
-45
-39
4
-22
-69
-40
-76
-122
-93
-137
-152
-99
-110
-71
-16
-119
-195
-109
-159
-223
25
80
-125
-28
48
-106
-96
6
-2
-44
-10
59
93
94
33
-32
-74
-105
-59
18
79
62
-22
-26
-23
-76
-52
-23
-53
7
88
112
170
49
-152
-84
-15
-7
143
222
151
21
-42
32
15
-22
95
129
110
183
133
38
61
-37
-90
125
172
76
150
109
-51
-53
45
74
29
74
139
15
-60
88
82
-33
62
77
29
113
73
51
102
-48
-85
94
109
69
84
-22
-82
-28
-33
45
160
36
-47
91
129
48
-3
23
61
-32
31
231
73
-150
-79
-63
-100
-26
32
38
-51
-138
-43
55
-20
-94
-26
26
-15
5
89
54
-104
-117
9
43
28
-13
-42
16
-30
-83
62
36
-188
-135
33
5
-37
-32
-59
-91
-113
-97
-30
-3
-75
-100
-6
-12
-95
-77
-79
-83
-23
-32
-22
48
-22
-113
-5
29
-72
19
54
-101
-57
26
-86
-119
-68
-152
-219
-156
-155
-199
-151
-176
-267
-173
-95
-234
-236
-72
-113
-190
-13
82
-58
-85
6
-29
-78
10
67
54
70
11
-29
55
25
-81
-10
111
67
38
166
170
14
-31
44
102
115
151
170
94
10
-37
-29
29
6
-31
23
40
1
-19
-16
-29
-73
-18
94
87
39
27
-17
-31
14
31
42
58
-18
-91
-18
43
13
37
90
65
19
62
151
144
118
194
254
240
268
295
220
168
216
260
259
270
249
129
89
136
60
22
91
65
21
64
94
56
10
9
35
37
49
134
170
105
102
96
2
-10
55
70
74
105
89
5
-43
-33
-64
-97
-32
-14
-60
-3
-16
-151
-164
-168
-192
-90
-23
-36
-47
-103
-137
-123
-125
-84
-39
-75
-78
-49
-78
-108
-133
-175
-184
-167
-138
-101
-109
-132
-148
-198
-215
-133
-74
-81
-54
-25
-36
-54
-68
-4
52
-6
-1
112
132
77
93
99
47
46
110
195
239
181
107
94
123
158
167
189
186
108
91
162
164
82
35
33
28
44
77
54
-25
-89
-113
-93
-29
-24
-115
-151
-113
-123
-152
-121
-92
-146
-192
-118
-50
-98
-132
-114
-131
-120
-82
-82
-60
-47
-100
-107
-43
-43
-94
-52
16
-30
-73
12
60
-2
-20
31
23
-27
-8
56
47
-4
-1
18
6
-11
-36
-45
-9
-5
-44
-30
-12
-78
-121
-67
-48
-110
-123
-71
-83
-119
-92
-97
-139
-112
-63
-58
-55
-58
-79
-76
-35
-17
-37
-51
-45
-44
-27
7
-15
-57
-48
-39
-38
-2
19
-15
-56
-49
-16
-3
-15
-17
-11
-44
-80
-55
-30
-54
-71
-55
-48
-42
-38
-42
-21
-9
-34
-10
49
65
52
46
65
87
84
108
146
146
146
170
185
212
250
259
285
349
383
380
396
425
430
452
508
536
523
531
571
596
623
665
690
716
758
792
815
816
778
736
723
726
724
700
636
487
243
-9
-203
-361
-485
-561
-650
-804
-1010
-1223
-1397
-1520
-1592
-1583
-1488
-1366
-1261
-1187
-1139
-1110
-1074
-962
-751
-493
-240
-23
128
197
225
289
407
551
704
849
934
944
900
818
697
563
460
398
326
189
-40
-334
-625
-896
-1096
-1200
-1286
-1390
-1503
-1586
-1604
-1588
-1551
-1474
-1363
-1203
-1007
-812
-609
-427
-298
-160
30
248
460
630
741
801
841
901
973
1019
1030
972
875
820
800
756
668
545
420
318
264
234
173
103
70
91
156
211
273
397
543
702
899
1109
1325
1534
1706
1852
2010
2208
2411
2594
2771
2667
1989
1064
445
340
542
647
513
121
-680
-1715
-2459
-2645
-2553
-2596
-2649
-2417
-2171
-2305
-2703
-3025
-3167
-3161
-2830
-1967
-932
-391
-474
-766
-894
-780
-446
209
1064
1666
1843
1819
1781
1658
1376
1178
1326
1708
2064
2228
2111
1668
932
178
-198
-133
82
183
77
-203
-652
-1211
-1651
-1840
-1844
-1728
-1503
-1204
-992
-1070
-1366
-1612
-1649
-1475
-1144
-714
-349
-243
-340
-413
-400
-359
-286
-109
167
425
579
641
586
393
186
146
311
515
584
523
377
169
-22
-107
-97
-96
-151
-190
-177
-147
-124
-134
-182
-216
-169
-13
202
368
446
483
542
648
794
984
1199
1378
1521
1685
1886
2115
2345
2532
2672
2770
2842
2942
3071
3216
3235
2801
1901
958
380
247
275
166
-153
-787
-1716
-2598
-3100
-3216
-3251
-3371
-3358
-3143
-3012
-3124
-3328
-3435
-3399
-3175
-2573
-1635
-827
-503
-547
-602
-450
-110
429
1168
1838
2176
2231
2205
2182
2058
1862
1824
1996
2197
2255
2091
1704
1104
406
-90
-232
-178
-174
-355
-692
-1117
-1597
-1992
-2164
-2148
-2042
-1893
-1707
-1534
-1496
-1601
-1704
-1677
-1484
-1143
-750
-430
-282
-281
-281
-173
16
228
412
545
621
647
650
636
562
458
392
379
392
354
232
55
-128
-249
-280
-273
-293
-363
-463
-527
-514
-436
-320
-214
-145
-98
-42
75
254
437
587
708
859
1097
1369
1593
1750
1890
2118
2435
2755
3061
3293
3392
3423
3517
3769
3833
3165
1962
975
641
724
676
415
8
-860
-2143
-3186
-3465
-3279
-3348
-3641
-3578
-3263
-3288
-3696
-3966
-3850
-3627
-3328
-2491
-1245
-463
-535
-888
-821
-355
159
855
1837
2590
2685
2397
2301
2407
2289
2045
2161
2603
2840
2594
2102
1565
842
27
-352
-143
126
-65
-623
-1160
-1653
-2222
-2592
-2510
-2197
-2034
-2032
-1936
-1821
-1958
-2191
-2125
-1710
-1216
-782
-351
-77
-195
-480
-467
-89
347
638
850
957
815
556
471
566
613
557
576
665
576
266
-40
-224
-345
-406
-319
-179
-248
-565
-871
-964
-875
-694
-457
-238
-173
-253
-277
-125
132
378
606
849
1063
1223
1382
1538
1679
1849
2150
2598
3018
3304
3437
3389
3290
3343
3667
3955
3533
2377
1267
788
824
766
423
-15
-747
-1878
-2916
-3306
-3176
-3243
-3668
-3821
-3540
-3402
-3680
-3982
-3919
-3658
-3378
-2713
-1582
-730
-683
-1017
-947
-347
306
933
1745
2448
2612
2361
2266
2491
2570
2369
2367
2718
2951
2672
2076
1540
1000
352
-17
119
323
28
-721
-1379
-1781
-2167
-2455
-2389
-2109
-2029
-2224
-2296
-2132
-2091
-2232
-2170
-1716
-1151
-759
-460
-219
-262
-517
-494
-7
591
916
1014
1054
937
678
575
733
903
867
772
781
703
377
-15
-242
-343
-432
-456
-380
-424
-743
-1131
-1295
-1209
-1044
-883
-716
-626
-673
-705
-552
-257
7
181
371
592
773
929
1126
1383
1632
1839
2081
2336
2524
2654
2785
3027
3335
3515
3574
3624
3728
3667
2957
1754
852
699
972
922
362
-342
-1247
-2429
-3383
-3556
-3138
-3004
-3429
-3714
-3613
-3694
-4133
-4353
-3914
-3232
-2781
-2226
-1351
-833
-1087
-1448
-1028
37
907
1469
2106
2564
2394
1911
1915
2492
2873
2813
2867
3124
2987
2234
1456
1158
1007
656
467
605
491
-318
-1368
-1897
-1956
-2065
-2163
-1974
-1767
-2001
-2511
-2689
-2458
-2283
-2185
-1782
-1149
-786
-834
-916
-816
-719
-579
-78
646
1048
918
615
488
470
493
722
1077
1186
923
558
346
190
-24
-132
-49
28
-69
-291
-519
-761
-1019
-1097
-886
-587
-449
-501
-606
-669
-669
-501
-115
325
615
730
794
914
1096
1372
1782
2213
2541
2776
2973
3167
3328
3431
3598
3876
4193
4305
3753
2550
1369
868
1061
1240
924
290
-593
-1784
-2960
-3533
-3368
-3141
-3368
-3637
-3601
-3659
-4142
-4636
-4504
-3856
-3237
-2603
-1754
-1164
-1303
-1744
-1549
-546
506
1229
1883
2401
2408
2012
1912
2403
2896
3000
3087
3348
3327
2693
1875
1465
1341
1117
943
990
848
81
-1002
-1656
-1763
-1799
-1884
-1825
-1775
-2092
-2657
-2903
-2679
-2415
-2264
-1940
-1426
-1125
-1193
-1259
-1018
-660
-333
123
671
939
756
486
520
743
901
1019
1148
1126
837
496
368
352
238
80
32
9
-181
-502
-750
-883
-988
-1053
-995
-891
-912
-1052
-1123
-1029
-851
-650
-404
-137
58
172
319
561
832
1083
1358
1682
1985
2194
2345
2536
2807
3096
3369
3594
3722
3786
3867
4005
3976
3374
2249
1230
878
1081
1140
652
-196
-1232
-2365
-3286
-3578
-3289
-3112
-3463
-3922
-4072
-4143
-4428
-4639
-4306
-3596
-3019
-2554
-1970
-1534
-1597
-1790
-1328
-163
910
1487
1855
2146
2135
1910
2049
2726
3302
3347
3205
3191
3019
2407
1754
1570
1632
1458
1115
851
457
-373
-1315
-1718
-1598
-1532
-1723
-1932
-2124
-2519
-2989
-3048
-2633
-2227
-2062
-1887
-1577
-1384
-1418
-1356
-955
-455
-85
234
528
610
421
283
496
862
1081
1131
1086
917
617
394
430
551
503
302
84
-124
-386
-636
-736
-736
-789
-896
-972
-1023
-1106
-1177
-1094
-857
-623
-455
-295
-112
53
189
407
755
1119
1410
1645
1864
2040
2187
2455
2901
3357
3644
3740
3756
3805
3948
4178
4151
3423
2199
1294
1211
1487
1293
552
-331
-1314
-2425
-3240
-3298
-2968
-3116
-3762
-4141
-4091
-4197
-4620
-4726
-4166
-3490
-3117
-2680
-2020
-1685
-1899
-1912
-1027
250
1027
1359
1744
2072
2005
1890
2362
3171
3488
3272
3167
3255
2989
2314
1887
1955
1935
1521
1105
854
334
-608
-1337
-1377
-1210
-1422
-1831
-2084
-2334
-2791
-3087
-2816
-2323
-2159
-2205
-2048
-1755
-1645
-1598
-1234
-643
-225
8
313
605
618
487
628
1029
1272
1220
1109
1046
886
661
617
727
673
344
4
-160
-281
-469
-616
-665
-784
-1052
-1287
-1339
-1308
-1324
-1299
-1138
-964
-897
-848
-657
-367
-102
167
492
788
967
1112
1367
1699
1983
2219
2466
2723
2964
3208
3474
3691
3776
3808
3941
4184
4318
3908
2789
1499
831
1006
1350
1084
222
-874
-2072
-3167
-3682
-3400
-2962
-3192
-3886
-4289
-4347
-4526
-4768
-4498
-3686
-3032
-2761
-2399
-1900
-1764
-1934
-1568
-325
933
1453
1574
1791
1919
1800
1974
2827
3666
3685
3202
2958
2876
2479
1973
1950
2214
2006
1313
736
351
-280
-1081
-1382
-1116
-1049
-1531
-2096
-2415
-2723
-3076
-3007
-2406
-1931
-2006
-2227
-2149
-1921
-1763
-1434
-753
-117
104
125
261
388
336
376
776
1254
1358
1118
875
701
505
415
568
746
586
128
-265
-456
-573
-669
-691
-724
-948
-1303
-1519
-1492
-1372
-1264
-1133
-982
-910
-907
-798
-500
-124
206
489
759
969
1104
1280
1589
1981
2322
2588
2864
3154
3363
3473
3585
3764
3975
4202
4418
4320
3477
2067
1006
948
1468
1571
921
-116
-1335
-2660
-3586
-3542
-2873
-2680
-3326
-4056
-4362
-4581
-4906
-4795
-3970
-3120
-2864
-2794
-2414
-2085
-2154
-2018
-981
440
1200
1282
1389
1621
1615
1653
2377
3470
3878
3413
2915
2796
2608
2209
2151
2530
2565
1845
996
539
138
-501
-921
-764
-613
-1088
-1851
-2309
-2533
-2812
-2881
-2419
-1885
-1926
-2338
-2468
-2224
-1947
-1618
-989
-299
-66
-213
-226
17
251
464
894
1377
1413
981
599
563
687
802
950
1026
732
114
-342
-375
-233
-212
-319
-495
-830
-1287
-1561
-1475
-1241
-1125
-1115
-1103
-1118
-1175
-1094
-739
-265
89
290
455
611
748
983
1415
1918
2263
2402
2511
2728
3021
3315
3584
3809
3929
3991
4116
4254
4027
3118
1904
1198
1312
1690
1544
747
-374
-1627
-2772
-3302
-2971
-2417
-2573
-3442
-4222
-4522
-4632
-4636
-4215
-3455
-3001
-3063
-3037
-2602
-2198
-2046
-1624
-584
453
833
862
1100
1430
1573
1864
2677
3484
3511
2956
2621
2647
2588
2436
2554
2750
2379
1475
782
557
333
-96
-352
-344
-607
-1329
-1963
-2142
-2182
-2343
-2351
-2055
-1909
-2215
-2536
-2410
-2024
-1713
-1388
-901
-548
-587
-680
-416
49
332
454
641
804
744
618
688
856
846
701
650
650
494
223
64
23
-89
-288
-436
-554
-779
-1060
-1186
-1129
-1070
-1094
-1113
-1089
-1069
-1012
-802
-462
-171
-8
127
325
565
817
1119
1472
1772
1963
2146
2430
2785
3085
3274
3417
3553
3701
3918
4171
4156
3476
2287
1375
1301
1737
1858
1312
333
-862
-2091
-2871
-2765
-2167
-2060
-2782
-3683
-4186
-4407
-4497
-4196
-3482
-2977
-3072
-3268
-3017
-2579
-2340
-1995
-1139
-177
228
226
423
835
1094
1352
2039
2860
3057
2622
2290
2360
2445
2400
2545
2805
2576
1759
1048
851
784
508
258
189
-105
-834
-1501
-1678
-1642
-1773
-1902
-1807
-1786
-2123
-2469
-2375
-2006
-1753
-1565
-1239
-967
-1016
-1151
-970
-552
-220
17
313
513
380
131
176
501
768
853
873
788
488
169
135
327
405
234
-17
-257
-528
-751
-765
-641
-634
-809
-983
-1031
-1013
-948
-762
-499
-318
-279
-235
-69
173
438
739
1066
1328
1486
1635
1894
2262
2631
2913
3108
3243
3364
3533
3780
3963
3741
2950
1996
1525
1701
1990
1808
1120
153
-957
-1940
-2305
-1945
-1555
-1880
-2756
-3499
-3878
-4057
-3971
-3455
-2880
-2837
-3197
-3273
-2902
-2513
-2224
-1688
-922
-464
-442
-323
148
602
841
1217
1866
2278
2139
1900
1999
2218
2240
2269
2498
2544
2057
1414
1167
1204
1090
846
721
533
-32
-707
-968
-873
-892
-1114
-1258
-1344
-1639
-2003
-2011
-1683
-1457
-1463
-1428
-1294
-1283
-1333
-1107
-642
-366
-411
-468
-355
-234
-144
100
430
522
324
167
238
360
402
459
515
387
88
-114
-108
-88
-184
-296
-365
-496
-694
-794
-735
-670
-701
-716
-635
-540
-486
-388
-192
-1
116
251
469
696
854
1023
1285
1549
1727
1898
2168
2470
2651
2746
2887
3074
3233
3357
3412
3143
2406
1596
1301
1557
1794
1558
908
18
-1003
-1806
-1912
-1411
-1089
-1515
-2387
-3115
-3506
-3577
-3222
-2561
-2172
-2453
-2991
-3125
-2779
-2287
-1757
-1166
-769
-823
-1023
-826
-231
328
695
1035
1310
1289
1096
1154
1519
1821
1888
1912
1946
1769
1379
1137
1200
1289
1174
983
814
505
22
-312
-292
-173
-261
-491
-694
-936
-1256
-1407
-1211
-930
-899
-1067
-1196
-1254
-1310
-1214
-852
-477
-427
-669
-888
-927
-818
-548
-153
115
26
-288
-483
-413
-184
88
313
331
83
-235
-349
-224
-42
57
32
-138
-383
-539
-487
-321
-226
-255
-351
-447
-469
-348
-112
84
142
118
119
196
358
602
852
1000
1041
1081
1202
1394
1638
1912
2121
2205
2214
2263
2395
2553
2650
2533
2090
1494
1133
1174
1337
1264
899
345
-356
-1023
-1288
-1064
-803
-983
-1532
-2063
-2415
-2581
-2448
-2028
-1717
-1876
-2301
-2501
-2344
-2031
-1659
-1239
-973
-1058
-1268
-1181
-744
-265
66
297
414
346
239
385
779
1111
1203
1172
1129
1036
923
951
1130
1230
1117
923
796
683
526
426
445
431
269
66
-47
-132
-276
-386
-372
-339
-423
-553
-613
-642
-711
-738
-633
-509
-518
-622
-701
-746
-783
-753
-618
-490
-487
-556
-583
-556
-506
-410
-272
-185
-196
-236
-227
-178
-129
-79
-44
-65
-127
-148
-101
-33
20
42
29
-18
-40
18
131
236
297
312
285
246
261
355
469
556
614
650
670
705
784
904
1036
1170
1289
1353
1376
1426
1535
1661
1759
1807
1729
1451
1088
894
956
1091
1087
901
552
63
-402
-569
-396
-186
-249
-580
-997
-1370
-1586
-1509
-1197
-964
-1065
-1409
-1704
-1790
-1663
-1369
-1032
-877
-1016
-1272
-1349
-1144
-782
-435
-216
-195
-341
-472
-377
-42
332
540
545
437
322
300
454
734
950
951
789
637
585
617
714
831
850
701
479
349
342
366
367
348
268
99
-73
-138
-111
-96
-134
-187
-264
-381
-473
-478
-441
-459
-549
-648
-721
-749
-708
-620
-563
-587
-647
-668
-622
-519
-386
-281
-258
-287
-295
-244
-159
-64
19
53
37
24
58
117
166
192
196
162
117
113
153
185
181
156
120
68
34
69
136
170
164
162
176
190
226
309
401
459
507
581
661
729
808
916
1006
1053
1096
1137
1113
1006
912
907
952
964
909
777
560
303
115
62
90
77
-61
-316
-607
-830
-919
-882
-808
-813
-959
-1188
-1366
-1398
-1296
-1142
-1033
-1033
-1140
-1258
-1257
-1092
-849
-652
-563
-577
-628
-617
-471
-214
32
162
166
122
115
204
386
585
694
666
556
466
465
547
656
716
672
542
405
339
356
405
426
380
275
154
76
67
100
119
88
18
-58
-111
-120
-97
-71
-75
-119
-177
-228
-266
-286
-286
-271
-260
-259
-269
-286
-312
-326
-304
-252
-195
-160
-154
-179
-222
-239
-205
-147
-106
-106
-143
-197
-238
-234
-189
-146
-139
-173
-218
-240
-216
-150
-87
-66
-87
-119
-124
-80
5
99
155
168
166
184
236
319
410
483
521
540
567
617
675
722
749
757
764
776
797
813
804
755
673
590
539
525
523
494
411
283
140
32
-18
-24
-34
-92
-205
-339
-447
-498
-491
-466
-467
-517
-594
-655
-666
-621
-554
-501
-493
-520
-545
-530
-467
-379
-302
-262
-267
-284
-277
-229
-151
-75
-34
-36
-63
-78
-60
-10
47
88
97
76
51
52
88
140
186
212
215
204
200
221
260
300
327
336
330
323
323
334
348
356
348
329
308
292
282
272
259
236
205
170
143
121
96
65
28
-13
-55
-95
-129
-161
-199
-237
-271
-299
-321
-340
-356
-377
-398
-413
-416
-406
-389
-377
-373
-369
-363
-347
-317
-280
-245
-219
-201
-183
-158
-126
-88
-50
-21
2
23
48
75
101
124
144
159
174
191
207
219
226
227
228
229
234
240
244
240
229
217
213
214
216
214
207
196
182
176
180
186
183
170
154
138
129
128
130
128
113
87
62
42
30
21
12
-4
-27
-54
-77
-93
-105
-118
-132
-149
-168
-185
-198
-207
-215
-224
-230
-235
-236
-238
-238
-236
-233
-228
-220
-210
-197
-184
-176
-165
-153
-139
-124
-107
-90
-73
-60
-48
-33
-17
-2
11
23
32
38
43
51
59
64
63
63
64
67
71
73
74
70
64
60
62
64
63
59
51
45
41
38
38
36
32
27
25
28
31
32
31
27
23
21
22
24
23
18
7
-3
-13
-22
-27
-32
-38
-47
-57
-66
-71
-75
-74
-75
-75
-77
-77
-78
-78
-78
-78
-81
-82
-80
-78
-75
-74
-73
-72
-68
-60
-49
-38
-29
-25
-22
-15
-8
2
9
14
15
13
13
17
24
30
30
28
26
26
31
39
47
50
48
45
46
51
60
68
73
71
67
67
71
78
86
90
87
84
83
85
90
95
93
89
84
82
84
87
86
81
71
62
56
55
56
56
49
38
26
18
16
17
19
15
6
-4
-9
-12
-11
-8
-9
-12
-16
-20
-18
-15
-12
-14
-16
-20
-21
-19
-15
-12
-14
-17
-20
-23
-19
-15
-10
-9
-10
-12
-12
-11
-9
-7
-6
-10
-14
-16
-16
-15
-17
-21
-25
-27
-26
-23
-17
-12
-9
-9
-6
0
8
18
25
29
30
32
35
38
43
44
42
38
32
30
29
29
27
22
14
6
0
-4
-5
-7
-13
-22
-32
-38
-41
-43
-44
-48
-53
-57
-58
-56
-53
-51
-52
-53
-53
-49
-42
-33
-26
-24
-26
-25
-22
-11
-1
8
13
13
12
12
19
27
36
39
36
32
28
28
32
36
37
33
28
23
19
21
23
25
21
14
9
6
5
6
6
3
-3
-9
-10
-11
-9
-8
-9
-12
-15
-17
-15
-12
-11
-11
-14
-17
-21
-23
-23
-25
-28
-34
-40
-45
-47
-49
-51
-55
-59
-63
-64
-65
-63
-62
-63
-63
-62
-59
-55
-49
-43
-39
-34
-28
-23
-14
-6
2
9
16
24
30
38
45
52
57
60
63
64
66
67
67
66
63
59
55
48
41
33
27
21
15
8
1
-7
-15
-22
-26
-29
-30
-32
-34
-38
-41
-43
-42
-39
-36
-36
-35
-36
-34
-32
-30
-27
-25
-23
-20
-17
-14
-12
-10
-7
-5
-3
0
4
4
5
6
7
8
10
13
13
14
14
13
14
16
18
19
21
21
21
22
24
28
28
30
30
30
32
34
36
36
35
35
35
35
34
35
33
30
26
25
23
22
20
16
11
6
2
-1
-4
-9
-15
-20
-26
-30
-34
-36
-39
-43
-46
-47
-48
-45
-43
-40
-37
-35
-32
-27
-21
-14
-7
-2
2
7
12
17
24
30
35
39
41
44
46
51
55
56
57
56
54
51
50
48
45
42
37
30
25
18
13
10
6
1
-3
-8
-12
-15
-16
-17
-18
-18
-19
-20
-20
-19
-18
-16
-16
-17
-16
-15
-15
-12
-12
-11
-11
-12
-11
-9
-7
-7
-5
-6
-6
-7
-6
-4
-2
-1
-1
-1
-1
0
2
4
7
8
8
8
10
12
14
15
19
20
21
22
23
26
29
30
31
30
29
29
30
31
30
28
26
23
20
17
15
13
10
5
0
-5
-9
-12
-15
-19
-23
-28
-33
-35
-37
-40
-40
-43
-44
-46
-46
-46
-43
-42
-41
-38
-36
-33
-29
-25
-20
-16
-13
-9
-4
0
5
9
13
14
17
19
21
23
24
23
21
21
19
18
17
16
13
10
8
6
4
3
1
-2
-3
-7
-9
-11
-12
-14
-17
-19
-21
-23
-23
-23
-23
-25
-25
-26
-24
-22
-21
-21
-19
-19
-18
-16
-14
-13
-13
-12
-13
-12
-12
-10
-11
-10
-11
-11
-11
-10
-8
-6
-5
-5
-4
-2
-1
1
2
4
4
5
6
8
10
11
12
11
12
15
17
19
19
19
19
20
21
22
22
21
20
18
17
15
15
12
9
6
3
0
-3
-4
-7
-8
-11
-13
-15
-15
-15
-16
-16
-18
-17
-18
-18
-17
-17
-16
-16
-16
-16
-15
-13
-12
-11
-9
-8
-6
-5
-3
0
2
3
5
7
7
10
11
13
14
14
16
15
16
15
15
16
15
15
14
13
12
12
10
10
9
8
7
6
5
5
4
2
1
0
-1
-3
-3
-4
-5
-6
-7
-8
-9
-9
-9
-9
-9
-10
-9
-9
-9
-8
-8
-8
-8
-9
-8
-7
-6
-7
-6
-7
-6
-6
-6
-6
-4
-4
-2
-2
-1
0
1
3
4
5
6
7
9
11
11
12
14
14
16
17
18
18
20
19
20
20
20
21
20
20
19
18
18
17
15
14
12
10
9
6
6
4
2
0
-2
-3
-6
-6
-8
-9
-10
-12
-12
-13
-14
-14
-13
-14
-16
-14
-15
-14
-14
-13
-13
-13
-11
-10
-10
-8
-6
-5
-3
-2
-1
0
2
4
5
6
8
9
10
11
12
11
13
13
13
12
12
11
11
10
11
10
9
8
7
7
5
6
2
2
1
0
-1
-2
-3
-3
-5
-6
-7
-8
-9
-10
-11
-11
-13
-13
-14
-15
-16
-17
-17
-17
-17
-17
-17
-16
-17
-17
-16
-15
-15
-14
-12
-12
-12
-10
-8
-7
-5
-3
-1
1
2
4
5
7
8
9
11
13
13
15
14
15
16
15
15
15
15
14
13
12
11
10
8
7
5
5
2
1
0
-2
-3
-5
-6
-7
-9
-10
-11
-11
-12
-12
-12
-12
-12
-12
-12
-10
-10
-9
-9
-8
-7
-7
-6
-5
-4
-3
-3
-2
-2
0
-1
0
1
1
2
3
4
5
6
6
6
8
8
8
8
9
9
8
9
8
7
7
7
6
6
5
4
3
3
1
1
0
-1
-2
-2
-2
-3
-3
-3
-4
-5
-5
-5
-6
-6
-6
-8
-8
-8
-8
-7
-8
-8
-7
-7
-7
-6
-7
-6
-5
-5
-4
-4
-3
-2
-3
-2
-1
0
0
0
1
3
3
4
5
5
7
8
8
9
9
10
11
11
11
11
11
11
10
10
10
9
8
8
7
6
5
3
3
3
2
1
0
0
-1
-2
-2
-1
-3
-3
-4
-4
-3
-4
-3
-3
-3
-2
-2
-1
-2
-2
-1
-1
0
1
1
2
1
1
2
3
3
3
3
3
3
3
4
4
4
4
4
4
3
3
3
2
2
1
1
1
0
0
0
0
-1
0
0
0
0
-1
0
0
0
0
1
0
0
1
0
1
1
0
0
0
0
0
0
0
0
0
-1
0
1
-1
-1
-1
-1
-1
-2
-1
-2
-1
-2
0
-1
-2
-1
-1
-3
-2
-2
-2
-2
-2
-1
-1
-1
-1
-1
-1
0
0
0
-1
1
1
0
0
0
0
1
0
0
0
0
0
0
-1
-1
0
-1
-1
-1
-1
-1
-2
-2
-1
-1
-1
-1
0
-1
-1
-1
-1
-1
-1
-2
-1
-1
-2
-1
-2
-1
-1
-1
-1
-1
-2
-1
-2
-2
-1
-1
-2
-2
-1
-1
-2
-1
-1
-1
-2
-1
-1
-1
-1
-2
-1
-1
0
-1
-1
-1
0
-1
-1
0
0
0
0
0
-1
0
0
-1
1
1
0
0
1
1
1
0
0
0
0
0
0
1
0
1
0
0
0
0
-1
0
0
-1
0
-1
0
0
0
-1
-1
-1
0
-1
0
-1
0
-1
0
0
0
0
0
0
0
0
1
0
0
0
0
1
0
1
0
1
0
0
0
0
0
0
0
0
0
0
0
1
0
0
1
0
0
0
1
0
0
0
1
0
0
1
1
1
0
1
0
1
1
0
1
0
1
0
0
0
0
0
-1
-1
0
0
1
0
0
0
0
0
0
0
0
0
0
0
0
0
0
1
0
1
1
0
1
1
0
1
1
1
1
1
1
1
0
1
0
1
0
1
1
0
0
0
0
1
0
1
0
0
0
0
0
-1
0
-1
0
0
0
0
0
0
-1
0
1
1
0
0
0
0
1
1
0
0
0
1
1
1
1
0
1
1
0
1
1
1
0
0
-1
0
0
0
-1
0
0
0
0
-1
0
0
0
-1
-1
-1
-1
0
0
0
-1
0
0
0
-1
-1
0
0
0
0
0
1
0
0
-1
0
-1
-1
0
0
0
0
0
0
0
0
0
0
1
0
0
0
0
1
0
0
1
0
0
0
0
0
-1
0
-1
0
0
0
0
0
0
-1
0
-1
-1
0
0
0
0
0
-1
-1
0
0
0
0
0
0
0
0
0
-1
0
0
0
0
0
-1
-1
0
0
1
0
-1
0
-1
-1
0
0
1
0
0
0
1
0
0
0
1
1
-1
0
-1
0
0
0
1
0
0
0
0
0
0
1
0
0
0
0
-1
1
0
0
0
1
-1
0
1
0
0
0
-1
0
0
0
0
0
-1
0
0
0
-1
0
0
0
0
0
0
0
0
0
0
0
0
0
0
0
0
0
1
0
0
0
0
1
0
0
0
0
0
0
0
0
0
0
0
0
0
0
0
0
0
1
0
0
1
0
0
0
0
0
0
0
1
0
0
0
0
0
0
0
0
0
0
0
0
0
0
0
-1
0
0
0
-1
0
0
0
0
-1
0
0
0
0
0
0
0
0
0
1
0
0
0
0
0
0
0
0
1
0
0
0
1
0
1
1
1
1
1
1
0
0
0
0
1
0
0
0
0
0
1
0
0
0
0
-1
0
0
-1
0
0
0
0
0
-1
0
0
0
0
0
1
1
0
0
0
0
0
0
0
0
0
0
1
0
1
1
0
1
0
0
0
0
0
1
1
1
1
0
0
1
0
0
0
0
0
1
0
-1
0
0
0
0
-1
-1
1
0
0
1
0
0
1
0
0
0
-1
1
1
0
0
0
0
0
-1
0
1
0
0
0
0
0
0
0
0
0
0
0
0
0
0
0
0
0
0
-1
0
-1
-1
-1
0
0
-1
-1
-1
-1
0
-1
1
0
0
0
0
-1
-1
0
-1
-1
-1
-1
-1
0
0
-1
0
-1
0
1
-1
-1
-1
-1
-1
-1
0
0
-1
-1
-1
-1
0
-1
-1
-1
-1
0
-1
-1
0
0
0
0
0
1
0
-1
0
0
-1
0
-1
-1
0
-1
0
0
1
0
-1
-1
0
0
0
0
0
0
0
0
0
-1
0
0
0
-1
0
0
-1
0
0
1
0
0
0
0
0
0
0
-1
-1
0
0
1
0
0
0
0
0
0
0
1
1
1
1
0
1
1
0
-1
-1
-1
-1
-1
0
0
2
1
0
0
1
0
1
0
1
1
0
0
-2
-2
-3
-3
-1
-1
0
1
3
2
2
2
2
1
1
0
0
-2
0
0
1
3
4
5
6
4
3
0
0
-1
-1
-1
1
0
0
0
-1
-1
0
0
1
3
3
3
3
0
-2
-5
-6
-8
-8
-8
-6
-5
-4
-2
-1
2
1
2
3
3
3
2
1
2
3
4
6
8
9
10
9
6
4
1
0
0
2
2
4
5
5
3
2
0
-3
-7
-9
-12
-13
-13
-7
3
17
31
40
41
26
0
-35
-70
-95
-100
-82
-41
11
64
103
116
102
64
13
-36
-72
-83
-73
-44
-7
29
53
62
54
36
12
-11
-29
-39
-39
-32
-17
0
16
28
34
30
20
3
-12
-28
-35
-34
-25
-11
4
19
27
27
20
8
-4
-15
-21
-21
-17
-9
1
10
18
20
19
13
5
-4
-12
-17
-19
-17
-10
-3
5
9
10
9
3
-3
-9
-14
-17
-16
-16
-12
-10
-10
-8
-6
-3
3
9
15
19
20
18
12
4
-3
-9
-13
-11
-9
-5
-2
-1
-2
-3
-4
-3
-1
4
7
8
7
4
-3
-11
-17
-18
-16
-9
-3
3
5
7
4
-2
-9
-14
-18
-19
-16
-11
-5
0
4
8
7
6
4
2
1
1
1
3
3
3
3
1
0
-2
-2
-1
-1
-2
-1
1
2
4
8
11
12
10
6
-2
-10
-17
-21
-19
-12
-2
8
16
19
15
7
-2
-10
-14
-14
-9
-4
1
1
-4
-9
-17
-21
-19
-10
2
16
26
31
27
16
2
-10
-18
-20
-13
-3
7
15
17
15
9
3
-2
-5
-4
-3
1
6
7
8
6
2
-3
-8
-12
-14
-14
-8
1
9
20
25
21
13
2
-12
-21
-24
-20
-9
4
15
22
21
16
9
1
-2
-2
0
4
5
3
0
-2
-5
-6
-5
-5
-4
-6
-7
-9
-11
-10
-8
-5
-2
2
7
12
14
10
2
-7
-19
-28
-29
-20
-2
21
39
50
49
35
18
6
4
12
24
33
31
12
-17
-46
-64
-59
-35
3
39
58
52
27
-8
-42
-61
-55
-35
-11
6
12
8
0
-4
1
15
30
35
23
-4
-36
-57
-53
-22
27
81
117
114
75
11
-53
-95
-94
-51
16
81
121
116
60
-15
-90
-139
-138
-91
-16
59
112
117
73
4
-71
-127
-135
-93
-22
61
129
151
118
46
-39
-110
-138
-111
-42
36
101
130
108
48
-18
-72
-95
-77
-34
11
42
50
36
14
-3
-8
-4
4
2
-14
-33
-56
-65
-43
-7
32
69
78
46
-4
-55
-92
-86
-44
19
87
127
119
71
-1
-80
-121
-112
-62
6
64
94
76
16
-43
-82
-100
-78
-17
27
48
54
26
-14
-30
-30
-28
-9
9
3
-6
-5
-20
-24
-1
3
-12
-6
0
-2
21
46
29
2
-21
-60
-72
-28
28
86
145
141
69
-16
-112
-181
-154
-59
57
173
212
147
28
-121
-240
-246
-164
-35
131
238
220
139
15
-141
-226
-208
-135
-10
116
160
140
85
-23
-119
-132
-109
-70
16
97
107
113
135
89
21
-2
-57
-108
-66
-30
-11
82
130
81
46
-35
-165
-181
-126
-72
57
168
158
109
25
-110
-167
-138
-80
32
121
117
82
22
-55
-61
-26
4
76
102
39
-8
-45
-98
-66
29
71
73
70
23
-79
-146
-122
-91
-48
61
105
47
29
-11
-107
-90
-16
-4
64
126
67
56
86
21
-3
46
2
-34
43
50
-9
35
48
-58
-63
-4
-83
-114
-53
-107
-112
18
40
41
116
34
-83
-71
-122
-120
57
115
118
228
173
12
-11
-104
-239
-122
31
82
224
267
89
-16
-111
-280
-204
-26
-19
114
264
88
-7
53
-163
-273
-58
-57
-77
180
184
21
109
49
-155
-64
-17
-104
68
187
79
141
152
-72
-108
-53
-146
-96
42
20
-7
10
-25
-50
-40
-12
-26
-93
-67
-16
-27
61
158
127
128
97
-42
-105
-122
-102
40
113
123
186
94
-54
-50
-104
-143
-4
42
19
97
58
-38
-3
-35
-105
-51
-44
-91
-48
-20
-23
27
60
43
6
-26
-57
-125
-119
-15
-6
29
190
136
-19
51
-19
-201
-60
13
-70
123
209
64
95
2
-195
-119
-131
-181
25
84
58
174
75
-104
-130
-183
-150
-23
75
223
232
127
115
-38
-177
-59
-39
-35
147
151
90
150
30
-144
-142
-176
-206
-69
59
76
87
119
21
-142
-144
-131
-155
9
136
109
166
117
-52
-55
-81
-113
46
89
17
63
17
-62
41
69
-18
19
13
-131
-99
33
-1
32
156
22
-133
-77
-124
-162
-3
58
70
141
72
5
25
-80
-99
45
34
33
198
151
-29
-22
-46
-150
-45
87
12
-18
26
-75
-92
36
-2
-38
14
-78
-75
-2
-69
81
202
-1
51
97
-188
-71
153
-43
-7
136
-43
-57
49
-37
-63
-17
-25
-69
-93
-14
-13
-68
57
87
-12
72
86
-93
-96
-7
-66
-27
149
145
39
22
-92
-240
-131
40
78
133
123
5
-17
-33
-98
-47
-20
-27
79
72
23
112
53
-55
-31
-86
-110
7
96
106
59
49
40
-87
-74
32
-67
-52
65
-48
-61
55
-1
-11
20
-90
-137
-93
-61
41
127
85
47
69
-20
-164
-78
14
-77
62
215
32
22
97
-61
-88
-83
-120
88
157
40
136
81
-153
-110
-36
-85
-5
116
127
49
-66
-109
-56
-50
-37
105
97
-36
88
90
-111
28
108
-58
51
100
-70
-16
24
-65
1
36
4
39
-20
-63
-29
-106
-83
10
-92
-24
170
42
-40
25
-139
-194
8
55
42
162
179
41
-27
-63
-159
-83
95
74
37
82
10
-86
-73
-21
-22
-53
43
70
-80
-14
85
-34
-9
38
-21
35
39
-10
-16
-88
-60
41
89
142
77
18
-14
-197
-136
70
0
74
191
-30
-103
-5
-59
-69
-54
-68
-6
-11
-4
86
-22
-110
50
7
-139
11
44
-50
98
117
7
76
47
-26
4
-26
-1
83
82
36
-59
-98
-66
-101
-103
-24
34
-24
-93
28
-5
-188
37
161
-124
-29
166
-50
-76
101
55
-20
34
78
-13
-66
66
57
-75
8
32
-85
-1
57
-45
18
58
-69
-29
38
-71
-47
72
17
-65
-10
34
-37
-77
50
91
-58
-23
97
-10
-73
-5
-37
-77
-26
23
33
40
4
-81
-92
-57
-75
-17
126
154
57
21
55
-25
-117
-19
57
15
39
87
80
36
-55
-91
-51
-64
-57
106
154
-21
-16
66
-70
-65
37
-60
-57
55
0
-14
53
-37
-52
58
-29
-46
45
-69
-56
34
-15
120
163
9
34
-87
-242
-24
37
-61
106
122
-72
-58
-24
-89
-58
23
78
29
-40
97
103
-73
44
64
-163
-3
142
-93
-68
96
-24
-34
126
59
-53
2
8
-17
34
76
98
62
25
39
4
-17
-33
-53
-14
-6
54
92
1
12
-13
-120
-67
-34
-56
-9
23
-12
-65
37
137
-28
-93
7
-131
-150
171
124
-111
86
112
-131
-37
-3
-164
-69
69
63
49
88
99
-31
-16
35
-161
-37
174
-14
83
230
-33
-34
59
-118
-115
-10
-4
44
70
113
123
-24
-70
-20
-106
-106
27
47
16
31
45
24
-67
-94
-3
-23
-81
52
119
28
48
53
-37
-58
-89
-58
5
-87
-38
72
-62
-86
-28
-109
-77
0
-6
6
-10
-29
-5
25
19
-18
3
4
-47
19
51
-14
64
91
-4
52
69
-43
-22
61
70
73
155
178
-2
-50
94
49
31
176
129
28
68
40
-30
-1
44
45
85
161
66
-56
35
-21
-190
-13
145
-4
-35
34
-118
-244
-113
-47
-103
-15
59
0
-28
-62
-129
-134
-101
-42
25
48
30
-48
-116
-110
-91
-44
7
12
-12
-52
-11
11
-80
-43
27
-62
-56
66
27
-48
43
39
-76
13
87
17
81
87
-63
-31
73
54
50
58
40
0
-34
58
82
-61
-12
152
83
-19
39
20
-90
-35
80
23
-21
40
7
-71
-31
23
1
14
67
2
-52
65
71
-32
-2
-8
-51
9
9
-10
8
-48
-67
-22
-55
-69
6
-41
-67
51
-37
-105
49
-13
-83
32
31
-7
-35
-3
29
-136
-97
68
-22
22
93
-48
-35
-28
-82
28
13
-57
47
55
-22
-9
-21
-61
-41
-50
-58
46
51
-43
2
42
-53
-101
-1
20
-78
7
114
7
-23
40
-30
-86
-20
-24
-60
-16
-16
-40
-71
-79
8
-65
-143
34
30
-106
32
92
-84
-71
52
-41
-86
62
31
-140
-76
18
-99
-95
42
-44
-152
-52
-24
-90
-19
43
47
94
48
32
106
83
124
267
274
253
303
271
230
278
270
274
311
255
270
294
196
175
145
78
132
101
12
76
25
-107
-44
-55
-169
-165
-198
-258
-330
-409
-338
-373
-472
-351
-363
-503
-435
-399
-421
-351
-293
-222
-207
-203
-93
-148
-196
-36
-44
-25
137
32
-36
137
101
14
175
253
183
165
160
180
128
79
280
326
111
217
363
135
95
263
175
139
258
260
236
218
198
178
113
131
132
92
188
193
72
111
115
-23
50
177
35
-23
100
27
-58
51
17
-95
-4
38
-78
-88
-23
-58
-46
46
-20
-69
20
-31
-56
-18
-104
-41
35
-75
-49
-2
-99
-104
-36
-31
-89
-118
-42
-90
-248
-144
-33
-160
-119
8
-132
-237
-109
-110
-183
-58
-55
-157
-73
-106
-192
-131
-170
-183
-144
-194
-156
-154
-207
-110
-118
-198
-69
-22
-91
-20
8
-47
-1
56
45
70
123
136
199
279
321
444
588
696
855
1013
1065
1052
1082
992
719
624
577
301
237
396
346
347
499
520
528
523
437
392
303
163
24
-86
-216
-491
-601
-550
-684
-658
-393
-212
-31
216
477
585
510
486
338
36
-133
-320
-527
-648
-798
-787
-704
-737
-585
-391
-369
-203
41
119
194
348
397
375
428
412
315
309
294
193
123
92
-16
-111
-113
-188
-265
-237
-266
-343
-384
-452
-570
-615
-579
-637
-659
-566
-574
-606
-573
-612
-690
-735
-762
-787
-841
-830
-740
-734
-714
-603
-607
-639
-535
-457
-450
-323
-140
-90
-60
5
18
-21
-153
-235
-251
-434
-551
-456
-507
-577
-432
-376
-349
-167
-89
2
170
172
251
390
344
390
463
378
406
408
250
263
262
76
75
103
-31
-54
-9
-61
-80
-34
-87
-150
-114
-221
-367
-307
-347
-471
-401
-345
-375
-338
-278
-146
9
95
274
426
421
485
552
500
498
487
394
355
318
195
101
79
24
-27
42
115
135
233
349
423
535
664
790
879
932
964
904
827
717
517
376
217
-15
-114
-121
-180
-221
-177
-177
-250
-228
-215
-283
-242
-240
-295
-212
-241
-321
-230
-273
-296
-146
-156
-176
-100
-126
-123
-67
-63
-33
-23
-100
-132
-162
-206
-163
-179
-187
-104
-157
-239
-215
-244
-305
-262
-183
-158
-129
-131
-155
-127
-167
-155
1
29
35
214
260
202
374
466
355
450
528
426
480
528
421
391
401
361
355
387
412
375
313
350
318
251
353
365
392
589
598
649
832
748
740
892
803
763
813
569
305
76
-365
-655
-759
-930
-930
-815
-788
-678
-592
-573
-429
-376
-367
-186
-139
-104
74
38
19
165
145
105
198
241
211
219
314
391
379
406
469
415
344
348
298
284
322
217
155
183
11
-131
-78
-112
-186
-168
-112
-121
-245
-255
-211
-326
-324
-214
-221
-200
-160
-190
-210
-237
-247
-241
-265
-247
-229
-270
-275
-282
-302
-276
-288
-286
-249
-275
-291
-290
-274
-258
-311
-278
-200
-273
-289
-247
-321
-348
-306
-267
-220
-232
-221
-186
-243
-232
-154
-191
-153
-57
-167
-151
5
-100
-73
87
-60
-96
-20
-173
-242
-242
-340
-384
-411
-462
-499
-514
-463
-339
-231
-179
-9
123
29
180
392
196
225
426
255
202
331
283
259
271
251
263
215
190
307
292
191
338
381
224
275
295
167
156
176
184
167
153
227
193
138
194
119
69
133
90
115
176
109
137
142
-2
-25
-14
-132
-191
-189
-223
-279
-333
-318
-349
-439
-389
-325
-302
-262
-262
-162
-123
-187
-29
65
13
91
116
154
219
153
253
372
282
357
484
385
323
355
297
183
197
263
177
83
90
53
-64
-106
2
3
-105
-10
73
-36
-12
126
84
19
84
96
71
83
108
162
119
98
197
154
99
171
120
84
189
182
184
297
233
147
177
56
-92
-131
-219
-312
-378
-410
-394
-442
-459
-394
-393
-379
-322
-296
-231
-186
-163
-92
-58
-27
-35
-48
48
27
24
170
119
81
187
140
106
129
116
114
75
145
186
44
97
142
-35
-7
87
-9
-49
8
10
-52
-34
32
-48
-92
-43
-106
-129
-47
-85
-166
-112
-118
-228
-186
-120
-171
-161
-155
-126
-90
-185
-115
-21
-164
-124
1
-38
-40
-25
44
36
-65
66
122
-32
39
138
19
0
111
70
-11
70
94
-5
-19
-1
-42
-77
-35
66
59
3
71
20
-125
-25
60
-25
52
154
71
10
45
74
20
-23
105
132
-1
93
172
21
21
91
40
10
38
86
73
42
67
17
-34
10
-14
-52
9
-23
-124
-53
-3
-93
-43
16
-120
-137
-63
-129
-114
-55
-55
23
-51
-145
-2
-69
-203
-19
65
-26
-32
14
28
-79
-70
91
6
-77
53
-11
-99
43
72
-16
-8
-1
-25
-12
-11
7
62
-27
-75
85
41
-61
89
66
-58
46
76
5
71
74
-35
13
72
-9
9
66
64
46
1
98
145
-38
34
188
19
12
170
94
46
119
128
112
117
125
87
59
74
48
97
152
85
106
112
-10
2
39
-13
18
41
40
85
64
25
41
8
-54
-2
108
50
-3
116
76
-65
0
79
-7
-78
4
36
-47
-25
17
-17
-43
-87
-71
-53
-117
-84
-28
-14
55
26
-43
-29
-95
-162
-76
15
-18
-35
55
20
-82
1
27
-41
4
40
53
68
40
82
87
-10
41
87
-40
-19
64
-14
-7
74
57
14
9
38
41
25
44
109
127
43
68
143
24
-24
101
79
-15
64
108
-5
21
141
62
-30
81
124
-33
-3
208
100
-85
105
161
-125
-49
200
-14
-105
156
47
-147
43
51
-93
39
59
-38
24
-14
-24
69
-5
1
86
-23
-35
74
-11
-32
41
-61
-38
13
-99
6
30
-125
-1
8
-127
-38
-23
-41
5
-17
31
20
-77
-7
34
-18
13
23
-17
-28
-25
-24
-12
35
13
-26
31
-8
-85
-8
-13
-65
33
22
-89
-41
-6
-78
-64
5
7
-54
-111
-51
25
-118
-140
100
6
-147
68
41
-131
-73
-63
-14
15
-50
86
80
-87
10
23
-75
39
38
-40
123
117
-51
84
128
-106
-53
140
40
-69
87
173
-37
-62
168
22
-192
24
78
-112
-17
112
-29
-108
-30
-50
-124
-95
-37
-41
-72
-2
43
-67
-64
-24
-100
-36
52
23
57
67
1
17
6
-39
31
22
-63
4
12
-56
-8
21
6
-50
-126
-51
-24
-156
-71
69
-107
-148
31
-52
-129
-47
-101
-93
-38
-99
-51
6
-64
-124
-108
-13
-53
-162
10
73
-103
-24
58
-40
-56
-23
58
48
-25
63
18
-76
40
52
-10
50
84
31
7
71
80
-31
-28
102
42
-28
162
165
-42
19
89
-57
-49
146
145
42
110
110
-40
-16
93
61
81
156
32
-18
91
-5
-27
112
79
34
27
12
48
-15
-43
65
75
44
38
13
8
-60
-101
-23
-7
20
45
-35
43
64
-169
-126
40
-86
-72
148
123
6
0
-64
-117
-74
-59
-19
105
90
-15
48
43
-135
-127
-3
-14
-17
101
122
-24
-33
31
-56
-57
28
-13
-50
25
105
52
-42
13
2
-157
-70
134
19
-58
135
94
-103
11
116
-94
-149
56
63
-32
75
117
-40
-110
-86
-94
-35
8
-14
58
63
-48
-52
-20
-69
-102
-15
89
9
-16
146
21
-209
-16
66
-170
-60
187
66
-56
44
68
-60
-111
-13
43
-20
-10
118
105
-33
-1
49
-60
-42
71
56
70
68
3
61
31
-49
91
81
-86
24
88
-97
-31
191
54
-96
96
70
-193
-86
95
-18
-16
111
65
-17
-49
-89
-88
-54
-51
-26
65
47
-63
-51
-22
-101
-148
-54
37
-43
-69
65
14
-135
-59
8
-119
-140
3
-29
-139
-5
51
-126
-97
-15
-137
-102
13
-29
1
49
-37
-86
-16
15
-58
-39
59
-7
-81
-20
-1
-30
-44
-45
14
42
-18
-18
39
-7
-72
-34
2
14
16
-15
33
41
-79
-76
6
-6
-44
-18
62
23
-83
-4
45
-26
28
49
2
73
49
-28
75
88
-19
20
57
-8
-19
24
34
27
58
55
-25
-35
30
3
-46
45
110
21
-29
48
56
-88
-121
69
73
-106
3
92
-107
-104
22
3
-6
-51
-44
1
-91
-46
53
-7
-12
-43
-67
19
-42
-68
69
22
-76
12
37
-35
-5
9
1
97
30
-71
75
-13
-159
77
97
-26
119
73
-77
-6
-4
-86
-41
62
68
43
113
111
-62
-147
-27
21
-100
23
242
17
-116
145
71
-183
-83
48
-28
-83
76
201
-21
-117
92
-25
-219
19
111
-109
-44
145
63
-32
35
40
-76
-94
20
82
53
28
59
44
-27
11
70
7
-35
-33
-12
90
127
74
76
19
-79
-56
9
62
53
-11
44
67
1
79
98
-58
-24
67
-73
-42
164
47
-55
108
84
-53
-61
-70
-71
-31
9
72
102
66
-40
-120
-24
-6
-135
11
182
-7
-96
98
122
-96
-133
69
33
-169
-27
174
41
-33
87
60
-51
-39
-18
-73
-32
108
90
69
192
67
-142
-20
16
-136
-5
158
28
33
189
41
-136
-72
-121
-197
2
216
143
22
123
57
-251
-132
180
8
-156
76
139
-101
-93
136
69
-170
-117
32
-93
-201
22
139
-79
-55
189
29
-200
-45
-5
-146
-13
133
59
64
85
-59
-126
-12
6
-102
-13
151
55
-38
33
-22
-112
-23
42
4
80
137
-58
-102
125
58
-159
-30
96
-63
-111
50
56
-92
-127
-63
-34
-63
-56
-27
-67
-56
-18
-66
-23
33
-70
-120
-62
14
-8
-121
-5
120
-97
-118
118
46
-107
-6
57
-14
9
83
41
46
98
-42
-102
80
72
-53
77
159
-12
-69
10
-37
-62
4
-6
10
91
25
-95
-39
26
-81
-111
73
105
-103
-108
83
19
-153
-62
61
-43
-131
-45
28
-27
-94
-46
33
34
0
-40
-32
29
0
-18
121
173
48
-40
-8
68
52
-8
67
117
-3
-34
33
-27
-44
11
-75
-67
112
49
-157
-64
77
-90
-137
113
129
-39
-32
21
26
-34
-90
44
107
5
94
167
16
13
46
-61
29
193
121
71
158
121
-21
4
105
72
53
73
28
48
28
-87
0
101
-29
-43
59
0
-81
-73
-10
36
-21
-11
52
-49
-110
-36
-43
-41
34
-6
-81
-48
-13
-66
-96
3
36
-96
-90
35
12
-64
-57
17
40
-44
-25
43
-38
-71
-19
-8
59
74
-27
-9
60
11
-18
35
57
-9
-43
40
78
31
22
5
-44
-44
-15
-11
-3
21
-2
-31
21
55
-11
-41
21
36
-19
14
107
86
20
30
59
57
18
-35
-11
39
-10
-31
57
81
-14
-76
-52
-54
-110
-87
-5
-5
-12
24
-30
-107
-87
-100
-147
-67
31
17
-9
-29
-61
-78
-105
-98
-37
-30
-53
-4
54
32
-9
-9
-39
-80
-60
-39
-6
57
42
6
46
25
-81
-101
-41
-26
-13
70
118
54
23
43
-35
-56
86
82
-21
109
196
36
3
97
20
-56
2
10
14
64
16
-41
24
12
-88
-65
-9
-51
-70
-6
31
11
-13
-19
-12
-23
-21
20
26
3
34
55
24
37
65
5
-34
29
43
-12
-14
19
13
-49
-43
64
40
-79
-30
20
-78
-61
58
44
8
66
69
-12
-19
40
13
-32
20
58
22
4
7
-3
-26
-63
-76
-51
-17
8
0
-17
0
-15
-78
-81
-15
20
-2
-22
17
36
-39
-76
-39
-60
-85
-52
-61
-64
-19
-55
-136
-105
-47
-96
-141
-74
-18
-56
-81
-16
29
-31
-82
-49
-15
-22
-9
29
47
35
-7
-33
10
23
-45
-30
54
35
-23
18
52
-4
-33
20
33
11
40
32
-3
37
50
-12
-16
48
59
6
8
73
28
-79
-49
41
47
49
79
74
24
-30
-43
-5
51
70
62
79
75
19
-3
23
10
-13
15
25
-6
0
25
13
-14
-13
4
-16
-47
-37
-20
-18
5
16
3
5
-6
-44
-47
-4
21
4
4
39
30
-30
-46
-1
26
15
33
88
62
-26
-28
18
12
24
76
66
17
-5
-22
-36
-7
30
18
-13
-1
-6
-73
-89
-24
-11
-59
-44
23
15
-62
-70
-21
-35
-58
-1
54
61
51
23
18
56
55
21
55
104
89
71
103
128
109
72
52
52
58
59
37
39
92
88
19
29
69
4
-62
-15
27
2
12
59
47
10
4
-17
-42
-16
8
10
43
76
36
-19
-15
-20
-60
-41
15
4
-37
-34
-42
-76
-72
-53
-62
-67
-60
-77
-83
-50
-33
-44
-39
-20
-27
-44
-35
-21
-15
-5
7
23
45
45
17
4
10
6
6
46
87
75
46
34
15
-7
2
27
34
29
27
14
-7
-1
10
-6
-4
24
16
-21
-22
-3
-22
-38
-5
19
-20
-62
-72
-85
-106
-99
-67
-45
-60
-91
-118
-147
-165
-158
-147
-119
-78
-83
-121
-134
-136
-157
-159
-130
-83
-54
-70
-86
-69
-75
-111
-99
-47
-38
-68
-71
-51
-65
-95
-73
-39
-59
-79
-71
-91
-113
-88
-63
-53
-24
-5
-38
-81
-89
-85
-91
-69
-10
23
3
-20
-19
-30
-48
-23
45
99
124
149
165
158
141
135
154
196
237
261
287
301
292
287
296
312
359
414
435
449
492
509
475
466
495
477
412
367
323
230
121
43
-9
-64
-113
-136
-142
-136
-112
-68
-8
70
146
211
281
363
441
504
557
579
559
492
388
263
142
30
-75
-161
-230
-299
-380
-461
-522
-559
-573
-554
-485
-395
-322
-252
-179
-125
-92
-49
5
43
68
97
108
92
82
67
25
-20
-48
-86
-129
-152
-156
-167
-189
-208
-222
-249
-281
-295
-290
-281
-264
-236
-212
-192
-181
-182
-181
-163
-143
-119
-80
-40
-20
-23
-32
-38
-43
-39
-25
-10
-7
-11
-27
-44
-53
-58
-73
-82
-81
-84
-95
-109
-114
-118
-143
-169
-168
-171
-195
-205
-185
-180
-183
-177
-169
-178
-202
-217
-214
-208
-208
-199
-195
-217
-248
-271
-294
-311
-300
-274
-255
-235
-197
-163
-142
-102
-32
35
95
171
256
316
358
403
446
468
478
499
514
512
505
500
482
461
441
419
394
373
354
337
325
326
325
314
298
280
253
221
196
176
160
142
125
106
83
53
23
4
-1
-1
7
22
40
46
45
49
57
64
81
104
124
139
146
147
151
158
163
167
171
171
166
163
161
161
160
154
142
123
105
85
67
57
56
55
49
35
19
-5
-36
-57
-64
-70
-72
-72
-82
-106
-137
-167
-196
-222
-241
-251
-263
-280
-295
-308
-324
-340
-352
-366
-377
-381
-380
-371
-356
-335
-312
-295
-283
-278
-275
-273
-263
-244
-219
-196
-184
-183
-196
-222
-252
-270
-279
-278
-266
-253
-246
-246
-249
-256
-253
-237
-210
-176
-138
-102
-79
-69
-68
-71
-76
-81
-82
-79
-80
-86
-94
-100
-107
-110
-104
-88
-70
-47
-21
5
35
66
94
121
150
176
196
211
230
249
264
280
300
317
331
344
357
373
389
409
432
453
471
484
494
503
511
521
531
544
554
557
553
540
523
503
479
454
430
403
369
326
278
226
172
119
75
37
5
-24
-50
-79
-106
-131
-150
-162
-170
-173
-176
-183
-193
-205
-221
-239
-251
-260
-268
-278
-284
-291
-300
-308
-311
-309
-304
-296
-282
-270
-259
-248
-237
-225
-214
-204
-193
-182
-168
-152
-134
-112
-88
-64
-42
-19
2
23
46
72
100
124
146
160
166
163
155
147
141
137
130
123
107
84
55
22
-11
-41
-66
-89
-110
-131
-157
-189
-223
-256
-289
-318
-340
-354
-365
-375
-381
-387
-395
-405
-410
-413
-412
-402
-384
-361
-333
-304
-280
-261
-243
-225
-205
-180
-148
-110
-73
-40
-15
2
11
17
25
38
53
70
84
94
97
92
84
75
68
63
59
53
45
37
26
18
13
13
11
10
10
12
14
22
37
55
75
94
110
122
130
141
153
168
185
201
215
222
223
220
214
204
196
189
180
169
159
148
138
129
121
114
108
105
107
115
127
143
159
174
184
188
186
182
178
177
181
187
193
199
198
194
187
180
174
175
183
194
205
214
215
207
190
169
146
122
104
90
76
62
44
20
-10
-43
-73
-96
-111
-115
-111
-98
-84
-69
-55
-43
-29
-13
6
26
49
71
86
95
93
79
56
23
-9
-39
-68
-87
-98
-103
-102
-99
-94
-89
-81
-70
-59
-46
-31
-20
-15
-17
-29
-48
-71
-97
-122
-142
-156
-163
-162
-153
-135
-110
-76
-36
7
53
97
139
177
209
237
257
269
269
253
222
173
105
24
-72
-175
-286
-398
-511
-620
-721
-815
-897
-965
-1016
-1049
-1058
-1047
-1015
-965
-905
-838
-768
-703
-639
-582
-527
-477
-431
-388
-354
-327
-307
-293
-282
-271
-259
-239
-217
-192
-165
-138
-112
-90
-66
-42
-15
14
45
75
106
134
161
186
211
237
263
288
309
327
340
347
354
358
364
371
378
383
388
387
385
382
377
373
372
370
368
360
349
333
314
291
266
243
222
201
184
167
150
132
115
97
79
61
45
35
26
20
15
10
3
-5
-12
-16
-17
-14
-6
6
20
34
46
56
64
72
82
95
110
125
139
151
158
159
158
155
150
146
144
143
143
143
144
144
143
142
140
140
141
144
149
156
164
171
178
182
184
185
184
183
184
186
191
196
202
207
208
208
206
203
201
200
201
204
207
211
211
210
207
203
197
190
184
178
172
168
161
152
141
130
119
106
94
85
79
73
70
68
66
63
59
54
49
45
41
42
45
50
56
62
66
68
69
68
67
67
69
71
74
76
75
71
62
53
44
36
30
26
25
25
23
19
14
5
-5
-19
-32
-46
-61
-76
-91
-107
-127
-146
-167
-189
-209
-228
-244
-258
-267
-274
-279
-283
-286
-291
-295
-300
-300
-299
-294
-287
-279
-271
-262
-254
-246
-238
-228
-219
-207
-194
-182
-167
-153
-139
-124
-109
-95
-79
-63
-47
-28
-6
15
37
59
80
101
118
133
148
160
171
180
189
194
195
193
186
176
165
153
140
129
116
105
92
78
65
49
35
20
8
-3
-13
-20
-26
-31
-35
-41
-44
-49
-51
-53
-55
-56
-56
-56
-57
-61
-66
-74
-85
-97
-110
-123
-135
-147
-161
-174
-187
-200
-212
-222
-230
-237
-239
-241
-239
-236
-231
-225
-218
-211
-203
-194
-184
-174
-163
-154
-146
-139
-134
-130
-126
-123
-120
-117
-114
-111
-110
-109
-107
-104
-101
-96
-91
-82
-72
-61
-50
-41
-31
-20
-11
-1
9
19
28
36
45
53
58
62
66
68
70
71
74
76
79
82
86
88
89
89
91
90
92
93
93
95
96
97
94
93
90
87
83
80
76
73
71
69
66
63
60
56
52
49
47
45
44
43
43
43
43
41
40
39
37
36
34
33
32
31
29
26
23
18
16
11
7
4
1
1
0
0
0
-3
-3
-4
-5
-6
-5
-6
-5
-4
-3
-4
-2
-2
-2
0
2
4
8
11
15
19
23
26
31
34
38
40
43
46
50
54
58
62
66
68
72
73
74
79
79
80
81
83
84
83
82
81
78
75
71
68
65
62
59
58
58
58
58
59
61
64
68
74
81
89
98
108
119
127
135
143
148
153
155
155
155
152
145
139
128
117
102
87
70
53
35
18
2
-12
-27
-39
-50
-60
-70
-76
-82
-86
-87
-87
-85
-83
-78
-74
-70
-66
-64
-61
-57
-54
-51
-48
-45
-43
-41
-41
-40
-41
-41
-41
-42
-42
-41
-42
-41
-41
-41
-43
-44
-44
-48
-49
-50
-53
-54
-55
-56
-59
-60
-62
-62
-60
-58
-55
-49
-44
-36
-28
-19
-10
0
8
16
25
33
40
46
50
53
53
52
50
44
40
33
25
18
10
2
-7
-14
-22
-31
-38
-45
-51
-55
-60
-62
-65
-67
-69
-70
-70
-71
-71
-72
-72
-71
-72
-70
-72
-73
-73
-76
-77
-79
-81
-83
-85
-86
-88
-91
-92
-94
-96
-96
-98
-98
-99
-99
-98
-96
-96
-94
-93
-92
-91
-90
-88
-87
-86
-85
-84
-83
-82
-83
-82
-82
-82
-83
-82
-83
-84
-82
-83
-83
-81
-81
-80
-77
-75
-71
-67
-62
-57
-51
-46
-38
-32
-22
-14
-6
5
14
26
37
48
59
70
83
93
106
116
128
139
148
156
163
167
172
174
175
175
172
169
164
157
150
141
132
122
112
101
92
83
72
64
57
50
44
39
35
31
29
29
29
30
31
33
34
37
40
43
45
47
50
52
54
55
56
57
58
57
56
56
54
53
52
51
50
48
45
42
40
37
34
32
29
27
23
21
19
16
14
12
10
8
7
5
4
4
4
3
3
3
4
4
4
4
5
6
7
8
10
12
13
14
14
15
14
14
15
14
15
14
14
14
15
15
15
16
16
17
18
19
20
22
23
23
24
24
24
23
23
23
21
19
18
16
13
11
7
5
3
0
-3
-6
-9
-11
-15
-18
-21
-24
-26
-28
-31
-33
-36
-39
-40
-42
-44
-44
-45
-46
-46
-46
-46
-44
-43
-41
-38
-35
-32
-29
-26
-22
-17
-14
-9
-6
-3
0
3
6
9
11
12
14
16
18
19
20
21
23
24
26
28
29
30
31
33
34
35
35
36
36
35
35
34
33
31
29
27
25
21
19
16
12
9
6
3
0
-4
-6
-9
-12
-15
-19
-21
-25
-27
-31
-35
-37
-40
-43
-46
-47
-51
-54
-55
-57
-60
-60
-62
-63
-63
-63
-63
-62
-62
-61
-59
-57
-54
-52
-49
-46
-43
-40
-38
-34
-31
-27
-25
-22
-19
-16
0
0
0
0
0
0
0
0
0
0
0
0
0
0
0
0
0
0
0
0
0
0
0
0
0
0
0
0
0
0
0
0
0
0
0
0
0
0
0
0
0
0
0
0
0
0
0
0
0
0
0
0
0
0
0
0
0
0
0
0
0
0
0
0
0
0
0
0
0
0
0
0
0
0
0
0
0
0
0
0
0
0
0
0
0
0
0
0
0
0
0
0
0
0
0
0
0
0
0
0
0
0
0
0
0
0
0
0
0
0
0
0
0
0
0
0
0
0
0
0
0
0
0
0
0
0
0
0
0
0
0
0
0
0
0
0
0
0
0
0
0
0
0
0
0
0
0
0
0
0
0
0
0
0
0
0
0
0
0
0
0
0
0
0
0
0
0
0
0
0
0
0
0
0
0
0
0
0
0
0
0
0
0
0
0
0
0
0
0
0
0
0
0
0
0
0
0
0
