0
0
0
0
0
0
0
0
0
0
0
0
0
0
0
0
0
0
0
0
0
0
0
0
0
0
0
0
0
0
0
0
0
0
0
0
0
0
0
0
0
0
0
0
0
0
0
0
0
0
0
0
0
0
0
0
0
0
0
0
0
0
0
0
0
0
0
0
0
0
0
0
0
0
0
0
0
0
0
0
0
0
0
0
0
0
0
0
0
0
0
0
0
0
0
0
0
0
0
0
0
0
0
0
0
0
0
0
0
0
0
0
0
0
0
0
0
0
0
0
0
0
0
0
0
0
0
0
0
0
0
0
0
0
0
0
0
0
0
0
0
0
0
0
0
0
0
0
0
0
0
0
0
0
0
0
0
0
0
0
0
0
0
0
0
0
0
0
0
0
0
0
0
0
0
0
0
0
0
0
0
0
0
0
0
0
0
0
0
0
0
0
0
0
0
0
0
0
-7
-19
-15
-3
-1
7
23
16
-3
5
18
-3
-18
-1
2
-20
-11
30
26
1
24
40
-15
-54
0
34
-8
-3
75
83
0
-23
25
13
-39
-18
54
76
43
12
15
25
-19
-78
-38
61
56
-17
14
79
-4
-111
-54
35
-5
-37
45
85
1
-56
-25
-16
-43
-20
37
35
2
-2
-5
-41
-58
-16
20
2
-8
19
6
-49
-41
15
10
-18
19
46
-6
-34
11
20
-15
11
60
26
-21
13
36
-11
-18
35
34
-15
-12
18
-4
-29
2
22
-15
-36
-10
-5
-33
-31
10
25
-10
-43
-33
-17
-36
-54
-15
32
5
-58
-60
-21
-43
-99
-63
28
12
-79
-67
3
-48
-135
-65
37
-19
-87
-12
36
-57
-95
5
48
-21
-28
53
65
-9
-23
54
89
28
-7
63
102
18
-33
54
112
31
-18
56
92
23
-18
33
83
64
13
25
97
95
7
15
121
110
8
39
134
95
23
77
132
86
60
97
100
79
102
127
114
121
151
136
97
106
143
129
95
108
140
112
48
37
64
36
-29
-24
24
-4
-80
-80
-35
-68
-140
-123
-52
-66
-142
-135
-62
-83
-183
-170
-58
-78
-202
-180
-71
-133
-266
-212
-89
-142
-247
-194
-113
-177
-266
-222
-128
-123
-170
-144
-68
-71
-141
-136
-40
7
-25
-12
71
98
43
28
103
149
109
100
175
204
129
96
162
183
109
82
136
131
49
17
66
78
24
4
38
27
-40
-57
-12
3
-15
-2
25
10
-22
-27
-19
-23
-19
8
25
3
-24
-19
-23
-66
-70
-16
-1
-47
-48
-4
-18
-65
-45
13
20
6
29
55
47
39
55
74
88
110
115
87
72
92
84
39
49
101
75
4
7
31
-27
-82
-42
-2
-37
-62
-36
-39
-81
-87
-48
-34
-49
-26
8
-13
-38
-9
-4
-32
-5
27
-9
-15
19
-20
-70
-19
22
-31
-51
-1
9
-36
-57
-29
8
-1
-43
-16
64
29
-79
-49
36
-22
-93
-20
41
-33
-94
-57
-35
-83
-117
-83
-44
-59
-76
-44
-30
-72
-91
-53
-37
-60
-43
-3
-16
-41
-19
-9
-42
-58
-42
-30
-22
-17
-20
-7
4
-28
-41
-3
-1
-40
-17
39
30
2
24
40
9
-6
16
45
41
21
51
108
81
14
55
125
55
-9
109
190
78
34
157
174
48
50
159
150
80
108
162
142
105
105
118
120
108
94
98
96
65
57
86
80
37
37
53
6
-40
-2
33
-13
-41
7
22
-42
-92
-76
-50
-70
-100
-65
-14
-59
-151
-144
-85
-109
-167
-140
-69
-68
-123
-133
-79
-69
-129
-137
-40
11
-61
-84
8
19
-65
-50
31
12
-28
4
24
20
31
6
-13
48
61
-17
5
100
53
-23
54
108
18
-5
76
67
0
29
76
37
4
40
59
24
1
36
72
42
7
51
88
28
2
70
88
29
25
67
56
15
6
32
38
-9
-33
14
24
-49
-63
-16
-54
-115
-56
-6
-81
-129
-71
-38
-79
-105
-75
-50
-80
-119
-68
15
-38
-135
-68
20
-87
-171
-40
13
-141
-153
23
14
-153
-132
0
-54
-149
-31
94
17
-39
59
91
10
8
93
117
87
85
123
138
71
10
51
62
-7
15
81
-3
-75
15
14
-106
-51
64
-35
-130
-28
25
-56
-52
29
16
-48
-55
-36
-44
-68
-77
-50
-6
-11
-50
-56
-62
-111
-114
-48
-13
-15
15
30
-15
-28
11
-8
-44
33
115
46
-8
120
169
-23
-97
96
135
-55
-14
199
115
-81
23
159
11
-118
9
119
30
-44
41
117
24
-95
-50
53
20
-65
-30
56
39
-35
-57
-19
7
-29
-83
-47
45
20
-94
-58
79
21
-139
-74
86
29
-86
-14
67
4
-22
57
63
-9
2
48
24
20
72
68
3
13
87
68
-21
-18
43
5
-47
33
104
17
-72
-24
25
-24
-45
10
25
-13
-6
43
49
-11
-61
-26
51
53
-4
3
62
35
-44
-20
61
28
-51
-22
46
24
-32
-16
38
10
-76
-33
78
19
-102
-16
90
-19
-75
69
89
-79
-83
58
45
-47
-5
66
16
-35
13
41
-29
-70
-6
36
-1
2
56
7
-101
-61
43
-23
-105
23
110
-45
-115
46
74
-108
-122
63
118
7
-14
76
74
-20
-17
57
69
70
88
41
23
96
77
-31
-8
75
34
-9
55
83
2
-49
14
68
-7
-68
36
99
-31
-76
83
109
-62
-88
34
13
-75
-6
71
-1
-43
12
-4
-59
-31
-12
-40
11
86
51
-7
-4
-19
-57
-33
39
55
8
1
48
3
-123
-99
19
-7
-66
11
50
-29
-59
-48
-83
-71
12
39
-19
-38
27
17
-118
-127
47
57
-103
-49
116
-1
-173
-27
105
-55
-116
75
110
-50
-44
56
1
-44
34
30
-14
52
48
-74
-44
67
17
-42
13
8
-22
37
32
-49
-9
60
7
-16
37
12
-24
10
-1
-30
24
14
-76
-24
59
-46
-103
43
50
-100
-39
108
19
-78
28
90
5
-34
26
67
21
-27
33
80
-13
-83
-6
38
-45
-86
-4
45
-34
-93
-9
42
-69
-108
21
51
-37
7
95
12
-82
4
91
11
-68
11
99
48
-29
6
48
-30
-101
-18
79
19
-66
-12
60
-9
-72
-5
17
-55
-39
48
60
29
6
-13
-9
-5
-12
19
35
3
18
56
23
-5
-13
-70
-48
65
46
-27
61
86
-80
-109
49
60
-51
-23
63
31
-16
2
-8
-64
-66
-9
29
28
12
-34
-70
-25
29
-9
-40
19
52
-1
-21
21
21
-20
-14
27
16
-13
17
32
-45
-77
17
66
-12
-46
27
46
-35
-44
72
98
-37
-54
110
120
-55
-61
87
64
-57
-27
54
23
-34
-40
-43
-28
23
1
-66
-21
43
-29
-71
42
80
-36
-29
103
51
-83
11
118
-5
-68
81
114
-47
-77
63
45
-106
-36
153
74
-97
-14
110
-4
-121
-4
128
45
-58
29
101
-30
-123
-16
37
-55
-55
40
27
-37
-32
-42
-76
-29
16
-5
25
73
36
16
37
2
-1
63
31
-26
52
103
21
-31
-10
-32
-73
-57
-28
-11
15
-19
-68
0
43
-71
-97
19
21
-30
50
100
38
-4
-29
-34
13
10
-29
19
70
7
-43
17
49
-48
-114
-26
83
75
11
5
44
29
-38
-45
2
10
1
-7
-21
4
21
-62
-84
-11
-73
-117
67
116
-73
-63
99
34
-64
38
52
-54
19
106
22
-7
37
-53
-102
-9
-34
-106
-12
41
-38
-56
-41
-59
-32
-9
-21
8
46
51
51
16
-46
-36
31
33
-22
1
80
33
-101
-95
12
2
-61
-34
31
37
-31
-66
8
39
-48
-68
39
84
17
-9
24
6
-33
-3
35
11
-5
34
31
-23
-10
53
12
-84
-45
65
52
-35
-30
51
43
-65
-61
64
30
-96
-3
116
-17
-93
62
91
-76
-86
64
55
-51
8
121
36
-100
-30
93
8
-114
-44
61
9
-99
-75
18
-46
-181
-122
22
3
-84
-57
28
1
-108
-50
141
85
-114
-3
191
53
-82
40
67
-58
-47
47
70
-4
-124
-62
100
-10
-142
54
146
-52
-60
142
123
-55
-29
132
100
-53
-2
152
57
-119
-42
65
-37
-106
7
52
-42
-64
42
90
-31
-97
83
175
-7
-32
176
162
-8
-1
45
17
24
7
-26
24
19
-79
-54
37
-46
-155
-42
89
9
-62
59
109
-48
-71
68
33
-54
11
36
-7
4
-32
-72
-38
-74
-130
-54
17
-18
-61
-38
26
-8
-121
-63
70
-5
-78
46
95
-15
-47
-4
-1
-25
-42
11
117
89
-24
36
122
8
-57
65
115
47
29
57
74
45
-60
-88
18
19
-77
-28
57
-7
-71
-44
5
16
-54
-50
133
148
-63
-4
216
97
-74
88
193
36
16
173
155
6
-1
72
43
2
30
9
-28
17
11
-77
-69
-23
-59
-71
-40
-20
36
14
-109
-54
78
-18
-70
94
86
-71
-3
106
-25
-123
-23
-9
-106
-60
10
-113
-207
-133
-112
-173
-182
-148
-103
-104
-157
-107
-16
-121
-200
-17
61
-58
22
133
-4
-12
145
82
-13
64
87
98
157
118
70
59
11
60
114
6
-8
126
130
33
13
49
53
-19
-45
80
117
6
34
114
19
-28
52
30
-15
41
20
-30
59
74
-70
-66
27
-58
-111
-12
-44
-131
-38
55
23
-53
-141
-83
65
-38
-160
29
138
6
-27
34
-22
-152
-177
-12
69
-68
-54
77
-42
-169
-64
-30
-123
-73
86
130
41
8
74
48
-63
-41
86
127
49
-8
77
125
-38
-120
18
26
-106
-58
53
50
28
-10
-35
18
-9
-75
10
70
22
53
112
99
43
-48
-55
28
25
-10
43
87
62
0
-36
-39
-136
-167
56
135
-85
-92
125
55
-187
-150
18
-21
-68
79
119
-24
-33
1
-109
-131
44
113
-36
-77
93
76
-157
-133
57
19
-49
10
21
3
-57
-134
-16
68
-103
-72
163
32
-219
-79
91
-13
-35
116
105
-30
-4
85
-3
-107
26
190
127
-5
4
85
68
-63
-113
45
169
71
19
125
67
-124
-61
124
54
-74
30
138
51
-45
-21
8
-72
-127
32
126
-68
-81
115
-29
-196
37
94
-123
-77
45
21
42
9
-47
38
31
-38
23
5
-43
68
83
-6
2
-30
-67
-2
-87
-171
36
100
-106
-56
109
-70
-211
5
95
-59
17
207
105
-46
-11
31
44
28
-24
104
239
30
-95
137
145
-135
-136
107
182
29
-87
23
115
-32
-105
10
15
-49
18
101
87
5
-32
52
70
-60
-85
60
150
57
-85
-79
18
-21
-118
-53
2
-121
-127
69
49
-173
-130
51
5
-84
-46
-6
-31
-106
-115
10
35
-84
-70
38
1
-124
-107
55
62
-125
-114
88
54
-150
-104
54
-86
-236
27
210
-66
-181
61
53
-179
-107
144
121
-68
-22
157
104
-63
-89
-46
2
47
25
46
112
-2
-139
-16
78
-66
-21
214
126
-57
83
173
42
28
59
17
102
189
89
31
104
25
-146
-7
203
-23
-234
-2
99
-92
-68
54
-47
-125
-22
52
7
-41
-50
-63
-49
-87
-228
-147
90
-76
-328
-91
67
-220
-295
-90
-116
-231
-195
-114
68
274
293
425
827
921
611
475
397
-162
-845
-1008
-942
-1164
-1310
-965
-620
-602
-410
41
235
212
371
637
764
802
902
1006
929
746
674
581
345
213
146
-84
-242
-188
-182
-170
-7
89
71
171
383
519
510
431
398
435
474
481
440
356
278
241
229
172
74
30
27
-53
-193
-262
-189
-126
-267
-416
-325
-245
-297
-169
-10
-105
-127
23
-3
-78
-6
-59
-204
-129
29
-1
-122
-131
-117
-277
-407
-228
-46
-127
-167
5
154
84
-93
-26
156
-77
-325
-1
202
-155
-300
-97
-181
-462
-450
-189
-85
-234
-309
-229
-201
-199
-163
-175
-181
-150
-108
-11
86
61
-33
-27
109
133
33
98
170
-23
-159
-51
32
0
-68
-105
-56
-71
-227
-229
-30
-52
-300
-230
59
-58
-334
-217
-86
-297
-439
-324
-263
-398
-538
-514
-435
-454
-515
-468
-309
-294
-459
-443
-275
-281
-322
-270
-204
-90
-116
-253
-36
203
-91
-278
76
249
-2
-99
75
131
-31
-93
133
334
186
12
182
382
305
214
332
488
471
391
527
727
617
400
433
540
439
242
291
569
621
466
639
1054
1115
888
958
1237
1105
873
1203
1461
1014
573
525
380
57
-157
-156
-37
-40
-123
50
401
511
446
712
1195
1282
1192
1428
1519
1159
838
667
440
171
-222
-628
-772
-892
-1255
-1520
-1459
-1481
-1804
-1883
-1496
-1338
-1612
-1561
-1062
-894
-1113
-1008
-604
-551
-732
-596
-341
-388
-521
-500
-471
-485
-502
-560
-527
-390
-426
-558
-531
-487
-512
-469
-417
-396
-389
-411
-263
-29
-93
-162
78
136
-21
148
439
396
246
401
775
891
733
828
1025
760
391
415
445
164
-143
-259
-258
-235
-239
-263
-247
-238
-327
-353
-177
-103
-324
-500
-428
-376
-513
-581
-417
-379
-640
-710
-412
-310
-555
-608
-359
-254
-330
-227
37
136
13
-72
76
278
276
206
240
234
190
252
335
354
369
357
314
365
535
634
511
339
331
326
190
122
157
116
11
7
146
271
301
341
357
322
431
576
476
332
342
273
106
83
140
66
-105
-178
-93
-41
-158
-245
-173
-149
-174
-28
132
123
172
345
453
526
628
731
832
875
915
1050
1110
1058
1068
1071
977
894
855
811
757
772
883
933
867
809
687
460
295
215
150
64
-69
-174
-283
-439
-417
-300
-402
-485
-371
-466
-754
-873
-1033
-1446
-1710
-1674
-1689
-1734
-1568
-1402
-1421
-1403
-1232
-1054
-986
-979
-872
-700
-632
-567
-416
-344
-367
-335
-203
-21
114
162
188
214
252
294
250
125
52
-32
-229
-330
-220
-238
-478
-491
-209
-47
27
276
479
400
303
417
515
442
415
510
557
617
822
1004
1078
1165
1233
1259
1379
1516
1414
1155
1073
1129
1063
1014
1215
1389
1248
1092
1184
1162
800
466
325
95
-207
-283
-175
-119
-122
-32
164
312
395
519
607
530
422
455
560
581
534
494
461
410
344
267
201
144
33
-96
-90
-25
-157
-366
-357
-299
-416
-466
-288
-141
-187
-229
-84
101
114
82
170
209
95
-35
-135
-249
-401
-629
-845
-910
-869
-859
-892
-893
-845
-834
-864
-829
-734
-726
-850
-963
-955
-911
-940
-1021
-1118
-1238
-1326
-1341
-1282
-1160
-1070
-1110
-1120
-928
-768
-839
-867
-724
-692
-755
-601
-358
-403
-648
-739
-715
-800
-882
-797
-701
-755
-851
-837
-758
-782
-890
-903
-835
-815
-790
-686
-599
-652
-764
-745
-606
-525
-530
-492
-378
-323
-414
-450
-291
-230
-415
-460
-234
-154
-290
-258
-52
-8
-113
-112
-18
3
-36
-3
105
163
158
189
232
185
99
76
101
130
176
243
265
233
205
161
76
30
49
61
55
101
164
141
47
-41
-106
-118
-72
-35
9
104
129
27
-37
-6
-24
-81
-21
120
179
196
247
249
171
116
138
214
298
367
427
444
387
319
314
353
366
354
392
479
520
503
494
497
460
405
440
568
639
597
575
639
674
627
614
656
624
540
559
650
675
614
538
514
561
609
608
610
614
542
461
508
608
619
610
648
662
637
650
715
776
767
744
831
969
1028
1053
1113
1123
1058
1053
1165
1264
1277
1286
1334
1374
1371
1264
942
417
-129
-502
-616
-528
-433
-510
-759
-1106
-1498
-1857
-2075
-2166
-2228
-2218
-2006
-1681
-1487
-1503
-1628
-1779
-1886
-1793
-1403
-855
-406
-152
-17
69
119
177
288
442
620
839
1119
1381
1500
1406
1143
843
641
586
606
602
490
202
-233
-661
-974
-1200
-1391
-1532
-1601
-1616
-1608
-1593
-1601
-1672
-1757
-1749
-1584
-1283
-955
-705
-537
-412
-290
-128
84
319
526
674
814
1001
1152
1191
1154
1101
1052
1022
1037
1086
1058
892
703
618
568
452
328
266
210
120
82
146
226
200
97
128
397
709
868
970
1182
1439
1633
1852
2190
2545
2777
2907
3061
3199
2953
2059
885
130
76
378
568
512
201
-529
-1635
-2625
-3065
-3080
-3109
-3213
-3049
-2577
-2274
-2468
-2952
-3368
-3605
-3613
-3157
-2145
-1043
-448
-422
-554
-542
-441
-309
16
600
1232
1732
2138
2453
2487
2091
1480
1092
1119
1426
1781
2016
2005
1644
994
312
-194
-538
-794
-937
-908
-764
-690
-836
-1230
-1830
-2531
-3098
-3269
-2962
-2379
-1828
-1507
-1447
-1595
-1823
-1941
-1816
-1440
-896
-273
311
701
788
602
316
147
253
652
1213
1705
1921
1809
1476
1080
754
597
620
742
865
923
877
677
330
-43
-267
-251
-30
289
573
700
659
603
685
883
1081
1276
1551
1915
2302
2674
3018
3290
3395
3347
3367
3531
3412
2612
1448
647
492
611
565
314
-105
-870
-1978
-2961
-3361
-3319
-3385
-3674
-3727
-3345
-2988
-3074
-3433
-3671
-3722
-3654
-3250
-2307
-1189
-532
-479
-579
-428
-106
193
569
1153
1791
2250
2540
2802
2938
2696
2132
1694
1690
1979
2233
2290
2143
1734
1040
290
-225
-480
-673
-893
-1025
-1005
-1013
-1248
-1690
-2214
-2768
-3256
-3438
-3146
-2569
-2092
-1879
-1838
-1882
-1964
-1954
-1685
-1168
-588
-62
408
760
865
722
529
487
657
1000
1445
1843
1983
1795
1426
1072
833
723
745
856
943
917
772
518
181
-151
-328
-252
20
333
572
696
742
781
894
1124
1443
1803
2180
2573
2976
3368
3682
3856
3920
4027
4231
4207
3494
2195
1029
548
596
636
438
83
-549
-1659
-2944
-3762
-3938
-3967
-4214
-4335
-3943
-3385
-3290
-3691
-4094
-4217
-4156
-3849
-2968
-1630
-560
-243
-356
-298
23
306
573
1125
1935
2612
2975
3205
3369
3188
2540
1857
1654
1910
2214
2302
2192
1872
1202
283
-499
-919
-1131
-1338
-1483
-1427
-1317
-1463
-1930
-2489
-2925
-3210
-3348
-3249
-2889
-2461
-2164
-1999
-1873
-1802
-1813
-1762
-1450
-880
-243
300
679
838
754
552
454
572
823
1085
1315
1482
1498
1311
995
680
436
293
298
436
577
573
383
92
-198
-400
-435
-277
-8
249
441
595
744
891
1053
1273
1570
1943
2395
2902
3388
3757
3970
4058
4116
4284
4590
4669
3996
2591
1195
511
468
457
165
-282
-918
-1972
-3269
-4178
-4416
-4475
-4807
-5055
-4672
-3923
-3594
-3894
-4287
-4373
-4267
-3964
-3094
-1654
-390
59
-21
91
536
906
1131
1598
2396
3114
3477
3683
3878
3746
3043
2194
1842
2047
2323
2321
2104
1725
1023
37
-837
-1309
-1533
-1789
-2029
-2029
-1884
-1958
-2383
-2918
-3293
-3483
-3522
-3325
-2871
-2379
-2064
-1881
-1668
-1437
-1306
-1207
-931
-417
167
673
1051
1240
1171
914
719
762
971
1181
1328
1403
1355
1132
790
458
197
15
-42
54
220
300
195
-55
-336
-523
-513
-287
64
412
674
856
1028
1226
1450
1700
1995
2381
2867
3397
3896
4272
4446
4460
4521
4793
5021
4583
3237
1633
697
596
687
426
-115
-793
-1831
-3239
-4407
-4789
-4708
-4881
-5266
-5152
-4432
-3899
-4108
-4616
-4745
-4482
-4094
-3356
-1975
-465
262
122
-19
413
1049
1434
1822
2603
3499
3947
3961
3979
3981
3508
2600
1999
2151
2603
2651
2206
1601
894
-56
-1044
-1616
-1723
-1816
-2148
-2427
-2397
-2335
-2637
-3200
-3583
-3610
-3468
-3249
-2860
-2374
-2062
-1969
-1818
-1435
-1012
-747
-507
-86
435
838
1087
1258
1309
1154
937
922
1117
1275
1241
1108
980
806
542
278
97
-57
-220
-308
-248
-140
-155
-308
-471
-550
-514
-343
-45
302
582
782
1001
1295
1617
1905
2182
2529
2972
3463
3954
4385
4647
4702
4714
4912
5177
4922
3744
2085
887
551
572
319
-241
-902
-1822
-3175
-4504
-5121
-5078
-5121
-5511
-5607
-5000
-4299
-4266
-4721
-4903
-4602
-4160
-3550
-2360
-785
263
344
130
447
1164
1671
1991
2622
3532
4111
4123
4014
4039
3782
2968
2155
2031
2421
2546
2096
1439
795
-54
-1115
-1904
-2101
-2075
-2327
-2723
-2826
-2712
-2870
-3388
-3793
-3756
-3491
-3251
-2921
-2409
-1979
-1848
-1785
-1439
-885
-461
-187
186
678
1041
1176
1253
1354
1326
1129
1015
1122
1255
1178
938
734
571
332
57
-117
-213
-349
-508
-552
-455
-381
-436
-530
-541
-450
-286
-44
292
640
906
1132
1422
1794
2150
2436
2741
3165
3667
4144
4535
4794
4862
4814
4896
5172
5132
4154
2414
891
285
260
69
-448
-1029
-1800
-3092
-4599
-5470
-5470
-5352
-5650
-5836
-5280
-4420
-4165
-4562
-4809
-4521
-4057
-3518
-2423
-741
627
932
646
763
1407
1965
2283
2853
3800
4502
4524
4272
4193
3985
3206
2230
1865
2184
2402
1991
1263
599
-169
-1242
-2226
-2578
-2467
-2530
-2890
-3087
-2956
-2955
-3395
-3875
-3866
-3445
-3018
-2646
-2163
-1687
-1500
-1494
-1236
-628
-51
274
554
965
1330
1435
1393
1408
1409
1250
1067
1085
1213
1149
819
469
258
80
-148
-330
-415
-507
-680
-802
-732
-567
-497
-536
-532
-399
-178
85
418
794
1100
1318
1571
1958
2400
2749
3024
3368
3811
4254
4632
4922
5085
5133
5225
5444
5391
4445
2639
902
93
69
32
-379
-966
-1755
-3061
-4688
-5795
-5941
-5725
-5827
-5948
-5429
-4525
-4153
-4539
-4921
-4715
-4163
-3506
-2378
-639
912
1385
1041
934
1460
2079
2476
3046
4020
4835
4910
4525
4261
3994
3244
2225
1749
2054
2380
2032
1224
436
-396
-1519
-2593
-3004
-2803
-2696
-2985
-3237
-3170
-3165
-3586
-4087
-4066
-3536
-2948
-2447
-1878
-1347
-1184
-1329
-1254
-690
28
534
906
1321
1625
1596
1369
1254
1258
1170
1015
1018
1155
1109
722
230
-110
-331
-541
-671
-654
-622
-747
-955
-1019
-907
-786
-726
-617
-383
-95
163
428
747
1061
1318
1597
2002
2472
2843
3085
3351
3739
4177
4566
4878
5094
5185
5248
5434
5532
4897
3216
1174
-111
-313
-153
-361
-940
-1708
-2878
-4526
-5981
-6464
-6167
-5982
-6126
-5908
-5038
-4279
-4364
-4903
-4992
-4456
-3699
-2690
-1086
750
1761
1564
1070
1265
2005
2622
3103
3893
4846
5226
4832
4282
3960
3460
2499
1655
1626
2116
2153
1408
398
-518
-1543
-2702
-3419
-3309
-2892
-2904
-3284
-3478
-3432
-3616
-4096
-4281
-3788
-2973
-2292
-1732
-1179
-870
-1004
-1201
-884
-59
753
1267
1619
1878
1846
1482
1132
1071
1146
1117
1050
1100
1117
800
182
-380
-670
-782
-838
-794
-668
-659
-884
-1161
-1226
-1059
-829
-596
-285
89
386
555
723
1000
1330
1659
2049
2544
3005
3279
3431
3661
4025
4404
4726
5013
5244
5371
5488
5637
5416
4209
2104
170
-605
-410
-234
-596
-1288
-2241
-3730
-5543
-6725
-6720
-6179
-5999
-6013
-5469
-4491
-4067
-4542
-5057
-4802
-3978
-3035
-1749
117
1815
2268
1609
1125
1571
2418
3044
3679
4667
5492
5404
4600
3919
3544
2918
1947
1378
1656
2117
1862
890
-212
-1272
-2466
-3524
-3804
-3289
-2778
-2868
-3279
-3514
-3652
-3987
-4295
-4046
-3212
-2311
-1656
-1115
-643
-505
-750
-884
-431
456
1282
1821
2147
2209
1851
1237
826
830
1003
1069
1050
1028
844
331
-343
-836
-1034
-1084
-1065
-925
-728
-705
-949
-1237
-1291
-1090
-783
-422
20
471
765
876
978
1216
1548
1894
2292
2782
3249
3536
3681
3854
4126
4417
4673
4913
5141
5358
5602
5742
5235
3599
1250
-580
-1061
-648
-398
-740
-1473
-2611
-4351
-6238
-7218
-6935
-6252
-5997
-5826
-5084
-4142
-3994
-4685
-5156
-4720
-3759
-2662
-1123
912
2445
2487
1533
1032
1554
2433
3145
3987
5099
5745
5278
4200
3435
3020
2345
1444
1110
1594
2032
1583
430
-798
-1968
-3207
-4109
-4049
-3224
-2615
-2780
-3314
-3682
-3935
-4280
-4397
-3839
-2777
-1810
-1188
-722
-401
-474
-855
-927
-288
753
1637
2152
2353
2163
1515
753
414
605
931
1064
1033
907
543
-120
-813
-1203
-1269
-1205
-1087
-868
-661
-711
-1041
-1352
-1360
-1070
-643
-151
378
794
948
927
1000
1298
1707
2096
2499
2945
3323
3520
3628
3824
4117
4381
4578
4788
5053
5352
5621
5589
4700
2721
372
-1078
-1114
-515
-339
-845
-1787
-3188
-5080
-6768
-7274
-6618
-5876
-5670
-5450
-4680
-3942
-4086
-4808
-5002
-4276
-3174
-1964
-296
1656
2755
2307
1230
969
1757
2761
3574
4515
5491
5680
4756
3561
2957
2689
2093
1382
1318
1832
1917
1035
-274
-1396
-2426
-3503
-4077
-3628
-2684
-2335
-2831
-3486
-3820
-4043
-4267
-4036
-3071
-1892
-1154
-825
-528
-330
-537
-893
-691
258
1373
2075
2334
2281
1812
963
262
234
733
1149
1168
939
586
10
-729
-1262
-1346
-1167
-1024
-927
-764
-667
-862
-1255
-1455
-1242
-763
-238
288
771
1033
993
883
1030
1475
1986
2413
2794
3140
3350
3419
3534
3814
4144
4381
4572
4827
5110
5361
5580
5525
4583
2490
102
-1202
-1011
-302
-174
-757
-1739
-3218
-5239
-6955
-7274
-6362
-5506
-5353
-5211
-4498
-3870
-4163
-4910
-4928
-3990
-2831
-1689
-63
1884
2885
2241
1039
836
1768
2870
3747
4766
5748
5743
4500
3119
2593
2564
2184
1584
1539
1971
1885
840
-515
-1556
-2468
-3461
-3973
-3444
-2433
-2087
-2698
-3523
-3981
-4220
-4335
-3893
-2709
-1442
-836
-785
-710
-528
-580
-755
-449
515
1562
2141
2282
2187
1736
894
173
161
748
1263
1302
996
517
-171
-955
-1425
-1357
-1031
-857
-865
-856
-846
-1021
-1323
-1438
-1204
-772
-321
165
676
999
986
834
901
1288
1792
2256
2688
3061
3242
3218
3236
3497
3884
4180
4399
4670
4957
5140
5273
5354
4880
3261
857
-971
-1258
-535
-64
-382
-1227
-2541
-4510
-6571
-7460
-6731
-5492
-4976
-5010
-4736
-4219
-4285
-4952
-5163
-4334
-3096
-2050
-813
955
2387
2342
1183
495
1075
2264
3331
4399
5528
5891
4828
3121
2177
2248
2408
2151
1975
2169
2051
1015
-431
-1443
-2044
-2768
-3461
-3381
-2553
-2006
-2428
-3337
-3976
-4277
-4443
-4151
-3008
-1499
-650
-750
-1111
-1150
-1005
-871
-454
468
1448
1885
1807
1652
1480
1025
416
206
604
1140
1297
1064
649
38
-759
-1363
-1363
-901
-528
-533
-732
-925
-1154
-1402
-1430
-1097
-615
-268
-37
259
582
729
703
766
1085
1531
1926
2281
2639
2882
2899
2844
3016
3465
3938
4245
4461
4667
4813
4898
5069
5188
4597
2845
583
-865
-904
-265
22
-325
-1178
-2682
-4828
-6707
-7120
-6080
-4905
-4555
-4650
-4523
-4392
-4761
-5234
-4907
-3760
-2631
-1810
-695
877
1932
1666
749
508
1257
2326
3362
4574
5657
5627
4212
2567
1956
2295
2649
2674
2696
2640
1911
483
-796
-1350
-1610
-2149
-2689
-2624
-2156
-2087
-2664
-3351
-3756
-4037
-4205
-3767
-2526
-1222
-740
-1073
-1500
-1600
-1458
-1064
-206
920
1654
1634
1256
1039
968
799
644
786
1126
1272
1103
841
575
124
-499
-907
-824
-475
-277
-342
-536
-813
-1190
-1463
-1343
-853
-365
-141
-77
19
147
247
412
755
1171
1457
1603
1799
2128
2447
2625
2748
2982
3309
3607
3867
4188
4536
4714
4710
4780
4989
4802
3606
1639
-25
-595
-346
-49
-63
-433
-1471
-3425
-5622
-6732
-6226
-5019
-4259
-4077
-4027
-4148
-4762
-5468
-5324
-4156
-2843
-2019
-1272
-148
835
916
382
245
859
1696
2484
3553
4819
5331
4460
2941
2043
2070
2409
2694
3063
3305
2723
1191
-376
-1115
-1211
-1355
-1630
-1664
-1550
-1837
-2597
-3247
-3436
-3491
-3672
-3602
-2894
-1925
-1406
-1461
-1654
-1743
-1825
-1773
-1194
-107
858
1177
998
741
512
265
205
553
1089
1336
1172
881
628
289
-158
-443
-395
-212
-155
-204
-243
-363
-715
-1143
-1311
-1119
-775
-465
-191
26
59
-102
-216
-54
338
752
1101
1416
1672
1794
1826
1931
2199
2570
2944
3302
3664
3994
4218
4312
4388
4585
4776
4490
3360
1712
424
36
244
428
324
-137
-1238
-3109
-5022
-5838
-5291
-4296
-3758
-3687
-3786
-4199
-5048
-5690
-5298
-4028
-2838
-2167
-1575
-801
-322
-468
-680
-268
611
1372
2009
2924
3903
4137
3397
2467
2123
2284
2530
2851
3344
3555
2859
1433
186
-324
-386
-424
-417
-309
-472
-1234
-2247
-2848
-2914
-2858
-2854
-2660
-2226
-1930
-1999
-2155
-2107
-1980
-1949
-1794
-1255
-552
-132
-45
-6
68
16
-95
46
486
870
943
846
768
641
390
194
230
366
353
208
110
67
-66
-289
-445
-492
-542
-631
-627
-471
-289
-203
-180
-156
-148
-154
-64
211
587
909
1130
1290
1412
1505
1646
1927
2338
2766
3138
3465
3745
3925
4024
4183
4430
4472
3914
2763
1567
892
790
908
966
819
195
-1164
-2940
-4246
-4469
-3886
-3222
-2860
-2837
-3268
-4211
-5191
-5422
-4657
-3465
-2494
-1879
-1496
-1409
-1649
-1829
-1459
-557
398
1109
1690
2223
2480
2306
1969
1869
2057
2317
2587
2952
3266
3139
2427
1496
825
545
526
682
940
1007
528
-450
-1410
-1921
-1987
-1818
-1516
-1191
-1127
-1524
-2123
-2454
-2382
-2131
-1843
-1464
-1076
-949
-1127
-1304
-1252
-1076
-897
-609
-168
201
294
233
228
251
216
248
496
812
925
811
648
491
287
127
168
347
414
267
40
-139
-282
-371
-315
-138
-16
-58
-163
-191
-131
-30
142
389
620
746
818
946
1141
1349
1592
1915
2260
2530
2719
2887
3048
3170
3285
3383
3261
2707
1872
1215
1002
1060
1104
1034
768
88
-1059
-2224
-2799
-2660
-2223
-1904
-1840
-2089
-2733
-3595
-4153
-3999
-3279
-2493
-1971
-1747
-1782
-2038
-2304
-2231
-1681
-897
-234
183
441
592
615
573
647
928
1292
1564
1734
1893
2013
1949
1669
1351
1179
1149
1161
1209
1295
1276
956
383
-149
-425
-489
-447
-324
-200
-292
-702
-1214
-1520
-1539
-1398
-1180
-917
-770
-925
-1321
-1679
-1808
-1714
-1448
-1033
-595
-350
-373
-512
-600
-575
-413
-80
363
716
835
752
583
406
299
358
584
837
963
916
725
438
145
-27
-26
82
199
252
201
17
-244
-450
-505
-423
-252
-37
160
249
223
175
198
292
441
668
971
1259
1436
1520
1586
1654
1696
1745
1866
2026
2063
1855
1482
1128
899
787
752
757
712
476
4
-555
-976
-1156
-1157
-1092
-1052
-1121
-1360
-1728
-2052
-2172
-2084
-1903
-1738
-1628
-1587
-1620
-1677
-1656
-1503
-1260
-1019
-814
-618
-416
-228
-68
95
275
445
570
673
798
951
1079
1140
1139
1097
1013
901
815
806
845
842
743
580
390
191
22
-51
-23
26
3
-98
-223
-348
-460
-514
-470
-370
-306
-310
-335
-355
-394
-464
-517
-524
-493
-432
-319
-160
-21
29
-3
-60
-91
-59
59
251
436
519
463
310
134
0
-50
-15
67
137
136
54
-75
-198
-272
-277
-224
-134
-48
-8
-29
-85
-130
-144
-125
-64
40
150
215
224
215
222
234
252
307
419
545
636
686
720
739
736
737
782
867
946
989
998
962
862
709
571
504
498
496
467
398
273
91
-110
-265
-338
-353
-358
-379
-430
-524
-648
-765
-824
-812
-747
-673
-615
-594
-607
-641
-660
-627
-541
-425
-315
-235
-191
-180
-189
-194
-181
-157
-140
-137
-147
-162
-179
-195
-207
-217
-225
-234
-236
-224
-193
-156
-123
-97
-71
-39
-3
36
83
138
191
234
270
299
319
326
329
342
360
371
369
353
326
290
257
242
234
213
156
68
-26
-104
-151
-157
-137
-122
-144
-207
-287
-349
-378
-367
-335
-302
-294
-320
-368
-413
-434
-425
-397
-363
-329
-305
-300
-309
-307
-288
-251
-213
-172
-125
-84
-61
-50
-36
-15
1
12
31
56
74
76
73
76
78
75
73
84
99
112
119
129
143
155
163
176
201
233
263
294
321
345
367
391
424
456
479
487
484
473
462
457
461
464
446
400
335
261
186
118
68
33
-6
-63
-136
-211
-281
-345
-397
-424
-434
-442
-463
-490
-516
-537
-554
-554
-536
-506
-479
-461
-446
-425
-398
-367
-333
-294
-257
-224
-196
-160
-115
-70
-32
-3
23
49
75
101
131
163
190
208
218
228
233
238
239
243
247
250
248
243
234
215
192
170
156
151
150
147
139
124
102
83
73
73
78
87
89
83
73
63
57
51
39
26
12
-3
-21
-42
-62
-88
-124
-165
-202
-229
-250
-269
-289
-309
-333
-358
-374
-375
-363
-350
-337
-327
-314
-295
-267
-228
-178
-125
-77
-30
16
63
111
156
201
242
279
311
339
364
381
391
392
385
378
371
366
357
347
331
309
281
251
222
193
169
143
118
97
78
56
31
5
-18
-38
-51
-55
-50
-43
-42
-46
-55
-62
-64
-59
-46
-29
-16
-9
-11
-17
-22
-24
-21
-10
3
14
18
11
-2
-13
-21
-25
-24
-19
-17
-22
-33
-47
-61
-77
-92
-107
-117
-125
-130
-136
-141
-146
-156
-162
-161
-148
-125
-98
-71
-50
-36
-25
-7
16
47
77
104
121
128
128
128
131
133
130
124
110
90
64
38
13
-10
-33
-56
-76
-96
-120
-146
-172
-191
-201
-204
-200
-194
-190
-187
-187
-179
-164
-137
-107
-80
-58
-41
-29
-16
4
27
53
70
80
87
94
103
111
121
129
129
121
109
100
93
86
78
70
59
44
25
6
-9
-22
-33
-42
-48
-53
-60
-69
-77
-86
-91
-93
-91
-86
-77
-69
-62
-54
-46
-37
-28
-15
1
21
43
64
78
85
86
86
86
91
99
106
108
102
88
70
53
38
25
13
2
-9
-23
-37
-50
-62
-75
-86
-94
-94
-85
-73
-57
-44
-37
-34
-34
-25
-9
15
40
60
73
76
72
67
68
72
81
86
86
78
65
48
30
15
3
-8
-19
-31
-44
-58
-75
-91
-103
-109
-111
-110
-107
-103
-100
-98
-94
-88
-77
-62
-48
-33
-19
-7
2
10
19
30
41
53
65
74
82
86
88
87
87
87
87
87
88
84
77
67
56
46
38
31
24
18
9
-3
-16
-29
-37
-40
-40
-40
-41
-44
-49
-51
-49
-42
-31
-21
-10
-2
1
7
17
29
44
57
67
69
72
73
74
77
80
80
75
68
54
41
30
19
9
-1
-11
-21
-32
-42
-50
-58
-62
-65
-63
-58
-51
-44
-37
-32
-25
-16
-5
9
24
40
53
63
70
75
80
85
91
95
97
97
93
86
77
67
56
47
39
32
26
17
7
-4
-17
-25
-33
-36
-39
-40
-41
-46
-51
-55
-58
-56
-51
-46
-40
-36
-34
-31
-28
-22
-16
-8
-2
5
11
16
21
27
31
35
37
38
40
43
46
46
44
40
33
26
19
14
11
7
1
-6
-17
-26
-34
-39
-41
-41
-39
-39
-42
-44
-44
-40
-34
-26
-16
-6
2
8
13
18
24
32
41
48
53
54
53
48
43
37
32
27
20
11
1
-10
-21
-33
-42
-49
-56
-61
-65
-69
-71
-72
-72
-70
-66
-61
-55
-49
-42
-35
-28
-22
-16
-8
-2
5
9
14
17
19
21
23
23
23
22
20
17
14
11
9
7
4
2
-2
-7
-10
-13
-15
-16
-17
-18
-20
-23
-28
-31
-31
-31
-29
-26
-25
-24
-26
-27
-25
-21
-15
-9
-3
1
3
6
8
9
13
18
24
27
28
26
24
19
15
12
9
6
2
-3
-10
-18
-26
-32
-37
-40
-43
-45
-47
-48
-48
-47
-45
-42
-37
-32
-25
-18
-10
-3
4
11
17
23
29
34
40
45
49
50
50
47
45
41
39
36
32
27
20
13
4
-2
-8
-15
-19
-23
-27
-32
-35
-37
-38
-40
-39
-37
-34
-32
-28
-25
-20
-17
-13
-10
-5
-1
4
8
12
13
16
17
18
20
21
22
22
22
20
19
18
15
14
14
12
10
8
6
4
1
-1
-2
-3
-4
-6
-6
-7
-8
-7
-6
-4
-1
2
4
8
9
13
15
18
23
26
31
32
33
34
33
33
34
33
31
27
24
19
14
9
3
-3
-8
-13
-20
-26
-30
-35
-39
-42
-43
-44
-43
-41
-40
-36
-32
-27
-21
-15
-8
-1
7
13
20
26
33
39
43
47
49
51
52
51
51
50
46
44
39
33
27
21
15
9
4
-1
-8
-13
-19
-23
-27
-30
-33
-34
-35
-35
-35
-36
-35
-33
-32
-29
-27
-25
-22
-20
-16
-12
-10
-8
-4
-3
0
2
4
5
7
8
8
9
7
7
7
6
5
3
1
-1
-4
-5
-9
-11
-13
-14
-16
-18
-20
-21
-20
-20
-18
-16
-13
-10
-7
-4
0
4
9
13
18
23
26
28
31
31
32
33
33
32
30
27
23
17
11
4
0
-6
-12
-18
-24
-30
-36
-41
-45
-49
-49
-50
-50
-51
-49
-48
-47
-43
-38
-34
-27
-21
-16
-11
-6
-1
5
10
15
21
26
29
31
32
33
33
33
34
34
33
29
26
23
17
14
10
6
6
1
-2
-6
-9
-13
-16
-17
-18
-19
-19
-19
-19
-20
-20
-19
-18
-16
-13
-10
-8
-7
-5
-4
-3
-1
1
2
4
6
5
6
5
4
3
2
1
1
0
-3
-5
-8
-11
-13
-15
-16
-17
-17
-18
-17
-16
-17
-15
-14
-11
-9
-3
0
4
9
12
15
18
23
26
30
33
35
36
37
37
35
34
33
30
29
26
23
18
14
9
4
-1
-4
-9
-12
-15
-18
-22
-25
-26
-28
-29
-27
-28
-26
-25
-23
-22
-20
-17
-14
-10
-6
-4
0
3
6
8
11
13
16
18
18
20
21
21
21
21
21
20
19
18
16
16
14
12
11
9
7
5
5
4
2
2
1
0
0
-1
1
1
1
1
2
4
5
6
6
7
8
8
10
10
9
10
8
8
7
6
5
3
2
0
-3
-3
-5
-7
-8
-10
-10
-12
-14
-14
-15
-16
-15
-14
-13
-11
-11
-9
-7
-6
-4
-1
1
4
6
9
13
15
16
18
19
20
22
22
22
23
21
19
18
16
14
12
10
7
5
2
0
-3
-4
-7
-9
-10
-12
-12
-12
-13
-13
-13
-12
-12
-10
-10
-8
-6
-4
-3
-2
-1
1
1
2
4
5
6
6
6
5
5
4
4
4
2
3
2
-1
-2
-3
-5
-6
-7
-7
-9
-10
-10
-11
-11
-11
-10
-11
-10
-8
-7
-6
-5
-4
-3
-2
-1
0
2
3
4
4
5
4
4
4
4
4
3
1
0
-1
-3
-4
-4
-6
-6
-8
-8
-10
-10
-10
-11
-10
-11
-10
-10
-9
-8
-6
-6
-5
-5
-2
-1
-1
0
1
2
3
3
4
5
5
6
6
6
5
4
5
3
2
1
1
0
0
-1
-2
-3
-5
-6
-7
-8
-8
-7
-8
-8
-8
-8
-8
-8
-7
-6
-5
-4
-1
0
1
2
1
3
4
5
6
7
8
9
8
8
8
7
7
6
6
6
4
3
2
1
-1
-2
-4
-5
-6
-7
-8
-8
-9
-10
-10
-10
-10
-10
-10
-9
-7
-7
-4
-2
-1
0
1
3
5
6
7
9
11
12
12
13
12
12
12
12
11
11
9
7
6
4
2
-1
-1
-4
-6
-6
-7
-8
-9
-10
-9
-9
-9
-8
-7
-6
-3
-1
1
3
3
5
7
7
9
10
11
11
12
10
9
8
8
7
5
6
4
4
3
3
1
1
0
-1
-1
-1
-2
-2
-2
-3
-3
-4
-4
-4
-5
-4
-4
-3
-3
-3
-1
0
0
2
3
4
5
7
8
10
11
11
11
12
10
8
7
6
5
3
1
-1
-2
-5
-7
-9
-9
-10
-10
-8
-8
-6
-4
-2
0
0
2
3
4
6
6
7
8
8
6
4
1
-2
-4
-5
-7
-7
-8
-7
-7
-8
-8
-7
-6
-4
-1
3
6
8
11
12
11
9
6
5
3
1
-1
-3
-6
-9
-11
-14
-16
-19
-19
-18
-17
-13
-9
-4
0
4
7
10
11
13
14
15
15
15
13
11
5
-1
-7
-14
-19
-21
-23
-24
-23
-23
-22
-23
-22
-20
-16
-11
-5
0
6
11
13
15
15
16
15
13
12
10
8
7
6
4
2
-2
-7
-11
-16
-17
-17
-13
-8
-5
-5
-8
-13
-18
-21
-21
-16
-9
0
6
8
4
-2
-7
-11
-10
-4
4
13
21
24
22
16
10
2
-2
-3
-1
2
5
5
4
-1
-7
-14
-19
-22
-22
-19
-13
-8
-1
3
5
3
0
-5
-9
-9
-6
0
9
16
17
14
5
-12
-30
-42
-42
-31
-9
16
35
39
28
6
-23
-44
-46
-27
6
44
73
82
66
32
-8
-39
-52
-41
-14
17
39
42
28
2
-24
-38
-38
-23
-3
14
20
12
-2
-13
-15
-4
13
31
39
26
-2
-36
-63
-69
-52
-17
19
42
42
14
-25
-58
-72
-56
-13
40
83
99
86
48
3
-24
-26
-3
39
79
95
78
36
-12
-56
-80
-70
-37
-5
18
30
19
-12
-44
-57
-57
-50
-29
10
39
42
40
46
37
10
2
14
17
5
10
26
19
1
3
8
-4
-14
-6
3
-7
-18
-27
-51
-80
-79
-37
18
71
116
120
59
-41
-123
-146
-108
-12
114
216
235
158
20
-115
-195
-188
-98
45
176
228
171
41
-89
-179
-200
-128
21
157
203
172
99
-12
-126
-159
-98
-20
32
81
103
58
-14
-47
-59
-88
-114
-113
-116
-127
-106
-41
36
99
135
116
42
-54
-146
-196
-150
-7
169
310
391
378
225
-29
-246
-336
-308
-181
58
314
420
327
136
-98
-364
-540
-483
-239
18
230
407
433
208
-102
-281
-363
-403
-256
95
368
410
392
342
80
-282
-400
-289
-180
-20
289
493
366
108
-71
-257
-448
-425
-171
59
151
204
195
19
-241
-397
-396
-298
-141
57
229
276
169
1
-100
-137
-150
-84
93
248
273
259
265
181
7
-80
-53
-63
-73
48
168
116
26
37
-1
-165
-238
-171
-177
-236
-117
89
113
28
30
-15
-217
-321
-165
5
39
125
271
197
-54
-114
-13
-53
-120
58
233
127
32
156
150
-91
-135
55
58
-73
37
202
59
-119
1
114
-33
-102
62
88
-95
-87
124
156
44
94
158
-3
-125
12
117
43
63
170
75
-86
-22
61
-79
-186
-78
-22
-103
-53
81
-22
-264
-291
-174
-195
-214
-25
115
-9
-112
-19
-27
-192
-152
89
180
167
262
292
116
-2
43
73
113
245
285
183
142
110
-68
-198
-156
-188
-302
-189
26
-24
-197
-174
-136
-288
-346
-118
74
45
67
273
410
374
367
450
435
263
143
234
404
465
454
447
352
88
-217
-387
-396
-310
-170
-24
21
-144
-451
-668
-655
-486
-286
-110
-4
3
-62
-121
-136
-140
-148
-63
153
335
325
193
56
-95
-223
-167
54
192
162
126
120
33
-96
-133
-100
-57
29
141
200
184
120
52
41
80
95
90
77
10
-50
11
103
70
18
84
89
-100
-178
25
92
-160
-220
84
256
182
257
378
121
-262
-221
66
129
110
264
239
-146
-368
-252
-295
-530
-493
-314
-393
-486
-298
-190
-443
-670
-535
-306
-226
-54
298
436
251
188
383
447
333
416
638
620
459
483
572
431
196
130
121
-44
-272
-352
-339
-426
-545
-488
-332
-332
-460
-503
-443
-371
-285
-143
65
233
204
69
53
101
101
206
453
574
467
318
247
190
134
197
375
387
167
69
181
189
126
252
328
85
-149
-86
38
31
33
90
49
-104
-232
-300
-352
-394
-419
-394
-272
-127
-128
-264
-375
-448
-519
-420
-67
187
89
-18
61
-10
-179
14
279
100
-107
41
57
-205
-257
-116
-70
1
86
-28
-177
-182
-219
-279
-157
30
65
44
87
61
-156
-402
-428
-267
-158
-123
7
106
-119
-479
-516
-341
-349
-364
-100
137
116
139
314
344
241
301
508
712
985
1316
1440
1287
1103
906
533
253
353
457
232
59
98
-150
-669
-777
-522
-627
-900
-573
-38
-151
-465
-281
-156
-464
-469
-36
96
-30
103
271
198
196
371
447
412
435
482
387
154
11
-15
-241
-635
-719
-567
-739
-1039
-847
-515
-723
-1013
-733
-410
-586
-730
-489
-369
-504
-387
-3
162
27
-60
24
54
-27
41
300
479
535
597
593
513
494
484
436
498
613
635
736
978
1005
687
453
598
806
720
588
726
774
457
290
495
495
237
305
542
396
126
159
207
38
-20
114
53
-245
-391
-338
-397
-508
-314
26
15
-270
-335
-218
-258
-214
210
478
115
-330
-436
-810
-1639
-1964
-1456
-1061
-1140
-921
-260
-33
-388
-439
-14
76
-233
-125
326
286
-83
-17
242
75
-184
-1
313
330
274
427
521
279
12
76
230
200
155
150
40
-39
-23
-198
-500
-545
-478
-566
-482
-141
-118
-432
-402
-82
-104
-302
-149
67
-44
-94
175
317
150
99
260
290
142
103
259
410
427
422
454
357
168
151
198
70
20
217
227
-59
-123
62
-66
-448
-494
-242
-167
-234
-130
9
-112
-340
-388
-373
-461
-444
-233
-158
-323
-367
-189
-159
-391
-531
-444
-369
-319
-141
12
-37
-161
-239
-285
-292
-253
-155
-38
-41
-77
52
108
-58
-37
174
51
-187
41
355
258
177
337
287
80
121
218
139
74
40
-64
-52
87
67
-102
-208
-296
-418
-450
-396
-338
-264
-246
-372
-476
-444
-427
-436
-302
-93
-51
-220
-363
-278
-182
-327
-429
-247
-134
-218
-150
-12
-89
-122
97
250
226
299
449
424
253
146
119
68
61
223
381
274
50
6
55
-15
-93
-16
80
56
61
123
82
23
15
-129
-208
92
275
-54
-223
74
83
-298
-271
94
56
-234
-162
88
50
-87
22
180
104
-8
74
181
162
171
273
304
238
233
297
345
415
526
569
568
675
804
770
734
857
861
640
562
742
817
662
533
547
533
399
289
285
237
91
16
33
-2
-104
-188
-153
29
203
251
325
527
726
877
1028
1070
1030
1137
1285
1199
1048
1048
1008
899
906
854
604
538
679
499
118
97
202
-19
-179
16
47
-271
-381
-212
-237
-358
-253
-201
-439
-644
-594
-464
-443
-514
-527
-495
-609
-706
-503
-339
-506
-530
-234
-178
-343
-210
-55
-308
-497
-265
-112
-227
-169
23
-95
-324
-193
66
62
-5
78
93
-21
-38
7
-116
-346
-463
-458
-503
-593
-526
-343
-340
-475
-486
-423
-391
-258
-65
-12
-39
-2
102
212
251
215
194
196
175
145
126
173
276
280
226
332
455
390
347
353
210
133
222
114
-150
-207
-219
-381
-443
-334
-288
-319
-293
-223
-202
-230
-150
26
15
-177
-210
-108
-153
-248
-160
-17
-66
-266
-381
-380
-443
-546
-479
-377
-491
-616
-540
-482
-560
-584
-500
-443
-442
-393
-245
-82
-27
-25
73
212
232
233
361
463
435
474
630
711
712
747
687
496
449
574
585
551
686
773
601
386
342
366
317
249
289
335
220
152
370
512
216
-91
58
283
173
114
360
413
159
132
292
163
-49
40
142
-1
-89
-31
-132
-340
-342
-309
-476
-527
-289
-199
-388
-416
-261
-289
-348
-170
-79
-261
-308
-82
31
-58
-4
206
195
-38
-87
57
73
-7
45
111
46
27
130
132
-25
-103
-16
-31
-252
-334
-207
-331
-654
-633
-450
-587
-719
-464
-228
-324
-449
-375
-238
-157
-86
16
81
66
37
34
22
2
0
-15
-59
-82
-69
-110
-261
-388
-355
-283
-321
-348
-255
-233
-384
-477
-347
-172
-143
-182
-173
-194
-276
-243
-101
-71
-98
-41
-59
-150
-58
74
-31
-143
-34
54
0
64
256
233
21
5
119
40
-40
117
185
31
2
94
17
-97
-37
11
-96
-146
3
159
118
-39
-90
23
118
60
29
167
191
-56
-167
62
211
74
-42
1
29
-27
-65
-26
-2
-84
-161
-82
21
-30
-84
-9
9
-98
-121
-57
-57
-22
123
176
73
20
57
35
-24
9
53
-1
-15
118
185
60
-47
-21
-33
-124
-93
71
138
45
-27
15
47
-17
-69
-1
67
30
35
142
178
143
139
100
69
130
115
40
131
185
16
17
241
219
28
16
-1
-126
-61
156
201
104
76
90
7
-101
-36
130
127
16
44
135
135
109
72
-12
-39
71
194
203
152
109
16
-77
-17
92
45
-47
-4
71
63
72
145
160
109
130
195
154
74
99
131
75
75
137
72
-14
100
196
50
-40
162
295
91
-45
145
192
-64
-60
211
138
-93
41
174
-30
-148
-53
-63
-79
30
14
-108
-84
-36
-121
-146
-24
18
-106
-134
42
56
-188
-176
113
57
-222
-92
172
29
-154
9
125
-39
-99
85
169
40
-47
16
75
53
67
143
153
115
166
207
118
98
205
206
176
300
322
142
143
298
218
42
141
335
253
15
-2
165
134
-61
-44
113
24
-185
-153
26
13
-183
-231
-51
4
-175
-221
-60
-60
-204
-157
-23
-42
-88
-94
-111
-21
108
35
-95
-47
15
-96
-194
-44
157
48
-134
37
220
-16
-258
-106
72
-79
-217
22
231
-12
-222
-25
17
-276
-244
132
179
-87
-98
134
96
-215
-224
62
45
-137
60
296
114
-87
-11
29
-52
3
139
128
2
-26
52
22
-114
-98
0
-65
-102
55
86
-23
67
173
26
-64
28
43
18
52
43
51
81
14
-22
36
40
16
22
25
123
221
108
21
136
106
-134
-187
33
215
135
-21
69
165
-68
-211
-11
60
-77
-27
138
187
139
-18
-160
-75
11
-113
-79
176
171
-20
37
133
-43
-153
33
136
-51
-141
86
273
173
27
49
87
20
-2
77
93
55
119
207
167
116
171
139
-87
-174
69
262
185
142
182
84
-25
-12
-19
-21
73
118
38
29
162
156
-93
-199
-27
76
3
-66
-90
-73
-101
-208
-101
204
158
-190
-211
50
49
-113
11
217
108
-45
54
109
-36
-113
-48
30
48
-15
-12
146
132
-115
-101
97
-69
-265
31
226
-63
-99
242
142
-261
-142
202
18
-292
-63
231
-36
-367
-160
69
-200
-388
-71
93
-252
-383
-7
44
-401
-339
189
6
-572
-293
222
-149
-498
-10
234
-207
-282
109
112
-201
-207
26
13
-251
-217
156
111
-304
-138
297
6
-377
8
313
-43
-212
111
251
48
-57
33
12
-146
-152
-50
-61
-87
-130
-304
-357
-220
-263
-427
-400
-338
-361
-360
-375
-254
40
35
-169
49
355
169
22
377
646
430
248
433
548
353
209
265
277
218
196
149
112
172
163
65
132
231
104
41
173
112
-34
124
265
99
9
94
73
23
83
145
175
189
154
78
32
160
308
146
-49
92
165
-9
40
267
210
-84
-221
-42
214
203
64
127
207
77
-10
157
328
214
24
140
303
117
-22
176
184
-182
-335
-114
-53
-287
-371
-233
-215
-295
-237
-133
-132
-174
-171
-132
-74
-2
24
-52
-128
-113
-110
-122
-14
69
-36
-116
-60
-57
-138
-173
-101
-16
-95
-191
-57
13
-171
-210
-34
8
-39
-1
47
32
-74
-173
-70
58
-29
-92
-8
-28
-141
-169
-116
-1
53
-87
-163
16
104
-93
-224
-87
6
-149
-246
-61
55
-148
-303
-165
-42
-113
-145
8
67
-138
-173
118
148
-121
-72
156
98
-42
-51
-25
61
143
120
130
211
192
50
-46
75
256
190
112
282
272
-2
-22
121
68
31
106
106
94
53
-133
-224
-82
-21
-193
-319
-158
-21
-294
-555
-245
88
-203
-454
-51
203
-209
-368
84
215
-140
-187
131
216
-31
-157
71
229
23
-75
157
214
11
16
187
133
-24
60
163
-41
-134
185
246
-128
-128
140
-93
-370
-102
54
-226
-260
2
-42
-275
-232
-88
-216
-384
-165
175
70
-210
-72
157
-26
-214
25
235
21
-173
11
146
-26
-126
-18
3
-89
-75
52
80
-68
-152
-4
86
-42
-59
68
-12
-157
-41
78
-9
-56
4
6
-15
25
5
-138
-222
-118
24
54
1
-56
-84
-140
-206
-115
43
30
-17
62
93
16
-25
38
159
181
85
95
184
102
-7
86
163
16
-109
7
131
-22
-231
-165
-26
-103
-181
-83
-37
-147
-196
-113
-81
-181
-217
-118
-94
-177
-169
-82
-135
-310
-280
-36
-55
-256
-92
83
-234
-405
-19
180
-119
-241
19
51
-244
-254
68
155
-20
-89
11
82
-93
-297
-49
257
15
-188
69
102
-184
-214
-109
-95
9
77
-18
-11
59
-48
-142
-40
55
48
33
20
46
77
7
-44
48
102
37
10
61
101
74
18
80
231
246
142
120
134
94
101
176
212
187
175
205
179
42
-1
143
192
48
29
242
344
121
-116
-42
110
23
-68
117
285
129
-61
31
173
90
-58
-41
111
228
167
67
141
205
46
-83
52
237
178
17
78
197
41
-72
164
320
117
-62
-2
77
53
36
126
185
35
-141
-69
86
32
-118
-90
87
135
-3
-82
-20
4
-63
-76
30
106
31
-49
-3
22
-33
34
173
89
-82
2
148
55
-28
101
160
46
-3
40
58
68
83
104
125
80
51
144
204
99
-31
-36
83
155
104
106
178
82
-143
-137
98
134
-81
-97
69
-8
-156
-43
39
-143
-261
-99
54
-62
-228
-154
-35
-124
-205
-115
-63
-131
-144
-85
-73
-73
-13
6
-73
-85
7
-18
-144
-142
-70
-77
-25
105
54
-150
-183
-45
-3
-60
-48
27
49
18
3
-1
-14
15
61
29
0
95
155
42
-56
-2
13
-51
16
144
61
-127
-82
139
109
-161
-129
166
100
-161
-13
220
43
-191
-153
-73
-52
-16
7
-15
-47
7
88
-21
-146
15
116
-73
-52
245
252
-1
-70
-23
-77
-109
0
83
35
55
170
61
-150
-61
66
-103
-178
15
57
-70
-26
105
40
-131
-132
33
87
-34
-94
28
128
48
-2
132
149
-60
-107
74
131
22
-84
-110
-35
0
-83
-115
-89
-184
-300
-240
-60
33
-58
-172
-137
-62
-98
-187
-185
-109
-88
-77
8
40
-22
-70
-102
-66
29
-32
-106
70
149
-83
-108
188
224
-32
-50
132
77
-61
100
261
101
-33
66
126
85
22
-72
-52
121
159
-5
-55
55
4
-187
-160
35
134
166
153
64
24
4
-54
6
115
96
90
144
109
28
-11
-22
-61
-162
-145
78
142
-52
-74
54
-65
-226
-71
143
97
-37
-13
82
39
-78
-46
48
-12
-119
-67
59
66
-54
-116
-21
47
-19
-48
-4
-49
-129
-56
70
66
55
117
19
-164
-74
73
-37
-73
102
136
-5
-47
35
41
-92
-129
12
69
14
27
72
47
-45
-99
-11
56
-31
-57
58
94
-4
-58
21
42
-106
-122
53
36
-103
-25
111
93
29
2
8
29
17
0
33
134
221
135
49
193
196
-123
-193
97
177
22
50
179
90
-107
-99
4
-86
-158
49
173
3
-41
128
102
-124
-141
74
111
-44
59
301
157
-117
0
206
53
-164
-76
77
37
51
214
133
-151
-76
201
69
-201
-35
224
78
-89
128
279
8
-200
-51
58
-18
-32
51
94
21
-96
-85
-4
-18
-64
-50
-4
66
90
51
53
27
-83
-101
17
91
48
-56
-110
-52
-2
6
56
64
-2
-48
-89
-76
79
175
58
-59
19
136
30
-164
-68
190
179
24
53
103
-24
-149
-110
21
82
33
-16
-14
-19
-78
-162
-151
-37
-5
-68
-65
-40
-103
-175
-158
-76
-49
-110
-90
29
3
-150
-123
22
8
-57
-23
-26
-40
30
-3
-102
10
130
-1
-74
45
31
-116
-94
76
133
19
-56
2
-19
-154
-97
152
243
130
60
57
5
-13
28
27
70
219
221
31
-43
40
-13
-206
-116
266
323
15
2
210
30
-280
-102
274
207
-91
2
283
165
-130
-111
14
-72
-153
-26
75
-48
-139
-17
-4
-184
-166
-31
-157
-262
-82
-49
-232
-175
-14
-155
-350
-302
-223
-244
-195
-103
-142
-184
-76
-85
-327
-394
-149
39
24
-17
-23
-45
-92
-115
-68
-1
36
91
168
186
114
-8
-96
-66
86
195
116
33
133
155
-56
-156
2
71
-47
-33
151
155
-71
-182
-87
-10
-30
-58
-51
-8
19
-21
-53
-49
-58
-18
43
-23
-93
-44
-33
-49
52
84
-50
-52
110
62
-159
-101
139
120
6
152
277
84
-83
58
211
159
108
147
146
155
184
81
-11
98
143
8
29
205
174
-37
-102
53
179
120
62
111
77
-31
30
168
127
21
63
162
180
139
88
54
65
105
154
204
209
171
181
238
227
148
111
98
46
23
37
18
22
82
63
-85
-215
-226
-197
-173
-78
41
18
-90
-72
25
-27
-137
-62
47
-42
-115
16
104
-31
-149
-35
96
-51
-265
-143
136
112
-115
-125
65
94
-114
-277
-246
-194
-282
-383
-309
-179
-250
-434
-452
-361
-401
-546
-548
-353
-220
-274
-279
-164
-162
-290
-322
-197
-49
5
-39
-89
-56
10
-2
-1
120
147
-28
-29
281
389
126
77
398
449
128
107
415
395
77
46
278
304
123
52
107
130
133
97
-82
-207
-60
71
-34
-53
105
53
-211
-234
-20
-12
-187
-142
17
-56
-188
-99
22
-38
-149
-135
-38
10
31
104
120
51
96
193
138
85
155
111
-12
101
303
220
26
92
230
109
-38
97
231
64
-82
102
269
169
115
167
80
19
145
170
56
118
270
201
38
75
215
196
60
20
89
138
150
181
206
158
86
77
123
145
125
83
70
129
169
107
75
157
186
82
30
114
198
201
185
188
218
264
261
230
292
361
276
204
304
357
220
61
26
71
26
-122
-125
-71
-298
-554
-455
-320
-474
-632
-568
-491
-571
-624
-528
-546
-744
-714
-424
-354
-489
-424
-272
-347
-464
-351
-162
-118
-131
-74
-25
-18
10
-11
-60
34
187
168
65
78
126
15
-102
107
385
223
-81
45
310
201
6
161
384
276
91
196
329
137
-121
-50
168
125
-87
-85
54
-31
-283
-398
-345
-236
-173
-244
-296
-191
-166
-357
-466
-311
-133
-173
-253
-101
40
-162
-378
-204
64
-5
-231
-187
46
48
-155
-146
60
88
-61
-68
113
165
-11
-70
84
101
-33
-12
127
130
-3
-96
-61
3
11
0
-7
-9
7
-35
-102
-11
130
23
-152
20
292
106
-252
-109
228
111
-82
165
321
-5
-190
84
241
61
23
210
202
38
87
213
124
40
132
167
105
84
70
50
71
84
80
96
140
191
159
86
161
296
256
167
250
384
344
236
277
347
234
99
165
302
314
240
190
207
263
246
165
229
388
335
173
300
556
485
249
268
379
242
75
170
289
174
33
72
105
-24
-158
-172
-180
-201
-128
-83
-203
-302
-274
-298
-397
-386
-287
-301
-420
-391
-197
-135
-264
-297
-194
-163
-183
-142
-147
-225
-158
27
18
-137
-105
12
-127
-335
-198
47
-54
-239
-81
121
-41
-279
-195
-20
-78
-166
-65
19
-65
-146
-154
-190
-228
-204
-174
-187
-188
-166
-198
-261
-210
-79
-114
-267
-212
-17
-42
-222
-230
-118
-105
-113
-24
-20
-185
-243
-62
28
-132
-209
-104
-124
-241
-147
31
-35
-219
-206
-62
-45
-109
-77
-55
-131
-131
-9
35
15
67
62
-73
-65
157
246
118
146
366
385
207
231
373
263
114
302
556
487
309
326
334
140
30
199
328
176
15
81
145
14
-100
-52
-49
-147
-112
43
74
-44
-176
-228
-153
-9
43
-21
-49
34
76
-25
-58
110
187
10
-81
107
203
-11
-158
-26
34
-158
-240
-68
-19
-236
-340
-165
-45
-145
-203
-146
-207
-338
-255
-28
41
-20
-51
-99
-155
-83
18
-35
-103
0
95
16
-2
137
73
-245
-272
69
196
20
13
151
37
-164
-47
158
57
-112
-14
137
104
64
115
80
-17
10
72
44
77
171
79
-91
-16
140
36
-144
-85
21
-69
-163
-70
27
-41
-140
-97
9
-7
-102
-76
45
85
50
52
111
176
196
169
171
218
253
247
241
274
321
301
249
301
380
312
183
168
238
265
244
251
279
225
96
3
-4
70
154
127
51
75
110
16
-92
-44
58
-5
-127
-31
144
83
-81
-104
-71
-57
-29
-43
-73
-18
35
-13
-50
5
22
-80
-156
-65
60
44
-36
-21
41
24
-29
-20
-11
-82
-144
-116
-40
30
19
-85
-160
-167
-201
-237
-219
-191
-166
-127
-111
-115
-133
-222
-324
-268
-95
-39
-100
-34
134
125
-15
-17
82
88
47
102
221
299
312
252
143
90
119
113
70
90
110
39
-12
27
44
-33
-119
-137
-138
-162
-128
-40
-12
-32
-22
-36
-96
-118
-105
-106
-72
34
101
49
-1
10
-64
-191
-149
-12
-11
-56
-12
-9
-124
-203
-170
-149
-177
-136
-68
-108
-163
-137
-165
-249
-182
7
66
-26
-78
-64
-88
-97
13
132
138
115
109
37
-58
-26
96
110
22
60
185
115
-88
-110
-2
-11
-60
30
135
72
-39
-39
-16
-41
-4
83
79
23
21
26
-5
-12
39
82
41
-8
10
-1
-75
-58
48
80
21
-32
-57
-71
-58
-3
33
-9
-44
15
50
-20
-74
-59
-53
-61
-31
16
27
-11
-67
-86
-52
-21
-43
-66
-25
31
32
15
38
53
1
-62
-27
86
140
84
6
6
48
28
-31
-13
36
-19
-102
-59
50
68
-10
-77
-63
-16
-20
-47
-17
47
60
35
59
129
116
-2
-34
100
180
90
32
138
204
93
-8
53
113
33
-54
0
112
126
28
-58
-42
12
-10
-71
-29
73
45
-100
-112
65
165
51
-68
-16
56
1
-14
136
231
103
-36
11
108
94
49
80
121
92
48
56
78
66
36
29
64
121
128
61
10
39
73
49
53
158
218
105
-23
-14
14
-32
-29
82
145
70
-25
-54
-71
-100
-91
-52
-21
-2
-6
-32
-51
-49
-52
-76
-88
-50
3
-11
-69
-81
-57
-63
-95
-95
-74
-93
-136
-140
-115
-95
-74
-80
-119
-123
-89
-104
-135
-98
-24
-8
-42
-42
-15
-27
-64
-59
-15
21
30
30
40
51
43
17
-20
-37
-1
70
123
120
74
40
21
-20
-41
18
80
61
25
17
13
2
-26
-62
-53
-13
-32
-100
-109
-45
-12
-32
-27
-5
-43
-112
-131
-109
-67
-4
44
50
36
-4
-98
-177
-155
-65
-6
20
48
49
-19
-107
-148
-138
-103
-42
27
54
20
-27
-40
-31
-31
-29
3
28
0
-22
31
75
32
-9
27
50
-11
-68
-34
27
37
43
84
75
-9
-77
-71
-34
0
38
69
55
14
-10
-30
-64
-58
12
57
19
-12
16
1
-90
-100
6
52
-19
-48
9
0
-100
-115
0
60
-4
-32
21
16
-56
-67
-4
46
63
79
86
55
11
-5
12
46
94
133
127
93
72
68
61
60
86
115
101
69
61
60
39
23
41
65
42
-19
-51
-41
-38
-48
-29
12
22
-29
-91
-101
-67
-57
-63
-18
57
61
-3
-29
-5
-6
-26
12
87
103
61
43
65
73
62
74
98
83
54
52
53
44
69
118
106
40
-1
-11
-48
-74
-14
67
46
-32
-52
-45
-97
-147
-102
-18
-8
-51
-56
-40
-76
-118
-87
-30
-21
-30
-16
-17
-52
-68
-42
-25
-22
7
42
34
-6
-21
-15
-14
3
59
108
102
70
51
30
5
17
73
123
125
96
56
11
-22
-14
15
35
48
39
-12
-67
-85
-71
-59
-45
-14
1
-28
-70
-92
-96
-87
-59
-30
-14
-10
-20
-46
-68
-59
-45
-47
-43
-18
1
-9
-25
-25
-25
-42
-53
-32
-6
-4
-12
-13
-19
-29
-25
-13
-21
-36
-35
-23
-14
-7
2
6
-5
-23
-32
-23
-1
11
16
20
21
18
7
-11
-9
20
39
29
34
63
56
-1
-35
-7
24
18
29
75
77
13
-39
-43
-44
-49
-20
28
41
23
8
-26
-80
-94
-57
-18
2
32
61
41
-12
-34
-21
-16
-24
-3
38
54
37
20
11
-5
-26
-33
-19
-3
7
7
3
1
2
-8
-21
-14
3
2
-13
-13
2
11
11
13
15
10
-4
-18
-16
3
18
13
12
27
32
13
-3
-3
-1
-8
-4
16
24
13
2
-7
-22
-35
-33
-32
-44
-44
-30
-32
-49
-52
-49
-69
-92
-85
-77
-84
-80
-58
-54
-74
-82
-80
-92
-98
-73
-44
-36
-36
-27
-23
-18
-2
16
22
30
51
69
78
95
121
127
115
121
143
155
157
174
195
201
202
209
208
194
187
190
184
181
200
217
205
183
173
161
130
114
128
143
145
152
164
151
120
97
79
55
39
45
48
27
0
-27
-71
-132
-180
-207
-233
-251
-247
-239
-246
-253
-250
-253
-261
-245
-202
-156
-115
-57
5
47
70
97
125
139
144
164
192
211
224
237
240
217
184
160
142
123
113
129
144
139
132
131
118
90
72
75
81
84
96
114
112
93
74
55
30
5
-1
-1
-12
-29
-42
-59
-89
-121
-144
-166
-196
-227
-248
-263
-278
-288
-291
-293
-294
-293
-290
-287
-273
-246
-210
-166
-112
-53
-1
32
57
81
102
120
144
173
198
207
194
170
132
84
32
-12
-48
-80
-111
-138
-160
-184
-215
-246
-268
-281
-284
-273
-245
-204
-163
-127
-95
-68
-50
-34
-9
30
78
128
174
216
245
259
260
262
270
287
307
333
365
392
402
395
382
369
358
347
344
349
348
335
313
290
264
233
197
164
134
104
70
40
15
-12
-45
-84
-123
-161
-204
-247
-284
-317
-345
-373
-401
-432
-467
-505
-540
-574
-595
-606
-613
-618
-619
-614
-611
-607
-599
-584
-564
-541
-514
-486
-459
-431
-402
-376
-348
-317
-284
-257
-231
-206
-180
-154
-130
-100
-66
-31
3
35
69
100
124
147
164
178
188
195
201
205
207
205
198
187
172
156
139
121
104
88
74
57
37
18
-4
-27
-53
-74
-90
-103
-113
-117
-120
-123
-125
-123
-121
-114
-102
-85
-67
-48
-27
-5
15
34
53
73
89
109
128
147
165
183
200
219
238
257
274
291
309
326
343
361
382
399
415
427
437
443
445
448
449
451
447
439
427
410
390
367
347
327
308
289
269
246
219
192
162
134
108
85
62
38
11
-17
-46
-77
-108
-136
-162
-186
-210
-232
-251
-268
-284
-299
-310
-320
-328
-334
-337
-336
-331
-322
-310
-298
-284
-270
-259
-250
-239
-225
-209
-191
-175
-159
-147
-141
-136
-132
-128
-119
-111
-102
-95
-90
-91
-96
-104
-112
-118
-123
-128
-128
-129
-131
-136
-143
-151
-159
-164
-166
-165
-161
-155
-149
-146
-147
-148
-158
-168
-177
-185
-189
-190
-188
-186
-189
-196
-205
-212
-216
-212
-199
-175
-146
-114
-84
-61
-46
-34
-25
-14
2
19
39
55
61
58
43
18
-11
-39
-63
-82
-94
-103
-109
-118
-130
-142
-152
-159
-156
-144
-123
-96
-67
-38
-12
11
32
52
74
103
135
172
211
249
286
320
349
375
401
427
456
485
514
540
560
575
582
582
576
565
549
532
511
487
461
429
394
356
316
275
233
193
157
123
92
67
45
28
14
3
-4
-8
-9
-4
5
18
36
54
72
88
102
114
125
136
146
156
166
176
182
185
183
179
175
171
170
168
169
167
162
155
145
133
119
107
94
80
66
48
27
5
-23
-50
-77
-103
-125
-146
-165
-182
-201
-219
-236
-252
-267
-278
-288
-292
-297
-302
-306
-309
-315
-322
-330
-340
-349
-357
-362
-368
-373
-379
-387
-397
-410
-424
-437
-449
-459
-465
-468
-469
-471
-471
-468
-463
-454
-439
-419
-393
-362
-328
-291
-251
-212
-172
-137
-103
-72
-45
-22
-6
6
14
15
11
2
-13
-31
-49
-67
-83
-95
-101
-103
-100
-91
-79
-62
-42
-17
10
40
74
108
140
172
200
223
244
260
275
287
296
305
312
319
325
331
336
344
352
360
369
379
386
393
396
396
394
387
375
359
338
312
284
251
216
180
142
106
68
33
-1
-31
-58
-82
-103
-120
-135
-149
-162
-176
-186
-197
-206
-212
-216
-218
-217
-217
-215
-211
-203
-190
-172
-147
-120
-90
-59
-28
-1
24
47
65
82
94
102
104
100
89
73
52
27
0
-28
-53
-76
-96
-116
-131
-146
-156
-166
-174
-178
-179
-180
-177
-174
-170
-166
-162
-158
-155
-152
-148
-142
-135
-125
-115
-102
-87
-72
-54
-38
-23
-9
6
17
31
42
53
64
73
81
86
89
94
98
102
109
119
128
140
149
159
165
169
172
174
176
175
176
172
167
159
149
139
128
118
111
107
105
105
109
112
116
120
125
130
134
140
144
145
144
138
129
115
99
80
62
44
26
9
-7
-22
-35
-47
-57
-64
-68
-66
-63
-55
-47
-37
-28
-19
-11
-2
6
14
24
33
43
50
58
59
61
61
59
59
59
59
60
60
60
57
53
47
41
35
31
28
29
30
31
30
29
26
23
19
16
14
14
14
13
12
9
4
-2
-7
-13
-17
-17
-16
-14
-11
-9
-7
-8
-9
-10
-10
-11
-11
-10
-12
-14
-21
-28
-39
-51
-63
-75
-85
-95
-104
-112
-121
-131
-141
-149
-158
-165
-170
-172
-176
-177
-178
-180
-182
-184
-185
-186
-188
-186
-183
-179
-175
-171
-166
-162
-159
-156
-153
-149
-145
-141
-136
-132
-129
-128
-128
-128
-129
-129
-129
-127
-125
-119
-116
-112
-108
-104
-100
-95
-89
-82
-74
-66
-58
-48
-42
-37
-33
-28
-24
-20
-13
-8
-1
7
15
22
30
38
45
53
64
73
85
95
105
113
120
127
132
136
140
144
147
151
155
157
160
160
160
161
162
164
166
169
172
175
177
178
179
177
177
177
176
175
175
174
173
170
166
162
157
152
145
139
134
128
121
114
106
99
90
81
73
65
58
52
47
42
39
35
32
27
25
22
20
17
16
15
14
12
9
8
6
3
2
0
0
0
-1
1
4
5
7
8
11
15
17
20
22
24
25
25
25
23
22
20
17
14
12
7
4
-1
-5
-9
-11
-15
-17
-20
-22
-24
-26
-26
-28
-28
-28
-29
-28
-28
-27
-26
-26
-25
-25
-24
-23
-23
-21
-19
-18
-17
-15
-13
-12
-11
-11
-10
-8
-8
-6
-3
-2
1
3
3
5
6
6
6
6
5
3
1
-3
-8
-14
-22
-30
-39
-50
-61
-72
-83
-95
-107
-117
-128
-137
-147
-154
-162
-168
-172
-175
-178
-178
-177
-176
-174
-170
-165
-160
-155
-147
-141
-132
-123
-114
-104
-95
-83
-72
-61
-48
-35
-21
-7
6
21
36
51
66
81
94
108
122
134
145
155
162
168
172
175
176
175
171
166
158
148
138
125
112
99
85
70
57
43
29
19
6
-1
-11
-18
-24
-28
-32
-34
-36
-37
-37
-37
-38
-39
-38
-39
-40
-40
-41
-43
-45
-46
-47
-49
-52
-54
-55
-56
-56
-57
-58
-58
-58
-58
-59
-58
-59
-59
-60
-60
-61
-61
-61
-63
-62
-63
-64
-64
-64
-64
-64
-65
-65
-64
-64
-64
-63
-63
-63
-62
-62
-62
-61
-60
-59
-57
-54
-53
-49
-46
-40
-35
-30
-24
-18
-10
-3
3
11
16
23
28
35
39
43
47
49
51
53
54
56
55
55
55
55
55
53
53
52
53
51
51
50
50
50
49
48
49
48
49
49
50
49
49
50
49
50
50
52
51
53
53
54
54
55
56
56
57
57
58
58
59
60
60
61
61
62
62
63
64
66
67
66
68
68
69
69
68
67
66
65
62
58
56
51
47
42
37
31
24
17
11
3
-3
-11
-19
-25
-32
-41
-48
-55
-61
-68
-74
-80
-84
-90
-94
-98
-101
-104
-105
-107
-109
-109
-108
-107
-104
-102
-99
-96
-91
-85
-80
-74
-68
-60
-53
-45
-37
-29
-20
-12
-5
2
11
18
24
30
36
41
45
49
52
54
55
56
57
58
57
56
53
53
50
48
46
43
41
37
35
31
29
27
24
21
18
16
14
12
9
7
5
3
0
-1
-3
-5
-5
-7
-7
-8
-8
-8
-8
-8
-7
-5
-4
-2
-1
1
3
4
6
8
11
12
14
16
18
21
22
24
26
28
30
31
33
35
37
38
40
41
43
43
45
46
46
46
47
47
48
47
47
47
47
46
46
45
43
43
40
39
37
35
33
30
28
25
22
17
0
0
0
0
0
0
0
0
0
0
0
0
0
0
0
0
0
0
0
0
0
0
0
0
0
0
0
0
0
0
0
0
0
0
0
0
0
0
0
0
0
0
0
0
0
0
0
0
0
0
0
0
0
0
0
0
0
0
0
0
0
0
0
0
0
0
0
0
0
0
0
0
0
0
0
0
0
0
0
0
0
0
0
0
0
0
0
0
0
0
0
0
0
0
0
0
0
0
0
0
0
0
0
0
0
0
0
0
0
0
0
0
0
0
0
0
0
0
0
0
0
0
0
0
0
0
0
0
0
0
0
0
0
0
0
0
0
0
0
0
0
0
0
0
0
0
0
0
0
0
0
0
0
0
0
0
0
0
0
0
0
0
0
0
0
0
0
0
0
0
0
0
0
0
0
0
0
0
0
0
0
0
0
0
0
0
0
0
0
0
0
0
0
0
0
0
0
0
