0
0
0
0
0
0
0
0
0
0
0
0
0
0
0
0
0
0
0
0
0
0
0
0
0
0
0
0
0
0
0
0
0
0
0
0
0
0
0
0
0
0
0
0
0
0
0
0
0
0
0
0
0
0
0
0
0
0
0
0
0
0
0
0
0
0
0
0
0
0
0
0
0
0
0
0
0
0
0
0
0
0
0
0
0
0
0
0
0
0
0
0
0
0
0
0
0
0
0
0
0
0
0
0
0
0
0
0
0
0
0
0
0
0
0
0
0
0
0
0
0
0
0
0
0
0
0
0
0
0
0
0
0
0
0
0
0
0
0
0
0
0
0
0
0
0
0
0
0
0
0
0
0
0
0
0
0
0
0
0
0
0
0
0
0
0
0
0
0
0
0
0
0
0
0
0
0
0
0
0
0
0
0
0
0
0
0
0
0
0
0
0
0
0
0
0
0
0
26
25
24
24
23
22
20
19
17
16
15
12
9
8
5
2
0
-4
-7
-9
-15
-19
-22
-27
-31
-36
-40
-44
-48
-52
-56
-61
-64
-68
-71
-74
-76
-79
-80
-82
-83
-83
-83
-82
-81
-79
-77
-75
-71
-68
-65
-60
-54
-51
-44
-38
-33
-26
-19
-14
-9
-2
4
10
14
20
25
28
33
37
38
41
44
44
44
44
42
42
38
33
31
28
23
18
12
5
1
-5
-11
-18
-23
-29
-34
-40
-44
-48
-52
-54
-58
-59
-59
-59
-57
-55
-53
-49
-45
-39
-34
-27
-20
-12
-4
2
12
22
31
40
51
59
69
79
88
96
105
113
120
127
135
142
147
153
157
160
164
167
167
167
167
166
164
161
157
152
144
137
128
119
107
94
82
68
52
35
18
1
-17
-37
-56
-74
-95
-114
-133
-152
-170
-187
-202
-216
-230
-241
-250
-258
-263
-266
-267
-268
-264
-260
-250
-242
-229
-216
-202
-184
-166
-146
-124
-102
-81
-57
-34
-10
14
37
61
83
104
125
145
163
179
195
208
218
228
235
239
242
243
238
234
228
218
206
191
175
154
134
110
86
58
32
5
-24
-52
-82
-112
-140
-169
-193
-218
-241
-262
-280
-294
-308
-317
-325
-327
-329
-325
-320
-310
-297
-282
-264
-244
-223
-198
-174
-147
-119
-90
-61
-33
-6
22
48
74
98
121
142
163
182
198
212
225
235
243
250
254
257
257
256
254
247
243
235
227
218
208
195
185
172
158
145
132
120
106
93
81
70
60
50
42
35
28
24
21
19
20
21
23
28
33
38
46
53
62
70
79
86
93
98
104
108
110
110
107
103
96
86
75
62
45
29
9
-11
-33
-55
-80
-104
-128
-150
-173
-195
-214
-233
-249
-263
-274
-283
-290
-292
-293
-290
-284
-276
-266
-255
-240
-222
-204
-183
-161
-139
-116
-92
-68
-43
-19
5
28
49
74
96
115
133
152
169
182
194
205
213
220
224
225
223
220
214
205
193
179
162
143
123
99
74
49
22
-7
-36
-68
-96
-126
-154
-181
-207
-231
-252
-271
-288
-301
-312
-318
-321
-321
-318
-309
-299
-286
-270
-251
-231
-206
-182
-156
-127
-99
-70
-41
-12
15
43
69
95
119
140
162
180
198
213
226
236
246
253
257
260
261
258
255
251
244
234
224
213
198
183
168
151
133
115
96
76
58
40
22
5
-9
-24
-38
-48
-56
-65
-69
-72
-72
-69
-66
-60
-51
-40
-30
-16
-3
10
25
39
54
68
78
89
98
104
108
110
108
103
96
87
75
60
44
24
4
-18
-41
-66
-89
-113
-138
-161
-182
-203
-221
-235
-250
-263
-271
-276
-279
-280
-278
-272
-265
-254
-241
-227
-211
-193
-173
-153
-132
-109
-86
-63
-38
-16
5
26
48
67
86
105
121
136
151
164
174
184
190
196
199
201
202
200
196
190
182
173
161
149
133
118
100
81
61
40
20
-2
-24
-47
-70
-93
-113
-135
-154
-172
-189
-205
-217
-228
-236
-244
-247
-247
-246
-240
-233
-223
-211
-195
-178
-159
-138
-115
-91
-68
-41
-15
9
36
61
86
110
133
154
173
192
209
222
235
246
253
258
262
263
263
261
254
248
241
232
220
208
194
179
165
148
132
115
99
83
67
50
34
19
7
-5
-16
-26
-35
-41
-46
-49
-51
-50
-49
-44
-38
-31
-21
-11
-1
11
23
37
49
63
75
85
95
104
110
113
117
116
113
109
101
90
77
63
46
26
5
-15
-39
-62
-87
-111
-134
-158
-180
-199
-219
-235
-248
-259
-268
-274
-276
-276
-272
-267
-259
-246
-234
-217
-200
-182
-160
-140
-118
-95
-72
-51
-27
-5
15
36
55
73
90
105
121
134
145
156
164
170
174
178
181
180
178
175
169
163
154
145
133
120
105
88
70
50
30
10
-11
-33
-54
-76
-97
-118
-139
-159
-175
-192
-206
-218
-228
-236
-241
-244
-244
-241
-237
-231
-221
-209
-195
-179
-163
-145
-124
-104
-82
-61
-39
-17
6
27
49
69
89
107
125
142
157
169
181
192
200
207
211
214
215
215
212
207
201
193
183
173
162
148
134
118
102
86
70
53
37
21
5
-9
-23
-35
-47
-56
-64
-72
-76
-78
-79
-78
-73
-68
-61
-52
-41
-29
-17
-4
10
24
39
53
67
78
90
100
109
115
119
122
122
120
115
108
100
88
76
61
45
28
9
-10
-29
-48
-68
-85
-104
-120
-136
-150
-162
-171
-180
-187
-191
-193
-194
-190
-185
-180
-174
-165
-154
-144
-132
-119
-105
-93
-79
-65
-50
-36
-23
-9
3
16
28
42
52
63
74
85
94
103
112
120
125
131
136
140
143
145
146
145
142
139
134
127
119
109
97
86
73
58
43
26
10
-8
-25
-42
-58
-75
-91
-105
-119
-130
-140
-150
-155
-161
-163
-164
-163
-159
-153
-147
-138
-127
-114
-101
-85
-70
-52
-35
-17
-1
17
35
53
68
84
99
112
124
133
144
151
157
161
165
166
166
165
161
157
152
146
139
130
121
112
100
90
79
66
54
42
30
19
8
-2
-13
-22
-32
-39
-46
-52
-56
-60
-63
-64
-62
-62
-57
-53
-48
-40
-33
-25
-14
-3
7
15
26
36
46
54
61
67
72
76
78
78
77
73
68
61
53
44
34
24
11
0
-13
-27
-39
-51
-63
-74
-83
-93
-101
-107
-112
-117
-121
-123
-124
-125
-125
-124
-121
-119
-117
-112
-109
-106
-102
-98
-93
-89
-85
-79
-74
-69
-63
-55
-48
-41
-34
-25
-15
-5
3
13
23
32
41
52
59
66
74
78
81
85
87
86
85
81
77
70
62
53
44
33
20
8
-4
-19
-31
-44
-56
-68
-81
-90
-99
-108
-116
-119
-124
-127
-128
-127
-128
-126
-120
-115
-110
-103
-93
-86
-77
-66
-55
-45
-34
-22
-9
-1
10
23
33
41
52
63
70
76
84
90
94
99
103
104
106
106
106
103
101
101
98
92
89
84
79
73
67
61
56
49
43
37
30
24
19
14
8
3
0
-3
-6
-8
-9
-10
-10
-10
-7
-5
-2
1
7
11
16
23
28
34
40
45
52
55
59
66
66
67
68
68
66
63
59
55
47
39
31
22
12
1
-9
-19
-30
-41
-51
-62
-71
-80
-89
-95
-100
-105
-110
-112
-113
-116
-115
-114
-112
-109
-107
-103
-98
-94
-90
-84
-80
-73
-67
-61
-56
-50
-42
-37
-31
-22
-16
-11
-3
6
10
18
27
33
39
46
54
57
62
68
73
75
77
79
80
79
79
76
73
70
68
60
55
49
41
33
27
20
10
1
-3
-13
-23
-29
-33
-42
-50
-50
-53
-63
-63
-60
-64
-68
-61
-57
-60
-56
-44
-42
-43
-32
-17
-19
-14
4
12
10
20
37
37
35
52
63
57
58
74
75
64
72
82
73
67
75
75
62
61
68
58
47
49
50
37
29
33
28
16
14
15
8
-1
-1
-2
-9
-11
-10
-11
-16
-15
-13
-17
-15
-12
-10
-9
-5
0
2
6
13
16
22
29
32
35
42
45
44
49
53
51
50
52
49
42
38
35
26
16
10
3
-8
-18
-26
-35
-45
-56
-63
-72
-81
-88
-91
-96
-103
-106
-105
-109
-111
-107
-104
-105
-104
-95
-92
-92
-86
-76
-73
-71
-62
-53
-50
-46
-36
-28
-27
-19
-9
-4
-4
8
19
18
22
36
38
37
47
55
51
53
64
61
53
61
65
53
49
59
50
36
40
41
21
12
20
8
-13
-9
-6
-29
-39
-28
-36
-59
-54
-45
-63
-75
-59
-57
-77
-76
-57
-64
-80
-63
-47
-64
-67
-39
-36
-55
-38
-11
-24
-31
1
10
-10
4
36
24
12
44
57
32
41
71
58
41
67
78
48
52
76
60
38
58
64
35
31
54
39
12
26
36
8
0
23
15
-10
1
18
-3
-14
10
13
-10
-3
23
11
-5
20
36
15
17
49
45
28
48
70
53
50
78
80
61
73
92
79
69
86
88
68
69
79
66
50
53
50
31
21
21
7
-10
-15
-22
-38
-50
-55
-64
-77
-83
-84
-94
-102
-100
-102
-108
-106
-100
-102
-102
-92
-87
-86
-78
-65
-62
-58
-43
-34
-34
-25
-11
-7
-3
7
17
18
21
30
36
36
38
44
50
46
45
54
54
45
47
58
48
37
46
49
30
26
38
24
5
11
14
-8
-19
-7
-17
-41
-37
-32
-52
-63
-54
-59
-75
-73
-65
-72
-79
-71
-66
-70
-68
-60
-53
-52
-46
-37
-29
-26
-20
-6
-1
1
9
22
22
25
38
41
39
47
52
48
52
60
53
52
60
56
49
58
60
46
48
59
46
37
50
50
31
35
46
32
21
34
33
18
21
30
20
13
20
22
13
14
22
21
18
21
28
30
31
35
45
49
49
57
67
67
66
76
84
77
79
87
83
75
76
75
63
53
51
39
21
11
3
-17
-36
-47
-63
-82
-95
-107
-124
-139
-148
-159
-172
-177
-181
-187
-189
-186
-186
-185
-179
-169
-162
-152
-138
-126
-115
-102
-85
-72
-60
-44
-28
-14
-5
8
21
27
33
46
57
56
59
70
69
60
65
72
59
53
62
56
35
34
39
20
5
14
10
-15
-18
-16
-36
-50
-41
-48
-67
-65
-63
-82
-88
-79
-89
-94
-81
-82
-93
-85
-77
-88
-82
-60
-62
-66
-46
-39
-52
-40
-17
-21
-19
4
8
-5
7
23
17
21
44
45
37
47
54
46
50
65
66
67
74
72
66
69
72
71
79
85
78
76
77
70
68
79
82
76
79
82
69
66
76
74
70
84
88
78
81
92
87
88
108
117
112
125
138
132
133
151
156
152
163
172
163
154
157
148
128
120
113
92
71
55
29
-7
-34
-58
-90
-121
-141
-165
-200
-231
-252
-277
-299
-307
-310
-320
-326
-325
-326
-326
-310
-288
-269
-244
-214
-191
-170
-139
-104
-75
-39
-1
29
54
81
107
127
146
171
190
199
203
212
215
206
204
207
195
176
165
154
127
105
98
77
43
24
7
-25
-49
-55
-72
-98
-115
-127
-151
-167
-165
-168
-177
-174
-174
-186
-187
-178
-171
-161
-142
-130
-125
-114
-103
-99
-82
-54
-41
-32
-15
-6
-13
-8
12
22
26
41
47
34
23
28
36
37
44
54
49
32
23
32
38
43
57
67
55
40
46
56
59
79
100
96
81
82
83
81
100
131
140
132
127
118
107
117
151
172
181
185
173
153
151
174
203
230
246
241
220
201
194
205
230
249
246
224
186
140
108
102
106
101
76
27
-42
-113
-155
-172
-182
-197
-233
-292
-359
-415
-436
-433
-427
-425
-437
-463
-489
-494
-472
-437
-394
-352
-325
-312
-291
-256
-213
-153
-85
-28
10
38
66
96
137
193
248
281
296
301
297
301
320
342
348
341
319
289
260
238
220
196
164
126
86
47
6
-35
-77
-119
-156
-186
-209
-237
-276
-313
-338
-354
-357
-350
-346
-355
-369
-366
-350
-326
-297
-267
-248
-235
-212
-178
-145
-114
-80
-54
-39
-18
5
22
38
57
71
74
75
78
73
72
85
95
90
77
66
54
54
79
103
104
92
81
76
88
126
165
179
173
168
169
185
220
259
277
278
278
284
293
311
334
353
367
378
385
386
386
395
417
443
464
474
472
462
456
466
485
500
503
491
463
430
404
384
364
342
312
263
193
119
54
0
-43
-85
-138
-212
-301
-381
-436
-464
-480
-503
-540
-590
-631
-646
-630
-594
-561
-538
-526
-509
-474
-415
-343
-270
-207
-155
-110
-59
2
72
142
200
243
272
298
324
358
392
411
414
406
393
376
360
346
324
292
255
211
161
108
62
16
-32
-79
-130
-188
-252
-312
-356
-390
-418
-448
-489
-538
-579
-597
-592
-577
-568
-574
-587
-588
-564
-513
-458
-418
-392
-366
-329
-277
-209
-141
-93
-58
-22
17
64
116
164
196
212
220
232
248
275
300
303
279
249
234
240
253
261
248
205
158
136
146
168
177
150
108
83
82
96
108
115
114
107
104
100
97
103
126
162
188
188
163
142
155
206
265
286
265
230
216
243
290
316
302
263
236
237
254
244
188
114
74
86
96
40
-79
-193
-251
-256
-249
-281
-381
-525
-634
-654
-613
-598
-657
-761
-843
-863
-827
-775
-747
-759
-794
-803
-756
-673
-601
-556
-523
-479
-422
-361
-290
-216
-146
-80
-17
43
91
131
179
243
311
360
381
384
388
409
447
483
488
455
410
388
390
391
366
313
242
183
147
128
99
34
-57
-140
-182
-190
-203
-254
-337
-410
-441
-427
-401
-397
-430
-476
-489
-447
-377
-321
-302
-301
-282
-229
-149
-73
-18
20
54
100
159
222
276
312
340
369
396
416
432
449
469
476
463
439
424
428
431
421
392
352
321
310
309
301
275
239
213
207
211
212
205
190
184
189
203
212
216
237
271
291
287
287
319
371
410
420
418
430
448
464
479
491
488
464
457
474
453
360
269
273
330
312
177
15
-78
-97
-95
-111
-181
-324
-501
-605
-577
-508
-540
-680
-809
-849
-834
-812
-788
-772
-792
-834
-834
-764
-677
-625
-594
-537
-464
-406
-368
-301
-190
-77
-4
41
82
132
200
296
400
461
464
450
474
542
616
648
630
592
568
569
579
582
556
496
427
371
331
293
248
191
116
27
-59
-126
-170
-200
-246
-326
-421
-491
-515
-505
-498
-527
-583
-626
-619
-564
-507
-473
-465
-458
-428
-358
-263
-181
-131
-95
-51
12
87
165
236
287
311
326
356
407
456
483
481
464
450
452
462
466
454
425
386
356
342
338
326
307
285
262
238
225
225
236
251
258
247
230
231
273
329
357
353
347
370
413
447
468
497
525
522
495
494
523
544
538
520
484
400
300
279
350
371
224
-1
-119
-97
-74
-143
-265
-386
-517
-642
-689
-660
-673
-801
-951
-1011
-1004
-1020
-1062
-1062
-1033
-1052
-1117
-1131
-1055
-965
-928
-910
-863
-814
-787
-735
-612
-478
-417
-416
-386
-293
-187
-107
-36
28
62
67
100
187
274
300
283
276
291
303
308
320
325
292
227
171
142
118
83
44
-6
-93
-210
-300
-320
-310
-349
-455
-576
-661
-687
-668
-643
-666
-750
-834
-839
-767
-687
-649
-655
-663
-642
-571
-455
-337
-267
-241
-206
-124
-8
102
192
262
308
337
381
460
546
598
606
596
589
595
611
635
645
614
551
497
485
495
494
465
419
367
329
325
343
354
342
318
298
292
304
350
406
424
397
378
419
495
541
549
562
589
597
589
607
656
674
653
643
649
600
492
447
537
617
512
274
128
166
240
206
91
-23
-145
-270
-318
-260
-229
-345
-526
-606
-577
-563
-606
-622
-590
-597
-674
-714
-641
-529
-484
-484
-456
-413
-393
-355
-236
-84
-20
-49
-51
33
155
246
310
360
379
369
391
478
574
600
567
537
533
537
539
551
547
495
405
330
291
267
227
168
84
-34
-156
-231
-247
-267
-352
-484
-606
-677
-699
-691
-701
-771
-876
-936
-912
-846
-816
-828
-840
-831
-798
-736
-644
-556
-504
-481
-436
-349
-244
-150
-71
-4
41
74
129
219
308
352
354
353
370
401
439
467
463
424
383
372
387
393
372
336
297
260
234
230
234
225
198
169
145
128
138
185
229
210
150
142
218
301
317
291
293
329
354
370
399
418
390
363
404
454
387
237
191
309
391
268
38
-69
-22
22
-26
-119
-222
-353
-470
-480
-409
-420
-571
-731
-761
-715
-727
-786
-799
-769
-787
-851
-863
-789
-708
-682
-672
-638
-602
-580
-524
-404
-285
-248
-265
-236
-139
-25
54
110
153
178
201
257
347
420
441
432
436
462
485
499
512
514
478
418
375
363
360
328
259
163
68
13
-2
-24
-99
-218
-322
-378
-396
-409
-445
-518
-608
-665
-658
-615
-601
-639
-678
-670
-625
-577
-535
-485
-437
-398
-357
-289
-201
-118
-50
12
72
121
171
242
334
395
407
401
422
472
518
539
538
512
479
467
484
502
486
439
388
355
349
353
350
322
276
238
232
249
258
252
249
245
231
229
274
337
351
315
303
354
416
432
421
421
423
418
437
485
478
367
263
301
420
412
231
60
51
117
110
17
-79
-163
-260
-328
-318
-289
-357
-506
-600
-590
-570
-614
-665
-662
-650
-693
-746
-723
-647
-604
-605
-596
-555
-523
-501
-434
-318
-235
-231
-242
-182
-66
29
81
126
170
199
231
303
401
457
452
443
473
522
546
551
557
557
525
478
449
443
429
387
321
237
149
92
75
59
-17
-142
-254
-304
-305
-312
-357
-444
-542
-594
-576
-528
-517
-561
-611
-617
-571
-509
-452
-411
-385
-363
-316
-233
-135
-56
1
52
105
159
226
310
390
435
444
448
480
536
587
604
586
553
534
543
568
575
539
482
438
422
421
417
399
359
310
275
267
275
283
286
275
244
212
226
293
354
349
298
285
338
401
425
422
410
385
366
409
478
452
309
202
259
373
340
148
-8
-17
27
5
-77
-161
-259
-380
-450
-418
-387
-471
-629
-713
-696
-685
-728
-762
-750
-749
-803
-842
-799
-716
-679
-688
-672
-622
-586
-558
-488
-380
-310
-307
-305
-240
-138
-57
-5
40
75
90
121
201
297
342
325
313
341
385
412
424
432
418
370
320
302
304
287
235
162
78
-7
-73
-98
-117
-184
-297
-410
-481
-507
-514
-531
-589
-688
-770
-774
-719
-679
-700
-746
-762
-732
-668
-592
-523
-484
-476
-446
-361
-245
-150
-91
-43
9
63
124
208
295
350
361
360
382
432
481
511
514
487
450
439
464
498
492
439
370
333
345
381
386
330
257
226
242
267
277
272
253
219
204
241
312
345
316
286
312
374
404
400
404
409
388
380
432
473
390
231
185
305
392
274
43
-79
-47
-1
-37
-119
-218
-361
-496
-516
-425
-402
-548
-733
-789
-741
-717
-750
-766
-757
-787
-844
-835
-735
-645
-633
-642
-602
-539
-501
-453
-344
-225
-178
-190
-168
-76
35
119
178
220
241
255
306
403
489
510
490
488
512
538
560
580
576
523
446
405
413
416
364
267
163
79
24
-4
-30
-95
-216
-349
-429
-438
-423
-446
-530
-645
-719
-709
-642
-602
-631
-688
-701
-653
-574
-499
-439
-398
-366
-323
-239
-124
-17
55
103
150
209
284
376
460
502
505
511
542
586
622
641
642
615
573
552
569
593
579
524
466
435
430
430
422
400
367
328
303
312
347
375
359
319
313
371
438
456
439
447
492
526
534
539
547
533
519
553
594
528
357
257
344
471
401
146
-56
-77
-25
-31
-103
-208
-374
-570
-656
-572
-480
-576
-805
-950
-936
-885
-888
-895
-873
-896
-980
-1011
-902
-744
-685
-705
-685
-608
-542
-488
-376
-219
-128
-138
-140
-48
90
187
253
315
357
354
357
432
555
619
587
525
506
525
547
557
543
479
371
273
234
235
215
131
-11
-166
-267
-283
-260
-299
-440
-617
-728
-729
-673
-653
-720
-848
-951
-946
-850
-755
-739
-783
-816
-789
-699
-575
-458
-387
-365
-350
-279
-143
6
105
145
166
208
277
360
439
491
504
488
477
491
524
557
562
533
484
438
418
426
445
443
397
318
261
272
327
350
309
257
255
297
327
342
378
434
461
451
464
541
628
652
629
625
642
637
634
685
706
568
336
263
418
526
343
-5
-203
-182
-133
-183
-292
-428
-643
-873
-925
-777
-683
-846
-1122
-1240
-1178
-1107
-1087
-1040
-991
-1047
-1157
-1124
-904
-695
-647
-669
-615
-503
-413
-315
-144
34
102
83
115
252
402
492
559
628
658
638
643
729
835
860
804
743
710
681
654
647
633
547
384
233
167
157
117
0
-168
-337
-442
-470
-468
-513
-637
-795
-896
-890
-817
-769
-815
-921
-984
-934
-800
-682
-645
-666
-661
-585
-456
-311
-187
-112
-80
-41
56
195
320
393
429
451
481
525
585
638
656
634
603
588
586
589
589
574
534
476
431
418
426
431
414
374
330
317
341
373
399
428
457
464
464
509
623
733
764
751
789
875
926
928
948
991
978
909
892
921
822
566
400
502
640
463
19
-294
-305
-230
-286
-429
-584
-829
-1155
-1305
-1131
-907
-1003
-1367
-1611
-1570
-1424
-1334
-1247
-1146
-1165
-1313
-1338
-1072
-708
-542
-565
-551
-416
-267
-141
53
297
428
401
388
515
696
797
836
899
959
936
864
860
935
980
931
838
755
657
537
450
421
369
222
14
-155
-264
-353
-452
-553
-655
-773
-899
-994
-1037
-1048
-1067
-1098
-1123
-1129
-1120
-1101
-1068
-1012
-932
-848
-786
-750
-699
-592
-444
-317
-235
-167
-87
1
98
204
305
371
394
409
440
484
516
524
516
495
458
419
397
396
396
378
334
283
248
239
248
266
280
269
235
214
244
308
367
405
441
479
503
535
629
770
878
909
924
986
1059
1088
1109
1171
1217
1162
1055
1005
960
785
536
440
535
527
193
-284
-563
-582
-551
-619
-769
-1001
-1337
-1650
-1715
-1521
-1347
-1434
-1709
-1920
-1942
-1816
-1605
-1374
-1247
-1290
-1384
-1312
-1019
-665
-415
-287
-205
-115
12
210
465
687
795
831
877
957
1036
1092
1137
1176
1187
1155
1091
1015
930
857
803
759
679
531
335
147
12
-74
-146
-249
-405
-605
-802
-937
-996
-1004
-1012
-1055
-1137
-1231
-1281
-1250
-1148
-1027
-940
-910
-922
-922
-853
-699
-518
-387
-337
-323
-288
-204
-71
79
209
281
291
286
316
391
474
524
531
503
452
394
364
370
379
361
310
249
203
189
206
238
262
264
248
238
259
318
387
433
450
470
505
555
620
698
760
788
808
870
983
1090
1149
1173
1199
1228
1250
1286
1347
1384
1330
1199
1063
926
735
512
386
405
396
141
-334
-761
-923
-867
-792
-845
-1060
-1382
-1685
-1827
-1759
-1575
-1444
-1469
-1623
-1773
-1781
-1599
-1316
-1075
-962
-928
-859
-685
-441
-200
7
195
369
524
670
805
910
980
1043
1135
1246
1322
1312
1217
1099
1035
1040
1062
1033
917
729
534
394
318
267
183
42
-139
-321
-460
-547
-607
-691
-817
-955
-1046
-1067
-1056
-1055
-1069
-1067
-1022
-950
-881
-828
-778
-712
-625
-532
-438
-357
-296
-259
-225
-164
-63
44
119
150
159
183
229
281
324
352
365
363
352
341
329
312
294
283
282
278
261
240
234
255
303
358
404
420
419
416
427
451
476
497
516
522
502
464
438
444
466
457
401
332
308
349
404
407
338
260
236
273
315
320
292
261
240
208
143
43
-70
-154
-174
-127
-72
-95
-235
-429
-565
-574
-493
-424
-441
-543
-666
-737
-738
-707
-700
-734
-772
-764
-694
-605
-548
-547
-571
-573
-517
-403
-273
-177
-138
-139
-146
-132
-96
-60
-41
-37
-36
-24
-2
15
16
-8
-37
-50
-27
22
71
90
72
44
39
62
100
126
130
120
108
111
123
133
119
76
21
-10
-7
12
21
4
-37
-81
-111
-122
-131
-149
-174
-201
-222
-237
-247
-260
-277
-300
-316
-318
-302
-277
-258
-247
-243
-237
-216
-183
-146
-113
-82
-48
-11
26
58
87
115
143
170
199
231
255
271
281
291
301
310
316
318
320
320
318
317
313
305
291
278
265
253
237
217
190
165
143
129
121
118
113
105
96
89
91
99
106
107
108
116
134
154
168
174
178
183
196
217
237
252
259
262
259
251
238
221
206
195
192
188
171
137
88
39
1
-29
-53
-79
-107
-140
-170
-193
-209
-225
-244
-259
-259
-241
-210
-171
-141
-129
-133
-143
-141
-119
-83
-51
-35
-37
-45
-48
-41
-28
-16
-9
-2
11
31
49
55
49
43
41
47
61
70
69
63
61
61
60
52
32
7
-11
-17
-12
-4
-6
-19
-39
-54
-60
-56
-53
-58
-74
-90
-95
-89
-83
-85
-99
-114
-122
-114
-93
-71
-58
-55
-57
-54
-40
-22
-2
16
27
35
47
60
72
83
94
102
107
107
107
112
116
118
114
111
107
97
81
66
54
44
38
30
19
5
-3
-3
4
3
-13
-32
-34
-16
11
30
34
28
30
47
74
101
115
121
132
153
177
194
202
209
219
238
260
276
284
281
271
253
236
216
191
158
118
74
31
0
-27
-53
-86
-132
-186
-238
-274
-298
-317
-338
-366
-394
-413
-421
-419
-418
-423
-424
-413
-388
-354
-322
-297
-284
-273
-253
-221
-181
-144
-114
-89
-72
-54
-35
-18
0
20
36
49
60
72
87
99
103
93
75
61
59
68
73
62
35
6
-11
-16
-22
-42
-71
-97
-106
-95
-76
-67
-79
-105
-132
-150
-158
-159
-155
-150
-147
-168
-217
-287
-338
-328
-260
-179
-140
-165
-214
-233
-188
-97
-11
41
56
63
83
116
146
169
184
195
191
169
136
111
104
109
104
84
62
59
81
103
97
50
-10
-32
13
106
190
215
176
116
81
99
162
238
295
325
339
355
383
417
448
478
526
599
685
752
771
737
684
664
695
752
786
762
685
577
449
297
122
-42
-154
-204
-223
-277
-400
-573
-741
-856
-914
-947
-982
-1010
-1009
-970
-915
-877
-869
-863
-821
-718
-570
-418
-290
-194
-117
-41
38
121
205
295
387
470
536
578
597
598
588
565
535
508
484
463
426
363
268
156
51
-32
-94
-149
-213
-289
-363
-421
-463
-501
-555
-621
-676
-687
-637
-549
-467
-423
-414
-403
-358
-280
-197
-141
-118
-107
-83
-45
-17
-21
-50
-75
-59
-5
57
94
90
60
35
30
46
64
76
76
63
38
6
-24
-41
-42
-27
-1
29
70
115
161
200
228
253
280
323
376
431
481
524
561
592
609
609
589
563
554
581
648
750
865
965
1026
1040
1023
1000
998
1025
1077
1139
1193
1211
1142
931
560
93
-346
-641
-772
-820
-898
-1053
-1238
-1374
-1443
-1505
-1636
-1832
-2004
-2044
-1921
-1697
-1478
-1320
-1205
-1077
-903
-706
-523
-374
-243
-99
78
293
531
760
938
1034
1048
1018
990
989
988
948
853
731
629
561
490
357
146
-99
-309
-443
-524
-601
-701
-805
-879
-904
-895
-886
-895
-911
-912
-884
-832
-768
-702
-627
-532
-402
-246
-84
56
154
213
243
250
237
200
134
50
-35
-110
-168
-214
-256
-294
-326
-345
-350
-345
-342
-343
-350
-353
-347
-326
-294
-257
-211
-155
-90
-10
78
168
260
352
448
550
656
759
846
909
949
974
989
988
964
920
868
831
819
823
821
814
816
850
912
975
1014
1035
1069
1149
1273
1412
1522
1573
1539
1387
1085
632
96
-406
-790
-1044
-1237
-1425
-1596
-1697
-1696
-1651
-1654
-1757
-1919
-2049
-2084
-2027
-1919
-1782
-1603
-1350
-1025
-663
-308
-4
233
397
500
578
675
816
987
1139
1248
1330
1416
1500
1536
1460
1260
983
702
455
239
27
-186
-378
-520
-611
-675
-745
-841
-959
-1084
-1188
-1252
-1259
-1219
-1147
-1048
-911
-731
-520
-314
-160
-68
-15
44
131
233
317
368
399
425
453
453
391
256
69
-125
-298
-439
-553
-643
-702
-719
-688
-624
-547
-483
-443
-423
-411
-396
-367
-318
-249
-156
-30
124
302
482
645
780
889
981
1054
1102
1124
1124
1117
1117
1122
1119
1098
1055
999
945
891
834
774
725
703
717
768
844
941
1056
1188
1327
1463
1597
1714
1771
1709
1469
1043
501
-46
-510
-885
-1212
-1517
-1759
-1867
-1818
-1681
-1574
-1572
-1658
-1765
-1832
-1848
-1830
-1791
-1711
-1555
-1292
-924
-490
-52
326
611
807
945
1049
1120
1146
1125
1089
1082
1135
1232
1316
1336
1271
1135
946
717
439
112
-244
-588
-869
-1060
-1162
-1198
-1199
-1178
-1136
-1083
-1023
-979
-961
-964
-967
-934
-836
-671
-461
-236
-23
169
336
469
551
567
517
414
291
176
76
-17
-116
-220
-320
-405
-482
-564
-661
-766
-863
-941
-984
-992
-964
-899
-799
-665
-512
-355
-210
-84
25
124
217
308
398
494
594
698
809
915
1004
1074
1117
1131
1119
1082
1017
927
818
706
610
542
505
491
499
531
587
664
746
827
915
1019
1140
1275
1420
1566
1693
1758
1701
1486
1107
615
87
-434
-924
-1385
-1793
-2088
-2222
-2205
-2102
-1983
-1885
-1805
-1734
-1677
-1643
-1634
-1643
-1639
-1579
-1420
-1145
-781
-371
43
447
827
1159
1416
1571
1615
1560
1442
1301
1170
1060
966
882
807
745
682
599
464
267
9
-284
-587
-876
-1136
-1355
-1513
-1595
-1593
-1513
-1370
-1184
-985
-791
-617
-460
-318
-199
-107
-36
29
105
195
288
381
468
540
583
592
567
508
397
235
34
-176
-379
-566
-734
-866
-945
-972
-961
-915
-844
-755
-668
-593
-526
-463
-401
-348
-298
-226
-124
5
147
298
457
619
768
895
994
1061
1088
1077
1036
986
934
876
815
754
704
668
647
640
638
636
633
639
661
693
734
788
870
993
1146
1320
1511
1712
1899
2034
2078
1988
1735
1328
811
257
-296
-843
-1374
-1835
-2151
-2292
-2288
-2198
-2062
-1892
-1713
-1549
-1418
-1322
-1269
-1272
-1312
-1335
-1278
-1127
-901
-616
-270
135
566
979
1346
1649
1857
1938
1893
1764
1589
1376
1128
871
643
471
346
253
183
121
44
-68
-214
-385
-578
-801
-1042
-1266
-1438
-1544
-1582
-1547
-1427
-1233
-990
-720
-431
-142
114
314
450
534
564
537
468
387
310
236
160
106
83
78
61
18
-43
-123
-238
-396
-576
-744
-897
-1031
-1136
-1178
-1147
-1066
-955
-810
-630
-434
-259
-116
9
122
209
261
295
338
396
457
523
608
713
819
898
949
981
987
950
872
772
663
545
420
314
246
216
212
240
313
429
559
681
814
972
1140
1294
1434
1578
1721
1832
1881
1852
1728
1475
1088
620
135
-352
-868
-1394
-1847
-2158
-2333
-2421
-2431
-2345
-2181
-1989
-1805
-1609
-1406
-1250
-1179
-1153
-1096
-995
-881
-764
-593
-333
-16
307
642
1004
1358
1628
1786
1862
1882
1818
1640
1379
1093
808
515
227
-10
-181
-314
-442
-546
-609
-646
-705
-801
-907
-1002
-1097
-1195
-1271
-1297
-1268
-1201
-1093
-918
-673
-393
-118
143
392
605
752
822
828
785
685
533
358
196
53
-87
-218
-318
-382
-431
-488
-550
-602
-654
-721
-800
-869
-913
-939
-950
-929
-858
-743
-607
-461
-293
-102
90
259
404
534
644
719
758
783
806
820
815
803
804
819
826
816
801
780
746
685
608
536
475
414
353
319
329
375
439
522
645
824
1027
1224
1420
1632
1845
2006
2077
2058
1939
1686
1291
804
297
-221
-782
-1350
-1824
-2135
-2315
-2419
-2436
-2321
-2111
-1884
-1666
-1423
-1162
-967
-884
-851
-789
-706
-657
-627
-529
-333
-89
164
466
842
1228
1536
1756
1937
2071
2092
1963
1734
1462
1148
775
385
47
-226
-466
-674
-807
-845
-830
-821
-817
-793
-760
-757
-796
-843
-873
-900
-934
-942
-884
-756
-594
-408
-177
98
368
594
772
912
998
993
897
752
582
376
132
-116
-323
-489
-635
-764
-845
-872
-875
-879
-873
-841
-797
-767
-750
-718
-659
-592
-529
-455
-348
-213
-76
56
198
351
494
610
702
784
854
891
895
887
878
861
824
775
732
695
648
585
523
477
435
390
352
347
375
412
452
525
655
820
982
1145
1335
1546
1719
1810
1828
1778
1614
1298
874
421
-46
-573
-1146
-1657
-2023
-2275
-2466
-2568
-2518
-2336
-2117
-1894
-1620
-1285
-991
-817
-717
-602
-480
-431
-452
-444
-348
-217
-92
75
350
685
983
1225
1466
1711
1874
1890
1792
1640
1425
1109
717
323
-34
-379
-715
-988
-1147
-1216
-1240
-1229
-1158
-1032
-900
-792
-706
-626
-571
-561
-579
-587
-571
-543
-506
-434
-308
-142
39
224
414
594
733
812
834
803
709
542
318
71
-183
-442
-696
-917
-1079
-1179
-1229
-1228
-1171
-1063
-927
-784
-642
-495
-356
-248
-171
-109
-48
10
54
97
153
231
317
404
498
607
716
808
875
929
970
979
950
895
825
740
638
531
439
373
324
294
296
334
398
482
599
754
928
1095
1266
1451
1626
1743
1785
1754
1635
1398
1052
645
213
-260
-779
-1282
-1682
-1970
-2182
-2326
-2354
-2256
-2084
-1887
-1650
-1353
-1053
-827
-676
-538
-389
-284
-256
-252
-205
-117
-28
70
236
474
721
937
1151
1392
1608
1729
1746
1699
1604
1425
1149
820
482
139
-215
-554
-823
-1007
-1133
-1212
-1227
-1164
-1048
-918
-791
-662
-535
-436
-373
-331
-299
-275
-265
-251
-212
-143
-57
40
154
287
421
536
620
669
683
644
548
403
227
23
-208
-447
-663
-841
-981
-1083
-1133
-1118
-1046
-941
-815
-665
-497
-338
-201
-84
21
109
171
208
244
287
333
372
415
474
549
622
685
744
804
846
863
856
835
797
733
653
570
497
429
374
337
326
340
379
455
575
721
875
1043
1234
1431
1591
1691
1726
1682
1528
1258
911
516
62
-453
-983
-1446
-1809
-2098
-2315
-2423
-2393
-2262
-2077
-1838
-1528
-1188
-894
-673
-480
-293
-155
-105
-113
-114
-92
-74
-53
17
163
347
531
730
974
1231
1429
1548
1608
1619
1552
1382
1130
835
503
133
-249
-597
-885
-1118
-1302
-1411
-1426
-1360
-1244
-1096
-919
-727
-549
-398
-277
-183
-125
-107
-115
-124
-129
-128
-120
-91
-32
49
141
239
335
418
470
476
441
362
237
65
-146
-368
-584
-788
-973
-1118
-1205
-1231
-1205
-1133
-1014
-857
-680
-503
-333
-169
-24
89
168
223
266
296
308
315
329
361
401
445
497
559
621
672
706
730
737
723
685
632
577
520
459
404
363
339
340
370
440
543
670
816
988
1175
1346
1474
1541
1535
1438
1239
953
598
178
-301
-809
-1284
-1686
-2014
-2270
-2431
-2469
-2394
-2232
-1997
-1692
-1345
-1008
-713
-451
-212
-24
81
109
104
95
75
48
45
92
185
305
458
660
893
1111
1285
1417
1508
1536
1476
1323
1100
818
482
115
-254
-599
-906
-1167
-1361
-1467
-1485
-1428
-1314
-1150
-948
-726
-509
-309
-137
-7
80
128
147
142
120
86
55
44
53
82
124
180
240
296
335
352
339
288
191
63
-88
-256
-431
-606
-763
-884
-965
-1005
-1003
-954
-863
-743
-601
-447
-288
-135
-2
109
202
279
340
379
407
435
467
499
533
570
610
652
686
712
729
737
727
701
669
633
595
557
520
491
477
489
529
598
687
795
923
1071
1223
1352
1439
1468
1422
1290
1081
804
466
62
-390
-842
-1255
-1607
-1902
-2126
-2253
-2276
-2207
-2058
-1831
-1541
-1227
-925
-641
-367
-123
62
173
227
254
254
233
205
196
215
257
329
447
608
790
957
1106
1239
1340
1385
1357
1258
1094
865
579
261
-66
-391
-704
-981
-1195
-1333
-1397
-1395
-1327
-1200
-1025
-819
-599
-380
-179
-13
119
217
278
300
285
248
198
149
107
74
53
45
52
68
86
100
99
74
27
-42
-131
-238
-360
-489
-611
-716
-799
-857
-885
-878
-839
-769
-676
-564
-438
-307
-181
-58
57
164
252
321
379
427
467
499
521
540
558
570
576
577
572
561
541
515
486
457
431
408
389
376
377
399
445
512
598
698
815
947
1081
1195
1272
1298
1261
1148
969
729
428
65
-342
-756
-1140
-1478
-1770
-2002
-2152
-2207
-2178
-2069
-1884
-1639
-1365
-1089
-816
-546
-296
-98
37
122
175
202
202
187
182
190
215
265
353
482
627
771
909
1041
1154
1225
1238
1192
1088
925
706
447
166
-131
-428
-708
-945
-1124
-1243
-1301
-1300
-1235
-1112
-950
-759
-553
-346
-154
10
147
252
322
353
350
325
289
243
195
151
116
92
76
66
59
51
33
1
-44
-100
-168
-252
-344
-437
-517
-589
-648
-688
-704
-695
-661
-607
-533
-441
-339
-231
-120
-9
98
197
280
354
422
483
531
568
600
626
647
659
661
656
642
619
590
560
528
495
462
434
416
406
414
443
494
565
653
757
877
1004
1118
1205
1252
1243
1171
1032
834
578
266
-95
-476
-844
-1179
-1474
-1720
-1895
-1987
-1996
-1932
-1793
-1588
-1344
-1084
-821
-557
-307
-95
63
174
246
285
291
277
258
247
249
269
321
410
524
649
778
911
1033
1129
1180
1179
1126
1018
853
644
399
133
-146
-422
-673
-883
-1041
-1147
-1195
-1185
-1114
-992
-832
-648
-448
-251
-67
96
231
331
395
422
418
393
351
296
237
181
132
92
63
38
20
4
-19
-48
-85
-132
-191
-261
-339
-413
-483
-549
-604
-643
-663
-661
-640
-600
-541
-466
-379
-284
-184
-81
20
113
200
282
356
420
472
513
548
576
596
604
602
594
578
555
527
498
467
437
409
387
373
369
379
408
458
523
600
691
795
900
993
1058
1084
1063
987
853
665
424
131
-200
-545
-877
-1180
-1450
-1673
-1829
-1911
-1919
-1854
-1724
-1538
-1317
-1079
-832
-584
-351
-155
-3
107
185
229
242
234
219
206
202
215
255
326
417
519
628
745
854
939
987
992
952
860
722
539
324
85
-168
-420
-652
-850
-1006
-1115
-1173
-1174
-1119
-1015
-875
-706
-521
-331
-149
16
158
268
341
378
386
369
330
277
211
148
90
42
2
-29
-54
-75
-95
-115
-139
-169
-209
-260
-313
-370
-424
-478
-527
-567
-589
-596
-587
-560
-514
-452
-378
-294
-199
-103
-5
89
179
260
336
402
456
501
537
566
580
586
585
577
562
539
512
485
459
434
412
395
384
382
392
419
464
526
596
678
771
867
954
1018
1050
1037
977
865
704
492
233
-64
-377
-686
-976
-1237
-1460
-1626
-1726
-1760
-1727
-1631
-1480
-1293
-1081
-854
-624
-401
-204
-48
72
162
220
248
255
251
244
242
251
286
343
421
511
611
718
820
907
961
982
962
895
782
628
439
223
-10
-247
-471
-668
-831
-954
-1028
-1051
-1024
-952
-842
-701
-542
-376
-212
-58
77
186
266
316
339
339
320
285
243
196
152
112
78
49
25
2
-21
-45
-74
-110
-153
-201
-255
-309
-365
-416
-465
-502
-526
-534
-528
-505
-470
-420
-357
-284
-205
-122
-38
43
123
198
268
332
387
435
475
511
538
556
567
573
571
564
551
534
515
492
471
448
429
415
407
410
428
462
507
569
638
718
797
863
909
926
904
836
723
563
358
114
-159
-440
-715
-972
-1201
-1388
-1522
-1596
-1607
-1562
-1462
-1318
-1141
-945
-738
-526
-331
-162
-22
86
167
217
240
245
240
235
233
242
271
319
382
458
544
634
717
785
825
837
813
748
643
502
330
136
-71
-280
-476
-650
-793
-899
-957
-975
-944
-873
-769
-640
-495
-344
-194
-59
59
152
218
257
272
265
238
196
149
99
51
6
-34
-68
-94
-116
-136
-154
-173
-199
-228
-262
-296
-335
-376
-416
-453
-483
-502
-511
-510
-495
-467
-423
-369
-305
-231
-152
-71
10
90
166
233
290
341
378
408
429
440
442
440
433
422
410
395
381
366
352
341
331
326
322
323
334
352
382
422
471
530
593
657
715
759
781
774
732
652
533
376
186
-32
-266
-504
-735
-946
-1129
-1273
-1371
-1418
-1416
-1363
-1268
-1138
-981
-806
-627
-448
-283
-138
-19
76
146
193
220
233
238
245
256
276
309
356
412
478
549
618
680
725
748
744
710
645
547
420
272
106
-66
-235
-392
-530
-640
-716
-756
-756
-720
-651
-557
-442
-316
-187
-62
48
140
208
253
274
273
252
217
172
124
76
32
-6
-37
-61
-80
-95
-107
-121
-138
-159
-184
-212
-244
-278
-311
-341
-364
-379
-386
-382
-368
-342
-305
-259
-204
-145
-81
-16
47
109
168
221
266
302
332
355
368
375
376
373
367
359
350
344
339
336
334
334
336
339
342
347
358
370
388
413
445
484
528
576
622
662
691
699
687
644
570
467
331
170
-11
-206
-404
-596
-773
-923
-1041
-1123
-1163
-1162
-1121
-1043
-935
-802
-656
-502
-350
-209
-82
23
108
169
207
229
235
232
225
219
218
225
242
269
306
348
389
427
455
470
467
442
397
331
244
145
37
-73
-178
-273
-350
-403
-431
-429
-400
-343
-265
-171
-65
43
147
240
312
364
391
391
366
318
252
170
81
-10
-96
-178
-249
-306
-349
-380
-397
-404
-404
-400
-395
-389
-384
-383
-380
-379
-374
-364
-349
-327
-296
-255
-207
-154
-94
-33
28
89
144
193
234
266
288
300
302
296
284
262
238
212
187
164
146
134
129
132
142
160
183
209
239
269
299
327
355
378
400
422
441
463
483
505
523
537
544
541
521
485
426
345
241
114
-31
-188
-352
-515
-671
-809
-922
-1006
-1057
-1069
-1044
-987
-898
-785
-651
-505
-356
-211
-76
44
143
220
274
304
313
301
276
242
201
160
121
87
63
48
41
41
48
56
62
64
60
50
29
1
-33
-70
-109
-144
-171
-187
-189
-173
-141
-91
-25
49
131
214
293
361
414
447
455
439
399
334
250
148
37
-78
-191
-298
-392
-469
-527
-565
-581
-580
-561
-529
-488
-442
-392
-344
-299
-257
-221
-188
-162
-135
-111
-86
-60
-32
-2
30
62
95
125
152
173
190
200
202
198
188
173
153
132
111
92
75
65
63
68
84
108
142
183
230
281
332
383
427
467
497
519
532
537
534
524
512
496
480
464
444
424
400
369
329
277
213
133
40
-66
-181
-301
-421
-536
-636
-720
-781
-814
-820
-794
-740
-662
-560
-441
-313
-183
-54
65
169
251
312
348
360
345
313
261
197
127
56
-12
-70
-117
-150
-166
-166
-153
-129
-96
-60
-21
13
42
64
79
87
89
87
86
87
94
106
127
157
193
234
279
321
357
384
398
396
376
336
278
204
118
21
-81
-181
-276
-361
-433
-488
-525
-542
-542
-526
-496
-454
-405
-353
-300
-250
-203
-162
-127
-101
-80
-64
-54
-45
-39
-34
-29
-22
-16
-8
0
9
17
25
31
35
39
40
39
39
39
41
46
53
65
83
104
131
162
197
234
273
310
345
376
400
416
425
425
418
401
380
354
323
294
264
238
215
193
176
157
140
118
93
60
18
-32
-92
-157
-229
-302
-373
-438
-493
-533
-558
-565
-551
-518
-467
-402
-325
-242
-157
-73
0
64
112
144
159
155
133
99
52
0
-55
-107
-154
-192
-220
-232
-230
-215
-188
-151
-108
-64
-19
22
58
86
104
117
121
119
113
107
100
98
98
104
115
128
144
161
177
187
192
188
173
149
112
65
9
-51
-117
-183
-246
-304
-354
-391
-416
-427
-426
-411
-388
-353
-314
-271
-228
-186
-150
-118
-93
-75
-64
-58
-57
-61
-66
-73
-80
-84
-87
-87
-83
-76
-67
-55
-41
-28
-12
5
21
35
49
64
76
90
103
116
130
145
159
176
194
211
229
247
261
274
283
288
290
286
277
264
246
227
207
183
162
142
125
111
101
95
92
88
87
83
78
69
53
33
7
-23
-59
-96
-134
-171
-202
-227
-246
-253
-250
-239
-217
-187
-153
-115
-76
-40
-7
18
37
48
48
42
28
7
-15
-39
-63
-83
-98
-105
-106
-101
-86
-65
-39
-11
19
48
75
97
115
127
132
132
127
118
107
95
84
75
70
65
64
66
70
76
82
86
87
84
78
68
51
31
5
-22
-54
-87
-120
-149
-178
-201
-218
-231
-237
-236
-228
-216
-198
-176
-152
-128
-104
-82
-63
-48
-37
-31
-30
-32
-36
-45
-54
-62
-70
-75
-76
-74
-68
-57
-45
-28
-9
13
35
58
80
100
116
132
146
156
163
169
173
176
180
182
184
187
191
192
196
198
197
196
194
186
177
168
153
141
127
112
98
87
79
74
71
74
80
86
95
102
110
113
113
107
96
79
57
29
-2
-36
-70
-103
-134
-158
-179
-193
-197
-197
-189
-176
-157
-137
-116
-94
-74
-57
-43
-36
-30
-31
-35
-42
-49
-59
-67
-74
-78
-77
-73
-66
-56
-42
-27
-13
4
16
26
35
37
37
35
29
22
13
5
-3
-9
-14
-15
-14
-10
-6
1
9
17
25
31
35
38
38
34
25
15
1
-19
-40
-64
-88
-113
-138
-160
-180
-195
-206
-209
-209
-203
-193
-179
-161
-141
-121
-102
-87
-72
-63
-58
-57
-58
-63
-68
-74
-80
-85
-85
-84
-79
-69
-57
-41
-24
-6
13
32
49
64
78
88
96
102
105
107
106
106
105
105
105
106
108
112
117
121
127
133
138
143
146
147
148
145
142
136
129
121
114
105
96
88
81
74
70
65
62
59
56
53
50
46
39
32
24
13
3
-8
-20
-33
-43
-52
-58
-64
-65
-64
-62
-57
-49
-41
-33
-24
-16
-10
-4
-1
1
0
-3
-7
-13
-20
-27
-35
-43
-49
-55
-59
-61
-63
-62
-58
-55
-50
-43
-37
-29
-23
-14
-8
0
5
11
15
19
23
25
28
28
29
28
27
24
20
16
9
2
-5
-14
-24
-33
-40
-48
-56
-60
-63
-65
-65
-64
-64
-61
-59
-57
-58
-57
-58
-59
-61
-61
-60
-61
-60
-57
-53
-46
-40
-34
-26
-18
-11
-4
2
6
9
11
14
14
17
19
20
24
29
35
41
48
58
68
78
88
99
108
118
125
131
136
138
139
139
136
132
127
122
117
111
106
100
97
92
90
86
84
80
77
73
68
64
60
56
50
47
43
40
37
35
33
30
28
25
23
19
16
12
8
2
-2
-7
-12
-18
-21
-27
-30
-33
-37
-39
-42
-43
-46
-49
-52
-53
-57
-59
-61
-65
-68
-70
-74
-76
-78
-78
-80
-79
-78
-77
-75
-73
-69
-68
-64
-64
-61
-61
-60
-60
-60
-62
-63
-66
-66
-68
-69
-70
-70
-69
-68
-68
-65
-63
-61
-58
-56
-54
-50
-48
-46
-45
-44
-44
-44
-43
-43
-43
-44
-44
-44
-45
-44
-44
-42
-41
-40
-38
-36
-36
-34
-31
-30
-28
-26
-25
-21
-18
-15
-11
-6
-2
1
6
11
16
20
23
26
30
33
34
36
36
37
38
39
39
38
38
39
39
40
40
40
40
42
43
44
46
48
49
50
53
54
56
55
57
57
58
58
58
59
58
58
57
56
55
52
49
46
42
37
31
25
18
12
6
0
-4
-9
-13
-17
-20
-22
-23
-25
-26
-27
-29
-28
-30
-33
-35
-37
-40
-44
-49
-53
-57
-61
-65
-67
-70
-72
-71
-71
-70
-69
-66
-63
-61
-58
-56
-53
-50
-49
-48
-48
-47
-47
-46
-45
-45
-43
-40
-38
-35
-31
-28
-23
-18
-14
-10
-5
-2
2
4
6
8
9
9
9
8
6
6
5
4
3
3
3
4
4
4
7
8
10
10
13
14
16
17
19
19
21
21
22
23
23
22
23
24
24
24
25
25
26
27
29
29
30
32
33
35
37
38
40
41
43
43
45
46
49
50
52
53
55
58
59
61
63
64
65
65
67
67
66
66
65
63
60
58
55
52
48
45
41
37
35
31
29
26
24
21
20
18
15
14
13
10
9
7
6
3
2
2
1
-1
-2
-3
-4
-4
-6
-7
-9
-10
-13
-15
-18
-21
-25
-28
-30
-34
-38
-41
-44
-46
-47
-48
-48
-48
-47
-45
-44
-41
-39
-37
-35
-33
-31
-30
-28
-29
-29
-29
-30
-30
-32
-31
-32
-33
-32
-33
-32
-31
-30
-29
-27
-26
-24
-22
-20
-18
-17
-15
-14
-12
-11
-11
-9
-9
0
0
0
0
0
0
0
0
0
0
0
0
0
0
0
0
0
0
0
0
0
0
0
0
0
0
0
0
0
0
0
0
0
0
0
0
0
0
0
0
0
0
0
0
0
0
0
0
0
0
0
0
0
0
0
0
0
0
0
0
0
0
0
0
0
0
0
0
0
0
0
0
0
0
0
0
0
0
0
0
0
0
0
0
0
0
0
0
0
0
0
0
0
0
0
0
0
0
0
0
0
0
0
0
0
0
0
0
0
0
0
0
0
0
0
0
0
0
0
0
0
0
0
0
0
0
0
0
0
0
0
0
0
0
0
0
0
0
0
0
0
0
0
0
0
0
0
0
0
0
0
0
0
0
0
0
0
0
0
0
0
0
0
0
0
0
0
0
0
0
0
0
0
0
0
0
0
0
0
0
0
0
0
0
0
0
0
0
0
0
0
0
0
0
0
0
0
0
