0
0
0
0
0
0
0
0
0
0
0
0
0
0
0
0
0
0
0
0
0
0
0
0
0
0
0
0
0
0
0
0
0
0
0
0
0
0
0
0
0
0
0
0
0
0
0
0
0
0
0
0
0
0
0
0
0
0
0
0
0
0
0
0
0
0
0
0
0
0
0
0
0
0
0
0
0
0
0
0
0
0
0
0
0
0
0
0
0
0
0
0
0
0
0
0
0
0
0
0
0
0
0
0
0
0
0
0
0
0
0
0
0
0
0
0
0
0
0
0
0
0
0
0
0
0
0
0
0
0
0
0
0
0
0
0
0
0
0
0
0
0
0
0
0
0
0
0
0
0
0
0
0
0
0
0
0
0
0
0
0
0
0
0
0
0
0
0
0
0
0
0
0
0
0
0
0
0
0
0
0
0
0
0
0
0
0
0
0
0
0
0
0
0
0
0
0
0
11
14
18
22
28
32
37
42
48
51
56
60
65
68
71
72
74
75
75
74
71
68
65
59
53
45
36
28
18
8
-3
-15
-26
-38
-50
-62
-74
-83
-95
-103
-112
-120
-125
-130
-134
-135
-137
-135
-132
-128
-121
-114
-106
-95
-84
-72
-58
-46
-32
-17
-2
11
25
39
53
66
76
88
97
106
113
119
124
127
129
130
128
126
124
118
113
106
99
90
81
71
61
49
38
27
14
3
-9
-21
-33
-44
-56
-67
-75
-86
-94
-102
-108
-114
-119
-124
-127
-128
-128
-128
-125
-124
-120
-114
-107
-101
-92
-81
-70
-59
-47
-35
-21
-7
5
19
32
45
58
69
81
92
100
107
115
120
123
126
128
126
125
122
117
111
105
97
88
79
70
60
50
41
29
20
11
3
-4
-11
-17
-21
-25
-27
-29
-28
-26
-25
-21
-17
-12
-7
-2
4
9
15
20
24
27
31
34
33
33
32
29
25
20
13
7
-1
-11
-20
-30
-41
-52
-64
-74
-85
-94
-103
-112
-119
-124
-130
-133
-134
-134
-133
-129
-125
-118
-111
-102
-93
-81
-70
-58
-46
-32
-20
-6
8
19
32
42
53
64
73
80
87
94
98
102
106
107
107
107
106
104
101
97
91
86
78
71
64
55
46
36
25
16
6
-4
-15
-26
-37
-48
-58
-68
-79
-87
-97
-104
-112
-118
-124
-128
-132
-134
-134
-135
-133
-131
-125
-121
-114
-106
-97
-86
-75
-62
-50
-37
-23
-9
4
18
34
46
59
73
85
95
106
115
123
129
136
141
144
145
147
146
143
140
136
132
125
117
110
100
91
82
72
62
52
43
34
24
18
12
4
-1
-4
-6
-10
-10
-9
-10
-7
-4
-1
2
6
11
14
17
22
25
28
29
32
32
31
30
26
21
16
11
3
-4
-11
-21
-31
-41
-50
-60
-70
-79
-87
-95
-101
-107
-111
-115
-116
-118
-117
-114
-111
-105
-99
-92
-84
-76
-67
-56
-47
-37
-27
-16
-6
3
12
20
28
36
43
49
55
60
64
67
69
71
73
73
72
71
70
67
64
61
57
54
49
44
39
33
29
22
15
8
3
-4
-11
-18
-24
-31
-38
-44
-51
-57
-62
-66
-71
-75
-77
-79
-80
-81
-80
-78
-76
-74
-70
-66
-62
-57
-51
-45
-39
-33
-25
-18
-13
-4
3
9
15
23
30
36
43
51
56
61
66
71
75
77
82
84
85
85
87
88
85
83
83
80
75
71
70
65
58
54
48
42
37
32
27
23
18
14
12
8
7
5
5
5
6
7
9
11
13
15
18
21
23
25
26
28
28
27
25
23
19
15
10
3
-4
-12
-21
-30
-39
-50
-60
-71
-80
-91
-98
-107
-113
-121
-126
-130
-133
-134
-135
-134
-132
-127
-122
-116
-109
-101
-91
-81
-72
-61
-50
-39
-28
-19
-9
0
9
17
22
31
38
41
46
51
54
55
57
60
58
59
61
59
56
56
53
51
48
44
41
36
33
27
23
20
13
7
4
0
-8
-12
-15
-20
-28
-31
-33
-39
-45
-45
-47
-54
-58
-56
-56
-60
-60
-56
-56
-59
-56
-50
-50
-51
-42
-37
-40
-36
-23
-20
-25
-12
0
-5
-4
13
18
11
22
40
34
30
51
59
47
52
74
71
59
75
88
74
69
86
87
70
73
85
76
64
70
71
59
51
56
54
42
36
42
37
26
26
30
24
19
24
26
21
22
30
29
27
33
38
34
36
43
42
40
44
45
36
35
36
28
20
19
12
0
-7
-11
-23
-36
-42
-50
-64
-71
-77
-86
-94
-98
-101
-106
-108
-106
-105
-104
-99
-94
-90
-81
-73
-65
-57
-43
-32
-26
-15
-1
7
13
25
36
39
43
55
62
57
61
70
66
59
64
66
56
49
52
47
35
32
30
18
11
7
1
-7
-10
-17
-24
-26
-32
-39
-40
-41
-49
-53
-47
-50
-59
-55
-49
-57
-60
-49
-49
-57
-52
-41
-47
-50
-38
-33
-40
-36
-22
-25
-31
-20
-9
-17
-22
-2
4
-11
-6
18
11
-5
14
35
15
4
36
46
15
20
57
45
13
41
67
34
20
61
60
20
34
64
38
18
47
52
20
25
49
31
14
36
38
16
25
41
27
22
42
40
24
42
59
41
43
69
68
50
63
79
65
58
76
79
61
60
69
57
37
37
36
18
3
2
-8
-32
-45
-51
-70
-88
-93
-102
-121
-128
-131
-146
-158
-153
-155
-168
-162
-147
-152
-155
-136
-125
-129
-117
-92
-85
-80
-56
-36
-32
-20
2
12
20
37
54
59
69
81
86
89
92
96
97
99
100
97
96
90
81
75
69
59
51
45
36
23
16
5
-10
-18
-23
-34
-46
-48
-52
-66
-74
-72
-76
-89
-85
-75
-82
-92
-80
-71
-82
-84
-62
-56
-70
-60
-35
-42
-57
-34
-16
-34
-35
-3
-1
-27
-14
14
-3
-18
11
26
0
1
30
24
1
21
41
26
23
47
51
35
43
59
54
52
66
70
66
70
75
71
70
74
76
77
80
78
73
74
74
70
72
80
79
78
81
84
80
82
90
96
97
103
111
108
105
109
111
107
108
114
108
95
89
83
64
46
44
36
11
-6
-15
-41
-72
-85
-94
-119
-139
-144
-155
-182
-194
-196
-207
-215
-210
-202
-200
-196
-187
-178
-168
-155
-136
-111
-85
-68
-49
-26
-8
5
29
58
80
94
112
126
130
136
146
156
159
161
163
159
149
136
125
116
106
92
83
71
49
24
6
-9
-26
-41
-53
-63
-80
-99
-110
-120
-133
-139
-138
-137
-143
-143
-142
-145
-149
-142
-130
-121
-109
-100
-97
-93
-86
-81
-68
-49
-37
-36
-26
-14
-20
-20
-3
9
3
13
31
28
17
25
34
24
28
51
56
47
51
55
41
40
55
63
59
69
75
60
53
61
59
49
62
80
69
60
71
67
45
50
75
78
75
91
100
80
72
93
106
108
126
147
146
135
143
151
148
152
164
168
166
165
155
136
118
99
82
77
72
54
21
-13
-55
-97
-121
-126
-139
-165
-195
-227
-267
-298
-303
-301
-303
-311
-311
-313
-319
-316
-302
-285
-263
-234
-198
-166
-141
-122
-104
-76
-38
4
51
92
112
116
128
150
170
195
227
242
233
222
220
212
199
199
199
182
161
146
123
88
58
36
13
-2
-11
-30
-61
-98
-130
-156
-165
-158
-153
-165
-184
-207
-226
-232
-218
-195
-182
-182
-184
-183
-186
-179
-151
-126
-117
-103
-80
-74
-75
-58
-34
-27
-16
13
31
28
33
48
50
48
67
90
93
93
99
98
89
92
107
117
117
116
114
104
98
104
114
115
112
106
95
86
92
102
106
105
101
86
75
85
101
110
120
126
115
100
109
128
138
153
173
180
174
172
178
176
173
185
207
219
212
192
155
110
85
96
121
124
93
30
-51
-116
-136
-117
-97
-108
-162
-244
-316
-351
-345
-317
-297
-306
-341
-375
-390
-385
-361
-324
-289
-266
-244
-218
-197
-180
-157
-117
-61
-2
50
84
95
92
102
143
202
255
287
289
262
234
234
265
295
307
293
255
207
174
163
168
162
133
92
49
7
-26
-42
-55
-82
-116
-142
-168
-200
-220
-226
-237
-249
-254
-258
-269
-280
-278
-265
-250
-234
-220
-208
-202
-200
-182
-150
-120
-97
-77
-64
-62
-56
-32
-1
25
42
50
46
41
43
60
86
100
98
90
83
75
76
95
110
104
92
88
83
78
88
103
101
91
86
84
85
94
104
111
113
104
99
106
117
124
137
153
156
151
155
164
164
171
198
222
234
237
229
205
185
196
233
273
285
253
189
118
82
102
154
183
145
51
-65
-149
-166
-125
-82
-96
-181
-299
-398
-435
-410
-362
-338
-367
-437
-501
-523
-499
-449
-398
-368
-367
-369
-353
-321
-277
-224
-166
-116
-74
-33
0
27
58
104
159
213
251
264
262
258
270
302
339
359
346
311
273
249
250
264
267
240
187
128
79
54
51
49
26
-20
-83
-138
-177
-189
-184
-184
-209
-251
-298
-331
-338
-319
-293
-281
-291
-313
-328
-321
-288
-241
-203
-185
-182
-181
-166
-129
-78
-32
-1
11
14
22
47
82
115
142
154
151
141
141
152
169
184
192
190
169
146
136
141
152
162
164
148
117
94
94
107
122
133
131
109
87
83
97
118
136
144
139
132
133
151
173
190
194
197
207
228
253
272
270
249
228
237
274
316
328
291
216
144
119
156
211
223
153
25
-100
-160
-138
-75
-50
-119
-262
-401
-468
-445
-375
-330
-364
-466
-567
-602
-557
-475
-410
-398
-432
-466
-456
-393
-308
-235
-194
-173
-155
-120
-64
0
58
104
144
179
208
231
253
282
314
346
368
373
359
339
331
340
354
355
333
291
240
207
196
192
172
128
68
10
-30
-50
-65
-95
-145
-202
-247
-274
-285
-296
-319
-348
-376
-392
-390
-381
-375
-374
-371
-357
-333
-307
-282
-262
-238
-206
-162
-120
-88
-64
-41
-13
25
67
98
112
121
137
158
180
196
198
190
186
193
206
210
196
176
161
160
167
170
157
133
113
107
116
125
125
109
92
85
95
110
120
122
121
124
137
157
171
176
177
187
209
243
273
283
268
244
235
259
305
346
351
303
223
156
146
190
245
248
162
20
-103
-147
-110
-49
-44
-137
-301
-443
-491
-446
-373
-353
-422
-544
-646
-663
-599
-508
-459
-478
-532
-568
-542
-458
-358
-287
-260
-258
-247
-202
-123
-34
36
82
109
131
161
203
256
309
351
375
379
372
364
373
400
429
438
413
363
311
285
288
304
299
250
169
91
47
40
46
31
-24
-110
-189
-230
-233
-225
-236
-277
-338
-389
-408
-396
-374
-364
-372
-389
-401
-391
-358
-317
-283
-256
-238
-223
-201
-163
-111
-58
-14
11
24
32
54
98
152
193
202
189
170
171
198
237
262
251
215
178
166
180
205
213
191
151
114
99
109
129
137
122
93
63
50
64
93
117
121
108
90
88
108
146
178
190
186
190
212
244
264
263
247
245
277
331
360
330
251
178
166
222
294
300
203
48
-67
-80
-14
45
18
-110
-278
-386
-388
-322
-276
-313
-423
-538
-592
-565
-496
-448
-455
-504
-546
-542
-488
-412
-346
-311
-302
-292
-261
-207
-132
-57
2
37
56
78
113
164
226
282
315
319
307
305
324
363
401
414
390
342
301
291
308
328
318
265
186
115
82
85
94
71
5
-89
-171
-213
-212
-196
-210
-271
-357
-424
-445
-422
-388
-380
-413
-465
-493
-474
-418
-362
-331
-333
-342
-331
-280
-208
-142
-101
-84
-72
-44
7
67
119
155
170
177
189
214
249
282
299
300
285
269
265
278
299
306
288
251
217
203
210
222
222
200
168
143
135
139
144
141
139
141
144
144
139
138
151
177
201
216
220
227
240
255
260
253
253
278
318
340
312
233
157
144
203
273
268
151
-12
-120
-116
-38
15
-40
-200
-375
-459
-426
-346
-323
-398
-529
-635
-658
-604
-535
-508
-540
-598
-628
-602
-535
-459
-407
-383
-373
-357
-320
-257
-179
-102
-43
-9
9
30
73
142
221
281
302
292
283
303
355
414
445
434
392
355
348
371
399
397
357
290
224
183
173
175
161
110
28
-64
-131
-158
-150
-146
-188
-276
-371
-428
-427
-388
-360
-379
-447
-510
-521
-470
-394
-347
-349
-380
-394
-355
-271
-182
-128
-118
-122
-105
-48
31
100
139
149
150
166
200
243
280
298
300
293
281
276
284
301
312
302
272
234
210
212
230
236
214
174
138
129
142
159
158
143
125
119
127
142
156
166
173
178
185
199
220
251
272
267
244
236
264
320
361
340
265
185
165
222
302
309
203
45
-59
-53
19
58
-1
-148
-301
-375
-354
-302
-304
-384
-495
-574
-591
-567
-542
-541
-561
-586
-595
-581
-551
-513
-468
-422
-382
-352
-333
-302
-239
-152
-73
-23
-7
5
40
109
193
258
282
276
273
299
351
405
430
422
393
369
369
387
403
398
362
307
249
210
198
198
180
119
29
-59
-112
-125
-123
-144
-216
-317
-398
-422
-403
-385
-402
-459
-519
-544
-520
-469
-427
-420
-433
-437
-408
-343
-270
-213
-182
-160
-132
-81
-13
59
112
140
160
184
222
269
311
338
346
342
338
345
361
377
383
368
337
303
285
291
305
306
277
229
189
182
202
223
220
193
161
153
171
201
221
220
207
204
223
261
298
316
309
286
273
295
349
403
409
354
270
214
234
309
361
316
179
37
-23
11
71
67
-31
-185
-311
-356
-328
-300
-332
-427
-533
-600
-613
-595
-577
-582
-610
-645
-666
-657
-622
-572
-528
-497
-485
-477
-455
-403
-322
-243
-190
-167
-157
-131
-74
7
85
133
143
138
153
201
265
314
328
316
295
289
307
336
351
335
293
246
211
195
189
175
138
74
1
-59
-93
-110
-132
-180
-249
-320
-370
-387
-388
-400
-431
-473
-503
-510
-491
-462
-440
-431
-427
-413
-378
-322
-262
-209
-171
-141
-104
-53
12
80
132
166
188
215
253
297
338
363
370
367
364
370
382
390
388
372
345
318
301
295
290
276
253
222
196
179
173
171
166
158
147
136
132
139
154
168
172
170
172
192
230
261
259
227
204
226
294
355
353
275
176
139
199
300
334
241
77
-44
-48
33
93
51
-90
-252
-339
-321
-257
-240
-313
-434
-529
-556
-528
-489
-479
-505
-546
-575
-570
-533
-480
-430
-392
-372
-361
-346
-307
-235
-142
-63
-27
-21
-16
24
106
204
275
293
273
262
295
367
436
465
446
408
385
394
424
445
438
401
350
299
259
234
222
212
176
100
-1
-87
-125
-119
-113
-156
-260
-381
-454
-450
-404
-383
-431
-527
-604
-607
-542
-465
-436
-465
-508
-508
-445
-344
-257
-219
-214
-205
-158
-72
22
95
135
155
177
220
279
340
385
404
405
403
412
434
459
471
460
429
395
376
379
386
380
348
302
262
246
252
260
251
222
193
177
185
204
219
217
203
193
203
236
275
292
279
245
227
249
305
355
354
288
197
144
167
240
284
231
93
-48
-112
-80
-17
-12
-104
-261
-397
-446
-410
-361
-372
-463
-582
-663
-673
-628
-582
-572
-607
-660
-687
-665
-601
-530
-481
-462
-460
-452
-417
-346
-255
-173
-125
-107
-97
-67
-2
85
167
214
220
209
219
265
331
385
401
378
345
329
341
366
381
365
318
257
205
171
155
144
115
55
-33
-126
-194
-219
-219
-235
-297
-400
-499
-551
-542
-504
-494
-541
-620
-677
-670
-605
-528
-490
-503
-531
-526
-459
-355
-257
-203
-189
-180
-137
-50
57
142
187
197
210
248
312
383
432
449
439
427
433
457
485
499
487
457
424
403
400
404
403
384
350
314
288
280
285
289
285
272
256
243
242
255
274
291
296
297
300
313
331
339
332
324
336
368
393
375
307
225
191
228
289
292
190
26
-103
-124
-61
-10
-59
-213
-394
-500
-491
-419
-384
-449
-583
-704
-740
-694
-619
-581
-603
-660
-700
-681
-608
-517
-446
-414
-407
-398
-360
-282
-179
-81
-20
0
11
43
109
198
283
336
347
341
343
372
423
473
497
487
454
411
384
385
399
402
371
298
205
125
90
94
95
44
-70
-201
-288
-304
-279
-274
-336
-450
-557
-600
-570
-514
-490
-526
-594
-638
-621
-550
-467
-415
-407
-418
-407
-350
-256
-159
-90
-57
-40
-11
51
139
226
281
301
303
320
362
419
463
478
469
453
447
456
467
470
459
434
408
383
367
361
357
348
323
293
269
264
276
291
293
282
265
260
276
302
327
342
351
362
371
368
353
345
365
411
448
427
331
212
146
180
270
307
214
11
-189
-273
-221
-119
-97
-221
-449
-652
-722
-651
-538
-503
-594
-762
-899
-921
-831
-701
-622
-636
-713
-774
-751
-636
-485
-370
-330
-345
-355
-308
-195
-55
60
117
124
124
153
224
321
409
458
460
433
411
421
461
508
527
499
435
367
324
309
300
269
212
138
68
4
-63
-136
-204
-252
-280
-313
-375
-470
-562
-612
-604
-565
-550
-590
-669
-730
-722
-646
-552
-501
-515
-555
-560
-492
-372
-259
-198
-190
-196
-164
-83
27
121
174
187
188
206
254
320
381
413
412
395
384
395
423
450
456
435
401
376
374
387
393
380
352
327
316
317
321
322
324
329
335
335
331
333
347
371
400
425
439
443
436
423
410
411
436
474
497
464
360
225
137
152
242
299
219
1
-247
-381
-349
-226
-158
-248
-478
-729
-858
-817
-675
-568
-601
-761
-940
-1010
-930
-765
-624
-584
-639
-708
-709
-604
-438
-282
-198
-184
-188
-151
-54
74
185
256
290
314
346
391
440
479
507
527
540
543
529
500
465
443
435
426
397
339
264
192
138
98
57
1
-68
-137
-196
-250
-308
-375
-440
-483
-496
-495
-511
-558
-625
-672
-665
-609
-543
-516
-535
-574
-578
-525
-432
-342
-288
-272
-266
-237
-168
-79
3
55
81
101
139
196
252
291
310
323
343
370
391
394
386
384
394
414
423
409
379
354
350
363
379
380
367
348
334
328
331
347
372
394
405
400
394
402
427
460
484
500
520
549
576
576
539
486
462
501
581
637
588
424
221
105
143
282
375
292
32
-269
-444
-419
-272
-161
-212
-425
-687
-857
-863
-741
-605
-566
-648
-788
-880
-861
-750
-621
-537
-510
-503
-471
-400
-313
-235
-173
-111
-27
75
170
224
235
227
244
308
406
488
509
462
384
335
343
393
436
426
357
259
175
131
121
118
96
43
-34
-117
-187
-238
-271
-295
-321
-353
-395
-448
-509
-558
-575
-556
-527
-517
-540
-582
-612
-606
-565
-509
-466
-446
-446
-448
-432
-387
-327
-268
-228
-205
-187
-153
-105
-54
-13
13
35
64
105
146
175
185
187
200
228
261
282
281
266
258
271
301
327
329
302
270
252
262
290
305
297
270
243
227
220
213
207
208
218
231
230
209
181
166
178
210
248
276
287
280
260
234
217
224
263
323
368
352
257
125
27
23
109
203
210
88
-115
-291
-351
-299
-211
-185
-262
-406
-539
-601
-591
-551
-527
-537
-557
-560
-540
-513
-493
-486
-470
-417
-324
-210
-116
-72
-77
-94
-73
11
142
263
321
308
259
229
244
301
359
386
373
339
304
278
256
232
204
182
170
163
146
110
57
-5
-55
-84
-94
-92
-94
-110
-148
-204
-268
-316
-328
-301
-257
-230
-247
-302
-361
-384
-359
-305
-257
-235
-234
-238
-235
-224
-210
-192
-166
-121
-66
-20
4
-1
-14
-7
31
94
155
190
190
174
170
185
218
250
266
271
270
273
282
291
292
279
262
258
278
315
338
321
263
203
188
226
290
326
308
248
186
160
174
212
253
277
285
284
277
270
266
271
294
339
397
445
456
417
351
303
311
369
422
410
313
168
52
22
61
94
48
-93
-266
-392
-425
-394
-377
-426
-533
-643
-697
-684
-644
-627
-649
-685
-688
-637
-551
-468
-418
-397
-379
-327
-231
-112
-3
66
93
106
137
203
285
356
385
374
344
321
321
337
346
331
285
227
179
152
137
112
64
0
-60
-101
-124
-143
-176
-219
-265
-298
-310
-316
-333
-370
-413
-434
-418
-371
-324
-310
-332
-369
-383
-359
-306
-253
-224
-219
-220
-211
-193
-177
-173
-172
-160
-125
-75
-29
-6
-11
-31
-44
-32
8
66
121
153
152
126
99
94
120
164
200
213
201
187
188
205
223
224
209
198
209
241
271
273
249
216
201
208
227
243
246
242
241
246
262
283
307
330
350
367
385
408
436
458
467
456
435
422
432
456
461
406
277
109
-33
-94
-77
-38
-58
-173
-355
-533
-646
-679
-671
-672
-707
-757
-785
-774
-741
-720
-734
-763
-763
-697
-562
-400
-267
-195
-178
-170
-127
-36
88
210
303
363
403
436
469
487
478
443
396
359
346
351
354
333
275
190
97
19
-33
-60
-74
-89
-114
-149
-185
-217
-242
-261
-279
-296
-308
-308
-295
-275
-262
-265
-283
-302
-308
-289
-251
-206
-174
-163
-172
-185
-190
-185
-176
-172
-174
-177
-172
-153
-129
-112
-109
-115
-114
-97
-64
-25
5
26
47
77
120
166
200
216
219
221
237
266
299
322
330
324
316
319
334
358
381
396
390
365
331
298
280
282
294
309
321
325
326
331
339
349
362
379
405
439
476
510
533
543
542
540
546
567
593
598
542
410
215
15
-125
-169
-144
-119
-165
-301
-492
-662
-764
-799
-810
-836
-877
-899
-867
-783
-689
-637
-646
-684
-688
-614
-467
-291
-143
-47
10
62
135
227
315
383
428
462
501
543
574
578
547
486
412
339
275
225
187
156
120
69
-1
-82
-159
-218
-254
-275
-295
-320
-338
-339
-320
-292
-275
-281
-306
-330
-337
-324
-307
-297
-292
-277
-232
-166
-104
-77
-99
-153
-204
-224
-213
-190
-178
-187
-208
-224
-229
-228
-233
-244
-251
-240
-209
-164
-118
-82
-58
-36
-11
23
64
106
151
193
235
262
271
264
255
263
299
353
403
427
415
381
350
338
343
353
351
336
317
304
299
295
286
277
279
310
366
431
482
501
493
472
458
459
473
498
533
577
619
627
564
407
170
-91
-305
-422
-444
-420
-412
-462
-565
-688
-795
-877
-948
-1020
-1087
-1118
-1081
-971
-820
-675
-578
-533
-516
-489
-426
-330
-213
-91
31
160
293
421
528
596
621
610
580
546
517
497
484
472
452
413
347
258
160
66
-16
-86
-150
-209
-258
-292
-303
-307
-314
-335
-368
-398
-410
-396
-364
-333
-315
-309
-302
-283
-248
-205
-168
-149
-144
-144
-139
-126
-108
-97
-96
-110
-132
-158
-183
-206
-229
-251
-267
-275
-269
-250
-222
-190
-159
-132
-106
-80
-49
-11
33
85
136
184
225
258
287
311
335
358
379
400
420
441
465
484
495
493
477
455
433
416
406
398
391
381
375
378
395
425
459
491
513
527
542
568
607
653
697
732
762
794
816
795
695
489
200
-110
-361
-505
-551
-555
-580
-655
-760
-853
-909
-940
-983
-1060
-1151
-1205
-1168
-1038
-853
-675
-545
-460
-385
-293
-180
-66
27
95
165
260
394
548
690
790
844
856
840
802
743
661
564
465
372
289
215
146
74
-4
-88
-183
-287
-391
-479
-537
-561
-556
-538
-518
-494
-462
-416
-362
-313
-281
-268
-264
-259
-244
-223
-199
-176
-148
-112
-67
-27
-7
-14
-45
-91
-139
-188
-233
-274
-311
-337
-349
-355
-361
-368
-372
-367
-345
-307
-263
-215
-163
-103
-37
37
109
172
223
266
306
346
382
411
438
461
483
507
529
548
561
568
564
547
517
481
443
417
406
407
419
441
471
508
544
576
599
619
646
684
735
793
852
915
968
978
899
695
374
-6
-362
-628
-794
-900
-995
-1090
-1160
-1169
-1116
-1052
-1043
-1121
-1250
-1354
-1364
-1268
-1113
-953
-811
-667
-482
-252
-15
175
282
320
337
380
464
571
669
742
788
819
838
841
813
739
614
449
265
88
-58
-170
-251
-322
-391
-461
-522
-565
-593
-619
-654
-693
-719
-709
-655
-562
-452
-340
-234
-135
-51
5
22
5
-25
-44
-37
-13
15
32
34
25
9
-23
-81
-167
-275
-385
-478
-546
-589
-611
-614
-595
-550
-480
-399
-319
-250
-196
-150
-103
-47
21
102
190
280
371
456
533
599
648
675
682
674
666
666
672
681
678
661
634
609
586
563
534
499
469
457
469
494
528
565
610
670
743
817
880
933
985
1033
1043
967
762
439
55
-308
-599
-817
-998
-1167
-1307
-1372
-1334
-1217
-1093
-1027
-1038
-1086
-1106
-1066
-981
-890
-815
-739
-617
-421
-162
107
336
500
608
687
758
817
849
844
801
741
694
674
671
662
618
522
384
228
77
-63
-204
-356
-515
-652
-736
-758
-733
-690
-653
-619
-574
-506
-418
-330
-256
-202
-152
-93
-20
58
122
167
194
218
248
277
291
278
233
162
78
-10
-102
-203
-315
-431
-537
-621
-670
-692
-693
-682
-657
-613
-548
-467
-380
-296
-218
-144
-69
10
92
173
248
319
389
457
523
581
625
652
664
664
662
660
654
640
614
580
547
521
499
473
443
412
396
405
435
481
535
598
674
766
861
943
1004
1056
1113
1169
1189
1115
912
587
200
-179
-512
-803
-1073
-1324
-1519
-1611
-1583
-1468
-1333
-1233
-1180
-1144
-1093
-1015
-931
-866
-823
-773
-676
-503
-265
1
252
463
638
792
934
1047
1107
1089
999
878
764
678
609
530
421
289
158
46
-48
-149
-282
-447
-618
-764
-857
-906
-926
-929
-913
-865
-775
-649
-506
-371
-251
-146
-47
41
109
146
153
146
143
157
185
213
227
222
202
167
111
30
-82
-223
-374
-519
-642
-737
-803
-844
-855
-829
-759
-658
-541
-427
-327
-239
-159
-80
-7
58
117
176
241
319
401
485
556
613
654
678
692
693
684
658
618
571
525
488
458
433
409
391
389
407
440
483
527
576
638
718
812
908
993
1067
1137
1205
1251
1234
1110
864
525
150
-214
-551
-867
-1165
-1423
-1597
-1658
-1611
-1501
-1378
-1269
-1174
-1076
-965
-855
-768
-717
-689
-642
-544
-381
-171
55
271
477
679
881
1062
1190
1241
1210
1119
998
872
746
612
462
301
150
29
-56
-123
-198
-293
-406
-511
-596
-661
-716
-765
-804
-814
-777
-694
-577
-447
-316
-184
-51
79
192
270
302
296
271
246
225
203
172
135
99
70
47
15
-44
-135
-250
-370
-486
-591
-686
-771
-835
-860
-835
-760
-649
-520
-386
-251
-118
11
122
207
264
303
333
367
406
445
483
516
547
585
624
659
682
685
670
639
596
546
490
430
373
328
308
313
345
392
450
518
600
698
804
908
999
1077
1149
1215
1260
1252
1159
965
688
362
23
-312
-644
-966
-1256
-1476
-1601
-1622
-1570
-1479
-1373
-1261
-1135
-997
-860
-747
-672
-629
-591
-527
-419
-274
-109
63
245
442
651
856
1027
1139
1182
1163
1095
995
868
712
527
327
139
-19
-142
-236
-317
-388
-452
-504
-544
-576
-611
-651
-692
-719
-722
-695
-637
-560
-469
-363
-242
-116
5
107
183
235
266
282
283
266
231
178
116
55
-7
-75
-151
-243
-342
-445
-546
-640
-724
-795
-844
-863
-848
-797
-717
-614
-499
-374
-248
-125
-13
81
155
214
259
296
330
357
384
409
436
467
500
535
563
582
589
583
563
527
479
421
359
306
270
254
262
282
319
378
462
572
697
823
941
1047
1142
1218
1254
1221
1099
881
593
263
-80
-424
-759
-1076
-1343
-1531
-1622
-1622
-1554
-1448
-1325
-1188
-1040
-884
-742
-632
-567
-531
-500
-447
-364
-256
-130
12
176
367
576
784
962
1089
1155
1168
1136
1061
940
770
564
341
132
-50
-201
-323
-423
-499
-543
-558
-548
-532
-525
-530
-539
-545
-540
-525
-500
-470
-426
-358
-268
-160
-49
58
152
237
310
369
404
409
380
323
247
156
55
-58
-181
-304
-421
-523
-607
-673
-723
-753
-760
-741
-697
-632
-557
-472
-383
-290
-195
-105
-24
46
109
167
226
283
339
390
434
477
518
558
592
618
633
636
629
613
588
550
501
447
399
363
341
332
333
348
386
451
542
650
765
879
987
1089
1172
1214
1189
1078
881
620
318
-6
-340
-675
-990
-1255
-1441
-1535
-1542
-1485
-1386
-1259
-1111
-943
-768
-612
-497
-427
-390
-359
-324
-274
-210
-132
-35
94
258
453
657
841
988
1091
1152
1169
1137
1046
896
699
477
254
45
-139
-300
-435
-536
-594
-611
-592
-559
-522
-489
-462
-436
-412
-393
-382
-376
-367
-345
-303
-244
-169
-86
7
105
207
304
385
438
456
442
395
321
217
87
-61
-216
-365
-499
-609
-694
-751
-777
-773
-739
-681
-608
-529
-448
-368
-292
-222
-158
-105
-57
-13
33
84
140
199
257
315
374
432
487
532
563
582
587
583
568
542
503
456
407
365
334
316
306
302
310
336
386
456
540
626
716
807
898
982
1038
1040
973
831
627
375
90
-217
-539
-855
-1136
-1354
-1489
-1544
-1528
-1460
-1351
-1208
-1036
-852
-677
-534
-433
-371
-330
-297
-265
-234
-198
-147
-70
43
194
368
544
709
850
967
1049
1087
1069
991
856
679
479
269
62
-138
-318
-471
-580
-642
-662
-648
-612
-560
-500
-436
-378
-331
-300
-288
-286
-289
-289
-286
-271
-241
-193
-124
-35
66
170
266
348
408
438
432
385
298
177
30
-132
-296
-450
-587
-693
-764
-795
-785
-742
-671
-580
-479
-375
-277
-190
-120
-65
-29
-2
19
41
66
99
139
189
248
316
387
457
517
568
607
634
646
640
619
584
542
500
459
420
386
360
349
361
400
460
536
622
716
814
911
991
1035
1023
946
806
612
376
108
-186
-492
-790
-1053
-1257
-1392
-1457
-1458
-1405
-1305
-1164
-992
-803
-618
-460
-337
-250
-193
-157
-136
-129
-128
-124
-99
-42
51
176
320
473
625
766
890
986
1038
1038
980
870
722
544
349
145
-59
-247
-405
-523
-595
-628
-623
-591
-536
-464
-381
-299
-230
-181
-152
-138
-135
-138
-144
-152
-156
-148
-124
-78
-14
59
135
208
274
328
360
366
339
277
186
72
-56
-195
-334
-465
-580
-668
-722
-744
-732
-692
-627
-541
-440
-333
-227
-131
-50
16
67
107
135
154
169
181
197
221
255
295
339
385
432
477
519
552
575
586
582
566
543
514
477
438
395
358
333
325
340
376
429
500
585
677
774
859
913
922
876
770
612
407
163
-112
-406
-698
-965
-1185
-1344
-1436
-1465
-1434
-1353
-1223
-1053
-861
-665
-487
-338
-224
-141
-85
-53
-46
-55
-71
-78
-62
-15
62
164
281
411
547
683
805
897
945
941
889
790
651
483
290
82
-126
-320
-482
-605
-685
-723
-722
-687
-620
-529
-427
-326
-239
-173
-129
-107
-103
-113
-134
-159
-180
-184
-168
-127
-65
11
94
179
257
323
362
368
339
269
168
40
-101
-251
-399
-535
-648
-729
-771
-774
-743
-685
-604
-507
-402
-296
-196
-111
-46
1
34
57
72
83
92
105
129
165
213
270
334
401
467
529
586
628
652
657
645
618
584
540
488
434
382
343
326
333
364
413
477
556
648
742
822
870
869
810
696
532
324
80
-192
-480
-760
-1007
-1203
-1336
-1407
-1416
-1372
-1275
-1132
-952
-754
-561
-389
-247
-140
-60
-9
16
14
-6
-32
-47
-40
-3
58
143
244
363
493
627
749
841
894
902
866
786
669
516
335
135
-68
-257
-417
-543
-632
-682
-692
-665
-602
-514
-413
-313
-224
-150
-95
-57
-37
-34
-48
-67
-83
-89
-79
-54
-12
40
102
168
230
284
315
319
292
237
155
51
-69
-199
-327
-445
-542
-612
-655
-667
-651
-609
-547
-468
-380
-291
-205
-129
-63
-8
36
69
94
112
129
149
174
210
250
293
343
396
452
506
555
592
616
625
624
614
596
565
526
481
438
409
396
401
424
459
510
573
648
719
773
793
769
697
578
418
220
-11
-266
-530
-782
-1000
-1169
-1285
-1345
-1353
-1307
-1209
-1067
-890
-701
-517
-351
-208
-93
-4
53
79
78
61
37
21
24
46
90
151
234
333
447
564
669
751
802
816
794
733
634
500
337
156
-32
-208
-364
-495
-592
-655
-681
-668
-618
-543
-452
-358
-267
-184
-113
-58
-23
-7
-8
-19
-32
-41
-40
-33
-16
11
48
92
138
177
200
204
188
150
92
16
-77
-181
-286
-385
-467
-532
-574
-595
-596
-573
-530
-470
-401
-331
-262
-200
-141
-89
-43
-6
23
48
71
100
131
168
207
245
286
329
374
417
456
487
510
522
529
530
523
507
480
450
420
401
393
396
411
438
476
526
582
635
670
675
641
570
459
312
131
-79
-309
-545
-767
-961
-1113
-1220
-1280
-1288
-1247
-1158
-1030
-870
-699
-528
-370
-230
-110
-17
48
84
95
87
76
67
68
84
115
162
230
318
416
518
612
688
738
761
754
710
629
512
366
203
34
-130
-283
-416
-524
-600
-638
-639
-608
-551
-477
-395
-310
-227
-150
-85
-38
-8
8
15
20
24
30
37
50
70
96
127
157
182
194
194
177
145
98
37
-39
-122
-207
-288
-357
-412
-453
-477
-484
-472
-442
-401
-350
-296
-242
-190
-139
-95
-54
-19
11
38
66
96
130
163
200
238
277
318
358
397
432
461
482
497
505
506
500
487
467
446
425
411
405
410
426
452
489
533
581
621
647
647
615
550
448
312
146
-45
-254
-466
-670
-850
-997
-1105
-1168
-1185
-1157
-1087
-979
-845
-693
-538
-387
-251
-133
-37
34
80
103
111
108
105
108
119
145
187
246
321
407
496
582
656
711
742
743
712
646
550
425
278
122
-36
-188
-322
-436
-523
-578
-600
-589
-553
-497
-427
-351
-272
-196
-129
-73
-31
-2
17
30
39
47
55
66
81
99
121
143
161
171
172
158
133
93
40
-24
-94
-168
-239
-305
-359
-401
-428
-440
-436
-416
-385
-345
-299
-253
-204
-157
-115
-75
-40
-11
16
43
68
94
122
149
181
212
245
279
313
345
374
398
419
434
443
446
442
432
419
404
391
385
387
398
418
447
483
522
559
585
593
575
525
446
331
188
19
-170
-368
-565
-748
-903
-1027
-1109
-1151
-1148
-1104
-1022
-909
-774
-631
-487
-349
-228
-123
-41
18
54
74
80
79
81
87
103
132
174
231
301
379
458
531
592
633
650
640
600
530
432
309
174
31
-110
-242
-359
-452
-518
-554
-561
-541
-497
-437
-369
-295
-221
-152
-94
-46
-13
10
24
32
40
45
54
63
76
92
112
131
146
152
149
135
108
70
22
-38
-103
-171
-237
-296
-344
-380
-403
-409
-400
-376
-341
-297
-249
-200
-151
-107
-67
-31
-2
23
44
64
82
101
123
145
167
192
217
242
266
289
309
325
339
351
357
361
363
362
360
360
363
369
383
403
429
462
499
535
569
591
601
588
549
482
386
262
113
-53
-231
-412
-583
-737
-864
-960
-1018
-1037
-1019
-966
-882
-776
-656
-533
-410
-296
-198
-115
-52
-7
22
38
50
58
72
93
124
167
224
290
362
437
506
566
609
631
630
603
547
467
365
245
117
-15
-140
-255
-350
-424
-471
-493
-487
-458
-412
-350
-284
-214
-147
-86
-36
1
27
42
48
48
46
43
42
45
52
63
78
93
105
111
109
96
73
39
-4
-56
-113
-172
-228
-278
-317
-344
-359
-360
-346
-320
-284
-243
-197
-148
-103
-59
-21
13
41
65
84
102
117
133
148
162
178
194
209
223
235
246
255
260
262
263
261
258
253
251
252
255
264
279
302
332
371
416
465
513
558
593
615
615
595
546
470
365
235
86
-79
-250
-419
-578
-718
-831
-912
-959
-970
-946
-893
-815
-717
-610
-500
-394
-297
-213
-145
-94
-57
-33
-17
-5
9
28
56
94
142
200
265
334
401
462
511
544
555
545
511
453
374
279
170
57
-56
-161
-255
-329
-383
-413
-418
-401
-363
-312
-248
-181
-113
-51
1
40
65
76
74
60
41
17
-5
-26
-41
-51
-55
-53
-46
-38
-32
-30
-34
-47
-67
-97
-136
-180
-226
-272
-313
-345
-367
-376
-371
-352
-319
-276
-223
-165
-104
-45
11
60
102
134
158
175
183
187
185
181
176
171
164
159
154
151
147
146
145
146
147
148
149
152
156
161
170
179
193
211
234
264
298
340
387
436
484
526
559
577
576
550
497
418
312
184
38
-118
-278
-433
-576
-695
-788
-849
-877
-872
-836
-774
-690
-592
-486
-379
-278
-186
-107
-42
8
43
65
78
87
94
102
117
136
161
192
230
271
312
346
373
387
385
370
337
286
220
143
58
-28
-111
-183
-242
-283
-304
-302
-278
-232
-169
-96
-17
63
138
203
255
288
300
294
268
226
174
113
52
-10
-66
-114
-153
-180
-198
-209
-216
-220
-224
-228
-236
-249
-268
-290
-315
-339
-361
-376
-383
-380
-366
-337
-295
-241
-177
-107
-35
38
106
169
222
262
287
301
301
292
273
248
219
190
161
136
114
99
86
82
81
85
91
101
114
128
142
158
174
190
204
216
228
240
252
264
277
293
310
334
360
388
412
432
444
443
427
390
330
246
142
19
-114
-253
-393
-523
-639
-731
-795
-826
-824
-791
-730
-644
-539
-421
-298
-176
-63
36
118
184
229
256
264
255
234
207
178
151
128
111
98
94
98
107
116
125
127
121
106
83
52
12
-34
-86
-135
-177
-205
-220
-219
-202
-168
-119
-54
23
103
180
252
313
361
392
404
395
363
311
244
165
81
-9
-96
-181
-256
-319
-365
-397
-417
-425
-423
-414
-397
-379
-357
-338
-322
-308
-295
-279
-264
-246
-226
-201
-172
-135
-93
-46
1
47
90
130
165
191
207
213
207
193
174
148
118
86
55
27
5
-11
-18
-19
-15
-3
15
37
65
94
123
151
178
204
228
249
265
275
280
280
276
267
256
241
223
208
194
183
177
174
171
169
166
159
145
120
82
30
-32
-106
-185
-267
-348
-420
-479
-520
-541
-537
-511
-464
-399
-319
-229
-134
-41
47
123
181
223
247
253
243
218
180
133
87
43
2
-31
-55
-70
-75
-69
-56
-37
-15
2
17
27
33
32
25
12
-3
-20
-32
-39
-38
-29
-11
13
48
88
133
178
219
251
272
283
280
262
229
181
120
51
-22
-96
-168
-234
-292
-338
-369
-384
-384
-372
-349
-319
-283
-244
-206
-170
-141
-116
-100
-88
-81
-78
-76
-77
-77
-74
-67
-56
-41
-25
-6
12
32
50
66
77
81
82
79
74
66
56
44
35
27
24
25
29
37
49
64
83
104
126
147
166
182
197
210
219
224
225
220
214
205
195
183
170
156
144
134
130
131
136
143
152
164
176
184
186
179
159
127
86
36
-22
-84
-149
-209
-263
-304
-330
-340
-334
-314
-280
-234
-178
-117
-57
-1
47
85
114
130
134
125
105
76
43
9
-24
-53
-77
-94
-103
-101
-90
-72
-49
-25
-2
18
35
46
51
48
39
25
10
-2
-11
-16
-14
-7
8
29
56
86
117
144
165
181
189
188
177
156
123
82
35
-14
-65
-115
-163
-205
-240
-262
-276
-279
-273
-259
-239
-214
-187
-159
-136
-114
-100
-92
-88
-88
-92
-99
-107
-114
-116
-116
-111
-102
-89
-73
-54
-32
-11
9
25
40
49
57
59
58
54
47
40
33
28
24
22
24
29
39
51
66
80
94
107
118
127
133
135
134
129
122
115
107
98
87
78
71
65
63
65
69
72
81
93
106
124
141
156
168
176
181
179
168
150
122
85
40
-6
-56
-104
-152
-195
-231
-255
-268
-268
-258
-238
-212
-177
-138
-99
-58
-24
4
26
41
48
49
42
28
12
-5
-23
-39
-51
-61
-67
-70
-69
-63
-54
-46
-39
-31
-26
-23
-20
-21
-23
-27
-30
-32
-30
-24
-14
-1
15
37
59
85
108
128
143
152
153
148
135
114
83
50
13
-24
-60
-94
-123
-146
-162
-172
-174
-170
-163
-153
-142
-130
-120
-111
-104
-102
-101
-103
-106
-108
-110
-110
-108
-102
-95
-85
-72
-56
-41
-26
-10
5
18
29
37
43
47
47
48
46
44
42
41
41
43
47
53
59
69
80
94
108
122
135
148
159
170
178
184
186
187
185
182
175
167
158
145
134
123
113
103
98
92
89
87
88
90
93
94
95
92
84
72
58
36
12
-15
-45
-75
-103
-126
-148
-161
-168
-168
-160
-147
-129
-106
-81
-57
-33
-14
0
9
13
10
3
-9
-23
-40
-56
-71
-83
-92
-95
-94
-88
-77
-62
-46
-28
-8
11
27
41
51
60
64
64
63
60
56
52
49
47
45
48
51
56
60
66
69
71
70
65
55
43
26
6
-16
-39
-63
-86
-107
-126
-141
-151
-157
-158
-156
-151
-143
-134
-124
-114
-104
-97
-90
-85
-83
-80
-80
-81
-79
-80
-79
-77
-73
-67
-60
-52
-41
-30
-18
-5
8
20
32
43
53
63
71
77
83
87
91
94
98
102
104
107
111
115
117
121
123
125
126
124
122
120
115
108
102
93
85
76
69
60
52
46
40
35
32
28
27
25
26
25
27
28
29
32
32
33
32
31
28
23
17
9
-1
-11
-23
-34
-47
-57
-69
-77
-84
-89
-92
-92
-89
-85
-80
-73
-66
-58
-50
-44
-39
-36
-32
-33
-34
-36
-41
-46
-50
-55
-60
-63
-66
-66
-66
-64
-62
-56
-52
-45
-40
-33
-26
-20
-14
-10
-5
-2
1
4
6
8
8
9
9
7
7
4
1
-1
-6
-11
-15
-19
-24
-30
-33
-38
-42
-45
-49
-51
-54
-57
-60
-63
-65
-67
-68
-69
-70
-68
-67
-62
-58
-53
-46
-40
-32
-25
-17
-9
-3
4
9
14
19
24
27
32
35
39
42
46
51
56
60
65
71
76
81
85
89
93
95
97
100
102
102
102
103
104
104
103
104
103
102
102
101
99
98
94
90
86
81
75
69
62
55
48
39
32
24
19
12
5
0
-5
-9
-13
-17
-20
-23
-24
-28
-28
-30
-30
-29
-29
-30
-29
-30
-29
-30
-30
-31
-32
-34
-36
-38
-40
-42
-43
-44
-45
-46
-44
-44
-44
-42
-40
-38
-37
-35
-33
-32
-32
-31
-31
-31
-31
-31
-33
-33
-32
-33
-33
-32
-31
-30
-29
-27
-25
-23
-20
-19
-18
-16
-16
-15
-14
-14
-14
-15
-16
-16
-16
-16
-15
-13
-12
-9
-8
-5
-3
0
2
4
6
6
7
7
7
7
6
5
4
3
4
4
4
5
6
8
11
14
17
20
24
26
29
31
32
33
34
34
33
32
31
31
30
30
29
30
30
32
34
35
37
41
43
44
46
47
47
48
47
46
44
41
39
36
32
28
23
20
16
12
9
5
2
0
-5
-7
-9
-11
-13
-14
-16
-17
-19
-22
-22
-24
-26
-27
-28
-29
-30
-30
-30
-28
-27
-26
-24
-21
-19
-17
-15
-13
-11
-11
-9
-10
-11
-13
-15
-17
-19
-23
-27
-30
-32
-34
-37
-38
-40
-40
-40
-39
-37
-36
-35
-34
-31
-30
-30
-30
-29
-30
-31
-32
-33
-35
-37
-38
-39
-40
-41
-40
-40
-39
-37
-35
0
0
0
0
0
0
0
0
0
0
0
0
0
0
0
0
0
0
0
0
0
0
0
0
0
0
0
0
0
0
0
0
0
0
0
0
0
0
0
0
0
0
0
0
0
0
0
0
0
0
0
0
0
0
0
0
0
0
0
0
0
0
0
0
0
0
0
0
0
0
0
0
0
0
0
0
0
0
0
0
0
0
0
0
0
0
0
0
0
0
0
0
0
0
0
0
0
0
0
0
0
0
0
0
0
0
0
0
0
0
0
0
0
0
0
0
0
0
0
0
0
0
0
0
0
0
0
0
0
0
0
0
0
0
0
0
0
0
0
0
0
0
0
0
0
0
0
0
0
0
0
0
0
0
0
0
0
0
0
0
0
0
0
0
0
0
0
0
0
0
0
0
0
0
0
0
0
0
0
0
0
0
0
0
0
0
0
0
0
0
0
0
0
0
0
0
0
0
