0
0
0
0
0
0
0
0
0
0
0
0
0
0
0
0
0
0
0
0
0
0
0
0
0
0
0
0
0
0
0
0
0
0
0
0
0
0
0
0
0
0
0
0
0
0
0
0
0
0
0
0
0
0
0
0
0
0
0
0
0
0
0
0
0
0
0
0
0
0
0
0
0
0
0
0
0
0
0
0
0
0
0
0
0
0
0
0
0
0
0
0
0
0
0
0
0
0
0
0
0
0
0
0
0
0
0
0
0
0
0
0
0
0
0
0
0
0
0
0
0
0
0
0
0
0
0
0
0
0
0
0
0
0
0
0
0
0
0
0
0
0
0
0
0
0
0
0
0
0
0
0
0
0
0
0
0
0
0
0
0
0
0
0
0
0
0
0
0
0
0
0
0
0
0
0
0
0
0
0
0
0
0
0
0
0
0
0
0
0
0
0
0
0
0
0
0
0
79
79
80
79
79
79
79
76
75
73
70
66
63
58
52
43
37
30
21
13
4
-5
-14
-25
-36
-46
-58
-70
-81
-92
-102
-111
-121
-129
-138
-145
-152
-160
-164
-168
-169
-170
-171
-168
-166
-161
-156
-149
-143
-137
-131
-120
-108
-97
-84
-72
-60
-49
-36
-24
-13
-2
9
19
31
39
48
56
64
71
77
81
83
85
87
88
88
88
85
83
79
75
71
64
58
49
43
35
29
22
16
10
4
-3
-11
-20
-27
-35
-39
-41
-44
-45
-47
-46
-47
-48
-50
-49
-50
-44
-37
-28
-16
-4
5
16
29
47
63
79
94
109
127
149
175
200
227
251
277
299
315
320
320
320
330
345
363
371
369
362
354
340
308
255
192
141
122
127
133
111
53
-24
-97
-150
-191
-237
-289
-331
-350
-345
-340
-357
-405
-466
-509
-527
-526
-522
-517
-505
-474
-437
-409
-402
-410
-410
-392
-355
-312
-275
-242
-203
-153
-98
-53
-20
3
27
56
87
117
152
191
233
276
309
333
349
359
366
363
357
352
358
377
399
411
408
388
358
327
297
264
234
207
188
176
166
145
116
71
19
-35
-86
-126
-154
-173
-190
-209
-231
-256
-283
-316
-352
-386
-410
-418
-410
-395
-387
-384
-383
-378
-368
-359
-354
-344
-325
-294
-255
-218
-189
-164
-140
-113
-85
-60
-41
-21
5
38
73
102
123
139
151
164
175
181
185
190
197
208
219
225
226
224
216
204
191
180
178
178
180
182
183
188
195
200
200
191
179
175
182
204
230
256
275
291
302
308
300
280
256
246
256
277
293
293
278
258
235
197
129
39
-42
-74
-50
-3
9
-40
-137
-232
-289
-313
-336
-378
-421
-430
-393
-339
-316
-348
-413
-466
-477
-454
-428
-412
-394
-353
-294
-243
-227
-247
-269
-263
-225
-178
-144
-121
-98
-56
-5
38
62
71
78
92
112
129
151
180
218
256
280
290
292
296
303
303
290
270
261
269
287
297
291
271
244
219
192
160
124
92
66
46
25
3
-16
-32
-52
-84
-134
-192
-242
-270
-279
-281
-285
-288
-290
-293
-306
-336
-374
-404
-409
-391
-362
-331
-303
-275
-247
-228
-230
-244
-250
-230
-182
-120
-62
-14
22
50
71
82
88
98
125
167
213
249
276
296
307
311
303
287
278
278
291
301
298
287
274
270
272
273
267
256
242
230
222
222
232
254
286
318
343
356
355
339
313
288
278
291
320
347
360
354
335
303
239
132
3
-92
-109
-50
25
33
-57
-201
-322
-381
-399
-429
-493
-553
-551
-477
-396
-378
-442
-541
-603
-594
-551
-520
-512
-494
-435
-348
-284
-279
-320
-353
-333
-271
-205
-170
-153
-124
-65
7
59
78
78
90
118
147
168
184
211
255
304
341
356
356
358
360
348
322
295
290
313
352
374
360
328
296
272
244
203
145
95
76
83
100
101
78
37
-17
-80
-151
-222
-274
-290
-276
-251
-245
-271
-317
-372
-420
-466
-507
-533
-533
-498
-446
-403
-388
-402
-427
-444
-442
-425
-394
-351
-299
-240
-184
-143
-117
-96
-74
-44
-8
29
68
111
154
195
227
252
274
296
316
327
326
317
310
313
323
333
343
344
342
335
321
298
269
247
237
245
264
283
297
309
316
325
332
337
346
357
368
376
382
388
395
401
402
396
391
383
360
295
179
44
-53
-68
-11
56
56
-38
-184
-312
-382
-412
-451
-510
-556
-544
-473
-395
-374
-431
-525
-593
-608
-585
-557
-535
-496
-428
-345
-289
-284
-317
-344
-334
-288
-237
-201
-174
-134
-71
-1
57
86
97
110
131
153
174
196
228
274
324
363
387
401
406
405
393
368
344
336
354
381
398
392
370
347
328
308
273
221
169
135
127
131
126
102
60
10
-37
-76
-114
-156
-203
-250
-291
-314
-321
-320
-325
-353
-399
-448
-481
-492
-491
-487
-485
-475
-451
-420
-395
-387
-394
-393
-376
-343
-301
-262
-222
-177
-124
-74
-38
-21
-5
22
67
118
165
205
238
272
304
327
334
330
325
328
336
343
346
347
348
345
333
308
276
250
239
238
240
240
244
263
297
335
363
376
380
380
378
373
373
382
411
447
474
481
476
464
425
334
176
-7
-128
-125
-15
98
103
-29
-230
-390
-458
-479
-526
-616
-686
-665
-546
-419
-382
-462
-592
-674
-673
-630
-600
-599
-580
-504
-389
-297
-282
-330
-376
-369
-313
-252
-224
-220
-197
-128
-34
45
84
90
93
108
131
154
174
202
245
297
338
362
378
391
402
396
369
332
314
323
348
362
353
329
305
293
280
248
193
128
79
63
69
73
54
18
-27
-67
-103
-146
-203
-261
-303
-314
-295
-269
-273
-318
-386
-442
-465
-463
-456
-457
-460
-454
-433
-405
-383
-378
-387
-384
-356
-309
-263
-226
-194
-153
-104
-57
-22
5
28
58
95
131
158
173
188
215
253
289
311
318
314
308
308
311
317
325
336
348
357
352
334
300
258
218
194
189
202
224
250
280
313
344
366
378
392
419
451
482
510
549
607
676
735
761
729
627
480
340
223
84
-124
-341
-431
-342
-199
-182
-304
-427
-456
-460
-565
-759
-902
-879
-693
-413
-111
131
221
123
-115
-411
-726
-1028
-1235
-1238
-1014
-669
-365
-210
-224
-366
-582
-814
-994
-1035
-854
-444
96
618
1013
1233
1256
1101
838
573
393
335
413
614
875
1085
1145
1025
747
363
-58
-406
-581
-547
-338
-36
256
455
517
436
230
-52
-323
-478
-463
-303
-70
156
276
221
-6
-325
-646
-921
-1106
-1146
-1025
-815
-614
-464
-367
-337
-396
-530
-653
-694
-636
-499
-314
-120
31
101
83
-3
-129
-261
-360
-384
-307
-135
81
278
415
475
462
377
245
121
65
107
235
413
594
738
812
812
759
670
570
485
437
432
458
483
500
505
498
479
466
487
555
665
802
943
1063
1136
1157
1139
1107
1093
1132
1208
1242
1183
1058
847
324
-735
-2138
-3247
-3565
-3212
-2597
-1805
-688
529
1186
954
247
-318
-611
-791
-747
-207
694
1399
1542
1216
568
-450
-1755
-2849
-3226
-2883
-2203
-1467
-724
-50
331
297
-1
-279
-346
-149
295
894
1470
1836
1901
1689
1263
688
47
-522
-863
-889
-652
-311
-22
137
157
60
-121
-313
-429
-402
-207
126
533
912
1156
1200
1029
693
284
-95
-369
-519
-566
-547
-502
-459
-453
-502
-614
-763
-892
-951
-929
-850
-731
-568
-375
-190
-53
32
80
88
53
-17
-92
-147
-180
-198
-219
-258
-318
-403
-510
-622
-719
-763
-722
-587
-377
-136
95
290
431
507
523
510
507
525
550
564
554
506
410
274
130
14
-56
-73
-34
43
132
208
261
287
285
273
285
343
442
568
698
806
878
921
951
988
1043
1128
1212
1250
1240
1235
1280
1347
1416
1508
1607
1618
1486
1246
778
-260
-1982
-3773
-4665
-4315
-3244
-2013
-604
1055
2387
2613
1765
674
-51
-474
-726
-553
177
969
1167
706
-45
-940
-2100
-3330
-3997
-3704
-2734
-1644
-681
189
883
1185
1068
775
549
444
459
639
969
1264
1317
1097
727
291
-226
-810
-1307
-1508
-1320
-825
-205
361
757
933
904
735
509
302
173
171
318
584
853
971
851
515
71
-375
-739
-969
-1044
-980
-812
-566
-290
-72
-1
-92
-280
-484
-649
-724
-678
-531
-351
-176
-2
154
213
135
-22
-171
-286
-383
-449
-445
-378
-298
-248
-230
-256
-344
-468
-561
-571
-501
-367
-170
84
351
564
673
667
563
421
304
241
217
205
191
172
134
59
-43
-135
-173
-139
-42
95
239
356
424
449
445
429
412
408
426
457
489
515
532
538
540
565
635
736
843
956
1079
1201
1304
1397
1496
1607
1729
1860
1951
1923
1792
1638
1291
251
-1737
-4031
-5430
-5346
-4263
-2883
-1260
743
2575
3299
2752
1708
822
41
-705
-945
-362
478
719
298
-235
-771
-1760
-3196
-4257
-4258
-3425
-2372
-1262
14
1195
1796
1783
1583
1404
1056
497
101
142
369
384
200
85
43
-197
-710
-1228
-1491
-1494
-1275
-764
33
855
1393
1591
1584
1418
1014
410
-144
-408
-353
-110
201
466
536
313
-115
-543
-842
-1029
-1132
-1082
-813
-411
-58
122
122
-14
-254
-526
-717
-763
-714
-639
-533
-356
-142
5
29
-35
-136
-269
-425
-560
-628
-633
-593
-492
-329
-180
-144
-239
-379
-477
-498
-441
-288
-32
277
569
775
851
775
582
352
165
52
0
-3
50
151
261
335
354
333
295
278
317
413
530
631
695
720
707
661
604
553
530
557
639
745
832
899
990
1127
1276
1398
1506
1630
1773
1923
2060
2112
2012
1813
1557
942
-582
-3030
-5381
-6318
-5537
-3888
-2158
-315
1765
3421
3786
2949
1814
908
33
-818
-1047
-391
409
483
-61
-552
-967
-1892
-3319
-4314
-4153
-3134
-1938
-726
641
1879
2452
2336
2012
1715
1210
413
-234
-349
-139
-60
-160
-166
-57
-135
-538
-1005
-1241
-1225
-1027
-576
185
1038
1633
1836
1774
1532
1044
318
-389
-763
-718
-400
6
371
563
461
102
-316
-623
-820
-963
-974
-717
-233
228
430
346
89
-248
-602
-878
-984
-925
-765
-512
-139
286
580
614
421
116
-231
-592
-896
-1045
-1007
-831
-583
-317
-110
-55
-166
-340
-447
-436
-329
-149
104
398
643
750
693
506
254
-2
-206
-320
-333
-266
-143
18
192
337
420
443
439
434
425
411
404
408
410
402
397
423
462
478
473
480
512
538
548
579
663
792
952
1139
1328
1474
1569
1670
1825
2009
2138
2133
1971
1748
1576
1275
263
-1876
-4568
-6403
-6412
-4976
-3141
-1314
750
2854
4068
3840
2738
1629
646
-427
-1223
-1081
-213
318
-30
-688
-1065
-1509
-2599
-3941
-4485
-3850
-2631
-1395
-83
1376
2507
2826
2522
2116
1675
904
-111
-791
-820
-550
-436
-444
-314
-134
-252
-710
-1133
-1233
-1065
-735
-152
716
1574
2030
2012
1735
1317
682
-138
-832
-1096
-919
-523
-96
258
414
274
-79
-428
-643
-766
-844
-775
-441
72
491
600
390
-16
-478
-889
-1167
-1282
-1251
-1090
-779
-342
90
347
364
218
22
-174
-358
-505
-581
-584
-520
-397
-251
-172
-242
-444
-664
-782
-759
-615
-369
-19
402
788
1024
1049
881
581
231
-80
-275
-323
-249
-98
103
313
475
533
494
418
363
354
393
469
559
629
651
635
598
550
494
447
443
500
596
711
853
1041
1259
1460
1628
1799
1993
2170
2275
2275
2134
1857
1575
1365
876
-571
-3119
-5739
-6915
-6134
-4268
-2327
-381
1848
3842
4573
3838
2522
1374
286
-854
-1424
-883
128
397
-304
-1099
-1489
-2028
-3194
-4324
-4371
-3272
-1849
-587
721
2116
3036
3069
2570
2086
1568
656
-469
-1120
-1014
-618
-439
-422
-295
-175
-390
-888
-1216
-1104
-710
-224
417
1254
1991
2240
1980
1501
981
344
-396
-955
-1060
-764
-343
16
273
369
222
-107
-416
-572
-625
-637
-512
-153
320
610
523
125
-403
-919
-1318
-1485
-1364
-1027
-590
-102
410
815
925
670
194
-291
-675
-945
-1082
-1059
-901
-683
-462
-268
-157
-192
-357
-510
-500
-313
-53
195
422
624
731
673
470
206
-46
-262
-410
-436
-330
-151
36
219
406
566
646
633
568
491
422
373
356
368
383
396
420
461
501
516
510
512
549
632
748
898
1085
1289
1470
1603
1706
1798
1877
1952
2038
2088
2034
1898
1750
1341
28
-2507
-5440
-7172
-6809
-4967
-2810
-714
1568
3730
4752
4158
2697
1340
226
-870
-1537
-1112
65
711
167
-867
-1532
-2038
-3035
-4251
-4614
-3688
-2173
-826
393
1733
2827
3082
2587
1986
1523
833
-227
-1096
-1210
-774
-430
-393
-377
-268
-359
-800
-1236
-1240
-835
-321
229
951
1747
2211
2092
1583
1001
404
-278
-902
-1150
-918
-452
-48
206
329
268
-30
-434
-713
-773
-693
-520
-194
268
632
626
223
-352
-848
-1158
-1274
-1192
-922
-532
-139
159
297
238
1
-324
-606
-761
-792
-759
-693
-583
-419
-225
-68
-11
-87
-266
-458
-571
-561
-452
-284
-63
206
467
622
616
491
321
151
-5
-109
-116
-28
104
239
374
496
551
509
417
351
342
371
423
497
567
595
576
550
541
536
529
554
637
765
909
1067
1260
1480
1709
1934
2155
2363
2527
2579
2473
2267
2053
1646
446
-2002
-5118
-7326
-7383
-5563
-3161
-973
1155
3260
4548
4282
2875
1433
439
-373
-959
-717
390
1246
795
-614
-1809
-2432
-3133
-4177
-4729
-3975
-2291
-699
418
1413
2360
2763
2393
1778
1466
1244
613
-286
-774
-608
-306
-366
-643
-753
-734
-900
-1206
-1232
-790
-164
353
847
1473
2026
2115
1685
1064
524
27
-478
-808
-735
-340
53
240
258
175
-46
-405
-746
-878
-773
-517
-154
308
737
881
591
-19
-674
-1165
-1409
-1396
-1137
-695
-184
272
582
668
505
156
-243
-562
-754
-831
-821
-736
-586
-398
-224
-129
-162
-302
-461
-528
-459
-294
-94
105
295
443
499
439
293
129
-7
-107
-170
-186
-139
-46
62
166
253
314
336
325
308
305
306
298
281
279
301
332
356
376
393
402
404
426
481
545
605
672
755
837
891
939
1017
1135
1293
1506
1777
2068
2326
2486
2477
2286
2040
1808
1223
-425
-3271
-6168
-7397
-6336
-4008
-1770
82
1926
3499
3902
2920
1508
594
94
-375
-473
329
1462
1537
107
-1709
-2739
-3178
-3837
-4575
-4398
-2994
-1251
-55
703
1481
2095
2050
1521
1243
1422
1427
787
-71
-452
-381
-448
-855
-1194
-1174
-1056
-1144
-1243
-973
-388
112
402
767
1362
1871
1914
1535
1059
618
105
-456
-782
-694
-382
-169
-133
-148
-166
-286
-520
-701
-670
-464
-212
30
249
344
145
-360
-952
-1365
-1492
-1406
-1202
-909
-545
-170
132
315
371
308
144
-65
-237
-333
-408
-531
-695
-815
-823
-744
-659
-607
-557
-454
-280
-51
199
441
648
802
889
895
815
659
460
248
51
-91
-145
-103
14
174
348
506
613
659
668
679
697
718
743
778
813
827
829
836
866
922
1008
1114
1228
1355
1529
1772
2063
2351
2535
2460
2063
1540
1165
741
-518
-3051
-5893
-7168
-5966
-3341
-1031
407
1584
2692
2977
2045
762
203
291
303
276
876
1857
1832
65
-2292
-3561
-3574
-3456
-3688
-3453
-2139
-479
417
527
646
1034
1196
976
998
1635
2236
1944
906
44
-225
-383
-856
-1325
-1297
-910
-689
-732
-646
-252
126
234
325
750
1356
1641
1414
975
632
332
-57
-388
-387
-72
213
224
37
-173
-394
-697
-999
-1096
-899
-521
-121
214
405
314
-100
-664
-1076
-1162
-997
-752
-507
-254
6
203
262
151
-107
-448
-746
-870
-766
-518
-286
-167
-145
-159
-197
-287
-429
-553
-565
-422
-174
78
252
336
366
379
382
373
357
341
318
279
234
205
197
197
193
210
264
333
365
355
355
417
528
636
713
769
819
865
897
913
916
922
984
1140
1363
1588
1800
2027
2261
2426
2430
2214
1817
1406
1137
782
-365
-2734
-5502
-6850
-5716
-3021
-685
451
1042
1694
1945
1275
300
88
661
1118
1156
1388
1897
1580
-335
-2807
-4028
-3647
-2959
-2896
-2883
-2081
-895
-368
-597
-683
-132
563
943
1348
2160
2839
2494
1173
-78
-526
-503
-618
-825
-697
-315
-236
-653
-1105
-1145
-883
-617
-268
436
1348
1906
1778
1230
721
390
127
-40
63
411
660
502
-3
-570
-1021
-1342
-1512
-1438
-1109
-699
-401
-260
-226
-292
-491
-742
-839
-664
-345
-129
-124
-224
-276
-252
-224
-248
-308
-379
-446
-497
-499
-459
-429
-451
-475
-425
-295
-178
-159
-216
-246
-180
-38
104
204
283
372
461
510
505
479
463
456
437
411
388
362
307
248
243
305
386
439
477
532
595
636
649
662
703
784
896
1043
1210
1375
1514
1627
1736
1862
2000
2130
2242
2281
2102
1604
960
506
163
-793
-2868
-5225
-6039
-4440
-1664
227
587
435
625
785
397
21
512
1544
1993
1612
1271
1301
743
-1086
-3111
-3643
-2632
-1695
-1866
-2405
-2200
-1435
-1055
-1158
-942
-65
830
1209
1430
1966
2423
2048
947
96
64
369
305
-95
-323
-292
-397
-812
-1164
-1095
-747
-443
-168
312
937
1279
1095
662
419
463
577
637
738
890
861
449
-204
-748
-1012
-1114
-1192
-1205
-1064
-840
-697
-681
-696
-672
-655
-680
-662
-501
-259
-123
-176
-295
-317
-218
-109
-67
-77
-108
-171
-270
-348
-352
-306
-290
-320
-354
-363
-387
-467
-538
-477
-239
87
365
531
616
661
672
658
662
723
805
827
739
580
424
304
217
170
186
252
311
332
355
438
583
753
915
1067
1197
1294
1376
1486
1636
1797
1938
2056
2166
2278
2331
2169
1684
1060
645
349
-612
-2755
-5132
-5774
-3860
-969
527
80
-819
-905
-522
-391
-156
885
2208
2528
1700
941
870
537
-880
-2412
-2488
-1312
-753
-1780
-3203
-3423
-2494
-1628
-1305
-958
-264
256
258
300
992
1935
2206
1664
1097
1042
1087
646
-90
-453
-265
-43
-231
-664
-954
-1036
-1060
-962
-510
234
802
831
500
277
357
563
722
903
1164
1263
889
107
-622
-929
-890
-833
-925
-1080
-1192
-1261
-1288
-1221
-1069
-950
-936
-935
-800
-572
-433
-455
-488
-354
-75
143
156
-11
-227
-381
-425
-361
-250
-193
-256
-387
-479
-485
-467
-487
-505
-425
-223
-1
132
173
226
368
568
745
864
951
1017
1032
979
886
791
695
586
486
425
393
346
294
302
395
522
621
701
816
1005
1249
1488
1676
1821
1986
2199
2420
2570
2557
2263
1669
1056
770
583
-408
-2620
-4810
-4972
-2768
-323
101
-1263
-2313
-1908
-890
-229
392
1440
2176
1663
502
164
771
919
-44
-937
-656
-47
-750
-2689
-4023
-3554
-2062
-986
-728
-805
-943
-1164
-1156
-407
929
1963
2084
1620
1266
1203
1135
929
807
907
996
751
136
-572
-1033
-1067
-725
-250
43
-7
-303
-582
-589
-233
366
950
1274
1276
1056
746
429
201
182
357
482
244
-416
-1190
-1647
-1591
-1196
-843
-816
-1126
-1537
-1753
-1611
-1175
-682
-352
-236
-212
-137
-3
97
112
94
110
123
35
-171
-384
-476
-417
-305
-271
-377
-568
-703
-636
-345
19
270
325
288
321
494
751
992
1148
1203
1160
1040
897
803
796
847
881
828
677
497
389
424
586
773
865
826
755
797
1003
1306
1620
1890
2082
2191
2243
2208
1967
1548
1256
1238
931
-461
-2616
-3823
-2848
-760
80
-1118
-2711
-2939
-2012
-1154
-562
369
1317
1147
-85
-752
79
1209
1088
115
-193
281
93
-1347
-2688
-2554
-1434
-826
-1183
-1743
-1944
-1954
-1810
-1102
157
1097
1001
295
12
496
1197
1587
1707
1741
1569
1045
410
83
154
320
301
83
-223
-564
-862
-938
-672
-211
113
126
-26
-73
98
384
631
757
735
566
329
141
38
-72
-262
-461
-580
-686
-935
-1326
-1629
-1657
-1460
-1258
-1200
-1273
-1350
-1271
-944
-456
-77
-24
-225
-382
-281
11
266
322
171
-100
-359
-486
-449
-342
-289
-313
-340
-325
-287
-250
-165
17
258
455
545
586
688
879
1068
1139
1078
972
906
899
922
954
973
927
809
691
650
671
681
688
764
932
1130
1320
1511
1701
1857
1974
2011
1857
1534
1339
1403
1158
-150
-2072
-2884
-1619
263
378
-1519
-3185
-2888
-1490
-754
-766
-434
234
88
-925
-1244
-64
1239
1096
28
-371
8
-160
-1222
-1837
-1109
-99
-306
-1538
-2349
-2080
-1390
-961
-675
-308
-134
-375
-601
-236
595
1237
1360
1236
1173
1114
929
789
931
1233
1263
813
174
-205
-178
32
154
91
-125
-408
-598
-499
-106
308
435
262
43
-11
104
303
494
522
238
-264
-635
-627
-404
-331
-552
-897
-1177
-1345
-1387
-1266
-1043
-909
-958
-1041
-966
-745
-537
-414
-317
-232
-234
-322
-359
-233
-29
79
25
-113
-227
-259
-184
-15
159
226
162
86
133
301
470
544
554
581
651
718
761
819
923
1019
1027
953
889
910
1003
1109
1173
1159
1054
917
872
977
1168
1320
1382
1391
1406
1478
1608
1673
1529
1267
1157
1127
598
-682
-1796
-1498
-37
712
-460
-2348
-2838
-1666
-521
-500
-875
-741
-518
-893
-1280
-686
455
705
-174
-842
-471
59
-293
-1038
-1032
-358
-193
-967
-1762
-1712
-1081
-646
-624
-723
-782
-843
-776
-355
293
710
680
496
546
830
1059
1083
1038
1055
1056
895
628
460
484
551
465
208
-85
-289
-341
-222
0
121
-23
-329
-490
-338
-51
87
9
-142
-245
-283
-255
-162
-97
-207
-486
-746
-840
-835
-875
-971
-1038
-1062
-1093
-1110
-1036
-898
-811
-807
-787
-677
-534
-427
-342
-234
-140
-117
-142
-133
-77
-34
-26
-7
52
109
127
139
198
302
391
421
430
482
591
696
732
714
717
773
833
854
862
883
909
922
940
989
1042
1059
1053
1086
1188
1320
1406
1430
1453
1515
1521
1363
1155
1133
1159
663
-496
-1398
-1020
175
476
-827
-2306
-2243
-972
-249
-715
-1278
-1107
-806
-1050
-1254
-642
212
147
-697
-1036
-452
22
-378
-991
-897
-388
-399
-1001
-1364
-1072
-635
-602
-848
-966
-872
-711
-505
-200
80
157
100
180
483
798
903
840
807
883
961
940
861
811
779
682
503
310
172
104
91
97
53
-88
-266
-353
-309
-224
-197
-223
-250
-270
-289
-265
-183
-125
-192
-353
-474
-494
-506
-600
-741
-840
-890
-927
-936
-872
-783
-774
-850
-885
-788
-624
-507
-464
-437
-381
-296
-194
-85
-2
27
34
69
141
215
273
316
345
373
430
522
599
618
618
662
735
766
747
753
821
900
931
936
960
1004
1041
1055
1066
1097
1147
1198
1228
1258
1312
1387
1465
1524
1502
1343
1142
1101
1142
797
-132
-935
-692
287
529
-650
-1995
-1938
-786
-208
-782
-1385
-1165
-776
-999
-1301
-840
-55
-70
-839
-1183
-653
-142
-373
-828
-749
-385
-449
-901
-1060
-726
-418
-519
-772
-811
-653
-493
-348
-155
-4
6
-8
149
451
671
701
672
730
840
882
853
835
846
799
655
510
442
400
298
168
97
71
-2
-127
-210
-215
-227
-296
-356
-354
-344
-379
-421
-405
-366
-374
-429
-468
-479
-510
-564
-605
-635
-699
-793
-844
-812
-754
-743
-775
-787
-746
-671
-598
-540
-495
-443
-368
-274
-185
-118
-62
6
91
173
235
281
323
371
429
496
566
614
630
650
724
822
866
836
807
846
914
940
946
981
1034
1064
1088
1147
1212
1246
1270
1319
1357
1349
1334
1319
1238
1106
1031
911
426
-351
-687
-141
502
88
-1181
-1834
-1204
-374
-505
-1171
-1296
-965
-1063
-1534
-1381
-484
-38
-723
-1567
-1393
-527
-165
-591
-1013
-937
-738
-798
-889
-717
-482
-522
-761
-849
-691
-475
-350
-274
-206
-168
-135
-6
253
512
622
582
531
580
717
854
925
903
784
622
526
555
615
548
346
172
125
122
54
-45
-92
-95
-135
-204
-240
-246
-284
-345
-369
-353
-367
-430
-485
-509
-547
-613
-664
-672
-672
-698
-726
-733
-727
-715
-683
-636
-609
-622
-625
-573
-477
-388
-338
-315
-297
-265
-203
-119
-38
12
58
141
261
361
416
462
544
637
685
703
760
861
925
908
881
925
1014
1067
1067
1076
1102
1118
1127
1174
1255
1305
1302
1281
1278
1309
1379
1417
1316
1119
1026
1042
804
138
-421
-210
452
466
-516
-1446
-1300
-507
-243
-733
-1168
-1123
-1047
-1227
-1231
-772
-398
-681
-1249
-1306
-792
-411
-554
-863
-901
-758
-727
-784
-717
-537
-473
-614
-761
-710
-488
-271
-167
-151
-163
-143
-35
192
453
591
541
445
491
693
889
939
856
741
651
616
647
687
637
479
316
237
209
169
130
105
32
-128
-278
-287
-187
-149
-248
-387
-439
-397
-336
-323
-381
-491
-597
-634
-594
-539
-549
-638
-735
-759
-698
-623
-607
-652
-690
-670
-597
-505
-428
-380
-358
-341
-299
-221
-126
-45
6
42
92
167
258
337
398
449
488
518
565
662
787
860
845
803
827
930
1035
1081
1085
1090
1112
1155
1217
1281
1327
1333
1306
1274
1283
1336
1346
1228
1051
956
864
517
-39
-286
64
456
91
-876
-1389
-924
-233
-268
-891
-1261
-1131
-1001
-1113
-1093
-756
-573
-921
-1382
-1302
-771
-483
-736
-1088
-1093
-875
-781
-821
-767
-630
-647
-837
-916
-713
-421
-300
-340
-361
-293
-186
-37
182
386
431
335
305
463
684
777
726
652
617
589
563
573
604
560
407
241
176
221
276
239
94
-82
-184
-159
-72
-54
-174
-360
-482
-465
-365
-296
-335
-453
-558
-584
-547
-513
-524
-577
-629
-637
-602
-563
-562
-596
-622
-615
-595
-570
-527
-460
-401
-381
-380
-346
-255
-136
-46
-12
-4
41
148
282
381
423
438
460
513
608
726
811
806
743
731
832
985
1073
1052
995
993
1079
1196
1273
1279
1252
1244
1270
1323
1389
1425
1343
1156
1002
955
838
451
-11
-108
197
339
-134
-871
-1124
-729
-291
-372
-850
-1224
-1260
-1084
-873
-710
-682
-859
-1124
-1202
-962
-622
-528
-764
-1055
-1085
-839
-592
-566
-713
-818
-780
-672
-595
-548
-470
-361
-282
-262
-235
-118
79
258
337
337
342
407
523
644
722
728
660
568
533
583
643
617
490
356
296
297
295
249
176
87
-6
-81
-106
-92
-98
-169
-283
-367
-370
-324
-300
-349
-450
-535
-558
-527
-494
-501
-552
-607
-627
-592
-531
-488
-495
-530
-542
-499
-420
-361
-350
-355
-330
-266
-196
-146
-108
-71
-26
30
101
173
226
267
324
409
486
528
560
625
718
782
793
795
843
928
990
1002
998
1020
1069
1115
1139
1149
1149
1140
1128
1129
1152
1172
1137
1034
906
796
674
468
196
15
51
177
107
-256
-653
-759
-588
-462
-576
-802
-935
-973
-1023
-1068
-1006
-872
-832
-937
-1046
-1035
-954
-914
-907
-842
-718
-631
-648
-706
-712
-636
-526
-443
-402
-374
-328
-265
-199
-138
-72
12
102
171
203
223
265
331
391
431
453
466
466
451
437
438
432
401
351
315
299
277
242
203
166
117
54
1
-28
-51
-97
-162
-219
-249
-259
-269
-301
-371
-453
-504
-501
-477
-480
-517
-560
-584
-579
-551
-513
-499
-518
-540
-524
-461
-393
-352
-336
-323
-297
-246
-181
-121
-83
-58
-25
26
83
129
168
208
256
308
356
393
432
480
532
574
606
645
701
758
794
809
825
852
886
918
942
958
968
974
976
975
978
987
977
922
839
753
645
475
293
214
264
292
161
-63
-212
-271
-362
-508
-582
-544
-542
-692
-884
-941
-885
-867
-931
-977
-958
-949
-992
-1014
-948
-846
-799
-797
-766
-686
-609
-574
-559
-520
-447
-355
-256
-174
-122
-90
-49
15
88
152
201
237
261
284
330
396
451
455
428
419
443
467
460
432
409
393
374
350
327
286
213
132
83
79
79
38
-40
-116
-158
-171
-182
-207
-254
-311
-360
-388
-393
-394
-410
-436
-462
-472
-468
-458
-458
-473
-487
-480
-451
-409
-374
-353
-335
-311
-271
-220
-169
-131
-102
-67
-12
56
119
167
210
250
291
335
384
439
490
534
574
619
665
710
752
790
823
858
897
941
973
988
999
1013
1023
1027
1031
1030
1002
942
862
761
619
451
339
329
348
275
104
-63
-175
-277
-393
-461
-454
-462
-578
-745
-825
-804
-786
-832
-888
-896
-889
-911
-930
-898
-837
-804
-803
-781
-712
-641
-609
-601
-572
-507
-419
-329
-248
-191
-154
-116
-57
19
86
128
156
190
235
289
336
364
370
362
357
370
389
397
388
364
342
331
325
314
283
235
187
156
139
119
84
32
-27
-83
-116
-132
-152
-198
-262
-315
-346
-355
-365
-381
-401
-422
-432
-428
-417
-413
-420
-428
-429
-415
-394
-375
-361
-352
-341
-320
-283
-239
-205
-183
-164
-132
-82
-22
37
89
137
182
228
277
328
379
423
461
504
553
603
649
687
726
769
811
843
867
889
912
931
942
955
967
963
929
870
798
697
554
414
341
337
314
213
68
-61
-172
-295
-404
-449
-457
-516
-649
-769
-806
-794
-812
-861
-892
-891
-896
-916
-912
-869
-821
-801
-780
-724
-648
-600
-588
-580
-542
-476
-403
-329
-261
-207
-164
-122
-68
-6
46
86
119
160
213
268
312
333
336
341
355
375
390
386
368
350
342
343
343
326
289
240
199
178
167
146
105
50
2
-26
-44
-67
-109
-163
-216
-256
-278
-289
-298
-320
-349
-371
-376
-368
-364
-372
-386
-395
-386
-363
-338
-321
-312
-302
-281
-248
-211
-179
-151
-126
-99
-65
-24
20
60
95
135
181
230
274
318
363
409
455
505
555
598
633
669
714
764
809
846
867
876
884
893
902
908
914
921
913
879
824
753
656
526
403
340
332
307
214
82
-36
-141
-251
-348
-395
-418
-484
-607
-714
-750
-749
-774
-824
-854
-857
-863
-876
-867
-831
-795
-774
-745
-679
-607
-565
-555
-540
-494
-423
-341
-265
-204
-161
-126
-79
-22
33
73
106
138
177
226
270
302
315
318
324
342
364
375
372
359
343
334
328
319
296
261
219
183
153
125
92
50
7
-28
-51
-67
-91
-131
-179
-220
-249
-271
-285
-298
-317
-340
-359
-368
-370
-374
-384
-391
-389
-382
-373
-359
-344
-325
-308
-285
-255
-221
-192
-169
-141
-107
-68
-27
10
44
81
122
166
206
246
284
322
361
399
439
481
522
560
597
636
674
711
747
777
799
813
827
842
851
854
854
850
823
769
704
627
530
415
327
293
273
212
98
-25
-132
-234
-329
-391
-422
-466
-561
-674
-739
-758
-772
-807
-840
-855
-866
-880
-879
-855
-823
-802
-777
-727
-665
-623
-603
-584
-546
-485
-410
-330
-260
-209
-172
-128
-73
-14
32
67
100
143
189
235
272
291
296
300
314
337
356
357
349
337
331
326
321
309
283
249
215
187
163
133
98
55
16
-20
-48
-70
-102
-144
-186
-219
-238
-251
-265
-282
-302
-321
-338
-345
-346
-348
-354
-360
-358
-348
-333
-320
-309
-297
-281
-262
-238
-212
-184
-154
-120
-82
-45
-7
30
67
107
151
198
243
282
319
355
391
427
462
498
537
576
612
645
675
701
728
754
777
795
808
818
822
817
812
816
817
791
737
668
593
498
395
319
287
262
191
75
-48
-153
-249
-332
-387
-418
-469
-559
-657
-716
-739
-759
-790
-814
-825
-835
-844
-838
-817
-792
-772
-739
-686
-631
-595
-574
-549
-503
-436
-358
-282
-222
-181
-146
-102
-47
6
50
89
129
174
221
260
286
297
302
314
333
351
360
356
345
336
334
336
332
314
286
257
232
214
193
165
129
87
50
18
-11
-39
-75
-116
-153
-185
-208
-223
-240
-260
-283
-302
-315
-321
-326
-331
-335
-335
-333
-327
-318
-307
-294
-283
-267
-246
-220
-193
-166
-141
-112
-82
-48
-12
24
62
100
140
182
224
264
303
337
369
400
436
474
510
545
576
605
629
651
672
686
699
712
724
733
737
735
732
723
712
704
695
670
620
552
474
388
303
237
196
158
89
-7
-111
-206
-295
-372
-430
-475
-530
-609
-688
-741
-771
-795
-817
-831
-837
-839
-839
-828
-805
-775
-741
-694
-640
-590
-551
-520
-484
-440
-384
-318
-252
-193
-147
-105
-60
-16
23
57
91
123
155
184
207
224
233
236
242
251
257
257
250
242
238
237
233
226
211
193
171
150
131
110
85
55
24
-4
-31
-56
-87
-123
-156
-187
-212
-229
-244
-259
-275
-292
-306
-313
-314
-313
-313
-314
-311
-306
-299
-289
-275
-260
-245
-226
-201
-175
-148
-120
-88
-54
-17
20
56
88
117
143
171
201
234
267
298
326
351
375
399
420
440
461
484
505
522
538
552
566
579
590
601
608
608
601
593
586
583
581
577
571
563
544
508
457
394
326
254
189
136
97
53
-9
-86
-170
-249
-322
-381
-427
-468
-517
-575
-627
-664
-690
-711
-727
-735
-734
-730
-721
-702
-679
-650
-616
-570
-519
-473
-436
-407
-373
-330
-277
-216
-157
-105
-60
-19
20
57
91
122
151
181
211
237
259
272
276
275
274
276
275
271
267
262
253
243
229
212
191
168
145
122
98
69
38
9
-20
-43
-65
-86
-110
-137
-167
-194
-216
-233
-248
-260
-271
-282
-290
-294
-295
-296
-295
-291
-283
-271
-257
-241
-221
-201
-176
-150
-120
-91
-64
-38
-13
15
45
76
108
142
176
206
234
261
286
308
331
355
378
397
415
430
446
461
475
487
494
497
499
499
502
505
507
510
508
504
497
488
479
470
466
464
465
462
453
439
416
381
338
285
228
167
111
66
28
-14
-70
-141
-215
-286
-346
-394
-433
-473
-519
-566
-608
-640
-663
-682
-694
-698
-697
-687
-674
-657
-635
-607
-571
-527
-480
-439
-405
-376
-344
-306
-260
-211
-161
-116
-74
-34
3
34
60
84
110
137
165
189
204
209
206
201
200
196
192
186
178
168
159
150
140
126
108
85
63
40
16
-10
-38
-68
-96
-121
-143
-164
-189
-217
-245
-268
-287
-300
-310
-314
-320
-323
-322
-320
-316
-311
-304
-294
-279
-262
-240
-218
-197
-175
-152
-125
-97
-71
-45
-20
5
30
58
87
114
142
168
197
225
250
274
296
316
336
352
369
383
393
402
412
420
426
429
432
433
435
437
437
435
432
426
418
414
410
406
401
394
387
380
373
368
364
358
349
338
320
292
253
205
153
102
59
27
-5
-43
-93
-157
-222
-282
-332
-369
-402
-434
-470
-505
-536
-564
-586
-602
-613
-614
-608
-600
-588
-577
-560
-533
-497
-452
-405
-363
-328
-297
-264
-227
-184
-139
-94
-50
-8
30
59
82
99
116
135
158
182
201
211
212
205
196
186
180
177
176
174
169
157
143
124
104
84
64
46
26
2
-25
-55
-88
-115
-138
-156
-171
-188
-207
-226
-242
-254
-258
-258
-254
-251
-246
-241
-236
-232
-224
-211
-195
-178
-158
-138
-120
-102
-85
-62
-38
-13
13
38
62
83
103
124
146
167
189
211
231
249
266
281
298
314
328
341
351
358
364
368
372
375
380
384
388
391
390
387
379
371
366
364
363
361
353
344
334
330
330
334
336
334
327
317
307
301
298
296
292
284
263
228
178
124
73
37
13
-6
-36
-84
-147
-213
-272
-317
-351
-379
-409
-441
-472
-502
-530
-551
-567
-571
-564
-550
-535
-526
-521
-514
-496
-467
-428
-385
-346
-313
-285
-258
-229
-199
-163
-123
-79
-32
9
40
59
72
80
91
108
130
152
168
171
166
152
138
125
120
118
116
110
96
74
49
24
1
-15
-28
-38
-52
-73
-103
-135
-160
-179
-187
-191
-198
-209
-225
-243
-259
-268
-272
-270
-262
-249
-237
-229
-223
-219
-215
-201
-181
-155
-128
-105
-85
-67
-51
-34
-13
11
36
60
83
103
120
135
149
164
181
200
216
228
235
240
243
248
257
268
279
289
293
293
290
286
283
284
286
289
292
290
284
274
264
254
249
247
246
243
236
227
218
210
208
211
214
215
212
205
198
191
188
189
193
194
191
175
146
105
61
22
-3
-16
-27
-48
-83
-134
-188
-235
-269
-290
-305
-318
-336
-356
-380
-403
-425
-442
-444
-435
-417
-401
-390
-387
-385
-376
-357
-327
-291
-256
-223
-195
-173
-151
-131
-109
-82
-48
-11
23
48
64
67
67
69
78
93
112
124
129
123
108
94
83
80
81
84
85
79
65
46
25
6
-5
-10
-13
-18
-29
-49
-73
-97
-113
-123
-127
-128
-131
-135
-142
-149
-153
-155
-150
-138
-124
-107
-94
-84
-79
-73
-63
-48
-29
-8
11
26
36
43
49
58
70
85
101
115
126
134
138
143
150
162
176
192
206
218
224
229
234
239
246
255
265
272
275
275
272
267
265
265
264
262
257
252
241
230
222
215
208
202
197
192
188
185
183
179
175
172
171
172
175
176
175
169
162
156
150
147
143
139
132
119
96
65
29
-4
-29
-44
-55
-71
-100
-139
-182
-221
-248
-265
-276
-286
-298
-312
-329
-349
-367
-380
-385
-378
-363
-344
-333
-328
-326
-323
-310
-289
-262
-233
-206
-183
-165
-149
-137
-124
-107
-84
-57
-29
-6
8
12
12
12
16
27
42
59
70
73
67
56
46
38
36
37
39
39
34
24
6
-16
-33
-46
-51
-52
-56
-63
-77
-93
-109
-120
-128
-132
-133
-133
-135
-136
-143
-150
-156
-158
-153
-143
-131
-122
-116
-114
-112
-107
-98
-85
-70
-54
-40
-28
-19
-12
-6
2
14
26
41
53
62
70
74
80
88
97
106
117
126
133
138
143
148
153
159
165
173
180
186
191
193
195
196
195
194
194
192
188
184
181
177
171
164
154
147
141
136
132
129
123
116
108
99
94
92
95
98
98
93
86
77
72
67
66
67
67
65
58
44
23
-1
-22
-36
-43
-49
-56
-73
-96
-123
-148
-167
-180
-191
-199
-205
-214
-224
-238
-252
-265
-271
-269
-259
-246
-237
-232
-230
-228
-221
-208
-192
-173
-152
-132
-114
-102
-91
-83
-73
-59
-40
-19
-1
13
20
23
26
30
37
48
56
65
70
72
72
68
63
59
56
56
57
57
52
43
31
21
12
4
0
-3
-8
-14
-21
-27
-34
-41
-45
-49
-49
-48
-47
-49
-51
-55
-56
-55
-52
-46
-40
-34
-31
-29
-25
-22
-17
-10
-1
7
16
22
25
29
33
40
47
57
68
78
86
93
98
106
114
125
135
146
156
166
174
179
182
187
190
195
201
206
210
211
210
206
202
197
193
189
188
186
180
173
162
151
141
133
128
122
116
108
102
93
87
81
74
69
68
67
69
70
69
67
63
58
55
53
52
52
49
47
41
32
19
3
-13
-28
-37
-42
-49
-60
-76
-97
-119
-137
-153
-163
-172
-179
-187
-195
-206
-218
-231
-241
-246
-244
-238
-233
-229
-229
-231
-232
-229
-223
-213
-200
-188
-176
-166
-158
-152
-147
-140
-129
-116
-102
-89
-81
-74
-70
-66
-61
-54
-47
-38
-32
-26
-21
-16
-15
-13
-13
-12
-10
-8
-6
-6
-8
-12
-15
-19
-21
-24
-27
-30
-33
-35
-38
-41
-45
-47
-51
-52
-53
-53
-54
-56
-57
-59
-59
-58
-57
-56
-54
-52
-52
-48
-46
-42
-39
-36
-31
-26
-21
-17
-11
-6
0
7
13
21
28
35
42
50
57
64
73
82
91
98
106
113
119
127
133
139
146
151
156
159
160
161
161
161
160
158
155
151
147
141
135
130
126
122
117
112
106
101
95
91
87
87
86
85
83
81
78
74
73
69
71
74
76
78
78
76
75
71
69
67
66
67
66
64
60
51
43
31
21
11
3
-4
-11
-20
-33
-47
-62
-78
-91
-101
-109
-115
-122
-129
-139
-149
-157
-164
-168
-168
-166
-162
-159
-158
-158
-158
-157
-154
-147
-138
-127
-117
-107
-101
-96
-90
-85
-77
-66
-55
-43
-32
-24
-19
-15
-12
-8
-3
6
12
19
24
26
27
26
26
26
27
30
33
35
34
32
28
24
22
20
19
20
20
19
16
12
9
6
4
4
5
7
7
7
5
6
3
3
5
7
9
12
14
15
16
16
17
20
22
25
27
31
34
35
39
40
44
48
53
58
62
67
70
75
80
82
88
91
95
98
100
102
104
107
109
110
111
112
112
110
109
107
105
104
104
103
101
98
94
90
85
81
79
76
74
73
68
63
58
52
48
44
42
41
39
35
29
22
15
8
2
-1
-4
-6
-11
-20
-29
-41
-51
-60
-66
-70
-72
-75
-80
-89
-97
-105
-112
-115
-113
-110
-107
-106
-108
-111
-115
-119
-120
-118
-112
-106
-102
-99
-98
-101
-104
-106
-103
-97
-90
-82
-77
-75
-75
-78
-79
-79
-76
-69
-62
-56
-52
-53
-55
-58
-60
-59
-55
-50
-44
-40
-40
-41
-45
-48
-49
-48
-44
-40
-36
-34
-34
-37
-41
-44
-45
-44
-40
-37
-34
-32
-32
-34
-35
-35
-34
-30
-26
-21
-17
-16
-15
-14
-15
-13
-10
-8
-4
0
1
2
3
3
3
6
8
12
15
18
20
22
22
23
24
27
29
31
34
35
37
37
38
38
38
39
41
40
41
41
40
39
38
38
38
37
37
36
36
35
34
33
31
31
30
29
28
26
25
24
21
21
20
19
19
19
18
17
17
16
16
15
16
17
18
19
20
21
22
23
24
25
27
29
31
32
33
34
35
35
34
35
35
37
36
36
35
34
32
0
0
0
0
0
0
0
0
0
0
0
0
0
0
0
0
0
0
0
0
0
0
0
0
0
0
0
0
0
0
0
0
0
0
0
0
0
0
0
0
0
0
0
0
0
0
0
0
0
0
0
0
0
0
0
0
0
0
0
0
0
0
0
0
0
0
0
0
0
0
0
0
0
0
0
0
0
0
0
0
0
0
0
0
0
0
0
0
0
0
0
0
0
0
0
0
0
0
0
0
0
0
0
0
0
0
0
0
0
0
0
0
0
0
0
0
0
0
0
0
0
0
0
0
0
0
0
0
0
0
0
0
0
0
0
0
0
0
0
0
0
0
0
0
0
0
0
0
0
0
0
0
0
0
0
0
0
0
0
0
0
0
0
0
0
0
0
0
0
0
0
0
0
0
0
0
0
0
0
0
0
0
0
0
0
0
0
0
0
0
0
0
0
0
0
0
0
0
