0
0
0
0
0
0
0
0
0
0
0
0
0
0
0
0
0
0
0
0
0
0
0
0
0
0
0
0
0
0
0
0
0
0
0
0
0
0
0
0
0
0
0
0
0
0
0
0
0
0
0
0
0
0
0
0
0
0
0
0
0
0
0
0
0
0
0
0
0
0
0
0
0
0
0
0
0
0
0
0
0
0
0
0
0
0
0
0
0
0
0
0
0
0
0
0
0
0
0
0
0
0
0
0
0
0
0
0
0
0
0
0
0
0
0
0
0
0
0
0
0
0
0
0
0
0
0
0
0
0
0
0
0
0
0
0
0
0
0
0
0
0
0
0
0
0
0
0
0
0
0
0
0
0
0
0
0
0
0
0
0
0
0
0
0
0
0
0
0
0
0
0
0
0
0
0
0
0
0
0
0
0
0
0
0
0
0
0
0
0
0
0
0
0
0
0
0
0
-23
-26
-29
-33
-38
-44
-48
-53
-59
-65
-70
-76
-81
-88
-92
-97
-101
-105
-110
-113
-116
-119
-119
-120
-122
-122
-121
-119
-118
-116
-113
-109
-106
-101
-97
-93
-88
-84
-78
-73
-67
-62
-55
-50
-44
-39
-33
-27
-22
-17
-12
-7
-2
1
6
10
15
20
23
27
32
36
40
43
48
52
55
58
61
66
69
72
74
78
81
84
87
89
92
92
96
98
98
101
101
103
103
103
104
104
103
103
102
101
100
98
95
95
93
90
87
86
82
80
77
75
72
69
66
62
60
57
54
51
49
45
43
41
36
34
33
30
27
25
22
21
17
15
13
10
8
5
4
2
0
0
-3
-4
-6
-7
-9
-9
-11
-12
-12
-14
-14
-16
-15
-17
-17
-17
-19
-19
-20
-20
-20
-22
-22
-23
-23
-23
-24
-25
-25
-25
-27
-27
-26
-28
-28
-29
-30
-30
-29
-29
-29
-29
-30
-30
-29
-29
-28
-28
-27
-26
-26
-25
-23
-23
-23
-22
-21
-20
-19
-19
-17
-16
-17
-15
-14
-14
-14
-13
-13
-13
-12
-12
-13
-12
-13
-13
-13
-13
-15
-16
-16
-15
-16
-17
-18
-18
-19
-19
-20
-20
-20
-21
-21
-20
-21
-21
-19
-20
-19
-20
-19
-19
-19
-18
-17
-16
-17
-17
-15
-15
-13
-13
-13
-12
-12
-10
-11
-10
-9
-8
-8
-7
-7
-7
-6
-6
-6
-5
-5
-6
-6
-6
-6
-6
-6
-6
-6
-5
-5
-6
-6
-5
-5
-4
-3
-3
-3
-3
-2
-1
-1
-1
1
1
1
1
2
3
3
4
5
5
5
6
7
6
9
8
8
8
9
8
9
9
8
8
8
8
8
8
7
7
7
6
7
7
6
6
6
6
6
6
6
6
6
5
6
6
5
8
6
6
7
7
8
7
8
9
9
9
10
10
10
11
11
11
11
12
12
12
12
13
12
12
13
13
12
12
12
10
11
11
10
11
10
9
9
10
7
7
6
6
6
6
5
4
4
3
3
3
2
2
1
2
0
1
0
-1
0
-1
-1
-1
0
-1
0
1
0
0
1
1
1
1
3
2
4
4
6
5
6
7
8
8
9
9
10
11
12
11
12
13
13
13
14
14
14
14
15
15
14
14
14
14
14
13
13
13
13
12
11
11
11
11
9
9
8
7
7
6
6
4
4
4
2
3
1
0
1
0
-1
-2
-2
-3
-4
-4
-6
-6
-6
-7
-7
-8
-9
-10
-11
-10
-10
-11
-12
-13
-13
-14
-12
-13
-14
-14
-15
-14
-15
-15
-15
-15
-15
-15
-16
-14
-14
-15
-14
-14
-14
-15
-15
-15
-14
-14
-14
-13
-13
-13
-13
-13
-13
-13
-13
-12
-12
-12
-13
-12
-11
-10
-11
-9
-10
-10
-9
-9
-10
-8
-9
-9
-9
-9
-8
-8
-8
-8
-8
-8
-8
-8
-7
-7
-8
-8
-8
-7
-7
-7
-7
-8
-7
-8
-7
-8
-7
-6
-7
-7
-6
-7
-6
-6
-6
-5
-5
-5
-5
-5
-5
-5
-5
-4
-4
-4
-3
-2
-4
-4
-4
-3
-3
-3
-2
-2
-2
-2
-3
-2
-2
-1
-2
-1
-1
-1
-1
-1
-1
-1
0
-1
0
0
0
0
0
1
1
1
1
2
2
2
1
2
2
1
2
2
2
3
2
3
2
2
3
2
3
3
3
2
2
3
4
3
3
3
4
4
4
4
4
3
4
4
4
4
5
5
5
5
4
4
5
4
4
4
4
4
4
4
4
5
5
5
4
3
3
4
3
3
4
4
3
3
4
3
3
3
3
3
3
3
2
3
3
3
2
2
2
3
2
2
2
2
2
2
2
3
3
2
3
3
2
3
2
3
2
2
2
3
3
3
3
4
3
2
1
1
2
2
3
3
3
2
2
2
2
2
2
2
3
2
1
1
0
1
0
1
2
2
1
1
2
1
1
0
1
1
0
1
1
1
0
-1
0
0
0
0
0
-1
-1
-1
-1
-1
-2
-2
-1
-1
-1
-2
-2
-3
-2
-3
-4
-4
-4
-4
-4
-2
-4
-4
-3
-4
-5
-4
-5
-5
-4
-3
-4
-3
-4
-4
-4
-4
-4
-4
-4
-3
-3
-3
-3
-3
-4
-4
-5
-4
-3
-2
-1
0
-2
-3
-4
-6
-5
-2
-1
0
1
1
0
-2
-4
-5
-3
-2
0
0
1
-1
-2
-3
-4
-3
-1
1
2
1
0
-2
-3
-3
-3
-2
0
2
1
0
-1
-3
-3
-3
-1
1
0
1
1
-1
-3
-2
-2
-1
1
3
2
0
-1
-1
-2
-2
-2
1
2
3
1
0
-1
-1
-1
-1
1
2
2
2
0
0
-1
-1
0
0
2
2
2
1
-1
-1
-2
0
1
4
6
4
2
-1
-2
-2
-1
1
6
7
7
3
1
-2
-3
-2
2
6
9
9
5
0
-5
-7
-4
1
7
13
14
9
2
-5
-8
-8
-3
5
10
15
13
7
0
-6
-9
-6
0
7
12
13
10
3
-3
-7
-7
-2
5
11
13
12
7
0
-5
-7
-4
1
7
13
14
11
5
-1
-5
-7
-4
2
9
14
13
9
4
-1
-5
-3
0
6
10
11
8
4
-1
-2
-1
3
7
10
9
4
0
-2
-3
-1
4
9
10
9
5
-1
-4
-4
1
5
9
10
7
2
-3
-6
-4
1
7
12
13
7
-1
-7
-10
-7
0
8
14
13
8
-1
-8
-11
-9
-1
7
12
12
6
-1
-9
-12
-9
-3
5
10
11
7
1
-5
-10
-11
-7
-2
4
9
9
7
1
-5
-10
-12
-10
-5
1
8
9
6
1
-7
-15
-17
-15
-6
4
12
12
6
-7
-19
-24
-22
-11
2
12
14
7
-6
-20
-28
-26
-15
-1
11
12
5
-10
-24
-31
-28
-15
1
10
10
0
-15
-28
-34
-26
-12
3
10
7
-3
-21
-33
-35
-25
-9
5
11
6
-7
-21
-32
-31
-20
-5
8
13
6
-6
-20
-28
-27
-17
-4
7
11
8
-1
-13
-19
-21
-15
-5
4
8
8
5
-2
-9
-12
-13
-9
-2
3
7
8
4
-1
-6
-10
-10
-7
-1
5
9
11
8
3
-3
-7
-8
-3
3
10
12
12
7
0
-4
-3
-1
4
9
12
10
7
3
-1
-3
0
3
4
8
8
7
5
2
1
1
1
0
2
3
3
5
4
5
5
4
1
-4
-8
-8
-8
-3
4
8
9
6
1
-7
-13
-13
-8
1
10
15
14
9
-2
-11
-15
-14
-3
9
21
25
17
1
-16
-26
-27
-16
0
13
16
9
-7
-24
-32
-29
-16
2
15
19
13
1
-11
-16
-11
5
22
35
40
36
27
19
16
20
28
41
50
55
57
54
49
42
36
32
29
29
36
43
53
61
64
58
45
29
16
12
21
40
59
73
74
59
36
13
3
7
25
51
71
79
73
51
26
7
-1
0
10
21
25
22
12
2
-4
-4
-1
3
3
-5
-20
-35
-47
-50
-44
-35
-27
-25
-33
-50
-71
-88
-100
-104
-100
-93
-84
-79
-80
-87
-101
-120
-139
-153
-156
-149
-131
-108
-87
-72
-66
-68
-75
-80
-81
-75
-67
-53
-39
-24
-9
2
10
10
3
-9
-22
-31
-30
-19
2
26
47
60
62
52
35
18
7
4
11
23
35
43
42
37
32
35
52
87
137
194
248
287
298
282
242
193
145
111
93
88
90
86
68
39
8
-16
-25
-13
16
54
91
115
125
123
116
108
108
116
130
141
146
141
124
96
61
25
-16
-58
-103
-149
-196
-235
-261
-270
-260
-235
-200
-159
-118
-77
-36
9
57
104
142
164
165
148
122
98
81
80
83
82
63
24
-32
-95
-152
-190
-205
-199
-184
-169
-161
-163
-170
-181
-191
-197
-199
-199
-198
-201
-208
-219
-234
-251
-269
-286
-302
-313
-320
-319
-308
-290
-263
-231
-200
-173
-153
-144
-143
-145
-145
-142
-129
-109
-82
-55
-34
-20
-15
-17
-23
-26
-23
-15
-3
7
14
14
10
3
-1
-1
6
17
27
30
23
8
-10
-24
-27
-17
3
23
38
37
23
1
-23
-39
-46
-45
-41
-39
-47
-62
-76
-84
-77
-55
-23
11
39
56
61
59
55
55
59
66
69
70
64
55
50
52
65
87
114
144
171
195
214
227
230
223
203
179
157
145
151
174
210
245
270
274
254
217
170
124
90
75
78
97
122
146
159
155
131
97
56
22
4
6
26
57
88
109
113
102
80
57
47
53
76
105
132
146
137
110
74
43
27
31
53
83
111
126
122
103
75
47
26
13
9
8
11
15
20
28
37
47
59
69
81
92
100
100
85
50
-2
-63
-113
-138
-127
-86
-29
24
59
67
54
35
21
19
27
34
29
10
-20
-48
-66
-68
-57
-45
-42
-54
-81
-110
-132
-137
-120
-94
-68
-56
-63
-86
-113
-129
-125
-98
-56
-16
9
10
-11
-49
-86
-111
-117
-99
-65
-27
6
27
36
38
38
46
63
84
98
98
83
54
22
-3
-19
-25
-29
-36
-48
-62
-74
-78
-71
-61
-54
-55
-62
-72
-78
-77
-69
-64
-67
-82
-106
-131
-145
-140
-114
-74
-28
9
32
38
31
17
2
-8
-14
-13
-12
-10
-7
-8
-8
-12
-16
-16
-12
-3
11
27
35
34
22
4
-13
-20
-21
-15
-9
-14
-30
-50
-65
-65
-44
-7
34
62
63
39
-4
-50
-85
-98
-91
-71
-47
-30
-23
-24
-29
-32
-29
-18
-7
7
22
36
46
53
51
38
14
-14
-37
-48
-42
-20
10
37
54
55
45
32
20
13
14
17
17
7
-10
-28
-47
-61
-68
-71
-69
-67
-63
-54
-39
-18
5
24
35
33
23
11
4
10
31
59
84
97
91
68
35
3
-16
-18
-3
23
51
71
82
77
60
41
21
8
3
6
14
22
24
21
13
1
-9
-15
-11
5
34
70
108
138
153
152
133
101
61
25
-6
-25
-37
-44
-50
-58
-63
-69
-70
-65
-54
-35
-12
13
34
45
43
24
-8
-42
-71
-77
-58
-17
35
84
116
124
107
74
40
10
-11
-24
-32
-33
-28
-16
5
30
52
64
64
52
36
23
17
19
26
32
34
32
32
36
46
58
64
61
49
31
16
12
23
43
64
74
70
52
29
8
-7
-17
-28
-45
-72
-97
-111
-106
-78
-35
9
45
64
66
60
53
49
48
42
26
4
-17
-30
-26
-6
20
45
58
61
54
50
52
57
58
48
21
-17
-54
-80
-86
-74
-54
-38
-39
-53
-77
-98
-112
-112
-105
-99
-97
-96
-98
-94
-81
-63
-41
-25
-18
-20
-28
-41
-52
-67
-81
-97
-111
-116
-109
-85
-52
-14
19
39
41
27
3
-24
-47
-66
-75
-79
-80
-84
-93
-110
-129
-145
-149
-134
-98
-46
7
54
83
90
81
63
45
29
15
0
-21
-46
-68
-76
-65
-32
16
64
102
121
119
104
84
66
53
46
41
38
30
22
13
7
0
-4
-9
-10
-8
-1
10
28
52
78
106
132
152
158
148
119
74
25
-19
-49
-60
-54
-47
-45
-59
-87
-120
-148
-159
-151
-128
-97
-75
-65
-69
-82
-99
-114
-130
-144
-157
-168
-170
-156
-123
-74
-13
46
96
129
140
134
111
76
34
-10
-52
-83
-93
-83
-53
-14
25
51
59
55
46
43
56
82
114
140
150
140
113
80
52
37
39
56
80
102
120
130
132
134
130
122
107
85
57
25
-4
-24
-37
-42
-43
-40
-36
-33
-23
-11
10
36
59
71
63
34
-11
-63
-106
-130
-131
-113
-87
-64
-53
-54
-57
-56
-40
-8
34
75
103
108
88
50
9
-26
-48
-53
-47
-37
-28
-24
-27
-31
-31
-28
-20
-7
8
25
36
41
40
34
25
17
15
18
25
28
28
22
15
10
7
9
17
25
32
37
37
35
34
32
31
23
7
-21
-53
-82
-102
-108
-102
-80
-44
7
74
156
249
345
438
518
572
594
579
535
469
384
286
174
56
-56
-148
-207
-228
-219
-186
-141
-92
-50
-18
-7
-8
-13
-17
-12
3
24
48
72
89
91
79
51
14
-21
-47
-66
-83
-103
-135
-169
-200
-221
-229
-227
-225
-229
-241
-256
-273
-278
-272
-254
-230
-210
-200
-198
-195
-177
-134
-68
17
102
175
228
257
266
263
256
256
263
275
285
286
277
259
233
195
145
83
14
-48
-91
-112
-109
-89
-56
-16
24
57
76
83
78
67
56
48
37
21
-5
-41
-78
-114
-141
-155
-155
-142
-120
-97
-74
-60
-47
-35
-22
-5
12
22
19
2
-28
-64
-102
-141
-179
-214
-241
-257
-257
-240
-208
-173
-138
-112
-96
-94
-104
-121
-141
-162
-178
-191
-196
-196
-186
-168
-147
-126
-112
-113
-126
-151
-177
-198
-208
-207
-194
-177
-158
-138
-118
-96
-73
-52
-31
-13
0
8
12
8
-1
-10
-16
-17
-12
-5
0
1
-2
-5
-6
-3
4
14
23
33
39
37
31
24
18
22
35
53
76
99
119
140
161
180
195
210
219
223
222
214
196
171
141
114
92
76
63
45
19
-16
-56
-97
-131
-154
-166
-166
-157
-142
-120
-95
-70
-50
-40
-42
-60
-88
-115
-128
-115
-75
-15
51
107
144
155
144
124
100
74
47
16
-14
-45
-68
-82
-84
-74
-54
-28
-1
24
42
51
50
42
29
17
9
6
11
22
33
43
46
44
38
32
29
29
28
21
8
-13
-31
-50
-63
-74
-84
-95
-105
-109
-104
-88
-66
-42
-19
2
17
29
40
52
64
77
87
94
96
91
85
86
95
115
143
175
209
243
271
293
311
319
323
322
318
312
299
273
237
191
143
102
75
69
82
110
146
184
217
241
253
255
251
238
220
197
170
142
114
87
68
54
46
47
50
59
70
84
98
113
129
144
155
163
165
167
165
161
153
145
136
129
129
135
144
153
152
137
100
44
-28
-107
-178
-233
-268
-287
-296
-301
-303
-304
-301
-295
-286
-278
-274
-275
-280
-290
-296
-298
-297
-288
-274
-256
-240
-225
-216
-210
-214
-227
-248
-276
-305
-333
-352
-364
-370
-372
-373
-367
-354
-332
-303
-270
-240
-211
-189
-172
-154
-131
-103
-67
-27
15
54
84
104
114
116
113
108
103
100
102
110
122
138
155
175
194
211
230
247
263
276
285
288
285
281
276
273
273
273
275
280
284
293
298
298
295
290
285
286
293
308
326
348
370
392
413
432
448
462
475
486
497
512
533
564
612
678
756
837
903
938
922
838
674
423
86
-321
-775
-1244
-1693
-2092
-2414
-2642
-2760
-2766
-2661
-2449
-2151
-1786
-1384
-971
-575
-215
89
327
494
596
638
636
601
551
504
472
465
487
541
619
710
804
882
933
941
897
790
616
379
89
-242
-602
-969
-1325
-1650
-1924
-2129
-2250
-2279
-2213
-2063
-1834
-1538
-1192
-816
-432
-64
267
543
750
883
944
938
868
747
594
424
258
108
-10
-92
-141
-159
-155
-133
-102
-71
-41
-18
-7
-13
-38
-83
-139
-197
-251
-285
-296
-277
-222
-130
6
183
391
615
843
1061
1255
1415
1533
1610
1644
1629
1571
1482
1373
1259
1148
1053
990
967
984
1046
1165
1349
1591
1867
2148
2392
2540
2534
2342
1972
1445
771
-22
-895
-1789
-2655
-3442
-4086
-4526
-4730
-4708
-4474
-4045
-3438
-2708
-1922
-1135
-392
259
773
1131
1346
1438
1411
1280
1094
903
745
639
603
651
781
967
1180
1398
1598
1738
1769
1669
1437
1082
617
57
-556
-1182
-1779
-2314
-2740
-3013
-3110
-3038
-2808
-2439
-1947
-1367
-746
-123
468
988
1399
1678
1829
1864
1788
1610
1355
1068
774
494
251
63
-63
-146
-198
-220
-219
-215
-231
-281
-365
-487
-646
-828
-1008
-1174
-1320
-1433
-1493
-1481
-1397
-1241
-1026
-763
-469
-165
132
413
660
852
977
1035
1034
983
890
766
620
465
310
167
50
-33
-79
-93
-77
-32
41
140
256
379
505
623
725
817
900
976
1040
1097
1158
1228
1299
1380
1482
1603
1733
1870
2031
2225
2424
2587
2688
2695
2562
2248
1758
1135
408
-418
-1317
-2213
-3044
-3773
-4369
-4772
-4937
-4876
-4632
-4222
-3642
-2925
-2148
-1377
-640
40
612
1038
1330
1521
1619
1612
1522
1410
1323
1265
1233
1241
1303
1399
1496
1571
1621
1628
1544
1332
1004
585
95
-463
-1064
-1657
-2199
-2667
-3033
-3258
-3307
-3187
-2933
-2564
-2081
-1502
-883
-276
288
794
1203
1486
1649
1718
1700
1582
1378
1134
889
650
420
218
59
-72
-193
-304
-390
-462
-550
-667
-800
-935
-1067
-1194
-1298
-1366
-1399
-1400
-1354
-1245
-1073
-850
-599
-332
-56
220
481
718
925
1086
1197
1253
1266
1253
1216
1153
1060
943
819
697
585
492
420
366
329
318
343
406
498
616
750
896
1052
1227
1428
1642
1846
2050
2281
2543
2796
3009
3157
3192
3046
2691
2170
1535
782
-101
-1068
-2027
-2918
-3716
-4373
-4802
-4975
-4948
-4764
-4399
-3820
-3093
-2327
-1579
-848
-172
377
778
1079
1315
1447
1444
1367
1308
1300
1311
1337
1412
1544
1690
1803
1893
1968
1979
1848
1558
1152
676
126
-505
-1172
-1806
-2372
-2861
-3238
-3433
-3422
-3252
-2973
-2579
-2050
-1419
-766
-149
432
965
1396
1692
1875
1984
1994
1865
1620
1342
1082
824
551
296
89
-84
-253
-404
-507
-574
-668
-817
-983
-1123
-1247
-1383
-1521
-1623
-1669
-1678
-1642
-1524
-1307
-1038
-767
-491
-173
176
500
762
977
1151
1260
1288
1263
1223
1158
1028
845
668
534
418
290
171
93
52
25
20
65
163
270
362
464
615
799
975
1126
1282
1466
1666
1853
2042
2267
2529
2783
3001
3197
3364
3415
3244
2838
2274
1592
763
-218
-1259
-2264
-3214
-4107
-4847
-5306
-5473
-5445
-5269
-4886
-4258
-3476
-2670
-1865
-1047
-282
320
748
1095
1396
1581
1603
1545
1515
1529
1544
1568
1656
1804
1937
2012
2063
2107
2083
1898
1540
1071
529
-88
-785
-1498
-2160
-2748
-3260
-3645
-3823
-3781
-3572
-3258
-2825
-2251
-1581
-899
-252
361
916
1350
1638
1826
1951
1980
1873
1667
1447
1248
1041
818
613
445
274
79
-111
-265
-421
-634
-909
-1189
-1443
-1676
-1893
-2065
-2170
-2209
-2186
-2071
-1844
-1526
-1164
-798
-423
-37
338
672
939
1130
1243
1276
1250
1190
1113
1016
880
720
574
468
397
341
292
251
220
198
198
223
263
296
322
364
441
559
712
881
1052
1234
1454
1725
2022
2319
2613
2922
3221
3478
3676
3804
3785
3513
2969
2243
1415
469
-614
-1755
-2833
-3802
-4662
-5335
-5701
-5743
-5582
-5290
-4808
-4080
-3204
-2339
-1530
-746
-31
517
885
1174
1432
1590
1595
1535
1546
1643
1759
1869
2021
2217
2382
2457
2477
2463
2343
2025
1509
886
223
-487
-1248
-2002
-2669
-3218
-3647
-3913
-3953
-3762
-3420
-2990
-2472
-1838
-1131
-442
169
701
1152
1488
1691
1811
1889
1906
1820
1653
1489
1376
1281
1163
1034
915
777
576
327
78
-186
-530
-969
-1426
-1825
-2165
-2466
-2703
-2816
-2800
-2685
-2465
-2103
-1609
-1075
-574
-103
360
784
1109
1315
1429
1457
1382
1231
1071
939
816
673
532
444
414
411
418
439
459
450
400
343
310
286
230
150
97
103
160
252
406
636
902
1169
1456
1815
2231
2607
2898
3161
3451
3713
3867
3921
3898
3721
3260
2530
1691
833
-122
-1229
-2362
-3349
-4170
-4889
-5444
-5685
-5603
-5368
-5063
-4578
-3831
-2957
-2162
-1469
-778
-103
424
773
1066
1373
1601
1672
1688
1809
2030
2222
2336
2454
2612
2722
2699
2577
2416
2151
1682
1025
314
-364
-1047
-1776
-2484
-3061
-3468
-3737
-3863
-3789
-3506
-3102
-2660
-2166
-1569
-902
-283
217
632
1006
1318
1521
1641
1735
1793
1758
1633
1514
1459
1407
1281
1089
890
687
428
110
-209
-521
-884
-1318
-1741
-2069
-2309
-2515
-2675
-2725
-2643
-2463
-2202
-1837
-1381
-901
-461
-48
366
754
1055
1244
1339
1362
1314
1208
1081
952
814
654
501
391
331
297
272
252
244
234
214
198
198
202
188
165
171
227
317
435
602
825
1079
1335
1618
1965
2336
2654
2910
3169
3454
3683
3795
3815
3753
3502
2953
2168
1317
447
-551
-1684
-2781
-3686
-4429
-5081
-5539
-5651
-5461
-5163
-4803
-4239
-3426
-2554
-1814
-1170
-507
124
577
860
1126
1418
1619
1676
1730
1920
2188
2387
2506
2640
2796
2859
2768
2577
2328
1945
1358
623
-120
-812
-1501
-2209
-2850
-3316
-3594
-3728
-3717
-3515
-3137
-2677
-2206
-1698
-1111
-502
11
388
700
998
1240
1386
1483
1588
1680
1700
1677
1696
1759
1773
1675
1507
1309
1043
658
193
-290
-793
-1346
-1911
-2387
-2726
-2966
-3119
-3143
-2996
-2706
-2331
-1878
-1353
-802
-296
139
517
841
1072
1192
1222
1191
1117
1010
906
826
773
738
721
726
751
775
785
769
716
625
502
355
198
52
-68
-153
-198
-188
-98
80
337
656
1014
1388
1778
2182
2576
2911
3172
3389
3578
3709
3752
3732
3654
3434
2957
2253
1473
689
-184
-1196
-2215
-3090
-3840
-4539
-5108
-5371
-5327
-5172
-4982
-4612
-3961
-3176
-2468
-1835
-1149
-439
132
536
923
1356
1705
1873
1972
2169
2439
2635
2718
2785
2874
2894
2768
2545
2284
1940
1416
734
31
-611
-1239
-1900
-2531
-3025
-3351
-3553
-3644
-3562
-3295
-2933
-2561
-2143
-1612
-1017
-488
-71
306
693
1030
1260
1434
1615
1763
1799
1745
1704
1700
1641
1469
1233
995
721
361
-59
-472
-875
-1309
-1750
-2114
-2357
-2511
-2607
-2615
-2501
-2279
-1991
-1649
-1251
-831
-442
-108
186
458
683
839
924
968
991
995
986
971
963
955
927
875
822
773
710
606
468
331
202
72
-53
-136
-165
-162
-137
-55
118
366
634
901
1189
1516
1861
2186
2474
2731
2981
3221
3418
3553
3645
3679
3549
3143
2486
1729
937
22
-1066
-2177
-3139
-3953
-4708
-5319
-5593
-5520
-5314
-5076
-4657
-3937
-3082
-2333
-1697
-1029
-349
175
507
814
1178
1468
1587
1657
1860
2169
2423
2576
2722
2891
2981
2912
2731
2493
2136
1571
838
81
-623
-1315
-2027
-2687
-3195
-3522
-3704
-3743
-3597
-3279
-2883
-2471
-2012
-1469
-900
-409
-27
312
641
919
1121
1297
1482
1640
1718
1748
1803
1874
1867
1737
1521
1262
931
496
-8
-526
-1052
-1594
-2110
-2518
-2779
-2916
-2953
-2874
-2658
-2328
-1922
-1472
-998
-537
-139
177
432
636
778
844
849
833
826
833
854
902
979
1056
1111
1142
1164
1163
1100
962
771
555
323
84
-138
-307
-416
-467
-444
-319
-81
236
591
959
1350
1765
2184
2554
2849
3090
3310
3498
3615
3659
3663
3589
3307
2751
2033
1304
545
-376
-1432
-2421
-3229
-3951
-4640
-5129
-5266
-5168
-5053
-4881
-4438
-3709
-2962
-2359
-1776
-1087
-418
62
433
870
1338
1651
1795
1986
2325
2666
2854
2947
3068
3176
3133
2929
2665
2356
1889
1218
459
-244
-893
-1561
-2237
-2813
-3212
-3459
-3589
-3577
-3391
-3079
-2728
-2356
-1909
-1379
-855
-423
-63
290
637
922
1137
1341
1545
1678
1705
1702
1734
1748
1638
1399
1127
857
521
86
-370
-773
-1157
-1566
-1945
-2186
-2280
-2314
-2326
-2250
-2041
-1756
-1464
-1165
-826
-481
-197
23
239
468
653
759
828
911
1001
1053
1077
1102
1123
1101
1029
950
886
804
664
489
331
207
95
-10
-77
-85
-53
9
130
342
613
880
1126
1403
1749
2117
2437
2710
3005
3326
3594
3759
3856
3893
3736
3243
2468
1605
724
-290
-1483
-2667
-3646
-4445
-5157
-5683
-5827
-5621
-5303
-4957
-4420
-3598
-2701
-1968
-1369
-746
-143
275
522
786
1130
1400
1521
1661
1980
2398
2729
2948
3158
3353
3396
3231
2938
2561
2022
1250
343
-531
-1312
-2049
-2756
-3341
-3715
-3880
-3890
-3746
-3419
-2958
-2475
-2024
-1558
-1038
-536
-147
129
380
643
878
1065
1261
1500
1720
1858
1938
2033
2118
2084
1882
1570
1206
769
228
-366
-937
-1472
-1996
-2469
-2795
-2936
-2943
-2869
-2694
-2388
-1981
-1542
-1102
-655
-230
114
357
544
712
836
882
871
861
873
890
910
950
1012
1052
1045
1006
967
910
793
612
408
211
21
-160
-299
-367
-373
-337
-235
-34
263
609
965
1320
1677
2036
2389
2712
2977
3190
3388
3586
3748
3836
3864
3807
3546
2986
2190
1332
440
-608
-1820
-2996
-3959
-4759
-5476
-5972
-6062
-5825
-5504
-5130
-4504
-3583
-2628
-1858
-1186
-464
216
674
969
1312
1710
1977
2077
2225
2554
2924
3160
3291
3423
3512
3414
3113
2711
2235
1579
715
-230
-1101
-1871
-2588
-3236
-3727
-4004
-4088
-4008
-3760
-3348
-2836
-2319
-1821
-1309
-761
-247
166
490
789
1091
1360
1588
1815
2052
2231
2294
2287
2276
2229
2040
1672
1207
713
170
-454
-1094
-1661
-2143
-2582
-2950
-3141
-3118
-2962
-2747
-2459
-2058
-1581
-1107
-668
-244
147
444
634
781
933
1058
1108
1110
1125
1167
1202
1213
1224
1230
1180
1055
893
742
581
368
112
-130
-318
-460
-554
-577
-518
-394
-223
12
340
745
1162
1531
1867
2215
2581
2910
3159
3373
3616
3863
4036
4116
4158
4113
3792
3088
2145
1176
158
-1062
-2436
-3680
-4640
-5436
-6138
-6533
-6439
-6016
-5567
-5071
-4286
-3238
-2254
-1526
-884
-177
434
773
984
1323
1755
2044
2182
2427
2880
3337
3601
3734
3850
3856
3580
3053
2436
1758
900
-159
-1236
-2147
-2881
-3509
-4011
-4291
-4319
-4170
-3905
-3507
-2970
-2386
-1871
-1455
-1052
-611
-195
130
401
705
1062
1410
1731
2082
2467
2777
2916
2920
2865
2724
2383
1817
1113
358
-444
-1283
-2061
-2682
-3148
-3509
-3739
-3746
-3515
-3135
-2706
-2240
-1729
-1213
-752
-361
-14
281
477
578
656
774
922
1047
1141
1234
1339
1427
1473
1484
1452
1337
1106
795
479
185
-110
-412
-682
-873
-979
-1001
-920
-727
-459
-173
131
489
916
1362
1759
2080
2349
2600
2845
3066
3250
3430
3648
3886
4082
4216
4310
4286
3941
3160
2091
960
-222
-1595
-3101
-4443
-5445
-6219
-6839
-7103
-6811
-6148
-5458
-4766
-3835
-2672
-1626
-900
-320
293
798
1019
1117
1396
1846
2216
2448
2779
3315
3851
4168
4297
4333
4180
3675
2860
1935
984
-68
-1244
-2385
-3299
-3938
-4351
-4563
-4536
-4280
-3880
-3420
-2915
-2353
-1787
-1323
-1004
-753
-473
-152
164
491
896
1392
1905
2378
2834
3272
3577
3624
3419
3054
2563
1893
1042
124
-756
-1582
-2358
-3003
-3412
-3587
-3621
-3560
-3357
-2983
-2518
-2068
-1653
-1242
-847
-519
-262
-12
268
532
736
916
1133
1382
1592
1729
1815
1857
1812
1652
1416
1158
869
515
113
-254
-538
-750
-911
-1008
-1018
-950
-826
-644
-387
-77
240
541
854
1206
1584
1944
2252
2528
2807
3082
3313
3495
3680
3904
4109
4212
4218
4149
3891
3248
2214
1016
-160
-1381
-2746
-4091
-5123
-5782
-6241
-6531
-6447
-5913
-5180
-4502
-3805
-2915
-1953
-1219
-755
-318
198
626
869
1121
1593
2195
2718
3154
3636
4137
4456
4496
4340
4039
3489
2613
1536
458
-550
-1521
-2444
-3218
-3750
-4025
-4087
-3976
-3724
-3390
-3033
-2696
-2384
-2074
-1762
-1470
-1211
-940
-585
-120
421
1004
1612
2218
2751
3152
3393
3466
3337
2974
2406
1705
922
99
-703
-1404
-1961
-2383
-2681
-2828
-2813
-2682
-2501
-2303
-2084
-1865
-1669
-1502
-1333
-1131
-905
-662
-382
-42
357
775
1176
1526
1804
1993
2080
2053
1906
1654
1327
954
570
201
-117
-371
-563
-692
-752
-741
-681
-594
-478
-328
-160
8
178
387
665
998
1346
1679
1999
2340
2715
3090
3409
3672
3932
4202
4415
4502
4467
4271
3756
2795
1504
182
-1039
-2284
-3629
-4857
-5682
-6098
-6292
-6304
-5976
-5291
-4505
-3832
-3200
-2458
-1698
-1144
-810
-477
-11
487
903
1332
1940
2702
3429
3979
4370
4645
4749
4579
4108
3397
2519
1505
398
-687
-1606
-2297
-2818
-3238
-3523
-3586
-3436
-3209
-3026
-2888
-2740
-2590
-2474
-2356
-2142
-1795
-1370
-892
-300
456
1314
2134
2826
3379
3781
3976
3914
3603
3093
2432
1669
868
98
-591
-1178
-1647
-1989
-2210
-2339
-2424
-2500
-2571
-2620
-2634
-2618
-2574
-2475
-2278
-1960
-1527
-1005
-428
159
717
1216
1638
1958
2136
2150
2020
1794
1522
1235
955
699
471
267
101
-17
-104
-204
-340
-497
-643
-756
-834
-873
-852
-745
-537
-231
150
570
1004
1446
1887
2303
2647
2891
3046
3156
3250
3325
3365
3388
3446
3563
3709
3838
3901
3783
3300
2345
1057
-281
-1539
-2815
-4168
-5394
-6213
-6565
-6609
-6413
-5888
-5034
-4061
-3193
-2432
-1668
-947
-425
-128
114
455
870
1269
1682
2231
2958
3733
4358
4717
4809
4685
4352
3757
2887
1812
652
-495
-1561
-2444
-3039
-3339
-3456
-3503
-3461
-3265
-2947
-2653
-2488
-2423
-2370
-2289
-2172
-1972
-1617
-1081
-407
344
1151
2005
2832
3523
3992
4209
4168
3855
3276
2510
1688
899
147
-584
-1251
-1770
-2096
-2284
-2408
-2501
-2578
-2666
-2786
-2909
-2949
-2861
-2674
-2425
-2101
-1647
-1055
-388
277
885
1413
1825
2078
2164
2116
1983
1795
1557
1280
991
737
543
397
268
129
-38
-239
-482
-748
-990
-1158
-1238
-1250
-1201
-1065
-798
-393
100
611
1095
1540
1944
2292
2566
2769
2907
3001
3071
3123
3166
3217
3294
3406
3541
3667
3735
3655
3273
2470
1290
-63
-1389
-2644
-3864
-4985
-5816
-6224
-6255
-6027
-5585
-4912
-4067
-3209
-2469
-1871
-1382
-983
-665
-388
-67
361
890
1469
2077
2736
3469
4195
4727
4884
4642
4127
3454
2645
1680
614
-425
-1334
-2074
-2614
-2920
-3000
-2934
-2828
-2744
-2679
-2622
-2587
-2600
-2644
-2649
-2532
-2258
-1836
-1288
-607
217
1140
2045
2806
3350
3676
3795
3712
3425
2944
2301
1552
788
117
-400
-784
-1100
-1406
-1698
-1954
-2172
-2386
-2626
-2875
-3080
-3185
-3162
-3011
-2723
-2287
-1715
-1053
-370
275
834
1274
1574
1740
1797
1767
1661
1489
1290
1126
1032
993
945
840
666
448
208
-58
-359
-691
-1019
-1283
-1433
-1440
-1311
-1070
-741
-342
108
573
1016
1396
1703
1946
2146
2313
2452
2568
2684
2831
3020
3226
3420
3592
3745
3876
3972
3997
3849
3369
2431
1088
-414
-1814
-3010
-4051
-4953
-5620
-5938
-5908
-5635
-5207
-4636
-3936
-3190
-2532
-2049
-1730
-1479
-1192
-800
-287
333
1029
1751
2456
3132
3787
4391
4825
4930
4631
3987
3151
2253
1354
473
-358
-1086
-1660
-2055
-2293
-2422
-2479
-2492
-2499
-2547
-2673
-2861
-3040
-3126
-3066
-2834
-2427
-1864
-1178
-415
393
1218
2022
2724
3229
3477
3476
3301
3030
2703
2317
1865
1371
893
488
167
-117
-429
-820
-1292
-1815
-2345
-2848
-3284
-3603
-3745
-3679
-3418
-3010
-2502
-1915
-1262
-571
93
644
1012
1189
1219
1174
1119
1093
1101
1131
1157
1177
1204
1239
1253
1187
1001
698
325
-76
-478
-861
-1186
-1399
-1456
-1353
-1128
-839
-525
-195
163
538
881
1140
1307
1425
1556
1735
1954
2189
2422
2654
2881
3085
3240
3338
3395
3436
3489
3546
3542
3345
2798
1843
586
-748
-1968
-3009
-3880
-4565
-4996
-5139
-5051
-4843
-4578
-4234
-3770
-3195
-2606
-2121
-1800
-1599
-1400
-1088
-613
18
754
1537
2294
2960
3491
3861
4039
3995
3723
3261
2676
2024
1331
622
-59
-638
-1050
-1282
-1388
-1464
-1590
-1788
-2034
-2293
-2549
-2786
-2975
-3061
-2994
-2761
-2383
-1899
-1338
-721
-59
615
1250
1780
2152
2348
2391
2325
2207
2071
1922
1744
1532
1301
1062
804
494
103
-352
-827
-1280
-1702
-2103
-2475
-2775
-2950
-2959
-2808
-2530
-2172
-1764
-1337
-911
-521
-191
66
260
418
562
707
849
979
1086
1169
1234
1283
1313
1301
1218
1050
804
512
208
-86
-353
-574
-720
-766
-711
-583
-431
-283
-140
13
188
379
563
728
867
1002
1147
1303
1460
1611
1757
1899
2026
2117
2161
2162
2142
2128
2151
2210
2267
2241
2037
1604
953
161
-685
-1512
-2247
-2809
-3130
-3196
-3066
-2841
-2623
-2459
-2343
-2245
-2138
-2018
-1885
-1728
-1529
-1273
-958
-594
-189
249
718
1199
1661
2048
2289
2338
2186
1871
1454
1012
606
276
48
-75
-100
-56
5
31
-19
-147
-326
-528
-731
-922
-1091
-1220
-1287
-1275
-1177
-1000
-760
-480
-180
115
377
577
688
700
627
504
380
285
233
215
227
251
280
297
273
194
62
-109
-294
-468
-617
-729
-799
-811
-756
-636
-471
-286
-116
20
106
138
122
62
-22
-112
-190
-233
-234
-192
-121
-34
55
136
202
241
239
189
108
17
-61
-110
-123
-104
-55
21
116
215
299
359
391
397
384
361
334
301
274
262
273
313
372
436
493
535
556
556
534
495
447
405
382
385
424
498
601
721
857
993
1108
1160
1112
947
670
312
-86
-482
-826
-1067
-1169
-1130
-982
-787
-611
-500
-485
-570
-734
-942
-1146
-1301
-1366
-1315
-1152
-902
-602
-292
-7
237
426
546
591
565
481
365
243
132
51
12
23
86
189
314
428
500
507
441
309
133
-64
-253
-409
-509
-537
-496
-399
-272
-144
-42
21
43
25
-23
-93
-178
-266
-338
-386
-402
-387
-351
-298
-238
-180
-133
-107
-112
-144
-196
-252
-298
-327
-335
-321
-287
-237
-175
-108
-46
-3
15
14
0
-18
-37
-52
-58
-49
-22
17
59
96
117
119
104
70
31
-6
-36
-52
-50
-34
-3
42
92
144
193
236
272
296
310
315
309
297
291
295
319
362
414
466
514
556
596
634
668
703
739
777
814
848
877
908
954
1026
1138
1275
1404
1467
1410
1197
838
372
-143
-646
-1078
-1384
-1539
-1547
-1454
-1329
-1231
-1188
-1193
-1225
-1261
-1291
-1308
-1306
-1268
-1183
-1037
-827
-559
-240
116
488
834
1106
1262
1281
1178
997
796
618
493
420
392
395
410
412
379
295
157
-20
-217
-415
-609
-794
-962
-1094
-1165
-1154
-1061
-897
-697
-487
-291
-128
-8
64
95
101
96
101
121
151
173
173
144
94
37
-16
-63
-114
-172
-240
-314
-384
-449
-504
-542
-558
-538
-487
-421
-363
-323
-302
-282
-245
-181
-99
-9
81
165
242
305
351
374
377
365
347
320
286
235
174
118
82
83
114
160
204
234
250
257
263
265
270
279
303
355
434
525
610
678
732
789
861
949
1045
1134
1208
1273
1329
1383
1433
1484
1552
1653
1794
1940
2024
1959
1685
1204
573
-124
-804
-1402
-1867
-2162
-2280
-2254
-2152
-2043
-1967
-1915
-1856
-1763
-1642
-1523
-1433
-1372
-1301
-1172
-944
-602
-164
336
849
1315
1672
1866
1874
1719
1467
1196
967
795
662
540
411
280
163
63
-35
-156
-316
-523
-766
-1037
-1316
-1577
-1775
-1861
-1796
-1586
-1272
-922
-596
-324
-106
69
215
335
431
511
582
653
719
769
795
790
757
693
583
402
138
-201
-571
-913
-1177
-1332
-1379
-1331
-1209
-1044
-866
-706
-590
-523
-491
-476
-458
-433
-398
-352
-278
-160
13
234
474
695
853
924
906
807
648
458
266
101
-14
-66
-75
-59
-40
-26
-11
14
51
84
99
97
88
104
164
272
414
569
724
876
1025
1164
1281
1368
1424
1464
1499
1532
1557
1568
1582
1633
1753
1921
2067
2082
1873
1409
735
-54
-851
-1566
-2127
-2479
-2605
-2535
-2353
-2159
-2015
-1925
-1846
-1736
-1595
-1451
-1348
-1294
-1255
-1172
-991
-684
-255
267
831
1370
1802
2056
2094
1933
1638
1301
1002
774
605
466
334
206
94
7
-64
-144
-255
-413
-622
-878
-1162
-1447
-1686
-1819
-1795
-1600
-1268
-868
-481
-160
79
248
370
463
531
587
638
695
761
826
875
902
910
901
865
772
588
302
-63
-452
-803
-1061
-1203
-1227
-1145
-984
-775
-560
-374
-242
-170
-149
-161
-188
-220
-247
-260
-240
-167
-29
163
378
570
700
747
706
588
417
219
31
-118
-205
-224
-185
-120
-48
13
63
101
133
155
165
168
175
199
254
336
446
576
715
847
956
1031
1061
1051
1008
948
882
821
773
744
738
758
805
882
974
1056
1080
989
748
352
-157
-710
-1228
-1639
-1887
-1945
-1820
-1561
-1247
-964
-775
-697
-713
-786
-881
-975
-1046
-1076
-1044
-936
-755
-513
-234
57
336
575
733
783
706
520
269
11
-199
-328
-360
-305
-188
-36
112
223
271
240
138
-14
-185
-345
-476
-561
-590
-558
-463
-312
-129
62
227
340
390
378
313
209
87
-28
-107
-134
-107
-38
39
100
121
97
32
-66
-186
-308
-415
-485
-508
-485
-421
-334
-234
-132
-43
24
57
49
5
-64
-138
-192
-213
-193
-136
-51
44
137
204
235
217
154
61
-46
-147
-226
-276
-292
-271
-213
-129
-30
62
131
172
179
158
122
79
43
26
36
76
141
220
297
359
396
408
393
355
301
239
177
128
100
95
112
146
189
231
265
282
280
258
220
176
132
100
88
100
132
184
244
309
367
407
418
388
314
200
64
-80
-212
-314
-376
-392
-365
-308
-242
-188
-163
-175
-220
-291
-372
-451
-513
-546
-540
-495
-416
-309
-194
-84
10
79
119
130
114
82
43
10
-6
1
29
74
129
179
220
240
235
203
148
80
9
-53
-99
-126
-131
-119
-91
-57
-23
5
18
13
-6
-39
-80
-121
-163
-195
-218
-226
-223
-212
-200
-190
-187
-188
-191
-195
-194
-187
-167
-141
-108
-72
-39
-15
-2
-2
-11
-29
-53
-75
-91
-98
-91
-72
-40
2
48
90
123
145
152
145
127
103
77
56
44
43
54
72
94
119
142
161
171
170
162
149
133
118
109
107
114
131
155
184
211
234
247
252
245
228
210
191
181
179
188
206
230
259
288
312
332
341
341
332
317
298
280
266
258
260
273
295
322
349
371
385
389
380
355
311
246
163
66
-31
-121
-194
-241
-262
-257
-230
-194
-160
-139
-140
-163
-202
-250
-300
-342
-369
-373
-355
-312
-251
-179
-110
-49
-3
21
26
13
-11
-40
-61
-68
-56
-26
12
53
85
105
107
91
57
9
-43
-94
-135
-161
-174
-171
-156
-131
-102
-74
-54
-48
-62
-94
-139
-193
-248
-295
-327
-341
-333
-305
-261
-208
-159
-121
-95
-85
-88
-100
-115
-127
-133
-129
-113
-91
-63
-38
-11
14
38
61
79
88
88
79
65
49
41
37
39
43
44
38
23
1
-24
-43
-49
-43
-26
-2
22
41
53
63
75
91
112
135
155
168
172
169
163
160
163
175
194
220
244
261
269
267
256
237
216
193
174
160
153
157
171
193
221
246
266
279
282
276
264
253
247
248
263
290
323
355
378
378
349
285
194
84
-31
-135
-217
-269
-291
-292
-279
-265
-255
-256
-269
-290
-318
-349
-381
-409
-427
-430
-414
-376
-319
-247
-173
-107
-57
-33
-29
-45
-69
-90
-104
-105
-93
-74
-53
-37
-26
-26
-35
-50
-72
-99
-128
-156
-182
-200
-211
-212
-204
-190
-171
-151
-135
-128
-128
-138
-156
-181
-210
-240
-267
-286
-296
-293
-278
-248
-210
-169
-127
-88
-60
-43
-40
-49
-69
-94
-118
-132
-136
-125
-104
-73
-38
-4
27
53
75
90
99
102
99
90
75
61
48
44
48
60
78
96
110
119
125
127
131
139
152
170
188
201
207
205
192
174
159
148
144
151
166
185
208
232
254
273
283
284
273
253
226
200
179
167
166
178
196
214
227
231
227
216
200
184
172
160
151
143
135
127
123
124
130
138
146
150
141
120
81
30
-25
-78
-120
-143
-149
-139
-119
-99
-88
-88
-103
-129
-159
-190
-215
-232
-242
-243
-236
-226
-208
-185
-159
-133
-109
-92
-84
-89
-98
-109
-116
-114
-102
-79
-52
-25
-3
11
17
14
8
-1
-12
-21
-31
-41
-51
-59
-65
-70
-74
-77
-78
-83
-91
-105
-126
-150
-175
-199
-217
-228
-231
-225
-214
-196
-174
-152
-126
-100
-73
-49
-27
-13
-7
-12
-20
-33
-44
-49
-46
-38
-24
-10
0
4
2
-10
-25
-42
-59
-72
-83
-93
-98
-101
-100
-94
-82
-65
-44
-17
10
35
55
70
75
78
78
80
87
104
128
155
181
202
216
221
219
213
207
205
207
211
217
221
223
222
220
221
222
226
229
232
230
224
213
199
183
170
159
153
150
149
146
139
128
111
89
68
50
37
29
24
20
15
7
-9
-26
-43
-59
-67
-67
-64
-57
-50
-48
-50
-60
-75
-93
-109
-121
-125
-121
-106
-84
-61
-38
-21
-14
-18
-32
-56
-82
-107
-127
-139
-142
-136
-125
-112
-99
-89
-85
-86
-90
-100
-112
-126
-139
-151
-160
-164
-161
-153
-139
-124
-108
-96
-88
-85
-87
-92
-97
-98
-96
-89
-80
-71
-64
-61
-64
-73
-82
-91
-96
-96
-93
-86
-79
-75
-75
-80
-87
-97
-103
-106
-102
-91
-75
-57
-39
-24
-14
-9
-11
-15
-21
-30
-38
-46
-50
-50
-48
-39
-26
-10
6
22
32
36
33
23
10
-4
-12
-15
-11
-1
12
23
31
32
31
26
23
22
27
34
45
55
63
69
75
78
80
82
82
81
77
74
72
73
76
80
85
89
89
87
82
77
70
66
66
66
66
66
64
61
58
58
61
67
78
89
98
101
99
90
76
60
45
35
34
38
49
65
82
93
98
92
80
60
37
16
-1
-11
-13
-4
12
30
50
65
73
72
65
54
43
36
38
46
59
73
86
91
89
81
67
50
35
19
6
-5
-13
-19
-21
-22
-21
-22
-26
-31
-40
-46
-49
-49
-40
-25
-10
3
13
15
11
2
-5
-13
-13
-8
2
11
20
25
23
15
-2
-21
-42
-61
-74
-79
-73
-58
-35
-9
16
37
49
53
48
37
27
18
15
18
28
40
55
68
78
83
85
81
75
67
59
53
49
47
50
55
59
58
53
41
22
1
-21
-38
-47
-49
-45
-36
-30
-26
-27
-33
-37
-39
-36
-28
-16
0
14
27
38
50
61
75
87
98
108
112
113
111
107
103
101
100
100
98
92
81
68
46
25
-2
-28
-57
-85
-111
-136
-156
-168
-173
-166
-147
-114
-67
-11
53
118
177
226
260
278
279
265
240
206
165
119
71
23
-25
-68
-105
-130
-146
-153
-152
-149
-143
-138
-128
-109
-70
-9
82
197
325
453
562
631
651
617
535
415
277
134
-1
-121
-222
-305
-374
-424
-460
-473
-467
-439
-394
-337
-277
-219
-170
-129
-99
-76
-59
-44
-31
-20
-11
-2
3
2
-6
-24
-55
-95
-144
-198
-246
-279
-290
-272
-223
-153
-71
7
69
102
99
64
1
-76
-157
-228
-284
-319
-337
-340
-331
-316
-292
-262
-223
-177
-125
-73
-24
16
44
56
56
42
17
-16
-57
-104
-152
-202
-250
-294
-332
-361
-380
-388
-386
-376
-360
-341
-323
-311
-304
-303
-304
-298
-284
-256
-211
-154
-88
-18
52
118
183
246
317
398
492
600
718
843
962
1072
1164
1234
1276
1290
1278
1240
1178
1095
993
873
738
594
445
295
154
24
-90
-187
-267
-332
-384
-428
-465
-497
-527
-550
-571
-590
-603
-609
-610
-603
-591
-570
-544
-515
-484
-457
-436
-423
-416
-412
-405
-388
-359
-318
-269
-220
-179
-150
-138
-140
-151
-167
-178
-184
-180
-169
-154
-136
-115
-97
-82
-68
-56
-47
-41
-37
-37
-36
-36
-34
-29
-19
-4
15
34
52
66
72
73
67
57
45
33
24
20
19
22
30
39
47
52
53
50
43
34
23
14
9
6
9
13
18
22
24
25
21
13
3
-7
-15
-19
-15
-3
20
51
87
127
164
193
213
221
219
210
203
199
202
212
228
245
258
267
263
252
231
203
172
140
115
94
80
71
63
52
35
10
-22
-58
-93
-120
-140
-151
-154
-155
-158
-166
-179
-198
-217
-235
-247
-250
-244
-233
-216
-200
-186
-180
-177
-180
-187
-194
-197
-197
-194
-187
-182
-178
-176
-171
-165
-152
-131
-105
-78
-56
-41
-39
-49
-64
-78
-87
-87
-79
-67
-56
-50
-51
-57
-64
-71
-71
-65
-50
-31
-6
19
44
68
88
101
106
102
93
80
67
59
59
68
81
96
110
120
121
117
108
97
86
77
72
74
82
96
114
135
155
170
180
180
173
161
148
135
126
121
119
120
119
117
111
101
89
75
59
45
32
22
14
10
9
9
12
15
16
15
14
15
17
24
35
49
66
83
96
106
112
115
115
114
112
109
107
101
93
84
75
69
69
74
83
97
111
122
129
131
127
121
115
115
117
121
127
129
127
119
102
81
54
30
10
-7
-18
-22
-22
-20
-16
-16
-19
-24
-33
-42
-50
-53
-51
-43
-28
-7
16
42
67
87
103
110
109
102
89
77
67
62
64
71
82
93
102
108
107
101
90
74
58
41
26
15
9
7
10
16
27
37
44
49
45
32
14
-11
-36
-60
-78
-91
-95
-94
-93
-92
-96
-106
-124
-148
-176
-203
-229
-249
-260
-262
-255
-243
-225
-207
-190
-178
-171
-168
-166
-164
-160
-152
-141
-127
-110
-93
-76
-59
-44
-30
-18
-9
-4
0
-1
-4
-6
-8
-5
0
7
15
24
30
31
24
12
-4
-20
-37
-50
-56
-55
-49
-42
-36
-35
-42
-52
-67
-82
-95
-101
-99
-93
-80
-66
-51
-38
-28
-24
-23
-27
-34
-43
-49
-50
-45
-31
-12
11
36
57
71
76
72
58
41
23
11
10
21
42
69
98
121
133
131
117
91
60
30
8
-3
-3
9
29
52
74
91
102
102
94
80
63
46
34
28
31
42
59
78
94
105
107
102
90
74
56
40
26
20
16
18
23
31
37
40
40
37
30
25
19
14
15
18
25
30
33
32
28
19
8
-3
-13
-21
-27
-29
-29
-27
-26
-23
-23
-24
-28
-34
-42
-50
-58
-63
-66
-65
-61
-56
-51
-47
-46
-47
-51
-55
-61
-67
-75
-83
-90
-94
-96
-93
-84
-72
-55
-40
-24
-12
-5
-4
-7
-11
-17
-19
-18
-15
-6
4
17
30
43
54
62
65
64
58
49
37
27
18
15
15
20
26
33
37
40
40
36
30
25
18
10
5
-1
-8
-14
-19
-24
-25
-23
-21
-16
-11
-8
-8
-10
-14
-18
-21
-20
-14
-4
10
25
42
56
64
69
68
66
62
60
60
65
72
82
92
100
107
110
112
110
109
109
109
111
114
116
116
112
107
100
94
88
83
81
81
82
83
83
83
80
74
68
61
54
47
41
33
28
21
16
13
9
6
0
-7
-18
-33
-51
-69
-89
-107
-121
-132
-139
-141
-143
-143
-144
-149
-153
-162
-172
-181
-189
-195
-197
-196
-191
-185
-178
-171
-163
-160
-158
-160
-161
-163
-163
-162
-159
-152
-141
-130
-117
-106
-97
-91
-90
-89
-88
-88
-86
-79
-73
-64
-57
-49
-43
-39
-36
-35
-34
-34
-33
-31
-31
-28
-26
-25
-22
-19
-15
-14
-11
-8
-6
-4
-3
-2
0
3
5
9
12
15
17
20
22
24
26
27
28
27
26
23
17
11
3
-6
-14
-22
-29
-35
-38
-39
-42
-46
-52
-59
-71
-86
-101
-114
-124
-130
-130
-125
-118
-107
-97
-91
-90
-93
-104
-118
-133
-149
-163
-171
-177
-181
-183
-186
-193
-204
-218
-235
-249
-255
-253
-236
-203
-153
-90
-16
65
148
228
301
366
421
466
505
537
564
590
609
626
640
649
654
653
647
637
622
603
582
559
535
510
489
470
454
440
427
414
400
384
366
347
327
307
286
270
255
241
230
219
208
196
180
164
147
129
109
94
79
67
56
47
37
26
15
4
-5
-11
-15
-13
-8
2
11
25
35
44
52
58
63
68
75
81
87
94
98
102
106
108
112
116
122
126
131
132
128
118
104
86
64
41
19
-3
-23
-42
-61
-83
-105
-127
-152
-176
-197
-215
-227
-234
-235
-234
-230
-225
-219
-214
-211
-208
-204
-202
-197
-192
-185
-176
-165
-155
-146
-136
-129
-123
-118
-115
-112
-110
-107
-104
-101
-96
-92
-90
-87
-88
-88
-90
-90
-90
-91
-88
-84
-81
-76
-74
-72
-72
-74
-78
-82
-87
-91
-95
-99
-101
-101
-100
-96
-92
-89
-86
-85
-85
-88
-92
-98
-107
-114
-124
-134
-141
-150
-158
-165
-174
-183
-193
-205
-218
-233
-252
-272
-295
-322
-351
-384
-418
-454
-490
-524
-553
-576
-591
-599
-596
-586
-569
-549
-524
-500
-475
-448
-423
-400
-376
-356
-339
-323
-310
-300
-292
-287
-282
-276
-270
-261
-250
-235
-219
-201
-181
-163
-143
-127
-113
-101
-93
-86
-83
-79
-77
-72
-65
-57
-46
-33
-20
-5
8
22
35
46
57
69
81
95
110
127
144
161
175
189
198
202
204
201
193
180
162
140
111
79
45
10
-22
-48
-64
-70
-64
-45
-16
20
60
99
134
163
182
191
189
177
154
123
86
43
0
-41
-77
-106
-126
-135
-132
-120
-100
-75
-48
-23
-1
13
24
27
28
25
22
22
24
35
53
83
125
178
238
303
365
417
450
454
427
365
270
149
10
-135
-273
-394
-488
-549
-576
-571
-537
-478
-405
-322
-237
-154
-77
-11
40
77
99
106
104
96
87
82
88
104
133
175
228
286
349
413
476
536
592
642
683
712
725
719
693
647
582
507
427
353
292
248
227
228
246
275
308
339
363
375
376
371
359
346
336
330
333
342
358
380
407
435
462
488
510
528
541
549
553
551
543
531
512
486
453
413
365
313
254
193
133
77
27
-16
-49
-71
-83
-87
-84
-76
-67
-59
-52
-48
-50
-56
-66
-76
-89
-100
-106
-109
-107
-101
-92
-79
-66
-56
-48
-45
-47
-52
-62
-76
-93
-114
-133
-155
-177
-198
-219
-237
-254
-264
-272
-273
-270
-261
-249
-234
-214
-196
-175
-154
-133
-114
-96
-84
-78
-79
-90
-113
-146
-190
-245
-306
-371
-434
-494
-543
-578
-594
-590
-564
-518
-454
-376
-292
-204
-120
-43
23
77
115
139
148
140
118
84
37
-17
-76
-136
-194
-245
-290
-328
-359
-387
-412
-437
-461
-485
-502
-509
-501
-470
-413
-328
-213
-73
90
267
449
628
792
934
1048
1127
1168
1172
1142
1082
1000
900
790
674
554
436
318
199
81
-35
-148
-253
-348
-426
-487
-530
-552
-558
-553
-539
-520
-497
-475
-454
-436
-422
-412
-409
-418
-439
-475
-526
-589
-660
-736
-808
-871
-919
-948
-955
-938
-898
-837
-758
-664
-560
-450
-341
-235
-137
-50
25
90
147
197
242
283
322
359
393
425
453
483
515
552
595
647
705
768
829
882
922
943
946
929
893
842
777
696
596
473
321
139
-77
-319
-574
-828
-1057
-1244
-1371
-1427
-1409
-1321
-1176
-989
-779
-565
-361
-177
-18
117
229
321
396
459
508
544
567
576
569
547
511
463
405
339
269
197
126
58
-4
-60
-107
-146
-175
-195
-205
-207
-201
-186
-164
-135
-98
-58
-13
32
76
116
151
177
194
202
204
199
189
178
164
153
142
133
125
119
116
114
116
120
126
134
144
158
171
187
204
223
240
256
271
282
289
291
289
283
271
256
237
215
190
161
130
97
60
24
-13
-47
-79
-108
-134
-158
-178
-198
-218
-236
-256
-275
-293
-311
-328
-344
-358
-368
-377
-383
-388
-390
-390
-389
-386
-382
-378
-371
-364
-355
-343
-329
-309
-285
-258
-224
-188
-146
-99
-47
9
71
136
204
272
335
387
425
441
435
405
349
276
187
93
-2
-91
-171
-239
-296
-343
-382
-415
-441
-463
-477
-483
-478
-462
-435
-396
-348
-294
-237
-179
-126
-78
-39
-9
10
19
18
9
-2
-18
-30
-36
-32
-15
15
58
113
176
246
315
382
441
493
534
564
582
592
591
583
566
544
517
488
458
428
401
377
358
343
330
322
315
308
298
287
270
249
223
192
157
120
82
45
12
-15
-37
-50
-57
-58
-53
-45
-33
-21
-4
13
35
59
83
109
134
155
173
183
187
186
176
166
155
144
137
133
134
134
136
133
125
109
87
58
21
-17
-56
-92
-122
-145
-159
-162
-159
-149
-132
-114
-96
-80
-68
-58
-53
-52
-55
-62
-70
-78
-88
-97
-105
-114
-123
-131
-141
-151
-164
-178
-195
-216
-240
-272
-308
-348
-393
-441
-489
-538
-580
-616
-639
-647
-638
-612
-569
-507
-434
-351
-261
-173
-88
-9
59
117
161
195
216
229
233
232
227
217
207
195
183
174
166
161
158
158
162
169
178
191
206
224
243
264
285
307
327
347
366
383
399
410
421
426
430
431
428
420
407
391
368
341
308
270
227
182
134
84
33
-17
-66
-112
-157
-197
-232
-263
-288
-309
-325
-336
-343
-346
-345
-341
-335
-326
-316
-303
-290
-278
-264
-251
-237
-224
-212
-198
-184
-171
-158
-145
-132
-120
-108
-97
-87
-77
-69
-61
-53
-47
-41
-37
-33
-29
-27
-25
-24
-24
-22
-23
-22
-23
-23
-24
-26
-28
-30
-32
-34
-36
-39
-41
-43
-47
-50
-54
-57
-60
-64
-67
-68
-70
-71
-72
-72
-72
-71
-69
-66
-61
-57
-51
-45
-39
-34
-30
-26
-24
-24
-23
-23
-23
-22
-21
-20
-18
-15
-10
-6
-1
3
9
13
18
23
28
34
38
43
48
54
58
63
68
73
78
81
83
86
88
91
91
91
91
92
92
93
93
93
94
93
94
93
94
92
92
90
88
87
84
82
80
78
77
77
76
75
75
74
73
72
70
69
65
63
61
57
54
50
46
42
37
33
29
25
22
19
17
15
14
12
10
9
7
4
2
0
-2
-4
-6
-7
-8
-10
-11
-11
-12
-13
-14
-15
-16
-16
-17
-18
-19
-21
-22
-22
-23
-23
-22
-20
-18
-16
-14
-11
-10
-10
-9
-9
-9
-9
-9
-8
-7
-5
-4
-2
-1
1
3
4
5
6
6
8
8
9
9
9
8
7
6
6
4
3
2
1
1
1
2
2
2
2
4
5
3
3
2
1
-1
-2
-4
-7
-9
-11
-15
-17
-21
-23
-26
-30
-33
-36
-39
-41
-43
-45
-48
-51
-52
-56
-58
-60
-63
-66
-68
-71
-72
-74
-77
-79
-82
-82
-84
-85
-85
-85
-84
-84
-82
-81
-79
-77
-75
-74
-73
-71
-69
-69
-68
-70
-71
-72
-74
-74
-76
-77
-78
-80
-80
-80
-81
-79
-78
-76
-75
-71
-66
-61
-55
-48
-39
-31
-22
-12
-2
8
19
28
38
47
56
64
71
78
85
92
99
105
111
117
122
127
130
133
132
132
130
126
121
116
110
106
103
101
101
102
104
109
113
118
123
128
131
135
137
138
139
138
138
136
134
132
129
123
118
112
105
96
87
78
66
57
49
42
35
30
27
25
25
27
28
30
33
35
36
38
38
37
36
34
31
28
24
20
17
12
6
2
-4
-9
-14
-17
-21
-24
-27
-30
-32
-34
-35
-35
-36
-38
-39
-40
-41
-43
-45
-46
-49
-52
-55
-57
-61
-65
-71
-76
-82
-88
-94
-100
-107
-113
-120
-126
-132
-136
-141
-145
-148
-151
-152
-153
-155
-153
-153
-150
-147
-145
-141
-137
-133
-128
-123
-119
-114
-109
-103
-99
-91
-86
-79
-71
-63
-55
-46
-36
-26
-15
-5
6
16
27
37
46
56
65
74
83
90
97
104
111
116
122
124
127
129
128
127
125
122
117
113
108
102
97
90
85
80
73
67
62
56
51
44
38
32
26
19
14
11
8
4
2
2
3
4
7
9
14
19
24
30
36
41
48
55
62
69
75
83
90
96
102
108
113
119
123
127
130
131
132
131
130
127
123
117
111
103
93
85
74
64
52
40
27
15
2
-10
-22
-34
-46
-57
-68
-79
-88
-97
-105
-111
-118
-123
-127
-131
-134
-135
-137
-138
-138
-137
-136
-136
-133
-131
-129
-126
-122
-119
-116
-112
-108
-105
-102
-99
-96
-91
-90
-86
-84
-81
-78
-76
-74
-71
-69
-67
-65
-63
-62
-60
-60
-58
-57
-57
-57
-56
-55
-55
-54
-53
-53
-52
-50
-50
-48
-47
-46
-45
-43
-42
-40
-39
-37
-34
-31
-28
-25
-22
-18
-16
-12
-9
-4
-2
2
5
8
12
15
20
22
26
30
33
37
39
40
43
45
47
49
50
50
53
54
56
58
61
63
65
69
72
75
78
83
85
88
91
94
95
97
97
96
95
92
89
85
81
76
70
64
58
52
44
38
33
27
21
18
13
10
7
5
4
3
2
1
0
-1
-1
-3
-4
-6
-9
-12
-16
-20
-26
-31
-36
-41
-47
-53
-58
-64
-68
-73
-75
-77
-78
-78
-77
-75
-70
-66
-61
-56
-49
-42
-35
-27
-21
-15
-9
-3
2
7
11
14
18
20
23
26
28
30
33
35
38
40
42
46
49
52
55
58
60
65
66
69
71
74
75
78
79
80
81
81
81
80
80
78
77
75
74
71
69
67
64
62
59
57
53
52
47
45
41
38
36
33
30
27
24
22
19
16
12
10
6
5
1
0
-3
-6
-9
-11
-13
-17
-18
-21
-23
-24
-27
-28
-29
-30
-32
-32
-34
-37
-37
-39
-40
-42
-43
-44
-46
-46
-47
-49
-49
-50
-50
-51
-51
-52
-51
-51
-51
-51
-52
-52
-52
-52
-52
-53
-54
-54
-55
-55
-56
-56
-57
-58
-59
-57
-57
-58
-58
-57
-56
-56
-53
-54
-52
-50
-48
-46
-44
-42
-38
-36
-33
-30
-28
-25
-22
-19
-15
-13
-8
-5
-2
1
5
8
12
16
19
22
26
27
29
31
33
34
35
36
35
34
34
33
31
29
27
25
22
18
15
12
8
4
1
-3
-6
-10
-12
-17
-19
-22
-25
-27
-29
-30
-32
-32
-33
-34
-34
-35
-34
-34
-32
-32
-30
-28
-27
-26
-24
-22
-20
-20
-18
-16
-15
-14
-12
-11
-9
-8
-7
-5
-3
-2
0
2
4
7
9
11
14
17
21
23
25
27
31
32
34
36
38
39
40
41
42
43
43
42
43
42
41
40
39
38
36
36
33
31
30
28
26
25
23
20
18
16
12
11
8
6
3
1
0
-2
-4
-5
0
0
0
0
0
0
0
0
0
0
0
0
0
0
0
0
0
0
0
0
0
0
0
0
0
0
0
0
0
0
0
0
0
0
0
0
0
0
0
0
0
0
0
0
0
0
0
0
0
0
0
0
0
0
0
0
0
0
0
0
0
0
0
0
0
0
0
0
0
0
0
0
0
0
0
0
0
0
0
0
0
0
0
0
0
0
0
0
0
0
0
0
0
0
0
0
0
0
0
0
0
0
0
0
0
0
0
0
0
0
0
0
0
0
0
0
0
0
0
0
0
0
0
0
0
0
0
0
0
0
0
0
0
0
0
0
0
0
0
0
0
0
0
0
0
0
0
0
0
0
0
0
0
0
0
0
0
0
0
0
0
0
0
0
0
0
0
0
0
0
0
0
0
0
0
0
0
0
0
0
0
0
0
0
0
0
0
0
0
0
0
0
0
0
0
0
0
0
