0
0
0
0
0
0
0
0
0
0
0
0
0
0
0
0
0
0
0
0
0
0
0
0
0
0
0
0
0
0
0
0
0
0
0
0
0
0
0
0
0
0
0
0
0
0
0
0
0
0
0
0
0
0
0
0
0
0
0
0
0
0
0
0
0
0
0
0
0
0
0
0
0
0
0
0
0
0
0
0
0
0
0
0
0
0
0
0
0
0
0
0
0
0
0
0
0
0
0
0
0
0
0
0
0
0
0
0
0
0
0
0
0
0
0
0
0
0
0
0
0
0
0
0
0
0
0
0
0
0
0
0
0
0
0
0
0
0
0
0
0
0
0
0
0
0
0
0
0
0
0
0
0
0
0
0
0
0
0
0
0
0
0
0
0
0
0
0
0
0
0
0
0
0
0
0
0
0
0
0
0
0
0
0
0
0
0
0
0
0
0
0
0
0
0
0
0
0
69
72
77
81
84
89
94
100
106
112
119
125
131
137
140
143
144
144
142
136
129
119
104
87
66
43
18
-11
-41
-73
-104
-135
-165
-193
-216
-237
-252
-263
-269
-271
-267
-257
-246
-230
-212
-192
-173
-155
-137
-122
-108
-96
-88
-85
-82
-83
-86
-92
-97
-105
-114
-120
-125
-130
-138
-143
-147
-151
-151
-148
-146
-139
-131
-121
-109
-91
-69
-47
-24
-1
22
44
66
87
104
119
131
138
144
144
143
139
133
128
124
122
122
121
123
129
138
149
160
171
185
206
232
263
297
333
371
416
470
528
583
631
673
716
748
761
749
712
659
603
535
438
287
76
-166
-387
-542
-634
-708
-815
-972
-1152
-1285
-1316
-1234
-1092
-963
-877
-822
-751
-622
-427
-198
11
163
255
313
367
429
500
564
600
583
510
393
262
145
60
9
-39
-119
-240
-382
-500
-557
-544
-484
-419
-382
-373
-364
-319
-217
-72
82
212
298
346
381
428
494
569
632
660
638
575
492
413
355
314
267
195
85
-47
-176
-273
-328
-352
-373
-409
-462
-509
-531
-506
-437
-345
-255
-190
-153
-120
-73
2
103
205
280
308
291
254
227
223
237
244
219
150
56
-39
-103
-129
-136
-147
-180
-232
-288
-318
-310
-267
-207
-154
-118
-97
-74
-34
28
105
181
238
269
280
281
290
306
326
335
323
292
246
198
158
129
102
74
39
-2
-42
-77
-102
-117
-125
-133
-138
-141
-137
-122
-99
-72
-47
-27
-12
2
22
50
78
98
107
103
97
88
80
71
60
43
19
-6
-29
-48
-63
-72
-83
-98
-117
-132
-138
-130
-113
-93
-74
-64
-56
-44
-22
9
42
70
92
103
109
120
128
138
142
140
132
117
95
72
50
32
22
11
-1
-19
-42
-64
-77
-78
-72
-63
-59
-60
-65
-68
-67
-58
-46
-34
-29
-31
-32
-34
-33
-27
-19
-13
-12
-16
-26
-36
-42
-44
-43
-41
-45
-54
-67
-79
-83
-80
-73
-66
-64
-65
-68
-68
-61
-45
-32
-21
-18
-21
-22
-13
2
18
28
30
26
24
29
39
52
58
56
47
40
37
40
46
48
48
43
38
33
30
32
34
40
45
48
45
40
37
39
46
52
55
49
43
41
44
51
54
50
42
36
38
43
48
44
34
20
11
11
16
17
7
-10
-31
-45
-49
-46
-44
-48
-58
-70
-79
-80
-77
-70
-67
-68
-68
-70
-70
-66
-62
-56
-54
-55
-58
-60
-61
-60
-58
-52
-50
-48
-50
-53
-53
-53
-49
-45
-42
-42
-44
-49
-49
-47
-41
-33
-29
-28
-32
-31
-28
-23
-16
-11
-8
-5
-4
-4
-2
-2
-4
-4
-3
-1
0
-2
-4
-5
-2
4
11
17
18
16
16
20
28
36
41
41
39
39
42
49
56
60
62
61
60
64
69
77
83
86
85
85
84
85
83
84
90
98
102
101
93
88
92
107
128
148
156
151
144
146
160
184
210
229
237
238
239
248
268
296
316
325
316
291
261
234
221
215
199
150
61
-58
-182
-277
-330
-347
-367
-420
-513
-619
-699
-716
-672
-604
-546
-528
-540
-550
-523
-440
-328
-227
-165
-144
-144
-139
-100
-35
33
72
73
45
10
-15
-23
-17
-13
-33
-80
-143
-198
-233
-240
-229
-219
-222
-245
-271
-278
-257
-208
-153
-110
-81
-65
-45
-9
47
110
165
200
224
247
276
314
359
399
413
402
376
363
371
400
443
479
494
494
504
553
647
763
889
1028
1166
1258
1282
1279
1314
1409
1532
1617
1542
1178
551
-74
-392
-357
-204
-211
-542
-1207
-1989
-2484
-2420
-1969
-1576
-1528
-1768
-2081
-2253
-2097
-1560
-885
-443
-353
-421
-434
-321
-49
416
948
1278
1279
1082
883
778
824
1054
1346
1426
1145
643
182
-69
-84
62
194
109
-253
-728
-1059
-1113
-937
-685
-524
-542
-712
-899
-941
-765
-427
-80
143
211
179
136
178
374
688
971
1088
1024
861
701
633
702
847
912
776
464
107
-182
-331
-336
-269
-269
-430
-717
-1001
-1168
-1167
-1018
-818
-693
-716
-842
-935
-882
-673
-395
-166
-67
-109
-205
-231
-120
82
258
326
278
162
51
21
95
206
259
207
85
-50
-146
-160
-97
-25
-19
-91
-187
-253
-256
-187
-63
55
120
141
172
250
381
554
726
839
870
866
905
1026
1204
1364
1440
1428
1394
1378
1369
1363
1376
1388
1347
1247
1080
744
169
-470
-841
-834
-681
-667
-898
-1385
-2031
-2518
-2496
-2024
-1571
-1481
-1652
-1830
-1891
-1750
-1298
-656
-190
-86
-133
-76
91
319
666
1119
1442
1451
1260
1082
992
991
1120
1334
1406
1152
670
224
-24
-73
0
75
-7
-327
-760
-1083
-1156
-1014
-801
-656
-657
-781
-920
-954
-803
-488
-137
103
191
186
172
200
309
523
771
913
873
717
558
449
406
427
465
404
181
-113
-332
-427
-449
-457
-480
-555
-706
-882
-974
-937
-832
-728
-653
-612
-623
-672
-673
-554
-354
-174
-64
-21
-28
-51
-26
92
251
353
354
298
242
210
226
294
368
391
354
311
304
344
421
518
603
646
653
663
722
845
995
1119
1207
1296
1406
1491
1513
1508
1528
1555
1564
1549
1421
1012
328
-301
-534
-418
-290
-392
-783
-1444
-2183
-2576
-2363
-1843
-1572
-1710
-1987
-2171
-2202
-1976
-1427
-806
-486
-485
-493
-345
-128
151
596
1109
1389
1340
1161
1044
1024
1126
1378
1624
1593
1214
709
333
183
216
312
305
55
-397
-855
-1120
-1137
-999
-873
-879
-1024
-1220
-1345
-1303
-1074
-743
-455
-303
-271
-276
-243
-117
126
440
700
793
718
581
500
528
645
771
793
638
350
74
-69
-79
-53
-84
-215
-432
-682
-868
-914
-848
-768
-753
-817
-927
-1024
-1029
-887
-645
-432
-343
-367
-416
-392
-244
-2
234
363
363
300
268
327
471
634
734
744
699
649
634
687
798
907
939
892
828
815
876
994
1116
1204
1264
1311
1333
1324
1327
1383
1457
1494
1455
1237
714
-7
-537
-601
-369
-236
-420
-941
-1709
-2423
-2625
-2197
-1616
-1431
-1674
-2012
-2224
-2225
-1872
-1189
-558
-337
-418
-449
-312
-80
289
846
1358
1517
1340
1109
1012
1060
1260
1568
1764
1595
1089
543
217
157
258
359
278
-79
-617
-1090
-1289
-1206
-1002
-874
-927
-1126
-1349
-1456
-1345
-1025
-632
-342
-232
-245
-272
-221
-28
307
676
906
910
764
626
612
726
887
970
865
575
240
32
-1
38
6
-151
-403
-666
-856
-919
-887
-864
-915
-1015
-1094
-1111
-1068
-960
-807
-661
-566
-509
-446
-344
-198
-23
154
292
367
400
439
523
647
775
865
906
906
885
872
899
968
1034
1047
1000
942
934
1004
1118
1216
1276
1327
1371
1386
1382
1408
1473
1527
1551
1517
1281
694
-84
-602
-609
-337
-195
-399
-979
-1832
-2589
-2743
-2221
-1584
-1411
-1695
-2072
-2317
-2317
-1912
-1149
-473
-269
-396
-464
-349
-114
297
910
1449
1582
1350
1079
970
1041
1290
1660
1879
1671
1092
489
163
154
323
457
348
-86
-703
-1215
-1397
-1251
-993
-869
-983
-1250
-1503
-1597
-1447
-1075
-649
-378
-326
-373
-373
-264
-35
307
668
886
880
739
624
613
697
821
895
816
559
238
18
-44
-36
-82
-229
-450
-695
-917
-1069
-1132
-1140
-1148
-1155
-1140
-1112
-1106
-1107
-1044
-881
-671
-490
-366
-284
-223
-134
25
242
433
531
560
585
655
772
911
1016
1037
989
940
949
1006
1063
1074
1047
1025
1045
1096
1154
1247
1379
1473
1453
1381
1368
1428
1515
1607
1602
1238
421
-458
-835
-621
-251
-161
-505
-1290
-2310
-3001
-2859
-2099
-1494
-1500
-1897
-2307
-2551
-2458
-1854
-965
-358
-291
-457
-499
-374
-94
448
1165
1658
1655
1339
1059
974
1111
1466
1871
1977
1590
909
331
95
180
397
484
251
-301
-946
-1390
-1468
-1255
-994
-927
-1115
-1430
-1680
-1710
-1450
-984
-540
-325
-344
-423
-388
-171
190
583
852
915
832
750
766
869
969
986
885
690
464
277
164
103
35
-102
-325
-607
-887
-1097
-1175
-1119
-1015
-984
-1066
-1207
-1297
-1251
-1050
-769
-540
-452
-470
-472
-365
-140
133
356
464
474
472
539
688
878
1049
1134
1101
997
930
970
1088
1208
1257
1203
1083
1010
1062
1217
1394
1552
1649
1620
1489
1411
1502
1701
1884
1948
1709
992
-21
-735
-737
-268
73
-82
-778
-1862
-2887
-3208
-2612
-1716
-1340
-1657
-2236
-2684
-2799
-2397
-1483
-553
-179
-358
-611
-616
-365
151
920
1635
1868
1580
1155
948
1048
1407
1884
2170
1964
1306
579
167
170
423
631
525
32
-671
-1267
-1507
-1358
-1035
-849
-977
-1337
-1700
-1854
-1695
-1256
-737
-410
-389
-531
-589
-420
-40
427
802
936
829
653
618
781
1023
1162
1087
814
473
223
157
222
228
18
-388
-803
-1043
-1065
-963
-876
-920
-1121
-1359
-1455
-1329
-1077
-856
-744
-727
-752
-740
-613
-358
-69
143
237
256
270
345
514
750
967
1083
1072
978
893
905
1027
1184
1268
1224
1080
943
933
1088
1309
1472
1543
1559
1529
1474
1490
1633
1831
1960
1962
1729
1092
140
-625
-731
-319
24
-119
-797
-1850
-2893
-3327
-2860
-1988
-1558
-1855
-2459
-2898
-2984
-2611
-1776
-868
-443
-577
-821
-786
-463
68
784
1472
1764
1556
1168
978
1103
1472
1927
2199
2019
1405
692
253
230
470
672
555
48
-668
-1282
-1551
-1435
-1128
-940
-1075
-1449
-1811
-1954
-1810
-1406
-899
-546
-502
-642
-697
-504
-88
440
903
1066
850
501
410
716
1192
1489
1410
974
379
-63
-107
168
389
236
-256
-799
-1147
-1231
-1104
-902
-820
-978
-1276
-1467
-1419
-1203
-951
-737
-617
-630
-719
-718
-509
-149
196
407
458
403
357
446
707
1052
1306
1339
1170
957
885
1004
1224
1399
1426
1297
1116
1041
1148
1374
1604
1773
1839
1782
1660
1619
1733
1946
2131
2111
1642
671
-371
-845
-579
-49
136
-302
-1316
-2554
-3364
-3213
-2337
-1605
-1603
-2144
-2720
-3014
-2854
-2152
-1181
-518
-447
-673
-764
-580
-152
524
1294
1784
1752
1384
1067
1047
1355
1855
2261
2239
1715
962
379
206
407
700
725
309
-407
-1096
-1489
-1494
-1223
-952
-957
-1283
-1710
-1964
-1908
-1556
-1056
-641
-499
-596
-706
-619
-278
242
770
1104
1136
957
768
702
781
969
1170
1230
1028
594
119
-204
-294
-205
-93
-144
-452
-919
-1288
-1370
-1198
-971
-872
-951
-1143
-1313
-1315
-1094
-758
-498
-409
-440
-472
-405
-184
161
502
703
731
672
650
752
975
1224
1367
1345
1210
1073
1016
1081
1229
1381
1448
1407
1318
1296
1434
1701
1949
2041
1980
1866
1809
1892
2062
2014
1408
350
-536
-732
-380
-44
-146
-801
-1891
-2964
-3368
-2873
-2065
-1738
-2045
-2553
-2898
-2951
-2591
-1822
-1017
-644
-705
-805
-684
-371
123
804
1453
1724
1546
1213
1066
1234
1653
2110
2302
2028
1386
720
356
393
654
802
568
-34
-751
-1294
-1502
-1384
-1124
-1011
-1221
-1640
-1982
-2046
-1836
-1458
-1062
-807
-770
-853
-844
-604
-167
335
751
951
879
638
475
592
959
1321
1404
1116
582
69
-161
-37
233
311
16
-519
-1001
-1215
-1144
-928
-778
-846
-1107
-1374
-1460
-1322
-1062
-818
-689
-688
-747
-752
-609
-308
57
332
434
408
380
455
666
962
1225
1322
1221
1045
961
1035
1206
1368
1447
1422
1332
1263
1304
1496
1782
2017
2080
1998
1887
1834
1898
2084
2201
1844
853
-294
-849
-618
-125
22
-411
-1367
-2566
-3397
-3311
-2488
-1778
-1774
-2272
-2762
-2988
-2855
-2269
-1400
-744
-608
-768
-814
-595
-158
470
1167
1630
1646
1355
1107
1151
1513
2019
2363
2272
1747
1064
557
424
626
891
858
370
-378
-1043
-1401
-1416
-1193
-973
-1025
-1398
-1855
-2093
-2007
-1678
-1255
-908
-781
-868
-968
-854
-467
80
590
880
859
615
391
417
711
1086
1296
1194
814
345
38
32
231
376
265
-92
-515
-822
-918
-832
-686
-645
-787
-1031
-1211
-1220
-1067
-843
-653
-578
-624
-699
-657
-431
-92
214
383
409
376
402
564
839
1112
1263
1258
1160
1083
1112
1256
1445
1588
1639
1607
1555
1587
1767
2043
2277
2365
2289
2118
2003
2069
2179
1920
1060
-18
-634
-548
-198
-133
-575
-1460
-2531
-3284
-3251
-2578
-1990
-2020
-2483
-2884
-2982
-2764
-2234
-1518
-958
-790
-850
-803
-512
-45
525
1106
1509
1589
1426
1271
1338
1675
2121
2391
2265
1785
1201
775
645
781
957
858
347
-382
-992
-1295
-1318
-1182
-1068
-1168
-1535
-1972
-2195
-2093
-1767
-1393
-1116
-1012
-1053
-1085
-933
-548
-39
423
706
757
619
432
386
584
940
1215
1206
899
463
129
50
196
371
340
41
-382
-712
-839
-801
-713
-700
-824
-1033
-1203
-1225
-1100
-910
-753
-690
-712
-748
-694
-496
-186
127
334
398
385
412
553
790
1045
1227
1276
1209
1129
1145
1275
1456
1611
1693
1698
1682
1731
1887
2095
2252
2278
2172
2048
2017
1985
1639
834
-80
-552
-459
-221
-306
-850
-1735
-2694
-3289
-3183
-2574
-2115
-2224
-2686
-3029
-3020
-2685
-2108
-1464
-1021
-896
-902
-762
-391
126
683
1167
1449
1489
1395
1352
1491
1822
2196
2356
2142
1651
1152
856
811
927
992
766
188
-520
-1034
-1216
-1165
-1071
-1096
-1334
-1739
-2115
-2240
-2064
-1715
-1391
-1221
-1204
-1241
-1186
-942
-526
-59
311
472
415
288
303
557
926
1164
1119
842
516
329
355
521
635
518
166
-236
-485
-521
-445
-400
-479
-686
-933
-1098
-1105
-982
-831
-746
-754
-803
-810
-716
-515
-257
-18
139
210
261
381
593
846
1059
1185
1222
1210
1222
1323
1504
1700
1823
1850
1829
1846
1963
2168
2375
2484
2431
2259
2113
2070
1966
1498
638
-198
-554
-438
-284
-480
-1116
-2046
-2958
-3419
-3205
-2607
-2224
-2354
-2763
-3057
-3037
-2679
-2054
-1367
-885
-697
-634
-472
-129
363
923
1419
1706
1759
1692
1669
1805
2099
2394
2457
2175
1683
1231
981
938
991
941
605
-18
-694
-1149
-1292
-1232
-1152
-1221
-1507
-1924
-2254
-2308
-2074
-1698
-1370
-1208
-1204
-1232
-1135
-834
-377
99
438
541
432
282
309
590
986
1248
1210
906
533
305
325
514
649
535
170
-248
-507
-542
-454
-401
-481
-697
-946
-1094
-1062
-895
-723
-649
-687
-758
-758
-620
-348
-27
232
353
360
360
464
707
1019
1279
1402
1391
1327
1320
1442
1674
1912
2051
2069
2043
2072
2190
2357
2484
2479
2348
2194
2042
1719
1044
173
-449
-568
-405
-411
-840
-1650
-2616
-3364
-3532
-3103
-2542
-2371
-2660
-3062
-3234
-3059
-2569
-1892
-1264
-890
-745
-617
-333
110
640
1162
1569
1786
1836
1831
1887
2061
2307
2467
2374
2018
1562
1197
1006
955
924
732
264
-400
-1012
-1366
-1450
-1399
-1388
-1547
-1895
-2295
-2537
-2487
-2187
-1800
-1501
-1380
-1397
-1403
-1241
-863
-345
163
479
503
314
171
320
758
1221
1403
1197
758
369
253
427
694
758
470
-41
-477
-635
-545
-406
-394
-568
-849
-1094
-1170
-1047
-836
-687
-678
-761
-820
-757
-542
-225
95
309
375
362
396
574
893
1238
1473
1533
1468
1400
1442
1633
1918
2171
2278
2236
2151
2147
2270
2458
2588
2556
2380
2143
1824
1277
473
-294
-666
-630
-549
-792
-1447
-2362
-3245
-3720
-3566
-3005
-2578
-2615
-2962
-3241
-3219
-2871
-2269
-1581
-1027
-713
-534
-303
58
518
1018
1486
1834
2020
2087
2125
2218
2384
2545
2552
2318
1921
1533
1270
1131
1035
852
465
-123
-744
-1194
-1392
-1429
-1450
-1575
-1851
-2211
-2497
-2556
-2359
-2020
-1696
-1495
-1424
-1390
-1260
-960
-534
-99
232
416
481
516
621
831
1067
1197
1152
980
788
664
629
639
598
423
124
-192
-400
-467
-466
-499
-605
-777
-961
-1087
-1094
-988
-848
-754
-726
-709
-646
-509
-299
-47
204
410
550
661
803
1010
1242
1441
1584
1692
1787
1892
2023
2180
2332
2443
2519
2590
2674
2741
2743
2661
2537
2387
2097
1488
589
-252
-669
-670
-611
-849
-1500
-2452
-3411
-3971
-3887
-3355
-2889
-2835
-3099
-3372
-3423
-3161
-2592
-1851
-1172
-716
-443
-206
111
535
1039
1555
1991
2272
2395
2420
2444
2532
2651
2665
2480
2142
1774
1459
1212
1010
781
418
-116
-705
-1163
-1414
-1528
-1624
-1783
-2029
-2317
-2544
-2599
-2445
-2161
-1873
-1662
-1530
-1412
-1227
-928
-502
-28
338
477
426
377
515
854
1229
1422
1319
985
620
427
475
646
714
521
104
-346
-634
-705
-644
-591
-647
-830
-1065
-1234
-1259
-1147
-987
-863
-807
-787
-733
-594
-366
-95
165
353
463
548
699
947
1232
1468
1606
1665
1699
1776
1944
2181
2407
2548
2607
2639
2702
2788
2822
2760
2629
2444
2070
1340
352
-472
-783
-690
-645
-994
-1788
-2845
-3829
-4304
-4063
-3410
-2943
-2978
-3330
-3624
-3631
-3289
-2632
-1820
-1113
-665
-415
-184
140
579
1111
1662
2124
2421
2542
2540
2520
2570
2659
2652
2455
2115
1747
1417
1132
879
603
212
-323
-879
-1286
-1500
-1611
-1727
-1903
-2144
-2408
-2590
-2579
-2361
-2039
-1747
-1551
-1423
-1281
-1055
-736
-364
1
308
521
642
722
828
985
1137
1200
1139
981
791
633
546
512
446
258
-50
-371
-585
-662
-658
-664
-735
-885
-1073
-1213
-1230
-1106
-906
-733
-640
-614
-589
-495
-299
-9
311
561
697
766
859
1028
1257
1492
1691
1829
1919
2003
2129
2316
2531
2721
2863
2958
3001
2966
2861
2737
2571
2185
1416
419
-364
-634
-561
-585
-1007
-1840
-2896
-3829
-4239
-3984
-3387
-2981
-3019
-3323
-3578
-3588
-3268
-2628
-1816
-1082
-586
-301
-99
155
552
1102
1708
2219
2526
2614
2561
2495
2529
2641
2679
2518
2183
1789
1421
1102
828
550
175
-327
-856
-1267
-1511
-1660
-1804
-1985
-2196
-2399
-2517
-2477
-2274
-1986
-1715
-1503
-1327
-1130
-856
-484
-49
340
558
589
551
625
887
1234
1459
1406
1101
718
458
421
549
659
570
233
-223
-594
-759
-740
-657
-625
-704
-876
-1065
-1176
-1156
-1019
-833
-667
-546
-458
-372
-245
-53
197
448
642
772
886
1038
1236
1441
1605
1719
1806
1903
2034
2210
2417
2626
2788
2893
2948
2938
2854
2741
2617
2333
1660
651
-246
-613
-524
-452
-778
-1553
-2611
-3633
-4196
-4051
-3439
-2937
-2904
-3211
-3519
-3603
-3369
-2791
-1988
-1216
-671
-364
-173
28
348
849
1463
2025
2396
2536
2491
2373
2329
2412
2502
2428
2163
1798
1418
1051
723
441
141
-259
-730
-1158
-1466
-1678
-1856
-2027
-2194
-2356
-2474
-2484
-2367
-2158
-1915
-1670
-1433
-1225
-1058
-886
-609
-185
302
675
812
747
655
701
910
1157
1266
1145
844
519
325
299
331
262
28
-282
-527
-637
-651
-650
-690
-789
-920
-1017
-1008
-888
-722
-590
-515
-467
-400
-276
-76
191
470
683
794
842
921
1091
1335
1593
1814
1972
2068
2139
2253
2459
2725
2970
3115
3114
2981
2778
2540
2171
1532
693
-26
-357
-403
-517
-964
-1753
-2701
-3525
-3917
-3781
-3357
-3057
-3077
-3287
-3456
-3441
-3174
-2650
-1964
-1296
-775
-414
-155
79
389
856
1436
1985
2360
2509
2482
2389
2353
2416
2485
2423
2191
1849
1471
1099
761
456
145
-218
-621
-999
-1314
-1576
-1796
-1974
-2111
-2208
-2255
-2235
-2148
-2013
-1841
-1629
-1389
-1150
-934
-721
-464
-137
224
532
704
744
738
793
927
1068
1110
1003
787
554
386
303
255
160
-19
-233
-407
-509
-560
-608
-665
-728
-780
-795
-752
-657
-543
-445
-367
-288
-177
-20
176
390
594
748
849
930
1046
1229
1464
1700
1880
1989
2069
2187
2382
2641
2908
3093
3123
3000
2811
2588
2209
1562
778
181
-67
-143
-357
-876
-1669
-2582
-3345
-3676
-3515
-3150
-2957
-3057
-3286
-3441
-3405
-3116
-2574
-1893
-1266
-802
-502
-287
-55
305
836
1446
1972
2296
2392
2327
2242
2268
2409
2521
2456
2196
1827
1430
1062
762
518
253
-98
-513
-911
-1249
-1525
-1742
-1900
-2014
-2105
-2158
-2150
-2084
-1975
-1826
-1631
-1392
-1120
-820
-503
-186
107
343
466
448
370
401
643
989
1200
1103
736
292
0
-26
152
328
295
8
-385
-685
-793
-758
-681
-636
-642
-686
-729
-733
-669
-554
-416
-275
-123
51
247
446
624
766
857
905
953
1066
1268
1511
1708
1798
1794
1784
1872
2097
2415
2723
2914
2925
2777
2576
2348
1961
1291
499
-44
-169
-125
-318
-928
-1838
-2793
-3498
-3704
-3414
-2971
-2784
-2957
-3264
-3450
-3397
-3077
-2508
-1812
-1176
-731
-486
-358
-208
119
682
1350
1903
2200
2240
2127
2015
2045
2228
2393
2355
2088
1708
1325
980
695
462
225
-81
-459
-843
-1183
-1465
-1673
-1802
-1883
-1953
-2016
-2042
-2014
-1925
-1765
-1551
-1348
-1204
-1067
-825
-449
-46
239
352
354
364
483
716
960
1062
954
707
469
344
320
313
238
71
-139
-312
-415
-470
-526
-597
-666
-712
-720
-682
-606
-509
-419
-350
-291
-213
-81
115
353
590
762
848
876
925
1060
1275
1506
1682
1780
1829
1887
2012
2211
2446
2653
2775
2777
2678
2525
2321
1955
1333
573
-11
-228
-231
-361
-835
-1605
-2472
-3176
-3487
-3357
-3009
-2769
-2787
-2972
-3140
-3161
-2954
-2494
-1856
-1209
-704
-403
-266
-159
93
581
1210
1759
2070
2134
2042
1936
1940
2083
2248
2261
2055
1703
1318
974
697
490
304
65
-260
-641
-1023
-1342
-1546
-1627
-1646
-1673
-1736
-1809
-1852
-1831
-1717
-1502
-1223
-944
-694
-473
-318
-263
-254
-149
152
575
908
988
814
528
317
291
437
615
665
511
204
-126
-354
-434
-403
-340
-317
-369
-486
-628
-727
-727
-613
-430
-259
-148
-90
-38
61
223
424
625
775
870
942
1039
1179
1339
1487
1599
1685
1777
1910
2093
2295
2480
2627
2707
2692
2586
2406
2095
1568
885
304
50
27
-91
-533
-1261
-2077
-2762
-3132
-3121
-2874
-2666
-2674
-2864
-3077
-3172
-3045
-2656
-2070
-1452
-958
-663
-545
-484
-291
172
824
1426
1787
1886
1818
1719
1711
1856
2081
2211
2127
1847
1469
1093
789
592
461
304
53
-302
-713
-1100
-1372
-1485
-1491
-1494
-1555
-1657
-1753
-1792
-1736
-1572
-1327
-1062
-851
-744
-722
-679
-489
-126
278
539
577
467
363
371
490
641
720
656
457
200
-18
-151
-199
-200
-204
-250
-366
-532
-689
-773
-745
-630
-501
-420
-407
-417
-399
-319
-182
-5
189
367
509
610
686
763
867
1005
1165
1326
1464
1567
1632
1691
1787
1936
2117
2297
2425
2456
2375
2226
2023
1694
1185
615
223
107
81
-131
-642
-1347
-2046
-2543
-2722
-2624
-2439
-2365
-2455
-2637
-2808
-2864
-2713
-2337
-1829
-1335
-957
-734
-642
-575
-361
91
677
1180
1451
1501
1439
1397
1464
1639
1824
1897
1803
1575
1277
993
786
670
576
422
174
-148
-503
-819
-1017
-1077
-1071
-1107
-1223
-1381
-1505
-1540
-1461
-1290
-1094
-929
-810
-724
-662
-606
-498
-290
-7
249
383
384
315
258
269
350
451
502
463
341
181
33
-68
-106
-104
-105
-141
-214
-305
-391
-442
-437
-381
-308
-252
-219
-195
-153
-79
25
146
266
379
476
559
633
715
814
919
1014
1099
1180
1264
1358
1468
1599
1741
1872
1961
1989
1963
1919
1867
1740
1437
974
532
295
254
211
-27
-478
-1016
-1484
-1781
-1894
-1884
-1843
-1828
-1862
-1967
-2132
-2258
-2210
-1944
-1546
-1165
-906
-803
-798
-763
-557
-164
294
656
848
892
867
868
955
1121
1291
1391
1385
1272
1070
848
702
669
683
641
484
229
-54
-279
-389
-397
-383
-424
-542
-708
-865
-952
-941
-848
-732
-649
-623
-656
-735
-805
-786
-625
-364
-126
-31
-104
-254
-335
-257
-51
167
285
281
198
101
31
16
64
153
231
246
188
76
-35
-89
-60
21
85
89
42
-27
-78
-75
-19
58
120
162
184
179
163
192
295
426
500
510
507
541
605
688
796
915
1017
1093
1163
1228
1253
1233
1207
1202
1172
1040
805
563
425
413
423
310
10
-391
-716
-844
-813
-765
-820
-983
-1179
-1344
-1460
-1521
-1511
-1411
-1251
-1108
-1062
-1128
-1226
-1223
-1040
-716
-388
-179
-127
-159
-167
-75
120
357
557
657
647
556
444
374
383
458
549
582
511
352
174
63
55
124
194
190
91
-63
-198
-260
-239
-174
-119
-111
-165
-258
-346
-383
-371
-344
-331
-330
-325
-316
-324
-364
-415
-422
-348
-213
-95
-57
-96
-147
-147
-81
6
63
83
89
103
112
96
61
40
62
122
176
180
124
44
-3
4
46
84
99
82
36
-17
-47
-35
9
56
86
93
88
83
95
127
180
240
297
343
365
369
378
416
489
577
648
677
663
623
581
550
525
509
501
501
490
446
348
213
78
-19
-66
-79
-94
-148
-247
-371
-493
-588
-646
-664
-655
-637
-636
-669
-734
-802
-825
-768
-636
-476
-343
-269
-236
-204
-140
-39
68
146
175
168
145
122
107
106
130
173
215
224
189
122
66
56
92
145
173
157
110
58
21
3
1
13
28
35
26
-5
-44
-74
-85
-76
-56
-31
-9
4
3
-11
-25
-22
4
48
89
110
106
91
74
61
55
56
71
97
116
110
69
13
-23
-24
1
29
28
-4
-48
-81
-93
-87
-79
-73
-70
-74
-84
-102
-117
-121
-106
-77
-46
-30
-35
-48
-51
-33
4
49
85
111
125
139
156
179
214
252
290
323
342
348
345
345
352
362
368
361
341
314
280
248
217
186
155
122
87
48
8
-29
-59
-79
-94
-106
-119
-129
-135
-134
-123
-107
-94
-85
-80
-75
-71
-65
-59
-54
-53
-57
-66
-81
-99
-119
-134
-148
-163
-180
-203
-227
-250
-267
-274
-279
-282
-287
-293
-298
-297
-289
-272
-248
-225
-202
-184
-164
-140
-111
-76
-37
0
36
65
88
105
120
136
156
173
183
188
190
191
193
195
194
189
179
167
152
137
121
105
85
63
35
4
-23
-47
-64
-81
-100
-125
-153
-177
-195
-205
-211
-214
-218
-226
-236
-242
-243
-234
-216
-195
-173
-156
-143
-130
-113
-92
-66
-44
-23
-9
1
8
12
19
24
30
34
34
29
20
9
-2
-10
-13
-11
-8
-5
-4
-4
-1
10
28
52
77
100
119
133
151
171
196
223
245
259
263
259
252
247
244
241
235
220
197
168
138
112
92
75
56
31
-3
-42
-79
-111
-130
-145
-157
-172
-189
-210
-224
-231
-227
-216
-204
-195
-188
-182
-173
-158
-138
-115
-97
-81
-68
-55
-39
-21
-2
16
34
46
59
69
80
92
101
108
113
114
115
114
111
107
102
92
85
74
65
55
42
29
15
4
-6
-12
-18
-22
-25
-29
-29
-26
-20
-9
3
15
25
35
43
52
63
76
86
94
100
101
97
93
86
78
70
59
47
31
14
-5
-24
-41
-56
-69
-82
-92
-102
-109
-109
-107
-98
-87
-73
-57
-39
-18
5
27
49
69
88
108
125
141
152
162
168
172
176
180
180
179
173
165
154
141
127
111
95
77
58
39
18
-1
-20
-36
-50
-62
-74
-85
-94
-101
-108
-110
-108
-105
-102
-98
-93
-90
-84
-75
-64
-53
-42
-32
-20
-10
0
11
22
31
39
48
55
62
65
69
68
66
63
58
53
47
39
30
18
4
-10
-21
-32
-41
-50
-59
-69
-77
-81
-82
-79
-72
-62
-53
-43
-31
-18
-3
13
30
45
59
69
74
76
78
78
77
73
66
55
40
24
7
-9
-25
-41
-56
-74
-91
-111
-129
-143
-154
-161
-164
-166
-167
-167
-163
-156
-142
-127
-108
-89
-69
-52
-35
-17
1
19
37
52
63
70
74
77
80
83
82
82
76
69
59
49
41
33
25
17
6
-6
-18
-29
-39
-46
-53
-61
-68
-75
-81
-85
-88
-89
-88
-87
-86
-82
-79
-72
-63
-54
-43
-32
-21
-9
0
11
22
34
44
51
59
64
67
68
68
68
66
63
56
49
39
29
17
4
-7
-17
-27
-37
-48
-57
-65
-71
-75
-74
-70
-66
-60
-54
-45
-35
-25
-13
0
15
28
37
47
56
61
67
72
76
79
78
75
68
59
51
41
32
21
8
-5
-19
-33
-45
-55
-62
-69
-74
-78
-80
-82
-80
-76
-70
-63
-57
-49
-41
-33
-24
-13
-2
9
21
30
38
47
56
65
75
82
88
92
91
89
88
87
85
82
76
69
60
50
41
34
27
22
15
6
-2
-11
-20
-26
-30
-33
-36
-39
-43
-46
-47
-45
-39
-32
-26
-18
-11
-3
5
14
25
35
47
55
63
68
71
75
78
78
78
76
71
64
57
49
40
30
20
9
-1
-11
-20
-27
-34
-38
-41
-43
-43
-41
-38
-32
-26
-19
-11
-3
5
13
21
30
40
46
52
57
60
63
65
67
68
67
65
60
55
47
41
33
26
18
9
-1
-9
-19
-28
-34
-41
-44
-49
-52
-55
-57
-59
-57
-55
-52
-47
-43
-39
-35
-28
-22
-16
-8
-1
6
11
18
23
28
32
34
38
40
41
41
38
35
32
27
22
17
11
4
-2
-9
-18
-25
-32
-39
-43
-48
-52
-56
-59
-60
-61
-61
-59
-55
-51
-46
-40
-34
-28
-20
-13
-6
2
9
15
21
26
28
32
32
34
33
31
26
21
15
8
1
-5
-15
-23
-32
-39
-47
-53
-58
-63
-67
-68
-70
-69
-69
-66
-64
-59
-54
-50
-43
-38
-31
-25
-19
-13
-7
-2
3
7
11
14
17
19
20
18
18
17
14
11
8
6
1
-1
-6
-8
-11
-14
-15
-18
-19
-22
-22
-23
-23
-22
-22
-21
-20
-18
-17
-14
-11
-7
-3
-1
4
7
11
15
17
20
23
26
27
27
28
27
26
24
22
20
17
13
10
5
2
-3
-9
-12
-16
-21
-24
-27
-30
-32
-33
-33
-32
-32
-30
-27
-22
-19
-14
-9
-4
2
8
13
20
24
29
33
37
40
42
43
44
44
43
41
38
34
31
26
20
14
10
4
-1
-7
-11
-15
-19
-21
-23
-25
-26
-25
-24
-21
-19
-17
-14
-9
-5
-1
3
8
12
16
20
23
28
31
33
34
36
37
37
36
34
33
31
28
24
22
19
14
12
9
7
4
2
1
-1
-3
-3
-3
-3
-1
0
1
4
4
7
9
14
16
20
24
27
31
34
36
38
40
41
41
40
40
38
35
32
27
24
18
14
9
2
-3
-9
-14
-18
-24
-27
-31
-33
-35
-36
-37
-37
-36
-35
-32
-30
-26
-21
-16
-11
-5
1
5
10
16
22
26
30
34
37
39
40
41
39
39
38
35
32
29
24
20
15
11
7
2
-4
-8
-12
-16
-19
-21
-23
-26
-27
-28
-27
-27
-26
-25
-23
-20
-19
-16
-14
-10
-8
-5
-2
0
2
3
5
5
7
7
6
6
4
3
0
0
-2
-5
-7
-9
-13
-15
-16
-19
-21
-23
-25
-25
-27
-26
-27
-26
-26
-25
-23
-21
-19
-16
-12
-9
-5
-2
1
5
8
10
14
16
18
19
20
20
19
19
18
15
11
8
4
1
-4
-8
-14
-18
-23
-28
-32
-36
-39
-41
-43
-45
-46
-46
-44
-43
-40
-37
-34
-30
-24
-21
-15
-9
-4
0
6
11
16
19
22
25
27
29
29
29
29
28
26
24
22
18
15
12
8
5
2
-2
-5
-8
-10
-12
-15
-16
-16
-18
-18
-17
-18
-16
-15
-14
-12
-10
-9
-7
-5
-3
-1
0
2
3
5
5
6
6
7
6
7
6
5
4
3
2
0
-2
-4
-5
-5
-7
-8
-9
-10
-10
-9
-9
-8
-8
-6
-5
-2
0
2
5
8
10
12
16
18
21
24
25
26
27
29
29
28
28
27
26
24
22
19
16
13
10
7
3
1
-3
-6
-9
-12
-14
-16
-18
-19
-19
-21
-20
-20
-20
-19
-16
-15
-13
-11
-8
-5
-2
0
3
6
9
12
14
16
18
21
21
22
24
23
23
24
23
21
21
18
18
16
14
13
11
9
8
6
5
5
3
3
2
2
2
2
2
3
3
4
4
5
6
7
7
8
9
9
8
10
9
9
9
9
8
7
5
5
3
2
0
0
-3
-4
-6
-7
-9
-11
-11
-13
-13
-14
-14
-14
-13
-13
-13
-11
-10
-8
-6
-5
-4
-1
1
3
5
7
9
10
11
13
14
15
14
15
15
15
15
13
12
11
9
7
5
3
2
-2
-4
-6
-8
-10
-11
-13
-14
-14
-15
-15
-16
-15
-15
-14
-13
-12
-11
-9
-8
-6
-5
-3
-2
0
0
2
3
3
3
3
3
2
2
1
1
0
-1
-3
-4
-5
-7
-8
-9
-11
-11
-12
-12
-13
-14
-13
-13
-13
-12
-12
-11
-10
-9
-8
-8
-6
-5
-4
-4
-3
-3
-3
-3
-2
-3
-2
-3
-4
-4
-4
-5
-5
-6
-6
-7
-8
-8
-9
-9
-10
-9
-8
-9
-8
-8
-7
-7
-7
-6
-5
-5
-2
-2
-1
-1
1
2
2
4
4
5
6
6
7
6
7
7
7
6
7
6
5
4
3
3
2
0
-1
0
-2
-3
-3
-5
-5
-7
-6
-8
-7
-8
-7
-8
-7
-7
-7
-5
-6
-5
-4
-2
-1
-1
1
1
3
3
4
5
5
6
6
6
6
6
6
5
5
4
4
3
2
1
0
-1
-1
-3
-3
-3
-3
-4
-4
-4
-3
-3
-3
-2
-1
0
1
2
3
5
5
7
6
8
9
9
10
11
11
11
10
11
11
10
9
9
7
7
5
5
4
3
2
2
1
-1
-1
-1
-1
-1
-1
-2
-1
-3
-1
-1
0
1
2
2
2
4
5
5
5
6
6
7
7
8
8
8
7
7
7
6
6
5
5
4
4
3
3
2
2
0
1
0
0
1
0
0
0
0
-1
0
-1
1
1
1
1
2
2
3
2
4
3
4
4
4
4
4
4
3
4
2
3
2
1
1
1
1
1
-1
-1
-1
-2
-2
-2
-2
-2
-3
-2
-2
-2
-2
-2
-2
-1
-1
-1
-1
0
-1
-1
0
0
1
0
0
1
-1
0
-1
0
-1
0
-1
0
-1
-2
-1
-2
-2
-2
-3
-2
-2
-3
-3
-3
-2
-3
-3
-3
-3
-2
-2
-3
-2
-2
-2
-2
-3
-2
-2
-2
-2
-3
-3
-2
-2
-2
-2
-2
-3
-2
-3
-3
-2
-3
-3
-4
-3
-3
-2
-4
-3
-3
-3
-4
-3
-2
-4
-3
-3
-3
-2
-3
-2
-2
-2
-1
-1
-1
-2
-1
-1
-1
0
-1
0
-1
-1
-1
0
0
0
-1
-2
0
0
-1
-2
-1
-1
-1
-2
-2
-2
-2
-2
-1
-2
-1
-1
-1
-1
-1
-1
-1
-1
-1
-1
0
0
0
0
-1
0
-1
0
0
-1
0
0
0
0
0
-1
0
0
-1
-1
0
0
0
-1
0
-1
0
-1
-1
0
-1
0
0
0
0
0
0
1
1
1
1
1
2
1
1
1
2
2
2
2
2
1
2
2
2
1
1
2
1
1
1
1
1
1
1
0
0
0
0
0
0
0
0
0
1
-1
0
0
1
1
1
1
1
2
1
2
2
1
2
1
2
2
2
2
2
2
2
2
2
2
1
1
1
1
1
1
1
1
1
1
1
1
0
0
1
0
1
1
1
0
1
2
2
1
1
2
2
2
2
2
2
2
2
2
2
2
1
1
2
2
1
1
1
1
1
1
1
1
0
1
1
2
1
1
0
1
0
1
1
0
0
1
0
1
0
1
1
0
1
0
1
1
1
0
1
0
0
0
1
0
1
1
0
1
1
0
0
0
-1
0
0
-1
-1
0
0
0
0
0
0
-1
0
0
0
0
0
0
0
0
-1
-1
0
0
-1
0
0
0
-1
-1
0
0
0
-1
-1
-1
0
0
-1
-1
-1
-1
-1
-1
-1
0
-1
-1
-1
-1
-2
-1
-1
-1
-1
-1
-1
-1
-1
-1
-1
-2
-1
-1
-1
-1
-1
-2
-1
-1
-1
-2
-1
0
-1
-1
-1
-1
-2
-1
-2
-2
-1
-1
-1
-1
0
-1
-1
-1
0
-1
0
0
0
0
0
-1
0
-1
-1
-1
-1
0
-1
0
0
-1
-1
-1
0
0
0
0
-1
0
0
0
0
0
-1
0
0
-1
0
0
-1
0
-1
0
0
0
0
0
1
0
0
0
0
0
0
-1
0
0
0
0
0
1
0
0
-1
0
0
0
-1
1
0
0
1
-1
-1
0
0
0
0
0
0
0
0
0
1
0
0
1
0
0
1
1
0
0
1
1
0
0
0
1
0
0
0
0
0
0
0
1
-1
0
0
1
0
0
0
0
0
0
0
0
0
0
0
1
0
0
0
0
0
1
1
0
0
0
0
0
0
0
1
1
0
0
0
0
0
0
0
0
0
1
0
0
0
0
0
1
1
1
0
0
0
1
1
0
0
1
0
0
0
0
0
0
1
0
1
0
0
0
0
0
1
0
1
0
0
0
1
1
0
0
0
-1
1
1
0
0
0
1
0
0
0
1
0
0
0
1
0
0
0
0
0
0
0
0
0
0
1
0
0
0
1
0
-1
-1
-1
0
0
0
0
-1
0
0
0
0
0
0
0
0
0
1
0
1
-1
0
0
0
0
0
1
-1
0
1
-1
0
0
0
0
0
0
0
-1
0
0
0
-1
0
-1
0
0
0
0
0
-1
0
0
0
0
0
0
-1
0
0
0
0
0
-1
0
0
-1
-1
0
0
-1
0
0
0
0
0
0
0
-1
-1
0
0
-1
0
-1
0
0
0
0
0
0
0
0
-1
0
-1
0
0
0
0
-1
-1
0
0
0
-1
0
-1
0
0
0
-1
0
0
0
0
1
0
0
0
-1
0
0
1
0
0
0
0
0
0
0
0
1
0
0
0
1
1
0
0
0
0
0
0
0
0
-1
1
0
0
0
0
0
0
0
1
0
0
-1
0
0
0
-1
-1
0
0
1
0
-1
0
0
0
0
0
0
-1
-1
0
0
-1
1
0
1
0
0
0
0
0
0
1
0
0
0
0
0
0
0
0
0
1
-1
0
0
0
0
0
0
0
0
0
1
0
0
0
0
0
0
0
0
0
0
0
0
0
0
0
0
0
1
0
0
0
1
0
0
0
1
0
0
0
0
0
0
0
1
-1
0
0
0
0
1
0
0
1
1
0
1
1
0
0
0
0
1
1
0
0
0
-1
0
0
1
0
0
0
1
1
0
0
1
0
1
0
-1
2
0
0
0
0
0
0
0
0
0
0
0
0
0
0
0
0
0
0
0
0
0
0
-1
0
0
0
-1
0
1
-1
0
0
0
0
0
0
1
1
0
0
0
0
0
0
0
0
0
0
0
1
0
0
0
0
-1
0
0
0
1
0
0
0
0
0
0
1
0
0
0
0
0
-1
0
-1
0
0
0
0
0
0
0
0
0
0
0
0
0
-1
-1
1
0
0
0
-1
0
0
0
0
0
0
0
0
0
-1
0
0
0
-1
0
0
1
0
-1
0
0
0
0
0
0
0
0
0
-1
0
0
0
0
0
0
0
0
0
-1
0
0
0
0
-1
0
0
0
-1
-1
0
0
0
-1
-1
0
-1
1
0
0
0
-1
0
0
0
0
0
0
0
-1
0
0
0
1
0
1
0
-1
0
0
-1
0
0
1
1
0
0
0
-1
-1
0
0
0
-1
0
0
1
0
1
0
-1
0
0
0
1
0
0
0
0
0
0
0
0
0
0
0
-1
1
0
0
0
0
0
0
0
0
0
1
-1
0
-1
0
0
0
0
0
-1
0
0
0
1
0
0
0
0
0
0
0
0
0
0
1
1
-1
0
0
0
0
0
0
0
0
0
0
0
0
0
0
0
0
0
0
0
0
0
0
-1
0
0
0
0
0
0
-1
0
0
0
1
0
0
0
0
0
0
1
0
1
0
1
0
0
0
0
1
0
0
0
0
0
1
0
0
0
1
1
0
0
0
0
0
0
0
0
1
1
1
1
0
-1
1
0
0
0
-1
0
0
0
0
1
0
0
0
0
0
1
0
0
0
0
0
0
0
0
0
0
1
1
1
0
-1
0
0
0
0
0
0
1
-1
-1
0
0
0
0
0
1
0
-1
0
0
0
0
0
0
0
0
-1
0
0
0
0
1
0
0
-1
0
0
-1
1
1
0
0
0
0
1
0
0
0
0
0
0
0
-1
0
0
0
0
1
0
-1
0
0
0
-1
1
0
-1
0
0
0
0
0
0
0
0
0
0
-1
-1
0
0
0
-1
0
0
0
0
0
0
-1
0
-1
-1
-1
0
0
-1
1
0
0
0
0
-1
0
0
-1
0
0
0
0
0
-1
-1
-1
0
0
0
0
0
0
0
0
0
0
0
0
0
0
-1
0
-1
0
0
0
0
1
0
0
0
0
0
0
0
-1
0
-1
0
0
0
0
0
0
-1
0
0
0
1
-1
0
0
-1
0
0
-1
0
0
0
0
0
0
0
0
0
0
-1
-1
0
-1
0
0
0
0
0
1
0
-1
0
1
0
0
-1
0
0
0
0
0
0
0
0
0
1
1
0
1
0
1
0
0
0
0
1
1
1
1
1
1
1
1
1
2
1
0
1
1
1
2
2
1
2
1
2
1
2
2
3
3
3
2
2
2
2
2
1
1
2
1
1
2
1
1
1
1
1
1
1
2
2
3
3
2
2
2
2
2
2
3
3
3
3
3
4
5
4
3
3
3
3
4
4
3
2
2
2
2
1
2
1
1
1
2
2
2
2
3
2
2
2
1
2
1
1
3
3
3
2
3
2
2
2
2
2
2
1
1
1
0
0
1
1
0
1
1
2
3
4
3
3
2
2
2
1
0
1
1
0
-2
-3
-4
-4
-3
-2
-2
-3
-3
-2
-3
-2
-2
-1
-1
-1
-2
-1
-1
-1
0
0
2
4
4
4
4
4
4
3
3
2
-1
-2
-6
-8
-10
-12
-12
-15
-16
-17
-19
-15
-9
-2
4
5
1
-7
-18
-20
-18
-10
1
7
5
-3
-16
-25
-23
-11
4
18
21
14
2
-8
-9
-7
-6
-9
-9
1
23
52
75
79
65
37
3
-21
-25
-3
37
62
35
-68
-229
-376
-427
-341
-148
57
173
150
20
-132
-209
-150
31
271
472
538
424
168
-121
-307
-302
-112
152
344
352
167
-121
-376
-480
-392
-164
94
264
274
132
-91
-286
-363
-289
-104
108
251
267
163
-1
-139
-187
-128
0
133
211
209
135
36
-48
-89
-78
-31
25
68
84
66
26
-21
-58
-73
-63
-37
-2
29
46
50
41
26
13
4
9
23
42
62
73
66
41
8
-20
-35
-33
-24
-19
-24
-34
-44
-51
-52
-55
-60
-62
-61
-52
-38
-26
-17
-9
-3
-2
-9
-22
-34
-37
-26
-7
6
5
-10
-35
-58
-71
-78
-79
-79
-81
-82
-89
-100
-114
-128
-136
-136
-126
-104
-73
-36
-4
10
13
18
44
97
157
197
199
174
156
180
251
348
443
514
557
573
572
570
601
705
868
1003
973
673
143
-422
-773
-758
-458
-133
-57
-349
-890
-1404
-1631
-1478
-1044
-526
-120
65
26
-151
-339
-400
-244
128
594
958
1066
875
501
145
-20
43
236
398
409
247
-22
-294
-499
-612
-639
-596
-502
-387
-291
-247
-268
-322
-345
-282
-123
92
304
455
517
503
452
402
381
400
452
506
526
481
360
185
4
-133
-198
-199
-176
-175
-221
-308
-393
-439
-424
-357
-263
-168
-90
-22
42
101
156
199
236
276
322
368
393
375
313
217
113
25
-32
-66
-96
-139
-204
-290
-380
-448
-477
-461
-413
-352
-296
-254
-220
-185
-133
-59
32
126
208
261
284
281
270
261
258
255
240
205
152
87
24
-28
-67
-95
-120
-150
-184
-215
-232
-224
-191
-141
-87
-44
-22
-17
-13
2
37
92
150
191
199
170
117
62
28
16
22
28
17
-19
-78
-145
-195
-217
-204
-167
-127
-100
-95
-108
-120
-116
-86
-36
20
70
101
113
109
98
89
87
97
111
123
122
106
75
40
10
-8
-12
-9
-3
2
1
-5
-18
-31
-38
-31
-1
40
82
105
102
81
62
57
74
103
131
143
133
108
72
37
13
7
12
13
-3
-37
-74
-98
-102
-107
-140
-208
-282
-311
-260
-147
-34
11
-39
-145
-227
-224
-125
16
127
161
115
28
-51
-91
-82
-39
13
50
54
21
-40
-100
-128
-113
-61
-1
36
39
17
-8
-17
-8
12
34
52
70
89
106
112
101
76
53
45
61
86
107
104
79
47
22
15
22
34
40
41
37
32
33
34
36
38
41
49
64
82
98
106
106
100
93
90
91
100
108
109
105
95
82
70
61
60
59
62
63
55
37
15
-5
-15
-16
-10
-4
-4
-12
-28
-46
-61
-73
-81
-87
-90
-93
-96
-101
-110
-124
-139
-151
-154
-149
-136
-126
-126
-137
-153
-163
-162
-147
-124
-106
-98
-100
-109
-115
-113
-103
-90
-77
-67
-63
-61
-61
-57
-51
-42
-32
-26
-20
-18
-17
-13
-8
-2
6
14
22
28
34
42
53
68
89
110
130
144
154
160
166
171
179
191
211
238
267
294
318
340
366
399
436
464
489
526
583
652
696
656
494
228
-67
-294
-386
-346
-250
-198
-261
-430
-642
-801
-841
-749
-561
-348
-171
-69
-49
-83
-130
-149
-120
-48
37
95
105
63
-12
-96
-166
-217
-252
-271
-275
-264
-243
-226
-224
-244
-272
-285
-259
-190
-92
3
75
112
126
135
153
186
224
257
276
279
272
256
230
196
156
112
74
41
16
-2
-19
-40
-62
-84
-101
-107
-98
-75
-44
-10
20
43
62
81
102
122
140
152
154
152
141
126
107
83
53
18
-21
-56
-88
-115
-138
-158
-178
-190
-195
-192
-183
-167
-150
-131
-110
-86
-59
-27
4
31
51
64
70
75
80
86
88
85
73
55
38
23
15
12
9
4
-2
-9
-11
-5
7
21
33
41
42
43
46
55
69
84
97
102
96
81
62
42
27
16
9
2
-9
-29
-53
-75
-94
-106
-110
-106
-99
-93
-87
-83
-74
-64
-50
-32
-13
5
21
33
38
38
34
28
22
17
13
10
6
0
-9
-20
-29
-36
-38
-36
-30
-23
-17
-12
-5
3
12
25
38
51
61
67
68
68
67
69
73
77
79
77
70
58
45
0
0
0
0
0
0
0
0
0
0
0
0
0
0
0
0
0
0
0
0
0
0
0
0
0
0
0
0
0
0
0
0
0
0
0
0
0
0
0
0
0
0
0
0
0
0
0
0
0
0
0
0
0
0
0
0
0
0
0
0
0
0
0
0
0
0
0
0
0
0
0
0
0
0
0
0
0
0
0
0
0
0
0
0
0
0
0
0
0
0
0
0
0
0
0
0
0
0
0
0
0
0
0
0
0
0
0
0
0
0
0
0
0
0
0
0
0
0
0
0
0
0
0
0
0
0
0
0
0
0
0
0
0
0
0
0
0
0
0
0
0
0
0
0
0
0
0
0
0
0
0
0
0
0
0
0
0
0
0
0
0
0
0
0
0
0
0
0
0
0
0
0
0
0
0
0
0
0
0
0
0
0
0
0
0
0
0
0
0
0
0
0
0
0
0
0
0
0
