0
0
0
0
0
0
0
0
0
0
0
0
0
0
0
0
0
0
0
0
0
0
0
0
0
0
0
0
0
0
0
0
0
0
0
0
0
0
0
0
0
0
0
0
0
0
0
0
0
0
0
0
0
0
0
0
0
0
0
0
0
0
0
0
0
0
0
0
0
0
0
0
0
0
0
0
0
0
0
0
0
0
0
0
0
0
0
0
0
0
0
0
0
0
0
0
0
0
0
0
0
0
0
0
0
0
0
0
0
0
0
0
0
0
0
0
0
0
0
0
0
0
0
0
0
0
0
0
0
0
0
0
0
0
0
0
0
0
0
0
0
0
0
0
0
0
0
0
0
0
0
0
0
0
0
0
0
0
0
0
0
0
0
0
0
0
0
0
0
0
0
0
0
0
0
0
0
0
0
0
0
0
0
0
0
0
0
0
0
0
0
0
0
0
0
0
0
0
18
53
-24
-39
42
36
-42
-18
52
11
-49
13
56
-21
-37
47
36
-50
-11
63
5
-53
22
64
-23
-46
48
49
-43
-26
58
30
-44
-8
59
16
-42
4
50
3
-29
13
35
4
-12
7
22
12
-5
-3
17
23
-2
-14
20
32
-14
-17
35
25
-23
-1
35
2
-20
16
22
-11
-2
19
4
-7
8
5
-4
6
3
-4
7
3
-10
2
9
-14
-11
18
4
-27
-1
26
-15
-38
12
25
-30
-34
19
15
-34
-29
10
5
-25
-25
-1
12
-13
-44
-8
30
-26
-59
17
34
-58
-49
44
4
-75
-12
46
-26
-55
8
20
-29
-33
0
9
-8
-23
-15
8
7
-23
-28
9
21
-17
-37
6
34
-20
-51
15
41
-29
-43
23
25
-26
-18
6
4
3
-10
-24
10
31
-29
-45
37
39
-59
-41
58
18
-74
-17
62
1
-62
-1
46
-10
-45
0
24
-7
-21
-8
6
12
-15
-38
9
35
-29
-42
38
26
-58
-17
55
-16
-61
33
45
-53
-32
56
7
-61
6
48
-13
-27
15
11
-6
-2
-9
-3
28
11
-29
1
41
-5
-42
15
49
-9
-29
31
41
-21
-25
33
26
-31
-7
46
14
-32
-2
31
-2
-32
2
35
3
-34
6
45
-9
-44
19
39
-31
-32
48
40
-41
-19
62
16
-60
10
69
-20
-59
46
65
-42
-41
44
15
-53
-10
32
-14
-28
5
-15
-28
3
-23
-61
-13
7
-51
-39
22
-11
-73
-28
24
-29
-58
13
36
-23
-19
48
46
-17
-8
68
65
4
48
132
76
9
91
135
40
35
138
118
32
88
154
64
13
92
83
-3
41
93
20
-6
44
7
-50
-7
-3
-71
-45
4
-60
-85
-13
-46
-129
-70
-21
-95
-91
-10
-51
-115
-52
-14
-82
-88
-19
-26
-75
-33
15
-37
-58
0
-11
-57
1
36
-31
-30
38
11
-37
10
41
-8
-24
25
38
-1
3
28
-5
-27
19
24
-23
-11
21
3
-30
-15
21
4
-48
-26
30
16
-18
-1
23
16
3
8
46
68
37
25
72
99
65
48
86
101
66
68
114
104
62
77
92
53
44
75
52
5
29
45
-11
-21
20
-21
-80
-39
-6
-68
-95
-26
-21
-114
-106
-14
-49
-131
-75
-13
-63
-76
-30
-37
-56
-38
-49
-52
-7
-8
-45
-26
7
-26
-48
-14
-16
-47
-14
14
-32
-35
21
-9
-67
-24
21
-17
-36
9
29
-9
-23
15
16
-19
12
50
2
1
68
36
-28
26
67
3
-11
62
65
2
13
51
15
6
49
27
-3
47
49
-18
10
69
10
-40
34
64
-13
-9
50
8
-39
6
15
-19
2
3
-44
-28
6
-47
-75
-13
-18
-100
-64
13
-64
-127
-49
-43
-122
-93
-29
-64
-103
-83
-71
-87
-87
-72
-71
-67
-49
-50
-59
-24
-6
-59
-69
15
43
-14
5
83
52
-16
38
103
68
55
88
83
89
121
88
60
114
105
21
74
173
92
4
77
97
7
17
90
50
-8
25
31
5
42
32
-44
-16
47
-2
-22
54
51
-44
-46
52
65
-12
-2
60
22
-13
45
71
29
9
13
20
49
55
23
5
12
14
4
14
39
1
-52
-21
7
-28
-24
2
-57
-97
-26
-8
-92
-90
-12
-58
-144
-56
24
-98
-153
-40
-30
-106
-72
-7
-36
-90
-68
-19
-39
-74
-20
17
-46
-48
29
-3
-84
-27
52
-18
-74
31
68
-57
-63
39
2
-70
-15
44
25
-14
-37
-6
31
-26
-46
67
75
-58
-19
113
36
-68
42
98
-30
-2
132
55
-22
58
38
-25
69
107
1
13
95
28
-24
74
97
-5
-10
77
79
31
36
53
32
15
26
54
79
54
-7
-1
56
43
-19
13
77
-1
-74
34
88
-33
-51
33
10
-14
18
21
37
20
-43
20
93
32
27
54
12
56
97
13
52
140
12
-48
121
137
-18
-1
79
19
-19
31
39
-7
-38
-41
-40
-36
-35
-57
-78
-91
-102
-68
-85
-154
-102
-64
-175
-147
-18
-119
-220
-87
-62
-182
-103
11
-114
-177
-16
-4
-135
-64
35
-65
-88
32
37
-29
-23
-21
-25
35
29
-33
33
53
-72
-34
93
16
-81
-20
53
21
-38
4
62
-11
-62
23
65
15
3
1
11
68
28
-49
42
83
-43
-31
76
32
-21
-9
-14
36
31
-86
-41
85
-11
-111
22
97
-67
-117
74
82
-103
-45
109
15
-75
22
75
-1
-56
-10
59
20
-64
-6
74
-30
-115
6
60
-83
-94
60
23
-124
-41
60
-52
-93
23
36
-24
-13
8
8
14
-7
-13
62
92
-10
-16
108
85
-36
13
127
68
-28
71
158
45
-8
65
61
31
67
73
57
69
41
-16
20
77
-6
-68
64
94
-83
-56
90
-43
-138
16
32
-66
-37
12
-3
-23
-42
-46
-1
27
3
20
50
4
-27
18
62
27
-8
33
21
-25
32
55
-45
-78
7
3
-68
-9
19
-88
-105
-37
-20
-33
-50
-48
-45
-45
-21
-17
-19
-14
-37
-22
25
27
10
3
-13
-27
12
45
-3
-6
38
-26
-64
42
55
-61
-50
14
-37
-33
48
35
-26
-42
-23
-11
-11
37
69
1
-31
77
102
-45
-29
139
41
-78
137
212
5
-23
56
48
54
29
39
164
101
-89
26
182
-26
-159
85
161
-68
-43
147
33
-154
-75
75
12
-87
53
121
-72
-90
62
-15
-114
47
135
-32
-37
114
-4
-117
56
81
-55
31
86
-33
8
38
-79
-41
12
-27
30
9
-59
11
-25
-132
-18
91
-30
-91
47
65
-61
-51
46
48
-23
-27
76
95
5
-10
54
63
-3
8
98
56
-35
28
67
-13
5
77
2
-51
13
-1
-25
18
13
13
15
-39
-57
-10
16
-52
-37
100
38
-80
-1
7
-68
-54
-35
27
88
-39
-108
39
-16
-203
-90
31
-44
-65
-48
-24
-21
-160
-198
-43
-2
-107
-77
66
-10
-183
-113
-14
-115
-129
50
28
-127
12
46
-197
-94
77
-96
-96
61
20
-34
-67
-96
-14
-16
-110
-22
63
-53
-90
-25
6
30
-66
-101
68
40
-97
24
104
-2
-23
26
81
122
8
-74
41
34
-90
-26
58
-1
-92
-106
-44
-59
-145
-121
-70
-94
-96
-106
-143
-142
-182
-234
-180
-154
-187
-163
-164
-193
-203
-242
-222
-197
-258
-208
-123
-210
-254
-142
-138
-251
-220
-94
-98
-183
-153
-10
-34
-179
-81
58
-63
-126
-9
6
-75
-80
-54
-16
44
8
31
218
248
204
398
615
656
688
874
1040
984
1012
1222
1273
1268
1395
1491
1512
1536
1560
1604
1643
1622
1605
1608
1528
1390
1238
1036
762
443
242
114
-122
-261
-229
-310
-431
-392
-284
-315
-425
-346
-266
-364
-340
-256
-321
-343
-302
-334
-356
-306
-311
-413
-409
-286
-298
-401
-352
-281
-378
-469
-388
-299
-394
-505
-380
-278
-424
-450
-283
-277
-409
-395
-261
-269
-380
-354
-310
-333
-318
-370
-399
-272
-335
-575
-483
-277
-482
-612
-315
-293
-564
-502
-363
-467
-530
-481
-411
-358
-393
-384
-308
-391
-520
-502
-474
-444
-379
-409
-401
-328
-451
-565
-421
-353
-471
-437
-250
-195
-267
-258
-168
-188
-283
-198
-34
-39
-57
-6
-50
-98
-49
-49
-82
-37
9
-22
-1
102
103
24
64
160
136
124
237
230
98
139
213
140
143
182
79
42
98
28
-29
59
18
-134
-109
-45
-100
-119
-76
-28
10
-13
-10
63
46
-28
-1
69
74
35
49
88
4
-70
39
86
17
118
228
156
157
223
169
128
137
90
93
149
100
31
37
-21
-95
-59
-66
-91
-27
-80
-181
-65
23
-87
-82
48
-7
-136
-83
-5
-99
-202
-144
-90
-159
-182
-130
-174
-298
-356
-292
-225
-273
-308
-231
-222
-333
-321
-164
-177
-305
-233
-109
-119
-116
-80
-68
-80
-123
-82
69
132
75
99
194
161
91
144
168
83
41
88
129
94
46
42
14
5
51
28
36
166
161
78
248
397
266
242
407
434
344
311
275
117
-121
-321
-439
-481
-530
-620
-581
-458
-470
-503
-390
-318
-396
-399
-263
-206
-198
-124
-106
-153
-163
-156
-104
-6
24
50
129
138
131
201
224
200
239
315
378
422
490
543
493
479
579
591
517
456
297
56
-121
-266
-408
-463
-495
-550
-518
-438
-384
-310
-254
-193
-13
207
371
546
705
732
681
691
755
790
794
804
824
799
702
545
324
61
-214
-454
-574
-607
-652
-710
-748
-736
-682
-630
-559
-457
-399
-368
-241
-40
76
122
214
282
281
362
526
602
602
627
665
713
776
783
753
750
710
625
623
636
479
255
122
15
-118
-181
-155
-115
-68
54
242
398
468
483
505
547
558
574
637
645
549
497
524
489
398
351
337
311
293
314
331
282
188
104
49
1
-61
-118
-163
-192
-218
-258
-276
-305
-375
-366
-303
-306
-271
-193
-232
-303
-282
-303
-433
-541
-587
-656
-745
-760
-722
-769
-879
-914
-907
-924
-922
-884
-823
-774
-752
-705
-624
-570
-582
-609
-555
-469
-462
-469
-391
-333
-397
-432
-346
-290
-338
-375
-342
-316
-371
-423
-368
-325
-392
-419
-330
-272
-314
-329
-268
-253
-299
-266
-178
-164
-184
-169
-146
-128
-106
-83
-42
-10
-11
13
87
152
183
226
284
315
333
369
408
414
390
382
399
390
363
355
339
274
214
220
235
190
155
171
149
75
60
94
75
19
1
13
3
-38
-61
-66
-104
-160
-184
-173
-148
-150
-181
-177
-163
-183
-172
-113
-72
-51
-34
-17
26
74
88
104
135
155
174
213
273
299
272
264
283
281
288
318
344
367
396
425
456
478
461
447
490
556
596
618
634
631
599
567
601
670
692
706
753
759
704
683
723
771
823
903
964
951
906
906
923
932
976
1074
1198
1279
1261
1140
870
427
-60
-385
-478
-477
-515
-600
-781
-1144
-1606
-1965
-2159
-2266
-2313
-2242
-2039
-1829
-1730
-1733
-1796
-1894
-1939
-1796
-1405
-884
-425
-108
76
144
167
252
434
672
933
1218
1501
1705
1771
1696
1496
1236
1035
980
1049
1138
1134
999
746
402
15
-355
-690
-975
-1175
-1265
-1282
-1315
-1437
-1666
-1957
-2198
-2264
-2118
-1840
-1550
-1310
-1138
-1039
-988
-927
-796
-603
-382
-101
250
567
735
757
712
669
671
752
913
1100
1228
1243
1153
1037
901
701
526
475
486
500
525
523
422
216
24
-43
17
189
452
712
878
946
1018
1189
1418
1608
1758
1985
2358
2740
2990
3112
2911
2156
1117
366
206
447
662
666
437
-170
-1106
-1986
-2517
-2738
-2870
-2952
-2748
-2275
-1946
-2023
-2433
-2949
-3325
-3372
-2919
-1981
-965
-336
-208
-383
-540
-513
-335
19
575
1222
1820
2237
2410
2349
2032
1518
1115
1118
1517
2004
2237
2126
1743
1103
357
-207
-446
-461
-454
-479
-438
-410
-632
-1149
-1777
-2321
-2649
-2672
-2336
-1774
-1369
-1387
-1711
-2072
-2287
-2260
-1928
-1332
-698
-240
44
196
174
12
-117
-44
281
762
1272
1665
1722
1406
965
654
578
686
878
1069
1127
958
658
354
82
-138
-243
-137
141
398
512
487
353
226
265
507
885
1279
1611
1932
2223
2383
2449
2576
2842
3159
3449
3722
3701
2971
1712
614
159
263
462
460
231
-389
-1470
-2619
-3317
-3487
-3539
-3713
-3683
-3236
-2804
-2819
-3198
-3610
-3847
-3865
-3494
-2540
-1328
-494
-287
-451
-554
-428
-164
256
904
1639
2233
2575
2712
2712
2474
1961
1493
1412
1731
2159
2350
2175
1689
940
97
-529
-775
-743
-698
-788
-903
-1016
-1302
-1814
-2388
-2834
-3072
-3076
-2780
-2252
-1851
-1848
-2119
-2368
-2422
-2225
-1747
-1057
-406
-9
171
265
304
276
250
380
714
1118
1479
1704
1687
1399
980
685
658
797
958
1065
1019
781
439
126
-95
-240
-288
-169
57
239
323
356
402
491
634
886
1268
1722
2155
2489
2731
2957
3216
3521
3838
4153
4360
4087
3097
1788
836
561
704
761
561
118
-751
-2022
-3208
-3824
-3907
-3937
-4092
-3973
-3497
-3209
-3455
-3975
-4304
-4282
-4013
-3356
-2177
-947
-302
-321
-536
-460
-109
309
906
1762
2593
3084
3191
3134
3026
2692
2185
1929
2137
2586
2842
2660
2175
1490
593
-266
-738
-767
-631
-684
-932
-1172
-1483
-2014
-2617
-3007
-3053
-2921
-2769
-2491
-2155
-2083
-2295
-2488
-2432
-2143
-1744
-1203
-528
-7
198
243
269
330
418
571
918
1349
1590
1612
1518
1324
1056
790
702
826
922
886
794
624
351
43
-195
-280
-269
-220
-77
89
151
123
103
229
529
898
1313
1774
2183
2490
2698
2859
3102
3460
3885
4349
4776
5041
4796
3712
2127
868
423
606
833
749
345
-536
-1982
-3511
-4473
-4688
-4576
-4528
-4321
-3788
-3430
-3698
-4374
-4895
-4928
-4542
-3737
-2390
-915
-55
-30
-394
-527
-242
267
1031
2110
3162
3763
3814
3557
3241
2804
2269
2033
2326
2873
3178
2924
2225
1298
205
-785
-1279
-1220
-933
-876
-1164
-1558
-2030
-2680
-3330
-3647
-3494
-3104
-2783
-2497
-2195
-2139
-2388
-2622
-2530
-2090
-1509
-858
-126
413
536
397
265
303
491
754
1150
1583
1747
1589
1288
978
705
463
376
536
691
637
447
171
-154
-464
-663
-624
-423
-242
-97
4
24
-2
2
197
653
1188
1674
2098
2437
2704
2865
2994
3304
3787
4283
4748
5185
5501
5233
3924
2059
698
365
724
1008
842
308
-757
-2429
-4090
-4985
-5005
-4770
-4782
-4669
-4128
-3752
-4081
-4837
-5325
-5188
-4631
-3702
-2204
-593
234
43
-513
-581
-29
721
1624
2792
3851
4297
4068
3624
3342
3015
2527
2323
2691
3289
3460
2898
1928
875
-261
-1248
-1651
-1394
-950
-964
-1506
-2138
-2719
-3372
-3938
-4049
-3562
-2861
-2419
-2216
-2105
-2223
-2560
-2719
-2329
-1497
-678
-44
492
797
713
434
320
539
930
1295
1672
1979
1928
1474
906
533
409
385
454
633
660
351
-119
-516
-738
-830
-810
-621
-357
-201
-166
-169
-154
-88
45
368
947
1609
2144
2480
2651
2783
2953
3223
3691
4276
4790
5171
5459
5672
5470
4342
2507
934
365
675
1058
935
328
-798
-2544
-4417
-5548
-5558
-5040
-4828
-4823
-4523
-4205
-4466
-5202
-5666
-5370
-4600
-3631
-2230
-563
495
404
-308
-547
73
1041
2091
3337
4483
4906
4420
3645
3269
3145
2885
2720
3010
3524
3566
2786
1620
521
-570
-1551
-1953
-1610
-1057
-1097
-1848
-2728
-3443
-4079
-4491
-4337
-3575
-2700
-2241
-2127
-2125
-2318
-2640
-2663
-2047
-972
1
623
1004
1075
766
371
301
700
1292
1725
1992
2069
1746
1076
417
90
116
253
384
499
373
-110
-716
-1144
-1234
-1074
-822
-514
-265
-232
-343
-409
-289
28
417
866
1401
1879
2209
2432
2642
2951
3316
3664
4075
4535
4927
5217
5460
5727
5650
4543
2535
718
34
403
854
682
-19
-1208
-3012
-4979
-6186
-6123
-5428
-5134
-5200
-4966
-4578
-4709
-5421
-5917
-5523
-4549
-3447
-2017
-308
845
745
-148
-510
250
1495
2696
3901
4960
5295
4607
3563
3105
3156
3101
2940
3087
3495
3445
2448
1035
-135
-1100
-1934
-2285
-1895
-1257
-1344
-2339
-3460
-4185
-4597
-4748
-4392
-3438
-2456
-2095
-2198
-2328
-2446
-2571
-2398
-1554
-247
760
1145
1182
1038
717
409
486
1092
1797
2099
2036
1786
1304
623
25
-138
101
324
336
202
-127
-690
-1296
-1609
-1459
-1066
-725
-490
-379
-427
-552
-584
-353
111
614
1106
1622
2094
2436
2596
2663
2849
3212
3696
4255
4779
5153
5326
5363
5485
5601
5031
3403
1364
80
87
663
777
202
-903
-2568
-4610
-6226
-6529
-5705
-4987
-4995
-5150
-4990
-4906
-5345
-5868
-5622
-4607
-3470
-2298
-832
567
1016
331
-366
42
1345
2743
3954
4989
5497
4969
3744
2957
3055
3404
3450
3360
3444
3365
2501
1065
-162
-957
-1572
-2023
-1985
-1499
-1373
-2192
-3459
-4367
-4705
-4675
-4306
-3445
-2416
-1976
-2284
-2723
-2792
-2502
-2005
-1207
-83
858
1152
1013
863
814
783
856
1270
1903
2250
2100
1665
1143
591
112
-39
236
551
479
54
-490
-1008
-1406
-1547
-1317
-883
-605
-586
-687
-770
-755
-607
-256
313
885
1288
1582
1865
2163
2433
2683
3057
3571
4041
4384
4640
4861
5064
5224
5461
5800
5644
4342
2183
330
-252
179
557
332
-450
-1835
-3819
-5814
-6767
-6311
-5416
-5097
-5181
-5079
-4900
-5169
-5768
-5830
-5002
-3843
-2701
-1334
184
1077
763
-69
-112
930
2360
3677
4821
5573
5374
4206
3093
2899
3311
3589
3554
3519
3433
2714
1311
-34
-850
-1347
-1785
-1979
-1712
-1489
-2059
-3280
-4341
-4785
-4744
-4402
-3656
-2623
-1990
-2170
-2726
-2999
-2766
-2177
-1304
-128
926
1288
1019
650
537
646
881
1337
1968
2328
2127
1563
958
450
63
-64
198
572
574
103
-589
-1224
-1641
-1734
-1425
-877
-501
-515
-775
-1022
-1066
-855
-383
302
957
1339
1476
1588
1826
2163
2516
2926
3439
3939
4308
4559
4758
4944
5093
5288
5661
5860
5086
3132
908
-317
-205
377
511
-2
-1159
-3045
-5288
-6833
-6825
-5770
-4995
-4957
-5087
-5068
-5265
-5828
-6085
-5392
-4124
-2954
-1826
-467
682
816
52
-369
381
1862
3327
4560
5468
5566
4526
3101
2531
3014
3711
3972
3888
3655
2939
1514
22
-788
-1015
-1220
-1537
-1615
-1516
-1928
-3080
-4269
-4807
-4723
-4353
-3724
-2775
-2013
-2115
-2910
-3517
-3340
-2483
-1285
49
1136
1390
784
63
-59
451
1177
1847
2373
2511
2062
1282
664
400
336
370
587
873
824
240
-609
-1327
-1697
-1648
-1186
-523
-106
-259
-826
-1349
-1454
-1042
-268
588
1211
1398
1270
1194
1412
1896
2479
3032
3522
3922
4196
4402
4616
4833
5032
5279
5709
6141
5814
4167
1748
-114
-529
113
734
698
-156
-1953
-4461
-6665
-7330
-6334
-4974
-4426
-4597
-4925
-5363
-6036
-6471
-5918
-4491
-3090
-2061
-1023
70
551
64
-554
-176
1197
2790
4171
5256
5680
4909
3299
2205
2460
3501
4325
4536
4240
3373
1813
154
-695
-666
-485
-664
-1026
-1312
-1825
-2849
-3941
-4493
-4458
-4160
-3696
-2953
-2222
-2142
-2792
-3511
-3625
-2978
-1804
-366
919
1421
941
77
-339
21
864
1773
2478
2677
2198
1337
631
386
484
650
838
1012
907
391
-368
-1067
-1479
-1565
-1299
-744
-289
-314
-806
-1415
-1703
-1471
-772
181
959
1193
960
666
716
1202
1905
2634
3213
3490
3568
3670
3907
4253
4573
4846
5188
5597
5996
6039
5075
2992
679
-603
-308
744
1296
830
-668
-3044
-5652
-7302
-7046
-5398
-4046
-3913
-4552
-5307
-6024
-6619
-6511
-5265
-3562
-2374
-1683
-945
-200
-56
-553
-677
276
1830
3274
4411
5173
5123
3938
2428
1971
2834
4078
4765
4670
3955
2607
850
-410
-554
-45
197
-208
-911
-1610
-2490
-3487
-4095
-4083
-3759
-3502
-3270
-2862
-2565
-2822
-3445
-3791
-3438
-2484
-1285
-109
665
622
-77
-672
-513
389
1479
2261
2519
2141
1304
530
280
589
1048
1261
1196
898
372
-251
-756
-991
-983
-878
-702
-510
-530
-870
-1365
-1704
-1623
-1111
-343
411
795
665
265
37
340
1164
2165
2969
3307
3179
2931
2942
3371
4099
4831
5349
5593
5645
5642
5365
4324
2547
861
214
680
1368
1445
686
-947
-3319
-5673
-6772
-6008
-4332
-3335
-3573
-4517
-5610
-6595
-7044
-6316
-4520
-2803
-2032
-1897
-1705
-1403
-1326
-1253
-523
853
2165
3036
3681
4160
4025
3127
2305
2472
3474
4423
4768
4540
3778
2373
768
-66
232
939
1102
512
-428
-1503
-2675
-3540
-3612
-3053
-2593
-2652
-2934
-3086
-3232
-3509
-3636
-3319
-2700
-2101
-1535
-893
-420
-422
-701
-733
-277
450
1156
1715
1941
1641
1002
547
608
1034
1418
1552
1410
950
290
-237
-378
-218
-63
-78
-219
-463
-806
-1125
-1260
-1177
-971
-712
-387
-84
36
-22
-77
58
441
1022
1720
2346
2635
2576
2483
2661
3162
3825
4501
5079
5392
5404
5312
5098
4391
3050
1643
1015
1288
1722
1656
965
-340
-2262
-4352
-5555
-5190
-3920
-3085
-3274
-4118
-5150
-6170
-6756
-6229
-4627
-3006
-2279
-2284
-2345
-2242
-2142
-1829
-875
523
1660
2231
2572
2942
3049
2699
2382
2678
3461
4133
4351
4215
3739
2762
1548
824
962
1504
1679
1217
356
-722
-1885
-2727
-2818
-2288
-1823
-1934
-2447
-2977
-3411
-3730
-3758
-3384
-2837
-2436
-2167
-1848
-1539
-1412
-1385
-1177
-681
-57
530
1011
1243
1104
727
482
628
1059
1492
1736
1660
1228
631
202
161
402
628
662
461
49
-428
-750
-788
-620
-428
-291
-203
-201
-277
-303
-159
154
542
969
1434
1835
2076
2239
2454
2782
3206
3715
4300
4855
5241
5331
4849
3620
2047
990
1021
1787
2367
2212
1231
-543
-2783
-4594
-4976
-3887
-2510
-2020
-2597
-3819
-5263
-6429
-6597
-5384
-3491
-2177
-1943
-2352
-2835
-3153
-3097
-2290
-767
710
1485
1657
1676
1693
1578
1496
1869
2672
3424
3804
3855
3633
2999
2000
1213
1142
1626
2103
2152
1673
706
-612
-1791
-2204
-1781
-1075
-735
-1015
-1753
-2682
-3464
-3691
-3264
-2567
-2076
-1967
-2091
-2288
-2468
-2426
-2011
-1364
-754
-313
-14
165
159
48
63
296
665
1056
1375
1521
1377
979
606
479
603
869
1108
1146
869
333
-182
-415
-349
-111
132
234
116
-192
-486
-527
-279
126
544
882
1103
1189
1207
1351
1717
2200
2675
3113
3531
3876
4072
4197
4285
4036
3208
2100
1385
1403
1790
1977
1731
971
-394
-2106
-3411
-3606
-2829
-1993
-1815
-2353
-3356
-4518
-5369
-5336
-4291
-2925
-2119
-2121
-2563
-3005
-3186
-2891
-1967
-687
303
645
561
489
619
867
1224
1769
2360
2716
2743
2622
2519
2342
2009
1723
1721
1920
2019
1842
1438
870
154
-517
-804
-622
-294
-249
-600
-1179
-1816
-2346
-2512
-2186
-1613
-1255
-1352
-1756
-2203
-2500
-2449
-1943
-1193
-616
-460
-624
-876
-1032
-938
-509
108
615
831
795
625
427
317
407
668
944
1105
1129
1004
717
356
92
25
117
289
466
536
375
1
-375
-533
-408
-84
299
594
665
508
300
269
506
937
1432
1894
2215
2313
2264
2266
2467
2843
3289
3714
3926
3584
2610
1458
779
808
1225
1606
1679
1180
-52
-1678
-2904
-3130
-2491
-1659
-1203
-1377
-2213
-3449
-4474
-4658
-3875
-2666
-1738
-1443
-1744
-2376
-2944
-3017
-2367
-1232
-186
379
458
281
81
17
246
799
1454
1918
2074
2010
1858
1640
1391
1269
1363
1568
1696
1657
1482
1161
667
152
-137
-122
32
113
40
-197
-622
-1146
-1503
-1508
-1247
-993
-937
-1096
-1445
-1876
-2142
-2046
-1652
-1223
-973
-947
-1105
-1322
-1365
-1083
-586
-119
164
243
160
18
7
226
569
842
977
996
915
766
663
675
724
714
666
642
608
494
313
135
-21
-142
-163
-53
98
159
91
-38
-129
-108
80
405
747
980
1072
1088
1122
1273
1565
1928
2253
2461
2521
2386
2022
1547
1221
1189
1349
1479
1440
1180
638
-128
-845
-1198
-1131
-879
-719
-804
-1177
-1783
-2411
-2767
-2676
-2240
-1769
-1527
-1603
-1907
-2248
-2415
-2258
-1788
-1208
-776
-617
-658
-734
-728
-578
-259
175
566
779
823
814
821
846
907
1049
1232
1342
1321
1235
1143
1022
863
741
704
696
628
508
382
231
26
-187
-322
-374
-399
-447
-516
-624
-824
-1105
-1368
-1501
-1473
-1334
-1154
-1018
-1007
-1124
-1261
-1268
-1073
-731
-336
-10
152
146
75
81
238
514
820
1048
1121
1037
873
718
627
604
618
623
579
473
321
140
-43
-186
-260
-274
-252
-211
-166
-154
-196
-252
-257
-177
-16
190
395
536
582
568
574
666
857
1112
1353
1505
1540
1487
1417
1351
1261
1156
1097
1110
1129
1074
938
747
485
160
-132
-287
-297
-263
-301
-454
-706
-1015
-1306
-1482
-1473
-1319
-1167
-1147
-1270
-1458
-1625
-1700
-1620
-1377
-1077
-870
-807
-825
-819
-739
-565
-297
16
278
425
474
505
566
639
704
760
798
798
759
723
711
689
618
505
391
299
231
191
179
160
94
-22
-151
-253
-299
-297
-265
-237
-243
-296
-386
-491
-583
-636
-623
-545
-437
-337
-272
-264
-307
-350
-324
-206
-34
139
269
318
267
161
86
83
140
217
281
297
235
120
15
-45
-60
-44
-10
24
28
-13
-86
-156
-201
-218
-203
-147
-75
-36
-49
-90
-119
-130
-118
-61
40
142
209
242
264
278
297
351
446
553
646
718
766
789
794
800
804
781
726
656
591
541
499
457
402
309
166
-5
-159
-261
-306
-322
-335
-381
-476
-611
-738
-809
-807
-750
-679
-630
-616
-635
-664
-669
-623
-528
-408
-297
-211
-148
-114
-108
-115
-117
-112
-103
-88
-66
-48
-57
-91
-139
-187
-220
-226
-205
-168
-135
-122
-129
-141
-143
-125
-83
-29
27
68
85
86
85
93
119
165
221
267
283
270
245
219
198
190
198
204
198
180
158
137
109
78
53
37
34
37
41
35
6
-44
-101
-140
-153
-140
-119
-116
-142
-189
-236
-262
-253
-219
-186
-180
-205
-239
-259
-248
-205
-146
-98
-85
-97
-111
-100
-56
9
73
112
118
104
90
98
133
181
220
235
228
207
188
182
197
226
258
282
294
298
300
304
317
340
367
383
384
371
353
338
338
350
367
374
356
319
266
217
182
164
156
146
118
73
16
-41
-90
-125
-145
-158
-172
-193
-223
-261
-300
-334
-360
-375
-381
-385
-388
-394
-404
-418
-431
-439
-437
-424
-397
-356
-309
-267
-239
-226
-220
-202
-163
-98
-18
60
114
138
143
151
178
225
285
340
375
384
375
362
355
358
364
367
362
349
328
304
275
241
208
173
143
122
106
87
56
11
-38
-81
-107
-117
-112
-106
-113
-138
-168
-188
-191
-178
-154
-133
-121
-123
-130
-132
-126
-118
-113
-113
-119
-126
-134
-137
-135
-135
-142
-156
-168
-171
-166
-154
-139
-127
-125
-125
-121
-106
-77
-42
-7
19
39
52
68
93
130
170
203
228
246
261
276
296
319
336
343
335
326
322
325
331
334
325
299
262
226
201
190
181
165
137
98
51
6
-31
-58
-80
-104
-132
-158
-182
-204
-225
-245
-260
-270
-271
-263
-251
-244
-244
-251
-256
-248
-226
-195
-166
-147
-140
-142
-140
-129
-101
-70
-48
-39
-40
-48
-54
-52
-39
-23
-13
-14
-19
-25
-31
-36
-38
-36
-34
-30
-22
-11
0
5
7
9
18
36
63
94
118
130
129
124
125
138
157
175
182
175
155
129
107
91
81
70
53
27
-3
-37
-69
-97
-121
-142
-161
-179
-194
-211
-228
-241
-250
-252
-248
-236
-218
-201
-186
-176
-166
-150
-125
-93
-57
-24
1
16
24
36
56
85
116
141
156
156
151
146
150
163
176
184
181
168
148
130
118
110
104
96
83
66
51
34
21
8
-2
-11
-20
-23
-23
-23
-23
-29
-32
-33
-28
-17
-2
12
21
25
27
33
43
58
75
87
92
89
83
76
73
75
74
66
51
32
11
-7
-21
-32
-44
-56
-71
-86
-97
-102
-103
-101
-97
-93
-88
-83
-75
-61
-45
-28
-12
1
13
23
35
48
63
76
86
93
96
96
94
94
93
93
92
87
79
66
50
35
21
9
2
-6
-16
-27
-42
-58
-71
-77
-79
-78
-76
-76
-80
-84
-86
-84
-77
-65
-54
-42
-34
-27
-20
-10
2
17
33
47
57
65
71
75
80
84
88
90
89
85
78
69
60
51
42
31
20
9
-3
-15
-27
-36
-46
-52
-60
-66
-69
-68
-66
-63
-59
-55
-50
-44
-34
-21
-7
7
19
27
34
39
46
56
67
74
78
77
71
63
57
52
48
42
34
22
8
-6
-20
-30
-38
-44
-52
-59
-66
-71
-73
-71
-70
-65
-62
-58
-53
-45
-35
-26
-17
-10
-2
4
12
19
25
31
34
35
36
38
38
38
35
30
25
20
16
12
8
2
-5
-15
-23
-32
-36
-41
-46
-52
-59
-66
-72
-75
-76
-76
-73
-73
-72
-71
-67
-62
-54
-48
-39
-31
-23
-15
-7
0
4
11
18
25
31
36
36
35
31
28
25
25
25
22
15
5
-7
-18
-25
-29
-31
-32
-36
-43
-51
-58
-60
-58
-51
-43
-38
-34
-32
-29
-24
-15
-5
7
18
27
33
37
40
43
47
51
56
59
58
54
47
39
31
25
20
17
13
5
-5
-16
-26
-32
-34
-35
-36
-38
-44
-48
-52
-51
-48
-42
-37
-33
-31
-28
-23
-18
-10
-2
5
11
15
19
24
28
32
33
35
35
35
35
35
35
32
27
24
19
17
15
14
10
5
-1
-6
-11
-13
-15
-15
-19
-22
-26
-29
-31
-30
-27
-25
-22
-21
-19
-18
-14
-9
-3
4
8
12
16
17
19
23
27
30
32
31
28
25
20
17
15
12
7
3
-2
-9
-15
-20
-23
-22
-22
-21
-22
-22
-22
-22
-18
-11
-2
5
12
15
19
24
29
38
46
55
59
60
60
59
60
61
62
63
59
53
45
38
30
24
18
12
5
-2
-10
-19
-25
-31
-35
-37
-38
-39
-39
-40
-42
-43
-43
-40
-35
-30
-24
-21
-20
-19
-16
-12
-6
1
7
11
13
14
14
17
22
27
30
32
31
28
24
22
21
22
21
19
16
11
5
1
-4
-6
-7
-8
-9
-12
-14
-17
-18
-17
-15
-11
-7
-3
-2
0
2
4
7
13
18
22
24
26
25
22
21
20
19
18
16
12
5
-1
-8
-13
-17
-19
-23
-27
-32
-37
-41
-45
-46
-45
-42
-41
-39
-38
-38
-35
-31
-24
-18
-10
-5
0
4
7
12
18
24
28
32
34
35
35
34
34
33
33
32
29
25
20
15
10
5
2
-2
-5
-10
-14
-21
-26
-30
-33
-35
-35
-37
-38
-40
-42
-42
-41
-39
-35
-30
-26
-25
-23
-21
-17
-12
-6
1
5
8
9
10
11
14
17
19
21
20
17
14
10
9
7
5
3
1
-3
-7
-11
-14
-15
-16
-15
-14
-13
-12
-11
-9
-7
-3
1
5
12
14
20
21
24
27
29
32
33
35
35
34
30
27
24
20
17
14
10
4
-2
-8
-13
-19
-23
-27
-29
-32
-34
-37
-39
-40
-40
-39
-36
-33
-30
-26
-24
-20
-17
-12
-7
0
4
10
15
18
21
25
28
32
35
38
39
39
38
37
36
35
34
31
29
24
21
16
12
9
6
2
-1
-7
-10
-14
-16
-19
-20
-21
-23
-24
-24
-24
-23
-22
-21
-19
-14
-11
-8
-5
-3
-1
1
5
7
10
11
12
13
11
11
9
9
8
7
6
5
2
0
-1
-3
-4
-5
-5
-5
-5
-5
-4
-3
0
1
4
7
10
13
15
17
21
24
26
29
30
31
31
31
30
28
26
25
23
20
17
12
7
4
-1
-5
-8
-12
-16
-19
-22
-25
-26
-29
-30
-30
-29
-29
-28
-26
-26
-24
-21
-18
-15
-13
-10
-7
-4
-1
1
4
6
8
10
11
14
15
17
17
17
18
18
17
17
16
14
15
14
11
9
8
6
5
3
1
0
-2
-3
-5
-6
-6
-6
-6
-6
-7
-7
-6
-5
-4
-3
-1
1
2
3
3
5
6
7
8
7
7
7
6
5
3
1
-1
-3
-6
-8
-10
-14
-16
-20
-22
-24
-24
-26
-27
-27
-28
-28
-27
-25
-23
-21
-19
-16
-13
-11
-7
-4
-1
1
5
7
10
12
14
15
18
18
20
20
19
17
15
14
12
11
9
8
6
3
0
-3
-6
-8
-11
-13
-13
-15
-16
-17
-17
-19
-19
-19
-18
-17
-16
-15
-14
-11
-10
-7
-3
0
2
3
5
6
7
10
13
17
19
19
18
16
13
11
10
9
8
6
5
3
1
-2
-3
-6
-9
-9
-9
-10
-10
-9
-8
-9
-7
-5
-4
-5
-4
-4
-4
-2
-2
0
1
2
1
0
-2
-3
-3
-3
-1
-1
-2
-2
-3
-5
-5
-3
-1
1
1
0
-2
-4
-6
-4
-1
3
5
7
5
1
-2
-4
-5
-4
-3
1
3
3
4
3
3
0
-3
-5
-5
-6
-2
4
10
14
15
13
9
4
-1
-4
-3
0
6
13
17
17
14
8
-2
-13
-21
-22
-18
-10
1
10
12
8
-2
-13
-23
-26
-22
-11
3
17
25
27
24
16
8
3
2
3
7
12
16
21
25
24
19
11
0
-11
-18
-20
-18
-8
1
7
7
1
-9
-18
-25
-27
-23
-14
-4
4
7
6
2
-3
-5
-3
0
4
9
12
15
14
13
10
10
10
8
10
13
16
16
15
8
1
-4
-8
-6
-1
5
8
9
5
-3
-13
-20
-23
-21
-15
-9
-5
-3
-6
-8
-10
-12
-11
-10
-8
-8
-6
-1
7
17
25
26
20
8
-3
-7
-1
14
30
36
28
9
-12
-29
-33
-21
0
14
22
18
3
-18
-35
-43
-42
-29
-7
14
29
33
22
3
-20
-37
-43
-35
-17
4
24
36
40
36
22
1
-20
-38
-46
-36
-10
27
63
85
78
42
-10
-59
-87
-82
-45
10
59
86
80
39
-18
-70
-100
-96
-57
-1
50
71
58
19
-27
-63
-69
-45
-7
26
45
43
25
2
-12
-18
-13
3
20
32
41
39
15
-13
-30
-38
-35
-10
23
40
34
13
-19
-53
-71
-63
-35
-2
22
31
25
5
-19
-25
-16
-5
5
10
5
-6
-5
11
32
48
57
41
0
-33
-42
-41
-29
10
49
52
41
39
17
-34
-62
-57
-63
-68
-22
41
58
51
51
22
-50
-94
-79
-52
-26
27
81
84
48
18
-18
-58
-67
-34
14
55
78
73
28
-36
-80
-78
-39
25
103
139
98
18
-53
-118
-154
-107
0
77
115
146
125
17
-96
-142
-155
-151
-81
51
148
154
117
73
-14
-130
-166
-108
-58
-25
61
136
99
39
47
22
-69
-75
-9
-30
-71
13
85
30
30
134
122
-13
-45
-14
-100
-183
-89
51
70
71
134
120
-29
-155
-152
-115
-113
-53
89
152
88
47
64
6
-83
-68
-15
-25
-13
61
98
81
86
83
28
-37
-78
-95
-74
-20
36
94
118
59
-26
-67
-92
-107
-70
-18
0
17
34
17
-2
-15
-62
-91
-33
24
8
16
52
4
-67
-25
61
71
68
96
59
-45
-84
-41
-4
31
90
128
95
24
-32
-77
-118
-110
-35
39
55
58
62
4
-84
-110
-98
-99
-62
22
76
82
61
2
-66
-86
-79
-59
30
126
114
59
49
7
-71
-58
14
29
24
64
73
25
2
-5
-41
-61
-44
-26
-9
16
25
21
8
-32
-55
-25
-14
-29
21
81
36
-27
3
14
-45
-14
90
58
-48
-38
-5
-60
-63
28
49
-25
-66
-48
-46
-76
-52
47
73
-29
-61
34
27
-64
14
139
61
0
115
115
-19
13
104
26
-14
78
48
-49
12
54
-48
-64
27
-23
-132
-67
4
-94
-116
2
-13
-91
-11
52
-24
-36
18
-11
-32
45
108
97
68
63
62
32
21
83
126
66
9
33
20
-67
-54
64
60
-33
-3
50
-34
-91
-19
11
-16
24
52
10
15
68
57
33
44
-10
-93
-61
-16
-62
-51
13
-54
-161
-149
-160
-250
-252
-190
-206
-243
-214
-176
-161
-149
-180
-250
-241
-162
-126
-52
100
138
82
129
156
36
5
153
256
279
329
347
268
131
17
-18
-45
-99
-54
40
-18
-135
-140
-150
-260
-314
-241
-175
-119
46
217
244
243
283
263
254
362
445
446
523
636
587
445
381
307
184
178
241
181
121
164
120
-14
-41
-10
-66
-122
-58
19
4
-31
-22
-28
-112
-228
-238
-126
-116
-225
-221
-171
-271
-345
-237
-183
-289
-292
-177
-200
-264
-167
-115
-133
-36
-38
-204
-180
-73
-172
-205
-41
-33
-179
-123
32
-62
-221
-105
12
-101
-67
157
145
22
131
220
108
80
203
288
305
267
248
327
318
213
350
543
359
192
421
492
217
240
510
358
59
199
330
72
-25
164
106
-114
-90
-69
-274
-346
-196
-181
-269
-184
-104
-239
-326
-279
-327
-351
-193
-78
-85
-75
-95
-168
-197
-230
-266
-213
-120
-62
-35
-59
-127
-200
-268
-256
-160
-144
-166
-55
45
-27
-113
-104
-86
-96
-46
63
77
8
20
30
-83
-180
-172
-148
-187
-287
-380
-425
-418
-393
-421
-409
-324
-378
-448
-305
-290
-425
-259
-52
-113
-41
111
-22
-127
-19
17
-16
27
123
194
136
60
87
60
32
135
89
-69
75
309
268
199
237
122
-97
-28
284
297
75
257
487
149
-39
285
310
122
279
414
340
292
268
333
351
121
-1
105
79
-27
-1
57
18
-70
-15
77
-59
-129
62
99
2
103
180
76
18
8
-51
-75
-14
52
-12
-91
-2
-22
-200
-83
104
-50
-86
109
91
38
154
221
284
358
341
369
417
403
421
423
442
494
388
277
259
95
72
231
85
21
283
207
21
225
300
156
191
269
258
147
28
140
101
-228
-144
85
-223
-410
-140
-131
-350
-279
-88
-96
-186
-130
-25
-47
-57
13
58
178
298
203
117
149
39
-94
-63
-33
42
148
20
-142
-189
-449
-748
-700
-592
-587
-434
-263
-293
-394
-493
-578
-576
-605
-670
-534
-394
-578
-738
-677
-771
-928
-859
-840
-896
-752
-644
-703
-624
-487
-504
-482
-368
-345
-338
-237
-168
-148
-53
46
70
136
205
152
192
373
372
295
391
407
311
402
504
410
365
436
415
311
266
320
387
354
340
422
356
192
260
338
174
86
211
258
135
66
155
150
-31
-66
13
-82
-166
-67
-87
-256
-207
-60
-185
-289
-132
-111
-203
-65
27
-127
-182
-86
-137
-249
-96
126
6
-160
-16
62
-115
-125
51
72
123
303
271
194
353
369
205
224
239
88
-36
-110
-92
-43
-135
-42
310
388
429
867
1114
1002
1153
1421
1368
1174
1073
1031
842
418
103
44
-96
-380
-494
-483
-623
-672
-503
-587
-666
-321
-281
-488
-118
205
107
292
443
251
260
288
116
157
267
190
189
307
328
266
285
366
345
338
490
535
434
480
545
440
399
476
433
318
313
362
373
358
351
334
193
-39
-151
-146
-164
-158
-56
5
-71
-100
-52
-170
-293
-154
-38
-50
81
163
-9
-142
-185
-333
-477
-461
-366
-353
-437
-430
-376
-495
-550
-443
-485
-458
-270
-341
-409
-246
-273
-344
-308
-455
-494
-430
-622
-611
-387
-474
-448
-213
-416
-721
-577
-471
-697
-737
-494
-431
-558
-542
-455
-543
-646
-535
-376
-323
-283
-217
-153
-203
-310
-175
-72
-262
-193
55
-69
-162
-27
-95
-219
-141
-16
0
-57
35
161
-22
-170
21
76
-52
40
149
62
13
33
44
32
-47
-38
41
-8
7
121
76
4
51
138
185
108
112
255
202
163
353
405
347
408
452
409
337
410
595
509
340
499
600
421
400
574
558
403
421
513
441
369
477
561
495
502
572
442
258
271
300
236
214
233
258
235
93
-23
58
89
-132
-192
51
16
-287
-315
-228
-329
-451
-452
-348
-348
-505
-475
-302
-351
-460
-308
-127
-214
-229
-23
-31
-96
81
104
-23
41
147
151
67
-2
74
31
-150
-84
11
-162
-205
8
-16
-265
-180
33
-184
-362
-149
-189
-448
-276
5
-131
-288
-135
-73
-254
-277
-119
-46
-33
-48
-65
22
53
-40
-16
95
64
-24
18
114
131
92
91
125
97
5
-38
-30
-15
17
13
-9
27
58
2
-91
-99
-96
-247
-233
55
2
-222
-31
29
-214
-96
35
-190
-151
97
4
-154
-25
73
-91
-208
-91
-48
-173
-169
-59
-105
-195
-137
-72
-117
-132
-74
-68
-110
-66
26
21
-22
-21
-9
56
129
95
72
108
76
22
57
121
117
140
228
187
100
176
170
48
110
189
131
199
290
170
107
171
74
32
204
138
-5
192
221
-57
-30
150
44
-67
80
210
84
-51
60
133
-46
-108
118
209
69
93
186
38
-91
-42
20
96
144
184
255
144
-27
16
57
20
113
232
205
127
132
107
-68
-140
47
173
75
83
249
152
-71
54
149
-107
-121
165
128
-93
-9
132
-24
-131
48
88
-106
-113
54
15
-179
-107
120
-44
-287
-55
116
-114
-139
31
-110
-242
-58
34
-31
-30
-83
-106
-34
-120
-146
28
33
-1
55
-49
-23
150
0
-97
138
127
-29
109
121
-90
-34
93
-20
-94
-65
-97
-140
-148
-145
-174
-172
-42
-36
-237
-214
-63
-208
-345
-194
-124
-217
-176
-40
-62
-208
-165
16
-70
-235
-105
-37
-211
-251
-147
-96
-100
-128
-136
-211
-321
-224
-135
-267
-284
-135
-97
-174
-213
-170
-242
-402
-299
-155
-263
-218
10
18
-61
-6
90
122
129
213
243
189
333
458
296
305
479
321
221
484
543
415
526
607
503
506
544
387
177
177
245
131
46
126
117
46
37
-12
-17
19
-59
-33
163
137
-2
169
347
195
106
258
306
219
249
379
380
253
230
285
181
20
24
40
-79
-126
-58
-100
-206
-276
-350
-291
-207
-299
-286
-227
-364
-356
-285
-424
-347
-169
-321
-370
-204
-261
-337
-228
-239
-303
-184
-101
-168
-141
-32
-66
-176
-89
73
-44
-134
144
199
-64
40
219
1
-57
194
170
-37
99
321
166
33
160
94
-78
8
130
97
59
121
189
96
-46
-26
80
83
-20
30
198
68
-98
87
87
-193
-98
161
3
-161
64
148
-106
-111
98
-17
-176
33
148
-73
-126
25
-22
-113
-35
53
63
-71
-197
-63
-33
-209
-131
-11
-118
-122
-22
-15
-106
-170
-18
41
-149
-71
57
-138
-85
90
-134
-204
27
-38
-203
-130
-74
-117
-93
-13
-1
-70
-53
33
-14
-100
-76
-5
61
37
-33
35
88
-18
-54
-9
3
56
76
26
64
91
37
58
65
-49
-67
45
109
118
112
75
27
7
13
-4
-31
5
36
-41
-96
-20
-19
-131
-85
8
-105
-185
-78
-18
-35
-35
-54
-79
-73
-58
-84
-104
-31
22
-27
-70
-57
5
-12
-121
-36
96
-8
0
123
13
-64
23
25
-13
-6
21
48
11
-19
-17
-75
-70
-7
-50
-94
-62
-25
14
-59
-133
39
76
-167
-103
120
-5
-72
103
137
69
-4
-48
86
120
-49
-23
133
135
70
40
58
38
-104
-147
2
87
38
11
70
61
-100
-114
69
21
-123
69
220
13
-53
130
104
-34
23
89
33
-10
20
62
41
17
107
150
-25
-169
-18
89
-94
-80
194
148
14
142
75
-117
-12
62
-28
5
71
116
172
77
-58
-29
-19
-105
-63
47
11
-16
77
79
-29
-102
-104
-57
-45
-17
107
153
120
150
74
-59
25
115
70
132
235
184
126
137
127
84
43
114
241
152
49
222
266
88
188
314
85
45
329
285
64
234
409
237
205
356
268
209
377
297
84
233
371
137
31
157
90
-22
56
31
-117
-84
-19
-190
-336
-212
-162
-338
-340
-221
-323
-392
-285
-272
-315
-315
-309
-259
-223
-169
-50
-91
-167
-37
4
-29
61
24
25
219
130
1
240
258
11
100
282
218
166
236
232
67
-15
135
174
31
53
157
79
-17
54
92
-40
-88
13
13
4
66
-31
-124
-6
-22
-242
-235
-45
-81
-232
-164
-89
-231
-298
-229
-279
-351
-307
-271
-257
-254
-264
-211
-206
-269
-234
-215
-253
-186
-162
-191
-53
59
-35
-89
13
39
-80
-16
233
232
158
300
314
248
328
279
291
530
464
278
467
526
255
205
362
380
304
242
220
245
219
103
39
107
139
41
-22
32
8
-128
-139
-60
-112
-153
-73
-72
-137
-155
-181
-214
-217
-211
-201
-183
-127
-120
-251
-270
-144
-188
-284
-177
-110
-222
-244
-128
-120
-201
-141
-73
-171
-197
-100
-100
-138
-119
-102
-39
3
-91
-147
-84
-100
-153
-69
-14
-61
-12
14
-134
-184
-87
-138
-220
-122
-77
-169
-167
-144
-188
-136
-119
-233
-185
-41
-81
-136
-71
-37
-41
-16
-30
-12
100
55
-141
-59
154
27
-68
212
242
-58
14
203
-47
-159
115
138
-47
63
229
55
-135
17
93
-174
-175
133
35
-233
-63
101
-148
-311
-110
-1
-198
-307
-116
61
-30
-184
-84
94
-3
-164
-67
75
14
-12
123
130
43
118
157
91
90
42
33
157
129
62
175
219
175
157
50
25
150
103
11
176
283
147
95
141
101
49
33
52
91
47
31
82
13
-54
25
5
-140
-137
-44
-113
-221
-91
53
-89
-177
7
14
-225
-187
45
-40
-195
8
160
-8
-62
52
-5
-145
-123
3
49
-10
-11
45
-32
-177
-140
-20
-83
-156
-33
-7
-149
-119
-27
-120
-146
1
48
-17
3
44
-21
-34
83
87
34
139
194
89
103
172
71
12
113
112
44
99
117
53
65
25
-109
-79
24
-3
6
75
15
-55
6
34
2
10
-21
-47
64
109
11
71
208
88
-58
66
138
-9
-6
115
55
-11
60
66
1
-35
-42
-8
-8
-32
-2
-10
-23
52
49
-21
-8
-41
-85
5
36
-4
81
97
-50
-20
114
8
-113
0
65
-14
22
111
42
-27
10
-32
-120
-53
65
21
-65
-10
37
-68
-144
-81
5
-22
-130
-70
84
-64
-229
-45
5
-164
-77
13
-141
-143
-14
-33
-66
-2
46
1
-59
47
127
-58
-64
221
161
-38
172
261
7
48
257
155
33
167
252
107
15
143
178
10
-18
94
62
-22
-5
29
-4
-110
-125
9
-5
-109
-3
3
-181
-140
-57
-151
-129
-45
-48
-64
-127
-125
-72
-170
-168
25
16
-117
-78
-7
-78
-172
-110
0
-1
21
48
-39
-49
16
-22
-24
20
13
59
51
-44
-10
8
-119
-112
-8
-54
-76
26
-1
-146
-170
-81
-15
-15
-49
-27
49
49
23
73
79
41
139
294
258
125
197
303
127
13
245
318
107
112
208
62
13
155
113
-26
23
108
47
-39
-7
-11
-122
-75
32
-62
-107
-41
-92
-173
-163
-34
48
-125
-163
31
-99
-274
-74
14
-110
-95
-31
-34
-55
-64
-38
-12
5
10
27
105
84
-43
-30
36
26
91
140
55
66
189
109
-41
114
274
120
67
191
125
73
195
175
93
146
105
43
183
203
17
45
191
120
33
83
99
66
38
23
71
64
-33
-14
56
24
9
7
29
124
45
-74
35
39
-35
76
45
-27
129
93
-64
34
73
-52
-47
37
43
-18
-21
52
14
-84
-74
-73
-91
-31
4
-33
-54
-24
-5
-67
-106
-59
-76
-98
-2
-1
-77
-21
-10
-100
-58
-17
-107
-95
2
-27
-91
-47
-3
-68
-136
-141
-124
-97
-118
-163
-117
-92
-148
-134
-91
-122
-164
-183
-133
-8
-6
-126
-94
21
-67
-177
-82
-33
-124
-123
-45
-42
-74
-110
-159
-146
-111
-160
-157
-32
-10
-138
-212
-159
-106
-171
-216
-102
-54
-150
-165
-103
-58
-57
-117
-77
93
140
78
153
291
226
114
254
367
267
319
470
425
386
442
397
303
277
282
256
203
221
261
132
1
85
80
-117
-116
22
-56
-204
-205
-114
-69
-146
-178
-119
-180
-268
-208
-118
-116
-149
-83
23
2
-53
-74
-65
38
92
98
186
233
273
262
102
166
338
147
45
272
277
46
2
169
156
-169
-248
0
-142
-542
-467
-189
-315
-509
-328
-194
-396
-481
-370
-395
-423
-308
-233
-201
-171
-192
-204
-211
-260
-244
-160
-127
-67
27
-15
-101
-42
-2
-96
-90
39
62
27
47
76
96
20
-52
115
174
-36
27
210
63
-5
152
175
53
-42
69
221
43
-102
54
57
-50
-26
-36
-29
4
-61
-30
67
-33
-176
-104
27
-26
-98
37
94
-84
-146
-43
-34
-61
5
91
99
41
-13
-45
-24
3
-22
23
104
48
-15
-34
-105
-101
-55
-60
5
11
-60
19
24
-108
-43
43
-6
48
91
62
107
98
36
40
60
123
120
-26
-11
105
6
-74
34
32
-115
-130
-27
-34
-98
-19
64
-21
-113
-87
-33
-69
-171
-121
50
22
-136
-117
-5
-37
-145
-120
22
69
22
49
76
9
11
55
-24
-39
86
58
-16
141
216
59
69
228
199
159
347
495
435
438
612
700
630
587
641
710
759
847
979
1061
1072
1034
968
900
755
540
436
442
375
239
197
249
263
260
284
255
245
298
278
258
328
344
331
376
359
252
122
9
-14
30
23
-39
-92
-112
-186
-345
-425
-468
-656
-806
-744
-667
-712
-780
-713
-563
-592
-733
-669
-527
-519
-453
-331
-360
-397
-319
-321
-488
-632
-621
-623
-791
-879
-753
-723
-855
-828
-620
-558
-671
-625
-399
-304
-358
-305
-167
-158
-235
-198
-129
-187
-204
-92
-25
25
116
89
5
47
85
61
133
219
183
194
265
187
56
55
47
-57
-48
129
165
40
73
164
47
-41
93
188
148
154
215
196
160
247
285
159
113
169
130
80
92
83
32
-58
-82
-31
-108
-247
-241
-212
-264
-267
-195
-206
-323
-339
-249
-308
-435
-319
-111
-138
-224
-110
-53
-221
-261
-119
-151
-205
-10
132
70
49
54
-9
21
120
125
130
234
295
250
247
285
233
154
161
187
184
222
268
226
145
136
132
31
-12
109
130
-4
62
264
228
111
144
149
92
109
151
142
68
49
155
172
88
182
264
64
-73
21
17
-95
-75
42
62
-56
-111
-56
-113
-169
-58
5
49
210
253
152
74
-11
-76
-66
31
217
297
182
70
54
55
17
-5
46
64
57
95
29
-48
45
37
-127
-77
102
24
-182
-122
48
-54
-191
-50
20
-189
-339
-283
-239
-320
-366
-302
-276
-297
-255
-237
-274
-282
-299
-284
-137
8
51
66
124
194
135
44
195
382
302
258
455
558
399
248
315
377
222
126
263
329
209
90
13
-17
-21
-93
-147
-75
-52
-154
-203
-128
-72
-113
-130
-32
38
-5
-11
73
111
75
92
207
251
113
-3
39
59
-26
-125
-168
-146
-195
-326
-319
-267
-387
-466
-419
-458
-492
-399
-393
-516
-553
-530
-617
-669
-517
-419
-497
-474
-411
-481
-438
-276
-196
-60
125
189
267
378
421
491
597
720
884
953
895
855
821
753
714
753
853
898
783
613
551
550
471
349
299
288
251
229
229
204
134
23
-78
-90
-28
-38
-128
-112
-36
-119
-234
-179
-149
-280
-342
-244
-206
-260
-217
-105
-69
-60
-26
-45
-86
-59
7
29
51
130
135
54
79
89
-101
-202
-57
41
34
109
209
151
-29
-111
-37
-23
-74
-19
66
101
103
26
-1
55
-28
-131
-41
20
-61
-90
-23
12
-51
-98
-62
-83
-132
-58
56
110
122
65
-7
-41
-62
-36
9
25
39
-19
-124
-112
-64
-89
-95
-96
-105
-103
-163
-178
-94
-133
-216
-170
-187
-292
-320
-323
-315
-273
-229
-162
-137
-201
-258
-269
-231
-182
-183
-120
19
-1
-139
-127
-24
-79
-199
-124
19
-32
-103
11
63
-101
-175
-64
-88
-232
-166
-15
-74
-161
-73
-17
-110
-140
-71
-81
-138
-83
-5
-32
-27
71
50
-84
-80
28
26
-49
-14
125
150
26
-11
67
66
-6
-24
10
0
-81
-82
33
84
38
-4
-55
-105
-96
-66
-77
-38
91
143
72
77
134
70
-22
40
159
165
171
286
311
179
114
137
115
120
184
204
208
236
235
227
210
167
142
111
95
172
216
157
166
228
195
112
69
65
18
-33
34
92
39
48
75
-34
-101
-44
-17
-20
19
41
3
-28
4
17
-71
-119
-49
-15
-83
-86
25
39
-98
-113
25
8
-101
-64
-46
-113
-62
48
41
-20
-5
42
-11
-56
50
79
-41
-46
33
51
76
111
74
-19
-87
-51
8
34
114
180
102
-11
-49
-43
-32
-23
10
57
63
43
14
-44
-83
-99
-108
-62
-7
-10
-29
-86
-173
-171
-122
-123
-122
-102
-124
-173
-173
-111
-79
-140
-182
-137
-89
-88
-102
-87
-63
-110
-149
-65
-3
-48
-74
-87
-139
-144
-76
8
25
-23
-34
-16
-76
-123
-57
-10
-51
-58
-6
-30
-131
-149
-92
-124
-166
-72
-1
-64
-98
-67
-103
-147
-95
-28
-44
-60
3
20
-57
-50
18
-22
-76
-5
80
34
-34
11
50
-26
-48
36
62
17
9
21
1
0
60
100
87
77
68
37
21
49
86
90
100
171
165
47
42
130
80
15
102
147
56
10
13
-4
18
58
62
65
75
58
16
10
56
64
32
43
50
34
52
60
53
65
54
4
-36
-26
20
17
-43
-49
-33
-57
-55
-31
-61
-83
-58
-64
-98
-61
28
30
-53
-50
15
-32
-108
-41
68
52
-12
44
138
55
-78
-16
85
24
-25
72
120
32
13
113
108
2
-4
28
-18
-11
78
78
3
52
148
64
-46
59
151
15
-60
93
177
78
72
173
102
-49
6
125
94
95
196
174
39
18
99
96
27
67
146
109
72
115
106
52
54
75
86
99
110
124
125
94
64
73
73
36
51
131
118
44
82
113
-7
-62
56
83
-50
-73
34
37
-31
9
97
77
-24
-56
21
78
47
40
95
100
43
13
37
60
48
30
31
45
71
82
47
22
28
-8
-65
-47
16
32
-14
-48
-28
-9
-38
-56
-21
2
-41
-86
-61
-29
-47
-40
18
34
-20
-58
-48
-46
-57
-8
65
68
14
-19
-26
-48
-76
-50
-8
-24
-58
-48
-33
-54
-73
-63
-56
-71
-72
-52
-55
-67
-48
-51
-78
-52
-20
-51
-68
-27
-6
-29
-50
-32
-29
-82
-107
-67
-51
-84
-100
-91
-85
-91
-95
-79
-72
-87
-92
-62
-14
-1
-32
-61
-68
-74
-68
-44
-17
5
11
-14
-52
-62
-60
-83
-102
-68
-24
-27
-32
-10
-9
-45
-79
-69
-11
35
29
23
47
47
9
-15
-4
-3
-18
4
40
39
26
6
-40
-53
-17
-24
-68
-50
-4
-22
-51
-18
9
-25
-50
-35
-33
-53
-39
-7
10
31
53
28
-25
-42
-30
-36
-21
43
81
45
11
-5
-49
-78
-46
0
18
24
17
-1
-20
-35
-59
-70
-37
1
2
-4
12
13
-23
-49
-35
-10
8
25
33
25
21
14
-13
-19
12
25
5
1
15
11
-1
5
16
4
-25
-43
-26
-4
-12
-12
30
36
-12
-11
34
31
6
37
75
55
39
77
89
56
59
78
60
43
54
55
46
55
73
70
54
52
46
33
36
53
76
94
93
84
89
102
112
122
128
113
94
91
100
113
134
157
143
105
88
80
57
46
47
32
25
42
34
-2
-13
-8
-47
-80
-48
-14
-22
-13
30
54
25
-20
-43
-52
-46
2
63
108
141
127
65
22
16
0
-10
33
98
120
106
84
45
-12
-50
-49
-18
19
42
37
14
-1
-11
-23
-21
-3
14
13
-10
-29
-7
26
27
22
26
-1
-58
-91
-86
-72
-50
-8
14
-13
-47
-75
-123
-164
-132
-58
-30
-44
-35
-25
-66
-114
-90
-39
-41
-64
-53
-41
-68
-95
-85
-71
-76
-74
-67
-78
-94
-100
-104
-109
-94
-64
-59
-76
-78
-72
-88
-105
-86
-48
-23
-9
9
11
-25
-75
-95
-84
-73
-65
-45
-32
-52
-92
-128
-149
-165
-179
-177
-146
-114
-121
-153
-166
-172
-200
-212
-173
-126
-112
-105
-92
-94
-107
-109
-99
-82
-59
-37
-23
-18
-12
-2
5
14
29
39
30
16
16
24
27
32
50
65
58
40
25
8
-12
-17
-11
-5
6
15
6
-22
-49
-63
-74
-81
-62
-25
-4
-4
-7
-12
-34
-59
-59
-39
-11
23
54
62
50
39
28
10
5
22
46
54
59
71
77
63
36
17
19
28
26
35
62
77
65
48
40
27
8
6
28
51
60
56
55
54
46
33
29
29
27
28
35
46
55
49
26
12
19
19
6
4
20
19
-2
-3
14
11
-14
-25
-24
-29
-37
-28
-13
-10
-16
-21
-22
-27
-37
-39
-36
-34
-33
-24
-20
-26
-31
-29
-36
-45
-41
-31
-38
-44
-30
-18
-25
-22
-8
-13
-30
-26
-11
-7
-4
13
26
19
11
10
4
-12
-10
12
27
29
30
29
8
-19
-24
-13
-7
5
28
38
24
8
-5
-27
-37
-17
13
33
45
54
46
20
-1
6
26
43
62
85
104
98
83
80
81
76
78
96
116
127
137
140
132
118
105
92
84
89
97
101
110
117
104
77
54
36
14
8
23
44
54
53
41
19
-3
-19
-25
-17
6
28
37
36
38
35
19
7
12
25
31
36
49
62
60
51
48
45
36
25
15
10
13
21
26
33
39
31
4
-21
-35
-41
-38
-22
7
33
38
27
10
-9
-27
-35
-20
10
33
45
52
46
26
0
-18
-23
-21
-16
-6
5
11
10
3
-7
-17
-28
-38
-40
-33
-14
4
18
24
22
3
-27
-53
-63
-61
-50
-29
-8
0
-8
-28
-55
-80
-92
-83
-58
-22
14
40
49
47
39
33
37
58
94
136
176
209
230
237
233
228
227
230
239
254
272
285
288
277
250
216
179
144
115
101
94
86
72
52
21
-19
-61
-94
-116
-126
-124
-115
-111
-112
-117
-131
-151
-161
-162
-159
-152
-134
-115
-107
-107
-106
-105
-115
-127
-126
-121
-117
-106
-93
-82
-82
-87
-95
-108
-118
-115
-104
-92
-79
-64
-56
-63
-74
-75
-73
-75
-72
-58
-45
-41
-43
-40
-39
-46
-53
-54
-53
-52
-47
-46
-46
-41
-37
-39
-42
-39
-37
-41
-46
-39
-27
-19
-16
-10
-5
-7
-10
-8
-4
5
13
19
20
20
16
6
-2
-5
-3
-5
-10
-21
-34
-54
-75
-89
-96
-100
-102
-107
-117
-133
-150
-165
-175
-178
-173
-165
-158
-155
-156
-160
-160
-156
-147
-132
-113
-93
-77
-62
-46
-33
-16
4
23
39
52
63
69
74
82
89
97
98
95
85
69
50
37
30
24
20
15
5
-10
-31
-50
-67
-76
-77
-77
-75
-76
-81
-89
-100
-108
-110
-107
-100
-93
-84
-80
-78
-76
-74
-69
-62
-53
-44
-35
-24
-13
-5
3
10
15
18
26
32
39
51
65
75
76
78
83
83
87
97
113
131
143
155
165
169
176
187
203
222
244
261
272
277
280
280
279
284
293
298
298
294
286
272
255
245
240
237
235
236
233
226
217
208
200
197
196
197
198
194
189
178
161
143
125
104
81
59
39
14
-14
-40
-68
-99
-132
-165
-193
-221
-243
-262
-274
-285
-295
-306
-319
-331
-341
-347
-344
-336
-323
-308
-296
-286
-279
-272
-266
-257
-241
-222
-202
-183
-163
-147
-136
-127
-117
-105
-93
-80
-64
-48
-31
-16
-1
13
25
36
47
63
81
99
119
142
162
179
193
204
217
228
242
257
273
290
300
306
307
305
302
297
293
292
288
280
265
246
220
192
163
138
113
90
66
39
10
-21
-51
-78
-100
-116
-127
-136
-141
-146
-148
-150
-151
-150
-146
-140
-132
-123
-113
-103
-95
-89
-85
-84
-87
-90
-90
-91
-88
-83
-78
-74
-73
-73
-74
-71
-63
-48
-25
3
32
62
89
112
134
155
177
201
225
246
260
266
263
247
223
193
157
121
84
47
10
-28
-67
-105
-146
-184
-215
-241
-256
-261
-256
-243
-226
-206
-185
-163
-140
-113
-81
-43
-1
41
80
113
134
146
150
148
142
133
120
102
74
33
-15
-74
-137
-200
-260
-316
-364
-409
-450
-485
-515
-537
-552
-555
-548
-532
-508
-478
-446
-411
-378
-344
-312
-283
-259
-239
-223
-212
-206
-201
-201
-202
-206
-210
-214
-219
-221
-220
-216
-208
-194
-176
-155
-131
-105
-77
-48
-19
11
40
69
97
127
154
180
203
221
235
244
250
249
248
246
241
233
223
208
189
167
142
115
90
64
40
17
-6
-28
-51
-72
-92
-110
-124
-136
-143
-146
-144
-139
-130
-117
-99
-78
-53
-27
2
33
64
96
128
158
188
216
242
265
287
306
323
342
360
382
405
432
459
489
519
549
579
609
637
662
680
693
699
694
681
657
622
579
528
469
404
335
264
193
123
57
-5
-62
-111
-154
-190
-220
-241
-256
-264
-267
-264
-257
-247
-235
-221
-207
-192
-177
-159
-141
-123
-106
-90
-74
-61
-51
-44
-38
-35
-35
-35
-37
-41
-47
-55
-64
-74
-84
-94
-101
-108
-114
-118
-122
-125
-129
-131
-136
-140
-143
-146
-148
-150
-151
-152
-150
-148
-142
-136
-125
-112
-96
-78
-59
-38
-16
4
23
40
54
65
74
78
80
80
78
73
68
62
56
50
44
41
39
40
42
46
50
52
53
51
47
40
31
20
8
-6
-19
-35
-51
-67
-82
-94
-104
-110
-111
-110
-104
-96
-87
-77
-66
-54
-43
-30
-20
-10
-2
2
3
2
-3
-11
-21
-33
-45
-60
-77
-94
-114
-134
-155
-174
-192
-206
-220
-231
-240
-246
-251
-254
-254
-251
-244
-234
-222
-208
-193
-178
-164
-148
-132
-116
-99
-82
-64
-48
-33
-18
-2
9
21
32
42
51
58
63
68
68
67
64
59
52
43
33
23
11
0
-13
-24
-36
-46
-54
-60
-63
-64
-64
-59
-53
-45
-33
-19
-4
12
29
48
66
84
99
114
127
136
146
153
157
160
161
161
159
156
153
150
146
144
140
138
138
138
138
139
140
142
144
146
148
151
154
158
163
166
170
173
176
177
178
178
176
173
168
160
150
138
121
104
83
62
39
15
-9
-33
-57
-79
-101
-121
-137
-152
-163
-172
-176
-178
-179
-175
-171
-165
-156
-146
-135
-123
-109
-96
-83
-68
-56
-43
-32
-21
-10
1
9
19
28
38
46
54
62
70
79
87
95
103
112
121
129
137
143
148
151
153
153
153
150
147
141
135
128
120
111
101
90
80
71
61
52
44
36
27
18
9
1
-7
-15
-22
-28
-33
-35
-39
-40
-39
-40
-38
-33
-29
-24
-19
-12
-7
-2
2
4
4
5
4
1
-2
-6
-11
-17
-25
-32
-39
-46
-54
-58
-63
-69
-73
-78
-80
-83
-83
-84
-84
-83
-79
-76
-73
-68
-65
-61
-55
-50
-44
-40
-33
-28
-23
-17
-15
-12
-8
-5
-1
4
7
11
14
19
24
28
32
35
39
41
44
47
48
49
49
49
47
44
42
38
34
30
27
24
20
17
13
8
5
0
-4
-10
-15
-21
-27
-33
-39
-47
-53
-60
-66
-71
-76
-80
-83
-85
-85
-84
-84
-81
-79
-75
-70
-64
-60
-54
-47
-41
-35
-29
-24
-20
-14
-9
-5
-1
2
5
8
9
10
12
13
14
14
14
14
14
13
13
11
10
8
6
5
3
0
-2
-6
-8
-12
-16
-19
-22
-25
-28
-31
-33
-35
-38
-40
-42
-43
-45
-47
-47
-49
-48
-49
-49
-48
-48
-48
-48
-49
-47
-47
-46
-45
-42
-41
-39
-38
-37
-37
-36
-35
-35
-33
-32
-32
-31
-31
-30
-30
-30
-31
-31
-31
-30
-30
-29
-30
-29
-29
-29
-29
-29
-28
-27
-26
-24
-23
-21
-19
-18
-16
-14
-13
-11
-9
-8
-7
-6
-3
-2
-1
0
2
3
5
6
8
11
13
15
18
22
25
28
32
35
39
43
46
50
53
58
60
63
66
70
72
74
77
80
82
84
86
87
90
91
93
94
94
96
96
97
97
97
99
99
98
97
96
94
92
90
88
86
82
80
77
72
69
64
60
56
51
47
43
39
35
31
28
24
20
17
13
10
6
3
-1
-4
-7
-10
-13
-16
-19
-22
-25
-26
-28
-30
-31
-33
-34
-34
-34
-34
-34
-34
-35
-34
-35
-34
-35
-34
-35
-36
-37
-38
-39
-41
-43
-44
-46
-47
-48
-48
-48
-48
-47
-47
-46
-44
-42
-40
-38
-34
-31
-27
-23
-19
-15
-11
-7
-3
0
6
9
14
18
21
25
28
32
34
37
38
41
43
43
44
44
43
43
41
39
37
34
32
28
24
21
17
14
8
5
1
-3
-7
-11
-14
-18
-22
-24
-28
-30
-33
-36
-39
-41
-44
-46
-48
-51
-52
-54
-55
-58
-60
-61
-62
-63
-64
-65
-65
-65
-65
-64
-65
-64
-62
-61
-60
-57
-56
-54
-51
-49
-45
-42
-39
-35
-32
-28
-23
-20
-15
-10
-5
-2
2
7
11
15
19
24
28
31
34
36
39
42
43
45
46
47
49
49
50
49
50
50
50
49
50
49
49
49
50
49
49
50
50
50
50
49
49
48
49
48
46
44
44
41
38
36
33
29
26
23
18
13
7
2
-3
-9
-15
-21
-29
-35
-41
-47
-53
-60
-65
-72
-76
-80
-84
-87
-90
-92
-94
-94
-93
-92
-91
-89
-85
-83
-78
-73
-69
-63
-57
-51
-45
-39
-32
-25
-19
-14
-8
-3
2
6
12
16
19
23
24
27
29
31
32
33
33
33
34
33
33
32
32
30
29
28
28
27
26
25
24
23
22
22
23
23
23
23
23
23
25
25
26
26
27
28
28
28
28
28
28
28
26
26
25
24
23
22
19
18
16
15
12
11
9
7
7
5
4
2
2
1
1
1
0
1
1
2
2
4
4
5
7
7
7
8
9
9
11
11
11
12
12
12
13
13
12
12
12
11
11
10
10
10
9
8
9
8
9
9
8
9
9
8
8
9
11
11
10
12
13
14
15
15
17
18
19
19
20
20
20
21
21
21
20
21
21
20
19
19
18
18
16
15
15
13
12
11
10
9
7
5
4
2
0
-1
-3
-4
-5
-7
-8
-9
-11
-12
-13
-14
-15
-16
-16
-17
-17
-18
-18
-17
-18
-17
-17
-16
-16
-14
-14
-13
-12
-10
-9
-9
-7
-6
-5
-4
-2
-1
-1
1
2
2
3
3
3
5
3
4
3
1
1
-1
-2
-4
-6
-9
-11
-13
-17
-19
-24
-25
-29
-33
-36
-38
-41
-45
-47
-50
-52
-54
-56
-58
-59
-60
-60
-61
-60
-60
-58
0
0
0
0
0
0
0
0
0
0
0
0
0
0
0
0
0
0
0
0
0
0
0
0
0
0
0
0
0
0
0
0
0
0
0
0
0
0
0
0
0
0
0
0
0
0
0
0
0
0
0
0
0
0
0
0
0
0
0
0
0
0
0
0
0
0
0
0
0
0
0
0
0
0
0
0
0
0
0
0
0
0
0
0
0
0
0
0
0
0
0
0
0
0
0
0
0
0
0
0
0
0
0
0
0
0
0
0
0
0
0
0
0
0
0
0
0
0
0
0
0
0
0
0
0
0
0
0
0
0
0
0
0
0
0
0
0
0
0
0
0
0
0
0
0
0
0
0
0
0
0
0
0
0
0
0
0
0
0
0
0
0
0
0
0
0
0
0
0
0
0
0
0
0
0
0
0
0
0
0
0
0
0
0
0
0
0
0
0
0
0
0
0
0
0
0
0
0
