0
0
0
0
0
0
0
0
0
0
0
0
0
0
0
0
0
0
0
0
0
0
0
0
0
0
0
0
0
0
0
0
0
0
0
0
0
0
0
0
0
0
0
0
0
0
0
0
0
0
0
0
0
0
0
0
0
0
0
0
0
0
0
0
0
0
0
0
0
0
0
0
0
0
0
0
0
0
0
0
0
0
0
0
0
0
0
0
0
0
0
0
0
0
0
0
0
0
0
0
0
0
0
0
0
0
0
0
0
0
0
0
0
0
0
0
0
0
0
0
0
0
0
0
0
0
0
0
0
0
0
0
0
0
0
0
0
0
0
0
0
0
0
0
0
0
0
0
0
0
0
0
0
0
0
0
0
0
0
0
0
0
0
0
0
0
0
0
0
0
0
0
0
0
0
0
0
0
0
0
0
0
0
0
0
0
0
0
0
0
0
0
0
0
0
0
0
0
62
66
68
68
69
74
77
80
85
96
105
115
127
140
156
174
189
202
214
223
229
235
234
227
203
165
120
76
32
-15
-64
-117
-183
-257
-326
-383
-424
-456
-480
-496
-512
-525
-520
-492
-447
-396
-342
-288
-234
-176
-107
-23
68
151
213
259
297
335
375
421
461
480
472
446
417
392
365
332
292
239
174
103
35
-21
-72
-127
-177
-224
-272
-313
-334
-336
-330
-322
-313
-300
-277
-237
-188
-132
-75
-19
28
61
92
132
183
236
275
283
241
165
111
120
172
201
164
55
-85
-196
-224
-173
-123
-147
-252
-376
-450
-445
-382
-309
-283
-326
-404
-451
-426
-344
-244
-170
-146
-171
-207
-205
-132
-14
96
151
143
97
65
91
178
279
335
314
242
176
157
193
256
299
294
247
198
191
253
367
473
525
521
513
545
618
710
809
875
886
863
841
788
623
374
183
138
166
138
-13
-304
-696
-1038
-1141
-1006
-868
-924
-1134
-1334
-1425
-1382
-1191
-926
-753
-748
-800
-764
-609
-391
-130
149
353
394
322
281
371
578
824
1014
1058
918
684
532
564
706
797
742
554
303
64
-72
-67
-11
-44
-200
-404
-576
-680
-691
-604
-495
-473
-567
-685
-728
-657
-485
-268
-92
-33
-76
-125
-79
89
323
521
614
598
523
465
493
621
767
817
732
577
437
352
341
379
389
298
123
-45
-151
-211
-241
-243
-252
-329
-471
-604
-661
-633
-542
-433
-405
-522
-718
-811
-688
-412
-157
-63
-154
-342
-449
-329
-14
297
415
320
149
59
121
309
516
606
515
315
150
107
181
296
371
332
162
-59
-205
-202
-86
35
73
-11
-187
-348
-384
-275
-114
-18
-39
-136
-231
-249
-154
7
138
159
92
18
9
85
215
335
378
322
216
147
171
263
364
407
369
269
164
117
155
241
297
274
184
82
21
32
102
175
187
117
19
-37
-20
54
132
165
131
55
-7
-13
33
92
121
99
35
-42
-96
-112
-104
-94
-107
-154
-225
-298
-340
-343
-316
-289
-284
-308
-347
-372
-358
-314
-260
-217
-199
-206
-223
-217
-178
-126
-87
-68
-68
-86
-103
-93
-47
1
21
8
-21
-53
-69
-60
-31
-14
-33
-83
-136
-169
-174
-164
-154
-153
-160
-177
-191
-187
-159
-127
-109
-107
-104
-93
-77
-53
-14
23
35
31
34
50
69
84
110
138
153
145
145
162
185
196
197
192
170
143
146
191
243
269
296
364
458
517
547
621
752
876
947
1003
1068
1109
1144
1239
1313
1123
628
142
-3
152
318
292
-10
-618
-1332
-1707
-1512
-1087
-950
-1201
-1568
-1847
-1965
-1813
-1384
-955
-834
-974
-1080
-1004
-790
-451
10
444
613
489
311
321
573
967
1341
1535
1429
1074
729
661
870
1105
1134
938
596
201
-99
-158
-29
38
-118
-418
-713
-941
-1048
-962
-744
-620
-711
-919
-1062
-1051
-872
-558
-236
-68
-97
-206
-229
-67
252
593
804
834
736
610
580
720
964
1126
1084
889
675
533
497
551
604
541
332
56
-183
-329
-375
-349
-332
-404
-612
-937
-1257
-1379
-1219
-910
-713
-764
-999
-1241
-1293
-1035
-561
-164
-83
-248
-397
-340
-73
297
605
693
555
352
285
408
626
799
826
682
429
192
109
207
379
457
344
86
-179
-322
-282
-106
60
61
-124
-335
-390
-263
-52
138
253
278
259
292
449
726
1027
1225
1266
1233
1259
1383
1589
1846
1998
1751
1061
374
190
455
727
730
389
-362
-1331
-1909
-1705
-1147
-962
-1283
-1754
-2170
-2462
-2382
-1821
-1201
-1025
-1240
-1444
-1457
-1289
-862
-180
434
636
447
192
172
487
1039
1588
1875
1769
1356
932
819
1087
1440
1543
1339
939
440
10
-110
76
232
77
-304
-707
-1050
-1250
-1174
-886
-705
-820
-1100
-1332
-1401
-1241
-861
-442
-222
-258
-406
-473
-322
63
526
839
919
836
694
620
762
1096
1360
1343
1111
852
643
536
597
707
562
77
-447
-693
-669
-567
-534
-675
-1055
-1530
-1783
-1648
-1308
-1082
-1096
-1247
-1382
-1391
-1212
-860
-485
-276
-273
-323
-255
-51
216
497
735
817
703
548
551
725
925
1037
1014
832
541
312
296
444
553
487
278
56
-82
-87
33
192
289
287
252
265
367
565
814
1005
1060
1039
1063
1186
1384
1623
1743
1474
799
162
21
309
601
623
283
-460
-1384
-1892
-1643
-1080
-885
-1172
-1611
-2010
-2278
-2161
-1591
-1000
-861
-1089
-1293
-1309
-1145
-726
-83
463
599
379
122
102
407
938
1448
1673
1511
1076
669
595
895
1257
1345
1118
718
268
-77
-132
70
209
55
-295
-648
-930
-1065
-946
-658
-495
-613
-874
-1073
-1104
-918
-543
-170
-16
-101
-259
-313
-161
185
578
827
864
748
594
539
693
988
1189
1148
938
701
520
457
515
514
242
-233
-612
-719
-654
-594
-651
-897
-1300
-1640
-1668
-1403
-1111
-1003
-1078
-1215
-1294
-1213
-942
-574
-284
-173
-191
-199
-97
126
413
673
814
790
663
591
674
865
1024
1050
929
695
455
349
416
536
571
490
344
181
71
106
292
506
619
619
594
638
781
977
1155
1289
1366
1388
1416
1492
1452
1067
455
71
138
357
370
116
-390
-1137
-1801
-1873
-1396
-1052
-1262
-1725
-2044
-2198
-2181
-1818
-1236
-923
-1058
-1274
-1245
-1029
-703
-201
368
673
585
351
283
499
936
1413
1697
1644
1302
895
699
846
1166
1318
1135
741
320
-33
-201
-105
65
-11
-376
-777
-1027
-1129
-1070
-846
-644
-694
-954
-1162
-1154
-950
-615
-263
-61
-83
-218
-279
-139
212
637
915
924
766
636
627
754
993
1205
1189
935
655
490
347
136
-52
-135
-199
-350
-578
-827
-1098
-1344
-1426
-1294
-1125
-1148
-1364
-1556
-1541
-1332
-1057
-826
-706
-714
-759
-664
-360
14
261
340
360
392
446
558
763
975
1052
973
854
772
733
749
832
885
779
554
386
373
456
535
578
592
571
534
543
662
867
1043
1105
1107
1155
1244
1322
1430
1536
1359
727
1
-253
12
316
307
-37
-713
-1611
-2205
-2001
-1322
-992
-1286
-1786
-2145
-2331
-2217
-1647
-950
-690
-913
-1158
-1133
-892
-467
156
740
925
684
370
319
618
1133
1613
1801
1587
1094
630
495
754
1122
1221
948
475
-7
-364
-442
-229
-16
-117
-506
-919
-1193
-1274
-1102
-748
-500
-575
-858
-1069
-1050
-792
-364
56
248
161
-27
-97
63
433
854
1095
1049
818
597
528
656
897
1034
890
513
124
-107
-148
-73
-37
-198
-570
-987
-1243
-1268
-1136
-989
-968
-1121
-1348
-1481
-1423
-1193
-892
-658
-594
-669
-725
-620
-350
-19
256
383
354
282
316
508
766
958
1006
916
761
651
667
795
925
932
781
552
386
367
468
601
687
699
659
624
660
786
969
1141
1236
1260
1281
1356
1481
1642
1742
1536
875
70
-307
-85
320
439
110
-661
-1691
-2425
-2315
-1577
-1062
-1231
-1776
-2258
-2532
-2449
-1858
-1054
-651
-817
-1114
-1155
-930
-490
177
838
1094
864
499
393
665
1205
1752
2006
1809
1267
713
493
721
1137
1314
1059
523
-58
-501
-637
-427
-152
-190
-592
-1070
-1381
-1460
-1295
-941
-646
-654
-921
-1160
-1151
-868
-406
51
297
257
72
-24
121
506
972
1275
1268
1025
760
640
729
985
1216
1169
732
82
-441
-609
-437
-177
-143
-499
-1135
-1705
-1879
-1588
-1103
-835
-988
-1396
-1722
-1732
-1391
-859
-419
-326
-554
-795
-746
-372
140
568
752
644
394
286
512
960
1341
1446
1257
905
614
579
805
1076
1148
947
586
269
170
344
685
979
1029
836
617
611
851
1165
1405
1528
1527
1445
1439
1555
1489
930
133
-278
-114
196
244
-57
-733
-1702
-2437
-2347
-1646
-1206
-1441
-1958
-2326
-2494
-2390
-1849
-1117
-758
-909
-1129
-1071
-786
-358
236
833
1091
920
611
515
767
1253
1728
1929
1728
1225
695
460
651
1021
1149
867
347
-180
-575
-705
-524
-282
-342
-739
-1168
-1403
-1429
-1259
-940
-686
-717
-968
-1138
-1043
-707
-266
117
293
242
109
81
273
676
1119
1338
1229
957
751
714
866
1137
1272
971
292
-322
-505
-298
-21
25
-334
-1050
-1762
-2005
-1644
-1052
-755
-968
-1486
-1923
-1982
-1606
-985
-472
-354
-613
-925
-929
-540
36
531
767
694
427
261
451
950
1430
1597
1413
1034
686
598
845
1223
1382
1170
739
356
196
306
623
964
1095
932
649
538
722
1067
1359
1514
1541
1475
1430
1564
1759
1574
815
-44
-343
-54
304
346
-28
-864
-1957
-2623
-2340
-1556
-1189
-1498
-2018
-2396
-2588
-2439
-1804
-1043
-737
-919
-1119
-1047
-752
-270
396
1007
1208
952
591
521
864
1448
1951
2094
1788
1175
591
399
693
1126
1237
884
278
-328
-749
-814
-533
-255
-354
-807
-1271
-1511
-1499
-1254
-875
-633
-715
-987
-1138
-992
-595
-114
260
389
293
138
129
382
841
1268
1411
1247
957
744
711
883
1141
1190
811
154
-390
-556
-399
-162
-138
-514
-1208
-1838
-2000
-1650
-1130
-869
-1046
-1497
-1882
-1904
-1507
-903
-438
-346
-581
-839
-809
-424
126
588
789
697
459
356
578
1040
1446
1560
1360
1003
723
704
944
1235
1330
1132
749
398
275
451
814
1134
1205
1017
782
741
944
1247
1505
1641
1633
1570
1603
1688
1465
739
-93
-417
-146
231
279
-141
-1037
-2143
-2783
-2469
-1643
-1245
-1584
-2193
-2618
-2756
-2505
-1814
-1067
-805
-1033
-1261
-1159
-774
-216
452
1000
1145
885
553
515
893
1508
2008
2104
1752
1139
578
391
678
1122
1234
836
169
-451
-840
-884
-618
-354
-461
-937
-1439
-1686
-1622
-1321
-942
-724
-817
-1091
-1243
-1074
-615
-70
313
398
254
86
109
426
958
1422
1540
1299
938
717
744
954
1137
1032
573
-8
-373
-401
-251
-189
-414
-924
-1491
-1807
-1732
-1417
-1157
-1160
-1431
-1775
-1926
-1736
-1296
-843
-572
-550
-681
-761
-598
-177
311
652
754
672
564
605
866
1232
1477
1458
1221
963
861
959
1149
1264
1202
970
672
471
489
707
977
1117
1063
913
850
963
1185
1407
1559
1613
1606
1660
1809
1781
1241
326
-343
-350
63
367
232
-441
-1555
-2582
-2805
-2139
-1373
-1270
-1769
-2351
-2714
-2732
-2265
-1448
-821
-777
-1071
-1214
-1007
-527
130
807
1208
1140
777
525
685
1229
1842
2162
2023
1510
879
456
489
893
1229
1104
536
-158
-705
-949
-831
-505
-346
-609
-1144
-1585
-1709
-1520
-1142
-787
-674
-852
-1118
-1180
-891
-344
197
479
448
262
147
273
686
1238
1611
1572
1218
864
724
792
939
1000
822
376
-136
-431
-433
-335
-393
-690
-1116
-1490
-1669
-1602
-1376
-1201
-1262
-1526
-1757
-1740
-1475
-1114
-793
-581
-523
-574
-560
-328
73
444
667
764
787
781
836
1023
1273
1407
1334
1153
1026
1007
1038
1069
1081
1028
860
634
499
562
772
978
1068
1043
990
995
1101
1294
1516
1677
1728
1761
1884
1941
1554
674
-169
-397
-35
390
435
-79
-1139
-2367
-2999
-2589
-1667
-1216
-1567
-2264
-2807
-2997
-2689
-1886
-1050
-772
-1059
-1363
-1284
-835
-175
551
1090
1180
862
526
562
1042
1708
2180
2195
1753
1091
558
460
820
1266
1316
822
65
-597
-965
-969
-676
-401
-514
-1043
-1625
-1907
-1811
-1457
-1035
-779
-851
-1151
-1361
-1215
-698
-61
377
461
295
116
126
433
984
1500
1651
1390
985
693
550
542
663
795
714
340
-152
-548
-775
-862
-851
-844
-1017
-1414
-1824
-1960
-1766
-1458
-1293
-1355
-1538
-1654
-1543
-1157
-617
-197
-111
-270
-368
-197
201
663
1042
1220
1151
956
864
1002
1292
1546
1627
1506
1252
1018
954
1071
1229
1263
1143
969
855
861
992
1216
1446
1535
1436
1290
1270
1412
1666
1972
2077
1576
469
-562
-782
-246
357
460
-110
-1293
-2658
-3332
-2795
-1652
-1049
-1404
-2205
-2866
-3128
-2795
-1853
-823
-421
-740
-1209
-1299
-909
-169
704
1356
1462
1057
568
483
975
1772
2346
2334
1781
1030
460
356
758
1291
1386
824
-60
-791
-1133
-1058
-684
-352
-458
-1041
-1708
-2037
-1909
-1464
-955
-656
-721
-1035
-1286
-1200
-714
-38
489
651
504
288
228
460
980
1546
1794
1565
1069
637
437
466
656
836
765
339
-256
-734
-966
-999
-945
-932
-1074
-1398
-1756
-1930
-1820
-1548
-1335
-1292
-1358
-1410
-1347
-1096
-664
-219
0
-46
-131
-22
306
732
1128
1369
1356
1148
988
1087
1393
1663
1722
1584
1358
1140
1011
1035
1187
1339
1359
1230
1059
1010
1168
1444
1658
1725
1685
1604
1568
1715
1973
1893
1097
-58
-717
-517
68
383
122
-789
-2177
-3304
-3294
-2236
-1258
-1231
-1925
-2659
-3100
-3076
-2386
-1274
-505
-537
-972
-1171
-943
-403
344
1093
1478
1321
897
669
903
1506
2107
2319
2019
1396
763
423
558
1031
1333
1034
238
-580
-1088
-1215
-992
-615
-482
-872
-1564
-2070
-2116
-1780
-1279
-861
-742
-939
-1209
-1252
-934
-338
270
608
597
425
342
477
852
1363
1697
1529
913
312
153
458
919
1151
880
113
-786
-1275
-1097
-540
-196
-446
-1175
-1927
-2286
-2108
-1568
-1048
-930
-1281
-1757
-1889
-1520
-884
-332
-73
-134
-370
-483
-201
434
1059
1337
1213
893
661
748
1182
1705
1947
1751
1295
902
801
1002
1344
1612
1642
1399
1038
852
1045
1493
1858
1946
1825
1635
1504
1589
1862
1876
1164
-7
-774
-675
-124
210
2
-837
-2184
-3364
-3498
-2554
-1533
-1329
-1867
-2579
-3106
-3193
-2590
-1486
-602
-435
-749
-996
-898
-445
293
1080
1548
1509
1149
869
982
1502
2108
2374
2118
1509
865
476
539
955
1262
1010
241
-606
-1158
-1307
-1096
-733
-599
-940
-1580
-2084
-2169
-1857
-1352
-920
-764
-900
-1120
-1149
-840
-269
309
643
678
575
534
667
958
1260
1367
1194
889
686
680
774
794
612
217
-243
-545
-582
-470
-432
-614
-1013
-1479
-1790
-1796
-1550
-1263
-1125
-1193
-1392
-1540
-1463
-1139
-724
-391
-213
-173
-185
-100
174
568
891
1022
997
952
1009
1197
1438
1607
1631
1504
1310
1173
1197
1391
1637
1765
1682
1473
1339
1406
1622
1868
2057
2125
2037
1906
1882
1800
1259
261
-547
-597
-115
216
12
-744
-1956
-3204
-3665
-2949
-1790
-1313
-1773
-2556
-3113
-3246
-2790
-1761
-721
-345
-630
-971
-911
-426
315
1085
1583
1620
1320
1034
1076
1529
2145
2485
2285
1692
1058
637
561
832
1171
1108
465
-431
-1109
-1379
-1286
-973
-719
-848
-1402
-2030
-2320
-2133
-1617
-1061
-750
-785
-1017
-1160
-992
-475
212
744
907
776
627
669
936
1305
1562
1509
1160
760
575
659
827
817
484
-85
-619
-879
-834
-659
-614
-873
-1396
-1911
-2109
-1909
-1504
-1172
-1089
-1262
-1519
-1593
-1328
-826
-340
-60
-18
-107
-135
60
464
884
1111
1099
977
923
1033
1261
1486
1595
1531
1318
1087
1006
1151
1425
1630
1624
1445
1282
1294
1473
1717
1956
2108
2095
1990
1950
1839
1258
197
-659
-672
-80
341
123
-736
-2068
-3407
-3894
-3098
-1780
-1197
-1720
-2678
-3358
-3478
-2921
-1779
-657
-277
-653
-1123
-1120
-565
317
1183
1666
1610
1226
901
947
1445
2147
2553
2318
1612
892
470
430
733
1120
1117
478
-493
-1252
-1526
-1369
-984
-682
-798
-1373
-2049
-2386
-2209
-1650
-1032
-682
-719
-974
-1137
-993
-482
243
841
1031
864
653
664
965
1436
1782
1694
1165
575
334
514
838
931
568
-164
-889
-1216
-1063
-709
-556
-821
-1404
-1963
-2170
-1944
-1500
-1142
-1058
-1230
-1466
-1502
-1221
-740
-291
-23
50
9
5
197
598
1017
1242
1238
1126
1052
1096
1263
1485
1635
1602
1381
1109
979
1089
1363
1600
1641
1508
1352
1302
1390
1629
1977
2253
2285
2159
2013
1655
805
-222
-645
-207
450
569
-48
-1235
-2681
-3710
-3547
-2311
-1188
-1195
-2147
-3156
-3621
-3363
-2399
-1126
-321
-417
-1007
-1336
-1025
-178
853
1612
1771
1421
978
824
1132
1821
2505
2657
2112
1261
615
390
564
973
1254
979
125
-845
-1437
-1508
-1213
-820
-662
-966
-1607
-2182
-2334
-1998
-1372
-807
-600
-759
-1005
-1040
-735
-129
573
1038
1070
833
677
806
1211
1707
1971
1725
1059
426
227
474
841
922
500
-302
-1063
-1384
-1192
-782
-576
-819
-1387
-1910
-2069
-1830
-1403
-1061
-982
-1157
-1376
-1371
-1053
-581
-186
26
72
38
61
282
685
1075
1261
1216
1066
961
1004
1181
1382
1487
1438
1241
978
806
854
1098
1375
1503
1429
1263
1198
1330
1603
1912
2159
2237
2148
2069
2048
1726
799
-309
-737
-253
454
601
-45
-1347
-2930
-3972
-3661
-2240
-1042
-1101
-2161
-3276
-3798
-3500
-2416
-1044
-217
-344
-982
-1381
-1129
-271
824
1613
1757
1397
964
807
1095
1778
2455
2569
1989
1151
560
376
547
923
1151
835
-31
-989
-1553
-1576
-1217
-802
-698
-1076
-1738
-2278
-2395
-2027
-1355
-754
-569
-788
-1073
-1104
-783
-164
550
1030
1075
831
647
756
1144
1590
1763
1476
892
393
222
329
471
384
-56
-702
-1219
-1363
-1191
-983
-992
-1263
-1618
-1814
-1748
-1494
-1219
-1053
-1041
-1116
-1127
-952
-634
-330
-123
29
173
306
442
634
891
1134
1289
1338
1312
1276
1300
1382
1450
1462
1436
1401
1367
1357
1401
1512
1685
1851
1920
1890
1871
1943
2103
2330
2484
2154
1039
-404
-1152
-719
265
775
306
-1053
-2844
-4187
-4136
-2691
-1127
-790
-1780
-3146
-3955
-3777
-2630
-1061
2
12
-691
-1289
-1210
-381
844
1830
2081
1684
1149
893
1060
1627
2324
2626
2219
1370
627
289
345
645
900
746
65
-851
-1562
-1792
-1545
-1084
-834
-1075
-1669
-2214
-2393
-2118
-1500
-838
-500
-601
-884
-987
-729
-135
608
1192
1361
1168
903
839
1096
1595
2021
1985
1441
787
442
445
546
491
149
-419
-988
-1294
-1268
-1112
-1115
-1390
-1769
-1962
-1847
-1557
-1308
-1188
-1164
-1176
-1149
-991
-692
-370
-139
-1
126
283
454
622
791
963
1128
1269
1360
1371
1325
1291
1300
1311
1282
1223
1170
1159
1201
1276
1341
1395
1477
1582
1675
1780
1935
2093
2197
2291
2295
1833
704
-527
-930
-288
615
867
147
-1347
-3058
-4076
-3664
-2154
-850
-790
-1853
-3158
-3866
-3551
-2325
-880
-58
-142
-730
-1207
-1139
-396
737
1626
1831
1513
1130
955
1077
1532
2128
2404
2079
1364
704
371
403
671
867
670
32
-776
-1424
-1672
-1464
-1032
-817
-1086
-1661
-2148
-2285
-2021
-1448
-832
-521
-635
-926
-1026
-745
-130
586
1093
1199
995
761
746
1048
1574
2014
2012
1508
831
376
266
347
379
195
-214
-711
-1120
-1351
-1428
-1444
-1481
-1548
-1577
-1541
-1497
-1498
-1493
-1401
-1215
-992
-792
-645
-533
-397
-190
67
292
452
561
664
811
1039
1296
1448
1405
1246
1132
1137
1217
1301
1343
1308
1209
1113
1092
1182
1376
1603
1746
1772
1779
1854
1977
2143
2289
2095
1195
-153
-999
-697
300
936
568
-733
-2456
-3785
-3898
-2705
-1199
-598
-1261
-2570
-3619
-3753
-2827
-1364
-255
-18
-431
-954
-1170
-827
85
1146
1749
1694
1310
998
932
1170
1670
2134
2187
1752
1094
545
318
456
741
789
399
-282
-959
-1409
-1494
-1231
-906
-895
-1280
-1794
-2118
-2093
-1719
-1172
-749
-642
-778
-922
-869
-515
88
687
1005
995
836
744
860
1217
1640
1796
1533
1047
666
522
542
572
460
142
-300
-703
-963
-1085
-1134
-1191
-1297
-1413
-1472
-1485
-1494
-1481
-1386
-1216
-1041
-899
-789
-694
-576
-381
-111
149
327
431
523
654
845
1079
1277
1355
1302
1204
1163
1210
1302
1364
1332
1205
1064
1014
1091
1240
1407
1545
1601
1564
1542
1640
1848
2078
2252
2167
1489
237
-861
-954
-53
910
1002
-15
-1712
-3283
-3854
-3079
-1573
-502
-603
-1704
-3028
-3712
-3269
-1925
-528
141
-32
-611
-1098
-1134
-544
484
1407
1759
1540
1086
754
771
1179
1746
2079
1955
1462
851
391
288
533
817
774
304
-375
-980
-1299
-1244
-942
-711
-805
-1195
-1646
-1912
-1832
-1424
-924
-632
-633
-774
-855
-753
-416
88
547
772
765
668
631
765
1092
1442
1527
1239
769
452
457
681
834
674
205
-346
-735
-868
-801
-691
-708
-914
-1206
-1423
-1484
-1405
-1243
-1078
-979
-933
-884
-813
-724
-583
-361
-100
112
252
360
470
605
775
948
1068
1111
1102
1080
1075
1111
1167
1170
1075
919
795
782
898
1076
1207
1232
1198
1189
1256
1412
1617
1802
1933
1978
1765
1060
4
-731
-543
378
1146
983
-212
-1875
-3130
-3261
-2251
-895
-185
-563
-1734
-2974
-3533
-3013
-1690
-406
113
-212
-938
-1518
-1566
-959
59
969
1360
1178
666
199
133
595
1311
1807
1813
1393
791
295
152
397
780
944
716
167
-487
-955
-1021
-741
-418
-344
-586
-1023
-1442
-1611
-1421
-1004
-619
-444
-502
-715
-904
-866
-541
-75
326
526
502
347
241
324
587
901
1106
1046
698
291
142
322
580
608
317
-140
-515
-645
-566
-466
-484
-610
-777
-955
-1092
-1114
-1003
-821
-660
-586
-614
-677
-656
-501
-268
-37
157
277
299
267
275
374
535
686
762
726
618
536
534
577
614
640
672
697
702
707
739
810
909
1013
1099
1172
1264
1376
1464
1503
1508
1465
1264
814
253
-67
101
597
928
659
-232
-1312
-1969
-1843
-1125
-411
-226
-666
-1454
-2178
-2470
-2159
-1399
-618
-233
-394
-943
-1501
-1651
-1199
-360
419
783
671
262
-127
-203
137
721
1236
1430
1229
756
282
70
200
529
806
832
558
98
-331
-535
-459
-217
-5
28
-154
-465
-740
-834
-709
-451
-198
-71
-123
-309
-495
-537
-372
-58
268
452
426
254
78
40
197
473
688
682
455
179
50
139
354
505
441
174
-129
-286
-238
-81
35
1
-186
-418
-553
-519
-366
-196
-112
-162
-323
-491
-549
-461
-285
-117
-50
-118
-264
-359
-324
-188
-36
61
73
16
-41
-21
79
207
308
354
351
339
366
428
492
538
573
593
604
628
669
706
725
731
729
725
741
790
847
862
816
708
547
380
283
298
371
399
294
45
-271
-525
-610
-543
-432
-396
-477
-642
-819
-935
-951
-872
-744
-619
-548
-562
-644
-725
-721
-597
-388
-167
-24
5
-51
-123
-147
-106
-26
50
89
79
21
-66
-150
-199
-187
-125
-48
-14
-49
-125
-189
-195
-132
-35
51
90
83
53
33
44
92
162
226
252
239
203
176
184
229
283
312
305
276
241
214
202
202
205
201
177
122
42
-41
-100
-114
-95
-77
-99
-171
-274
-361
-399
-379
-326
-285
-293
-354
-436
-496
-503
-464
-400
-351
-341
-371
-409
-416
-374
-292
-203
-143
-128
-142
-156
-135
-73
9
81
121
124
105
89
97
136
195
250
274
263
230
206
220
265
318
350
347
316
282
266
281
314
346
359
345
315
291
283
298
321
339
340
326
304
279
254
234
220
213
205
188
151
98
38
-15
-51
-68
-79
-91
-118
-159
-210
-258
-291
-304
-297
-277
-253
-237
-240
-263
-301
-337
-353
-337
-298
-260
-239
-247
-275
-303
-314
-293
-247
-191
-145
-122
-126
-144
-152
-130
-77
-9
49
78
79
70
75
104
151
202
240
258
260
253
246
244
244
242
235
220
202
185
168
149
125
98
72
54
45
44
41
28
4
-27
-47
-57
-54
-49
-49
-58
-73
-86
-89
-76
-54
-27
-12
-14
-27
-45
-53
-49
-34
-28
-36
-59
-89
-114
-126
-128
-127
-127
-132
-143
-150
-154
-153
-149
-139
-129
-114
-98
-82
-72
-66
-61
-53
-38
-18
5
25
36
36
32
28
35
54
81
108
127
132
125
114
113
132
162
194
208
200
178
157
152
167
190
207
208
191
164
142
136
149
172
189
189
171
145
128
127
137
150
154
145
127
110
101
98
94
89
79
67
55
44
36
27
14
-4
-21
-35
-44
-47
-48
-53
-61
-76
-91
-103
-109
-110
-110
-115
-127
-145
-169
-189
-200
-203
-200
-201
-210
-228
-246
-259
-259
-247
-231
-217
-209
-205
-202
-195
-183
-161
-135
-107
-81
-58
-40
-24
-6
15
39
64
87
105
117
123
123
122
122
128
136
145
146
142
131
121
114
112
115
116
115
108
96
83
74
68
70
72
68
54
34
14
-4
-18
-29
-40
-54
-72
-90
-110
-128
-145
-158
-164
-166
-164
-169
-180
-194
-202
-200
-188
-176
-174
-181
-190
-189
-178
-160
-147
-141
-139
-133
-119
-96
-71
-51
-41
-34
-25
-12
6
29
50
66
76
75
74
77
89
110
133
145
146
140
133
136
147
162
173
178
176
168
160
154
152
152
155
158
156
145
127
107
92
86
87
88
81
65
42
18
2
-7
-12
-16
-21
-32
-45
-59
-71
-78
-80
-77
-73
-75
-81
-91
-95
-93
-83
-72
-67
-66
-68
-64
-55
-42
-34
-27
-23
-17
-9
-1
5
5
2
2
7
15
22
21
14
6
3
7
17
26
30
29
26
25
29
37
47
55
58
53
45
36
32
32
36
36
26
11
-4
-14
-14
-8
-3
-6
-12
-22
-27
-26
-17
-9
-4
-4
-9
-15
-21
-23
-19
-14
-9
-8
-10
-17
-20
-19
-14
-4
6
11
10
9
7
11
18
28
37
43
44
42
39
41
48
58
68
75
75
71
70
72
79
91
101
106
103
95
87
83
86
94
98
93
80
58
38
29
29
33
34
22
0
-24
-39
-45
-41
-40
-44
-56
-72
-84
-90
-88
-84
-79
-76
-77
-78
-77
-71
-62
-50
-39
-29
-23
-16
-11
-6
0
7
13
17
19
17
12
6
2
2
2
4
2
-3
-11
-14
-15
-10
-2
5
8
9
6
4
9
16
23
28
24
16
5
-2
-6
-5
-8
-14
-26
-40
-50
-56
-57
-58
-58
-62
-67
-71
-73
-70
-66
-61
-59
-60
-60
-59
-53
-46
-43
-43
-45
-43
-35
-22
-15
-14
-21
-29
-31
-23
-11
-2
-4
-15
-28
-37
-36
-28
-18
-12
-14
-21
-28
-31
-27
-15
1
12
17
14
11
9
17
32
46
56
57
51
43
39
42
47
49
46
38
25
12
0
-4
-7
-10
-16
-24
-34
-44
-51
-53
-52
-50
-49
-50
-51
-55
-53
-49
-40
-32
-26
-23
-23
-20
-14
-5
2
7
8
7
9
13
18
21
21
17
14
12
13
15
17
15
10
4
0
0
3
7
10
9
6
3
3
7
13
19
21
23
21
20
20
18
18
18
18
17
13
8
2
-2
-3
-6
-9
-14
-17
-20
-19
-19
-20
-25
-31
-34
-33
-27
-20
-17
-16
-21
-24
-24
-19
-10
-1
4
4
0
-5
-8
-5
1
8
10
7
1
-3
-2
3
10
14
15
14
15
20
27
34
37
40
42
47
52
60
63
64
65
63
63
63
62
62
60
55
49
42
37
32
30
27
22
14
6
-2
-4
-4
-7
-10
-15
-19
-22
-21
-20
-20
-18
-14
-10
-7
-5
-5
-3
3
10
16
18
15
12
11
16
22
25
20
13
8
7
10
11
9
2
-2
-2
1
3
1
-6
-10
-6
4
12
15
10
6
7
14
23
26
23
20
22
28
30
24
14
4
-1
-1
-3
-6
-4
7
13
-4
-46
-91
-100
-49
37
94
66
-44
-165
-201
-106
61
184
166
16
-160
-234
-150
28
175
193
78
-78
-170
-145
-37
72
119
87
8
-65
-98
-82
-32
20
50
46
10
-39
-70
-64
-22
27
56
47
12
-20
-28
-5
27
48
46
28
9
3
8
15
16
9
1
-7
-10
-13
-16
-21
-27
-30
-32
-37
-39
-40
-38
-37
-37
-41
-46
-46
-38
-26
-20
-21
-29
-34
-25
-8
5
7
-3
-16
-16
-4
14
20
10
-9
-20
-18
-4
8
8
-2
-20
-27
-21
-7
4
4
-1
-9
-12
-6
5
15
19
19
16
14
14
17
22
25
26
23
19
17
16
14
11
8
4
2
2
-1
-6
-12
-19
-24
-22
-17
-13
-16
-23
-32
-37
-33
-23
-12
-6
-8
-16
-25
-27
-19
-8
2
8
6
-1
-8
-11
-8
0
7
12
11
7
3
2
3
3
6
9
14
18
21
20
16
12
12
19
29
34
36
30
22
19
20
26
29
26
20
13
8
7
6
4
0
-4
-8
-9
-9
-12
-15
-16
-15
-13
-9
-10
-11
-12
-11
-6
0
4
4
3
1
2
6
10
14
13
12
10
9
10
12
13
11
8
6
6
6
5
3
3
0
-1
0
2
4
5
5
5
7
10
14
18
21
22
24
24
26
28
29
30
31
30
29
26
23
19
17
15
13
11
5
2
-2
-8
-11
-12
-12
-12
-13
-15
-18
-18
-16
-16
-14
-11
-9
-7
-4
-4
-4
-3
-2
0
3
7
7
7
5
3
2
3
3
4
5
5
2
1
-2
-2
-2
-1
0
0
1
0
0
1
2
4
6
7
8
8
10
10
11
11
11
10
9
7
5
4
3
1
-1
-6
-7
-8
-8
-10
-12
-13
-16
-15
-12
-10
-9
-9
-12
-11
-10
-6
-1
2
2
0
-1
0
1
2
3
2
2
1
1
-1
-5
-8
-8
-8
-7
-6
-8
-13
-17
-19
-18
-14
-9
-7
-6
-11
-16
-19
-17
-9
3
11
11
2
-11
-18
-13
1
17
25
20
3
-15
-23
-17
-1
14
18
8
-12
-28
-31
-23
-8
3
2
-9
-22
-30
-27
-16
-5
-1
-5
-12
-18
-17
-10
-3
1
-1
-5
-7
-7
-4
1
2
0
-2
-3
-3
-2
0
1
1
-2
-2
-2
-1
0
1
2
1
0
-1
-1
0
1
3
3
1
0
0
0
0
1
2
1
0
-1
-2
-1
-2
-2
-2
-2
-3
-3
-3
-2
-2
-2
-1
0
0
-1
0
1
1
4
5
3
3
3
4
5
6
5
5
2
1
1
2
2
1
-1
-2
-3
-5
-4
-4
-4
-5
-4
-4
-4
-3
-2
-2
-2
-1
1
3
6
7
8
7
8
9
11
12
13
12
11
10
8
9
8
9
7
5
4
2
0
0
1
-1
-1
-1
-4
-3
-3
-2
-2
-2
-2
-2
-3
-2
-1
0
0
1
0
1
2
3
3
4
4
5
5
6
6
7
8
7
8
8
8
8
9
9
9
9
7
8
9
9
9
9
8
8
7
6
7
7
6
4
4
3
2
2
1
0
-1
-1
-2
-2
-3
-2
-3
-5
-4
-5
-3
-2
-2
-1
-1
-1
1
2
3
3
5
5
5
6
6
6
7
7
6
5
5
4
3
2
1
0
-1
-1
-2
-2
-3
-4
-5
-6
-5
-5
-4
-4
-3
-3
-2
-2
-2
0
1
2
3
3
3
4
3
5
6
5
4
3
2
1
1
1
-1
-2
-4
-5
-6
-7
-8
-9
-10
-10
-10
-11
-11
-10
-10
-9
-9
-9
-8
-8
-7
-6
-5
-5
-3
-4
-2
-2
-1
-1
0
0
0
0
-1
-1
0
-1
0
-1
-2
-2
-3
-2
-4
-4
-3
-3
-4
-4
-6
-6
-5
-6
-5
-5
-6
-6
-7
-7
-7
-6
-6
-6
-7
-7
-7
-7
-6
-6
-5
-5
-4
-4
-4
-3
-1
-1
-1
-2
0
0
0
0
1
1
1
1
1
0
1
0
0
-1
-1
-2
-2
-2
-2
-4
-3
-4
-5
-5
-5
-4
-4
-4
-4
-4
-4
-4
-3
-2
-1
-1
0
0
1
2
1
2
4
3
4
4
3
6
4
4
4
4
4
3
2
2
1
1
1
1
0
-1
-2
-2
-2
-2
-3
-3
-3
-3
-4
-3
-3
-3
-3
-2
-1
-2
-1
-1
0
1
1
2
3
4
3
4
4
5
5
7
7
7
7
7
7
8
7
8
8
8
6
7
6
6
6
5
5
4
4
3
3
3
2
1
1
0
0
-1
0
-2
-1
-1
-1
-2
-1
0
0
0
1
0
1
2
3
2
3
5
4
5
6
5
6
6
7
7
7
7
7
7
7
5
6
5
5
4
4
4
4
3
2
2
1
1
1
0
0
0
0
0
-1
1
0
0
2
1
2
2
3
3
2
4
4
3
4
3
4
3
3
2
2
2
2
1
0
-1
0
-1
0
-1
-2
-2
-3
-3
-4
-3
-3
-4
-3
-3
-4
-3
-3
-3
-2
-2
-1
-1
-1
0
1
0
1
2
3
3
3
3
3
2
2
3
3
2
2
2
2
2
1
1
0
0
0
0
-1
-1
-2
-3
-3
-4
-4
-4
-5
-5
-5
-6
-6
-7
-6
-6
-7
-6
-7
-6
-6
-6
-6
-5
-4
-5
-3
-4
-2
-1
-1
-1
0
0
1
1
1
2
1
1
1
0
0
-1
-1
-1
-2
-3
-2
-3
-5
-5
-5
-5
-6
-6
-6
-6
-6
-6
-6
-5
-5
-4
-4
-3
-2
-1
-1
0
0
0
1
1
1
2
2
2
2
3
1
2
1
1
1
1
0
0
-1
-2
-2
-2
-3
-3
-4
-4
-5
-5
-5
-5
-4
-5
-4
-5
-5
-4
-3
-3
-3
-3
-1
-1
-1
0
0
0
1
1
2
2
3
3
3
3
3
2
3
3
3
2
2
2
2
2
2
2
1
1
1
0
0
1
0
-1
-1
-1
-1
-1
-1
-1
-1
-1
0
-1
0
0
-1
-1
0
0
0
0
0
2
0
1
1
2
2
2
3
3
3
2
3
3
3
3
3
3
2
2
2
2
2
1
2
2
1
1
1
1
1
0
1
1
1
1
1
1
2
1
1
1
2
2
2
2
2
2
2
3
3
3
2
2
3
3
3
2
3
3
2
3
3
2
2
1
2
2
1
2
1
0
0
1
1
1
0
1
1
1
1
0
1
0
1
1
1
1
2
2
1
3
2
2
3
3
2
3
3
2
3
3
2
3
2
1
1
1
1
1
0
0
0
-1
-1
-2
-2
-2
-3
-3
-3
-3
-4
-3
-3
-3
-2
-3
-2
-1
-2
-1
-1
0
0
1
1
0
1
1
1
1
2
2
2
2
1
1
1
1
1
0
0
0
-1
0
-1
-3
-2
-2
-2
-2
-2
-3
-3
-3
-3
-2
-4
-3
-2
-3
-2
-2
-1
-1
-1
0
-1
-1
-1
0
0
-1
-2
-1
-1
-1
-2
-2
-2
-2
-2
-2
-2
-2
-3
-2
-3
-3
-3
-3
-3
-4
-3
-3
-3
-2
-3
-2
-2
-2
-2
-1
-2
-2
-2
-2
-1
-1
-1
-1
0
-1
0
-1
0
0
0
0
0
0
0
0
0
0
-1
0
0
0
0
0
0
-1
0
-1
-1
-1
-1
-1
-2
-1
-1
-1
-1
-1
-1
-2
-2
-1
-1
-1
-1
-2
-1
-1
-1
-1
-1
-1
-1
-1
0
-1
0
0
0
0
0
0
0
0
0
1
1
1
1
1
1
1
1
1
1
1
1
1
0
1
1
1
1
1
1
1
1
1
0
1
1
0
0
1
1
1
1
1
1
1
1
1
1
1
2
2
1
1
1
1
1
1
1
0
0
0
0
0
-1
-1
0
-1
-1
-1
0
-1
0
-1
0
0
0
0
0
1
1
1
1
1
1
2
2
3
3
2
3
3
3
3
3
4
3
3
4
3
4
3
3
3
2
2
2
1
2
1
1
2
1
1
2
0
1
1
1
0
0
-1
0
1
-1
0
0
0
0
0
0
0
1
1
0
0
1
0
1
0
1
1
0
1
1
1
1
1
1
1
0
1
0
1
0
-1
1
0
0
0
0
0
0
0
0
-1
1
0
0
0
0
0
0
-1
0
0
0
0
0
0
0
0
0
0
-1
0
0
0
0
0
0
0
0
0
0
0
0
-1
0
-1
0
-1
-1
-1
-1
-1
-1
-1
-1
0
-1
-1
-2
-1
-1
-1
-1
-1
-2
-1
-2
-1
0
-2
-1
-1
-1
-1
-2
-1
-2
-1
0
-1
-1
-1
0
-1
0
0
-1
0
-1
-1
0
0
-1
0
0
0
0
-1
-1
-1
0
-1
-1
-2
-1
-1
-1
-1
-1
-1
-1
-1
0
-1
-1
-1
0
1
-1
-1
-1
-1
0
1
0
0
-1
0
1
0
0
0
0
0
-1
0
0
-1
0
0
0
0
0
-1
0
-1
-1
0
0
0
0
-1
0
0
0
0
0
0
0
0
0
-1
0
0
0
0
0
0
0
0
0
1
0
1
0
0
0
0
0
0
0
0
0
0
0
-1
0
0
0
0
-1
0
0
0
0
0
0
1
0
0
0
0
0
0
0
0
0
0
0
1
0
0
0
1
1
0
1
1
0
1
0
1
0
0
0
0
1
0
0
0
0
1
0
0
1
1
0
0
-1
0
0
0
0
1
1
1
1
1
0
0
0
0
0
1
0
0
0
1
1
1
0
1
1
1
0
1
0
1
0
0
0
0
0
1
0
1
1
1
1
0
0
1
1
1
1
1
0
0
1
0
0
0
1
0
1
1
0
1
1
0
0
1
0
0
0
0
1
1
0
0
-1
1
0
0
-1
0
0
0
0
1
1
0
1
0
0
0
1
0
-1
0
0
0
0
-1
0
0
0
-1
0
0
0
0
0
0
0
0
0
-1
0
0
0
0
-1
-1
0
0
0
0
1
0
0
0
0
0
0
0
0
0
0
0
0
-1
0
-1
-1
0
0
0
0
-1
-1
0
0
0
0
-1
-1
0
-1
0
0
0
0
0
0
0
0
-1
-1
0
0
-1
0
0
0
0
0
0
-1
-1
0
0
-1
-1
-1
0
-1
0
0
0
0
0
-1
0
-1
0
0
0
0
0
1
0
0
-1
0
0
-1
0
-1
0
0
0
0
-1
0
0
0
0
-1
0
0
-1
0
0
-1
-1
0
0
0
-1
0
-1
0
0
0
0
0
-1
0
1
0
0
0
1
0
0
0
0
0
0
0
0
0
0
1
0
0
0
1
0
1
0
-1
-1
-1
0
0
1
0
0
0
0
-1
0
0
1
0
0
1
0
0
0
0
0
0
0
-1
0
0
0
0
0
0
0
0
0
0
0
0
0
0
0
0
0
0
0
0
0
1
1
1
1
0
0
0
1
1
0
-1
1
0
0
0
0
-1
0
0
0
0
0
0
0
0
1
1
0
0
0
1
0
0
1
-1
0
0
0
0
0
0
0
0
1
0
0
0
1
-1
0
0
0
0
0
0
0
0
0
1
0
0
0
0
0
-1
0
0
0
0
-1
-1
0
0
0
0
0
0
0
0
0
0
1
0
0
0
1
0
1
0
0
0
0
0
1
0
1
0
0
-1
1
0
0
0
0
1
0
0
0
-1
0
1
0
0
0
0
0
1
0
0
0
0
-1
1
0
0
1
0
0
0
0
0
0
0
-1
0
0
0
0
0
0
0
1
0
0
0
0
-1
1
0
-1
0
-1
0
0
0
0
0
0
0
0
-1
0
0
-1
-1
0
0
0
0
0
0
0
-1
-1
0
0
0
-2
0
0
0
0
-1
0
0
0
0
0
-1
-1
0
0
0
-1
0
0
0
0
0
-1
0
0
0
0
0
0
0
0
0
0
-1
0
0
-1
0
-1
0
0
0
0
0
-1
-1
0
0
0
0
0
0
0
-1
-1
0
-1
-1
0
0
-1
0
0
0
0
1
1
-1
0
0
-1
-1
0
0
-1
0
0
-1
0
0
-1
1
-1
0
0
-1
0
-1
0
0
0
0
0
1
0
0
-1
1
1
0
0
0
0
0
0
0
0
0
0
-1
0
0
0
0
0
-1
0
-1
-1
0
0
1
1
0
1
0
1
1
1
1
1
1
0
1
1
1
0
0
0
0
1
0
-1
0
0
1
1
0
-1
0
0
0
0
2
1
0
1
1
1
0
1
0
1
1
1
0
1
1
1
1
1
1
1
1
2
1
1
1
1
0
1
1
1
0
1
0
1
1
0
2
2
1
2
2
1
2
1
2
2
2
3
2
3
1
2
2
2
2
2
2
2
2
1
2
2
1
1
1
1
2
2
2
1
1
2
1
2
2
1
2
2
2
2
2
1
2
1
1
1
1
1
2
1
1
1
0
0
1
1
1
1
0
2
1
0
0
1
0
1
1
1
1
1
1
1
1
0
1
0
1
0
0
0
-1
1
1
1
0
1
-1
0
-1
-1
0
0
0
0
-1
0
0
-1
-1
0
-2
0
-2
-1
-1
-1
-1
0
0
-1
-1
-2
-1
0
-1
0
0
0
0
0
-1
-2
0
-1
-1
-2
-2
-2
-3
-2
-2
-3
-2
-3
-3
-3
-4
-4
-5
-5
-6
-7
-9
-10
-10
-11
-11
-12
-13
-12
-14
-13
-13
-12
-12
-12
-13
-11
-10
-9
-8
-6
-4
-5
-3
-6
-5
-4
-3
-1
0
-1
0
-2
-2
-3
-4
-3
-3
-2
-1
-2
0
1
2
3
3
4
6
8
10
13
16
17
17
17
15
13
13
15
15
16
17
17
15
12
9
8
6
5
5
5
4
4
3
2
2
1
2
1
2
4
5
5
4
-1
-10
-22
-40
-60
-77
-93
-105
-117
-130
-148
-171
-195
-214
-221
-209
-179
-137
-92
-52
-23
-1
23
58
112
185
264
330
371
378
354
317
284
269
273
285
284
255
188
93
-12
-100
-156
-171
-165
-156
-165
-204
-267
-334
-383
-394
-363
-303
-236
-180
-155
-155
-166
-167
-142
-86
-4
83
158
208
227
225
216
213
225
251
283
304
310
291
252
196
137
82
38
9
-8
-21
-38
-64
-105
-157
-210
-255
-277
-270
-240
-199
-162
-144
-147
-165
-182
-179
-143
-76
8
88
141
159
147
123
112
129
179
244
303
329
311
257
186
122
88
87
107
125
119
76
2
-84
-157
-199
-202
-177
-145
-129
-138
-173
-214
-243
-244
-210
-151
-88
-36
-9
-7
-14
-17
-4
31
80
130
166
177
168
146
119
102
99
106
116
116
100
70
30
-9
-39
-57
-66
-67
-69
-78
-92
-108
-123
-129
-126
-113
-94
-73
-54
-38
-25
-12
3
20
40
61
80
96
107
113
115
115
111
104
98
89
77
64
49
33
16
-1
-21
-38
-54
-68
-78
-87
-92
-95
-97
-98
-95
-93
-87
-77
-66
-52
-38
-25
-12
-1
8
15
23
30
36
42
46
49
49
44
39
31
25
20
14
12
7
3
-4
-12
-22
-30
0
0
0
0
0
0
0
0
0
0
0
0
0
0
0
0
0
0
0
0
0
0
0
0
0
0
0
0
0
0
0
0
0
0
0
0
0
0
0
0
0
0
0
0
0
0
0
0
0
0
0
0
0
0
0
0
0
0
0
0
0
0
0
0
0
0
0
0
0
0
0
0
0
0
0
0
0
0
0
0
0
0
0
0
0
0
0
0
0
0
0
0
0
0
0
0
0
0
0
0
0
0
0
0
0
0
0
0
0
0
0
0
0
0
0
0
0
0
0
0
0
0
0
0
0
0
0
0
0
0
0
0
0
0
0
0
0
0
0
0
0
0
0
0
0
0
0
0
0
0
0
0
0
0
0
0
0
0
0
0
0
0
0
0
0
0
0
0
0
0
0
0
0
0
0
0
0
0
0
0
0
0
0
0
0
0
0
0
0
0
0
0
0
0
0
0
0
0
