0
0
0
0
0
0
0
0
0
0
0
0
0
0
0
0
0
0
0
0
0
0
0
0
0
0
0
0
0
0
0
0
0
0
0
0
0
0
0
0
0
0
0
0
0
0
0
0
0
0
0
0
0
0
0
0
0
0
0
0
0
0
0
0
0
0
0
0
0
0
0
0
0
0
0
0
0
0
0
0
0
0
0
0
0
0
0
0
0
0
0
0
0
0
0
0
0
0
0
0
0
0
0
0
0
0
0
0
0
0
0
0
0
0
0
0
0
0
0
0
0
0
0
0
0
0
0
0
0
0
0
0
0
0
0
0
0
0
0
0
0
0
0
0
0
0
0
0
0
0
0
0
0
0
0
0
0
0
0
0
0
0
0
0
0
0
0
0
0
0
0
0
0
0
0
0
0
0
0
0
0
0
0
0
0
0
0
0
0
0
0
0
0
0
0
0
0
0
-32
-34
-37
-40
-43
-47
-50
-52
-55
-56
-59
-61
-63
-65
-67
-66
-68
-69
-66
-66
-66
-64
-62
-59
-59
-57
-54
-52
-50
-48
-46
-42
-40
-39
-36
-33
-30
-27
-24
-21
-19
-16
-13
-10
-10
-7
-6
-4
-5
-3
-2
-2
-1
-1
0
1
1
1
3
4
6
7
8
10
11
11
12
15
15
15
15
16
18
18
20
22
24
27
29
32
34
37
39
41
44
46
47
49
49
51
52
57
60
64
70
75
83
91
101
110
120
129
138
147
153
162
168
174
180
186
192
198
202
207
209
207
204
197
185
168
145
117
84
47
6
-36
-77
-121
-161
-197
-231
-257
-279
-296
-306
-311
-314
-312
-306
-300
-292
-282
-272
-259
-245
-230
-213
-194
-171
-149
-125
-100
-78
-54
-34
-15
0
10
19
26
28
32
36
40
46
55
66
80
95
114
132
151
170
188
202
212
223
227
227
225
220
211
200
185
170
152
131
109
83
55
25
-7
-44
-82
-122
-162
-203
-243
-280
-312
-339
-362
-378
-386
-389
-384
-373
-355
-333
-305
-276
-241
-207
-173
-136
-103
-69
-38
-9
17
42
64
84
102
118
133
146
157
165
174
179
182
184
183
179
175
169
164
158
151
145
142
138
138
137
137
136
137
135
132
128
122
115
107
98
89
82
76
72
72
75
79
87
98
111
125
140
157
176
196
217
240
263
285
306
323
335
341
338
325
301
266
218
162
95
26
-48
-120
-189
-252
-305
-347
-380
-400
-413
-417
-414
-406
-397
-385
-372
-360
-347
-332
-316
-297
-276
-250
-221
-189
-156
-124
-92
-66
-44
-29
-20
-17
-19
-26
-36
-45
-52
-57
-56
-49
-36
-19
5
33
62
93
124
156
182
207
227
246
258
268
276
279
279
275
269
257
242
223
197
167
131
90
44
-5
-58
-111
-166
-221
-273
-322
-364
-400
-431
-452
-466
-470
-466
-454
-433
-407
-375
-339
-300
-260
-219
-179
-140
-106
-73
-43
-17
7
28
48
66
84
101
116
130
144
155
163
170
173
174
171
168
161
155
150
146
145
149
154
163
171
184
195
204
209
211
209
201
191
177
161
146
131
120
113
111
112
118
125
135
147
158
170
181
193
207
223
244
269
295
323
348
372
385
387
374
343
293
224
140
43
-60
-165
-266
-357
-431
-488
-524
-541
-541
-525
-497
-464
-431
-396
-366
-340
-317
-298
-279
-259
-235
-205
-170
-131
-87
-43
-1
36
65
82
88
80
63
36
6
-27
-59
-85
-105
-115
-116
-107
-91
-68
-41
-13
16
46
71
94
116
135
155
172
191
210
226
242
256
267
272
269
260
240
212
175
130
77
17
-46
-113
-179
-243
-302
-354
-398
-432
-456
-467
-470
-461
-441
-413
-378
-338
-295
-250
-206
-163
-121
-85
-49
-18
9
33
53
70
84
96
106
114
120
123
128
131
135
141
146
152
156
161
165
169
171
171
172
172
173
172
176
179
186
194
201
210
217
220
221
219
211
200
186
169
154
139
127
118
117
119
125
137
154
173
196
223
250
281
313
346
382
414
443
464
475
469
448
406
343
258
157
41
-82
-208
-328
-438
-528
-596
-642
-661
-659
-638
-602
-559
-512
-465
-421
-383
-349
-319
-289
-259
-223
-182
-136
-85
-31
20
67
106
131
140
136
114
80
37
-13
-61
-106
-142
-167
-182
-182
-171
-155
-130
-102
-73
-44
-15
13
40
67
98
130
165
202
237
273
303
326
339
341
330
306
270
224
166
104
35
-36
-108
-178
-244
-308
-365
-415
-456
-489
-510
-520
-518
-504
-480
-445
-401
-351
-299
-245
-192
-142
-96
-57
-24
4
26
41
54
61
66
67
67
65
62
59
56
54
55
58
65
73
86
98
111
124
137
149
160
169
178
187
197
208
221
235
247
261
271
277
278
274
263
249
230
210
190
172
162
157
158
168
185
208
236
268
302
339
378
417
458
498
536
567
589
598
588
555
496
410
297
160
4
-162
-329
-487
-628
-741
-822
-869
-881
-861
-815
-750
-676
-599
-523
-455
-396
-343
-298
-253
-205
-153
-92
-24
47
121
193
251
291
311
305
274
220
146
60
-30
-118
-194
-256
-296
-314
-314
-297
-266
-229
-187
-147
-110
-74
-42
-10
23
62
106
156
212
269
324
372
407
428
426
403
359
297
219
130
35
-60
-152
-237
-315
-379
-436
-481
-518
-544
-560
-566
-559
-542
-510
-466
-412
-348
-278
-205
-135
-68
-12
34
70
92
106
113
115
114
113
113
112
113
115
115
113
110
102
94
85
78
74
74
81
96
116
142
171
203
233
260
283
303
317
326
332
332
330
325
317
309
297
285
269
254
240
227
217
212
211
220
234
255
286
326
371
425
484
549
614
680
740
787
818
824
801
740
639
498
319
109
-123
-365
-602
-819
-1004
-1145
-1234
-1271
-1256
-1195
-1098
-977
-843
-708
-578
-460
-354
-260
-175
-91
-6
83
176
272
364
444
504
536
530
488
403
285
140
-18
-178
-326
-453
-547
-604
-623
-609
-568
-507
-437
-363
-292
-230
-172
-117
-62
-3
67
148
239
337
435
522
591
633
642
611
542
441
310
162
7
-145
-284
-405
-501
-575
-627
-661
-679
-690
-692
-687
-677
-658
-628
-584
-523
-445
-354
-252
-144
-41
54
130
185
212
217
197
161
112
60
12
-30
-59
-76
-81
-75
-62
-48
-35
-24
-16
-9
-2
7
23
47
81
125
176
234
292
346
393
430
453
465
463
451
431
407
380
356
334
318
307
299
295
294
298
308
321
343
377
422
482
557
646
747
855
961
1058
1130
1168
1157
1088
956
757
496
182
-166
-527
-878
-1195
-1457
-1645
-1753
-1778
-1726
-1607
-1440
-1243
-1033
-826
-633
-459
-301
-157
-20
116
255
396
537
664
775
848
877
850
760
610
406
167
-89
-344
-577
-766
-902
-976
-988
-945
-859
-744
-616
-488
-370
-268
-176
-94
-12
77
182
304
442
589
734
859
952
994
977
896
752
556
320
67
-184
-411
-602
-743
-834
-878
-881
-856
-815
-768
-723
-684
-652
-619
-577
-521
-444
-346
-226
-97
35
155
256
323
352
343
297
224
137
45
-35
-101
-146
-172
-180
-175
-164
-153
-145
-142
-141
-137
-122
-93
-43
24
108
203
301
394
474
535
572
584
576
555
529
502
482
468
462
459
456
447
429
400
362
319
277
246
234
246
288
357
453
571
704
845
987
1124
1250
1358
1443
1495
1504
1460
1352
1170
912
578
180
-264
-729
-1185
-1599
-1937
-2174
-2298
-2304
-2200
-2003
-1735
-1423
-1097
-777
-478
-215
15
214
394
560
715
856
979
1073
1125
1121
1050
907
690
411
85
-262
-601
-905
-1149
-1317
-1397
-1392
-1310
-1164
-976
-766
-553
-353
-171
-13
129
262
393
528
669
808
938
1046
1115
1135
1088
970
785
543
258
-47
-349
-624
-853
-1023
-1131
-1175
-1165
-1112
-1031
-938
-839
-744
-657
-575
-493
-406
-309
-201
-89
22
124
204
256
272
252
198
117
22
-74
-161
-228
-270
-290
-292
-285
-276
-271
-271
-278
-287
-293
-284
-255
-199
-119
-16
103
223
335
426
492
527
533
515
479
434
388
350
322
308
300
299
295
285
266
238
205
174
152
148
168
217
293
395
515
643
770
889
995
1088
1173
1255
1339
1430
1521
1598
1644
1633
1541
1349
1039
612
84
-508
-1125
-1712
-2209
-2564
-2748
-2758
-2605
-2316
-1926
-1488
-1051
-647
-295
-4
218
391
547
711
887
1065
1230
1364
1436
1413
1275
1026
680
256
-222
-706
-1138
-1474
-1689
-1775
-1737
-1592
-1371
-1110
-841
-577
-334
-126
42
191
341
508
692
885
1073
1236
1347
1382
1332
1199
984
694
348
-16
-350
-621
-813
-924
-963
-939
-878
-811
-757
-726
-730
-785
-883
-976
-1003
-930
-759
-516
-225
75
339
525
624
631
544
362
109
-158
-375
-513
-565
-549
-484
-403
-336
-290
-258
-234
-226
-235
-249
-231
-158
-28
141
325
488
595
633
614
562
487
394
294
213
174
189
251
347
452
535
573
562
520
466
409
350
299
273
285
333
410
505
612
721
822
916
1014
1120
1217
1295
1373
1474
1600
1721
1809
1844
1800
1634
1315
847
266
-407
-1155
-1902
-2525
-2916
-3054
-2978
-2731
-2341
-1870
-1404
-994
-628
-288
1
202
341
504
750
1050
1336
1565
1706
1712
1532
1179
729
244
-266
-796
-1289
-1655
-1842
-1858
-1745
-1540
-1283
-1033
-835
-680
-520
-330
-117
103
339
613
919
1219
1465
1628
1679
1592
1361
1025
644
266
-90
-411
-670
-835
-913
-936
-929
-897
-846
-805
-790
-787
-768
-730
-694
-650
-554
-387
-190
-24
87
148
154
95
-15
-128
-213
-287
-369
-434
-441
-391
-333
-308
-313
-345
-406
-488
-548
-541
-474
-387
-297
-189
-45
115
250
348
404
415
372
299
247
239
257
267
260
241
214
174
120
63
15
-29
-66
-66
-7
108
246
376
478
545
574
571
551
532
521
513
510
529
596
708
840
961
1056
1121
1161
1189
1238
1326
1433
1505
1509
1441
1305
1075
727
256
-320
-977
-1664
-2278
-2689
-2827
-2727
-2474
-2132
-1729
-1313
-936
-612
-307
-11
238
418
581
804
1094
1367
1534
1565
1452
1179
752
240
-256
-688
-1070
-1405
-1643
-1730
-1673
-1531
-1354
-1162
-968
-793
-636
-453
-199
124
470
799
1094
1346
1523
1590
1538
1383
1143
835
485
142
-144
-360
-520
-644
-734
-791
-832
-878
-919
-913
-839
-717
-571
-395
-167
96
330
489
558
513
317
-39
-465
-823
-1026
-1080
-1024
-878
-675
-483
-359
-303
-273
-254
-275
-331
-369
-332
-225
-91
34
131
165
114
7
-76
-86
-35
44
139
254
368
455
510
548
551
487
354
202
90
40
33
55
108
184
266
345
429
519
594
634
641
648
674
722
776
825
861
876
875
865
865
886
929
989
1075
1206
1384
1576
1724
1791
1775
1658
1405
993
455
-163
-853
-1594
-2274
-2726
-2858
-2742
-2510
-2222
-1867
-1486
-1164
-920
-664
-321
58
379
660
990
1378
1693
1812
1741
1535
1193
694
113
-404
-772
-1042
-1283
-1475
-1564
-1566
-1546
-1529
-1468
-1324
-1121
-882
-579
-173
312
786
1174
1455
1631
1687
1605
1414
1178
944
715
479
242
27
-170
-372
-597
-836
-1045
-1198
-1279
-1274
-1166
-948
-654
-357
-117
47
157
227
261
261
244
215
157
50
-104
-278
-444
-599
-740
-856
-931
-954
-925
-842
-719
-578
-451
-355
-277
-204
-133
-68
-5
57
115
156
183
212
252
287
296
277
246
214
180
145
120
116
121
118
99
69
41
18
1
-3
13
59
138
253
391
531
645
719
750
750
730
702
683
676
670
661
656
667
693
727
766
813
867
932
1024
1159
1330
1486
1583
1601
1529
1333
980
486
-95
-730
-1403
-2038
-2479
-2619
-2506
-2282
-2035
-1751
-1436
-1156
-949
-739
-430
-37
338
662
994
1346
1604
1646
1483
1215
885
468
-14
-453
-760
-964
-1143
-1309
-1424
-1486
-1542
-1597
-1580
-1421
-1133
-776
-380
56
507
901
1186
1364
1461
1475
1393
1240
1075
936
804
632
403
133
-149
-436
-718
-963
-1125
-1183
-1141
-1023
-841
-615
-385
-214
-131
-102
-70
-3
82
154
203
223
192
91
-65
-242
-410
-562
-689
-770
-793
-770
-723
-660
-584
-511
-453
-408
-355
-282
-213
-143
-57
52
156
223
260
295
327
337
319
299
297
298
280
250
232
227
211
170
118
79
54
43
50
89
159
244
331
422
520
605
660
691
709
720
721
719
729
753
769
771
770
785
816
853
896
944
1000
1080
1209
1386
1551
1634
1607
1487
1268
926
468
-64
-644
-1276
-1901
-2359
-2506
-2374
-2140
-1928
-1720
-1469
-1209
-992
-768
-446
-23
392
734
1048
1364
1577
1558
1320
1001
695
376
2
-374
-672
-888
-1083
-1278
-1427
-1513
-1580
-1643
-1638
-1474
-1142
-722
-291
129
524
855
1083
1225
1313
1362
1351
1277
1174
1070
944
753
490
190
-109
-398
-671
-889
-1007
-1017
-958
-873
-759
-612
-446
-293
-167
-58
18
34
-7
-38
1
84
129
80
-51
-211
-379
-539
-662
-719
-721
-704
-684
-640
-571
-511
-499
-515
-503
-432
-325
-221
-120
-16
90
176
238
288
325
333
313
293
302
330
338
309
256
202
150
98
52
28
25
29
39
66
118
184
256
330
405
474
532
583
629
662
671
654
626
603
600
607
608
600
602
632
700
786
861
916
970
1050
1173
1316
1418
1415
1261
965
565
116
-353
-845
-1340
-1771
-2032
-2066
-1928
-1749
-1620
-1529
-1420
-1256
-1038
-757
-405
-10
363
671
920
1115
1203
1122
890
611
377
192
3
-219
-464
-708
-949
-1176
-1366
-1492
-1545
-1534
-1448
-1259
-960
-594
-234
73
329
551
751
923
1062
1165
1229
1249
1219
1136
993
783
524
254
7
-201
-376
-518
-625
-694
-729
-739
-721
-672
-594
-492
-381
-282
-216
-186
-174
-147
-85
-9
35
5
-91
-216
-324
-401
-456
-495
-524
-539
-542
-533
-521
-514
-519
-517
-485
-406
-300
-195
-111
-46
11
74
146
221
282
320
339
361
396
433
449
436
402
365
331
296
259
226
206
197
198
204
218
240
271
309
354
402
447
487
521
550
570
575
573
576
592
615
638
667
715
777
831
858
868
889
941
1020
1113
1197
1240
1182
971
609
156
-320
-772
-1165
-1438
-1528
-1445
-1294
-1198
-1207
-1265
-1293
-1249
-1123
-901
-575
-183
193
480
650
718
696
603
478
376
334
328
299
202
29
-201
-453
-701
-915
-1069
-1148
-1147
-1074
-947
-791
-628
-475
-335
-204
-67
91
287
507
714
876
976
1023
1021
977
893
782
667
564
471
377
263
117
-62
-263
-464
-626
-724
-749
-720
-664
-601
-540
-489
-455
-446
-448
-433
-377
-283
-173
-82
-29
-26
-65
-122
-179
-213
-217
-195
-161
-128
-110
-109
-121
-142
-159
-151
-112
-49
21
79
120
141
143
135
131
145
177
213
240
251
245
223
190
154
124
106
100
107
121
131
129
111
85
66
57
53
47
42
42
48
58
63
66
67
68
66
66
70
79
97
119
146
181
224
275
325
374
422
471
517
555
582
592
587
569
537
499
456
408
357
303
251
195
130
53
-32
-120
-201
-270
-325
-375
-419
-461
-499
-536
-571
-609
-648
-683
-705
-711
-700
-680
-660
-645
-636
-629
-622
-612
-598
-579
-549
-510
-457
-393
-325
-260
-205
-156
-104
-44
26
97
169
238
304
360
406
441
460
466
461
453
449
455
463
465
450
423
387
349
314
282
251
221
189
156
120
79
34
-16
-71
-126
-178
-222
-259
-289
-321
-354
-390
-424
-453
-478
-496
-508
-510
-503
-490
-472
-454
-434
-414
-392
-365
-332
-290
-240
-188
-137
-88
-40
5
46
85
125
164
203
239
271
301
330
357
379
399
417
437
454
469
478
483
481
478
475
470
462
449
431
412
390
372
352
332
312
296
286
285
291
299
306
316
332
356
388
414
425
419
400
374
342
306
263
213
163
118
80
38
-16
-87
-170
-253
-324
-379
-425
-472
-522
-568
-602
-622
-635
-650
-670
-685
-684
-660
-620
-576
-537
-509
-484
-457
-423
-382
-343
-306
-268
-221
-160
-92
-29
22
61
97
139
187
241
291
332
363
388
411
430
442
442
431
419
411
411
413
408
389
356
316
280
246
214
178
136
92
52
13
-23
-63
-112
-167
-218
-263
-297
-327
-359
-392
-425
-452
-473
-486
-497
-504
-504
-493
-473
-446
-418
-395
-372
-350
-323
-291
-257
-219
-179
-138
-93
-49
-8
30
63
97
133
172
210
246
281
310
339
365
385
399
409
416
422
427
433
434
432
426
419
413
403
389
371
350
330
311
295
280
265
250
239
234
236
244
253
263
277
301
332
363
385
390
378
355
329
301
270
232
186
135
84
33
-24
-94
-178
-269
-354
-422
-476
-524
-576
-630
-680
-717
-738
-748
-753
-756
-754
-735
-700
-656
-614
-581
-559
-538
-507
-463
-413
-363
-316
-268
-213
-148
-80
-22
25
61
96
138
186
237
283
316
341
366
389
407
418
417
411
404
403
404
399
380
349
309
271
240
212
183
151
114
77
41
4
-43
-102
-167
-230
-280
-316
-348
-383
-425
-471
-509
-536
-550
-561
-572
-579
-575
-556
-526
-496
-471
-451
-427
-387
-331
-267
-206
-153
-106
-56
-2
54
106
148
185
220
261
308
351
384
406
423
440
459
476
489
492
490
485
481
479
476
467
457
445
435
424
408
393
372
353
338
325
313
302
293
285
279
277
278
281
292
311
335
355
366
363
348
323
299
272
242
208
165
121
76
27
-34
-106
-189
-272
-346
-409
-459
-507
-559
-611
-656
-687
-707
-717
-721
-718
-702
-671
-629
-586
-550
-522
-497
-469
-429
-385
-338
-293
-248
-198
-143
-86
-33
9
43
77
114
161
206
247
279
306
333
362
390
411
423
428
434
442
454
458
449
424
390
357
327
301
271
234
190
145
103
61
11
-50
-121
-190
-246
-288
-323
-361
-406
-454
-497
-528
-549
-566
-580
-592
-593
-580
-553
-522
-494
-470
-441
-404
-353
-293
-233
-180
-132
-84
-34
19
69
113
152
190
227
266
303
333
355
371
386
404
419
433
438
440
440
441
442
442
439
434
428
422
416
405
388
365
340
318
302
290
275
258
237
221
214
210
210
209
211
218
234
255
269
269
252
230
208
189
175
153
121
80
35
-8
-53
-107
-173
-245
-313
-371
-416
-457
-504
-555
-604
-643
-665
-674
-675
-673
-664
-644
-612
-575
-541
-513
-492
-470
-439
-401
-358
-316
-276
-236
-191
-145
-99
-59
-27
3
35
73
111
147
179
205
230
256
282
305
321
332
342
356
369
378
374
355
329
302
277
256
231
198
160
123
87
53
14
-38
-100
-161
-212
-246
-276
-308
-350
-397
-439
-468
-483
-494
-506
-518
-523
-514
-492
-463
-438
-419
-401
-370
-321
-261
-199
-146
-104
-62
-14
39
93
137
174
207
242
281
319
349
366
377
390
407
428
444
452
451
447
444
445
447
443
437
429
426
422
418
408
391
373
358
350
347
343
334
322
306
294
285
277
270
265
264
268
275
277
270
250
222
193
166
140
112
78
40
-1
-44
-94
-149
-210
-276
-337
-390
-435
-480
-527
-575
-619
-655
-679
-694
-703
-705
-696
-674
-645
-613
-585
-559
-534
-503
-465
-424
-382
-341
-298
-249
-197
-143
-93
-51
-13
27
70
116
160
199
232
263
294
330
361
384
400
413
426
442
454
456
446
426
403
382
364
341
310
269
226
184
145
104
56
1
-60
-115
-162
-205
-249
-298
-349
-396
-431
-455
-474
-492
-510
-522
-526
-517
-501
-483
-464
-441
-410
-369
-321
-273
-226
-183
-139
-89
-37
15
64
109
149
190
229
265
299
327
351
375
398
420
440
455
464
470
472
474
474
474
473
468
458
449
440
431
420
406
388
370
354
345
337
329
314
298
280
267
260
255
251
244
240
244
251
257
250
227
196
163
137
114
89
53
11
-31
-72
-113
-159
-218
-281
-341
-392
-432
-468
-507
-551
-593
-625
-646
-656
-662
-664
-659
-644
-618
-587
-559
-538
-520
-497
-468
-433
-391
-353
-312
-267
-219
-168
-120
-79
-46
-12
23
65
111
155
192
223
252
281
311
335
352
360
363
369
378
382
375
353
319
281
251
229
205
171
127
77
34
-4
-43
-91
-148
-208
-258
-292
-315
-343
-380
-422
-462
-485
-494
-496
-501
-510
-517
-512
-491
-465
-440
-421
-400
-368
-322
-267
-211
-165
-126
-84
-36
19
75
124
165
203
241
281
320
353
380
402
424
447
470
488
500
505
502
499
496
494
490
483
470
453
435
419
404
385
366
345
327
317
313
309
298
281
261
250
250
255
258
259
254
256
264
273
270
247
211
175
149
133
112
77
27
-27
-73
-107
-145
-195
-259
-323
-374
-407
-428
-453
-491
-534
-568
-584
-584
-579
-576
-577
-570
-552
-522
-492
-470
-456
-443
-422
-390
-350
-309
-271
-233
-195
-153
-112
-74
-41
-8
28
69
112
151
189
224
256
285
309
330
348
363
377
387
390
383
372
354
333
311
287
258
226
191
154
113
68
21
-30
-78
-124
-166
-207
-245
-282
-315
-342
-366
-387
-408
-426
-436
-441
-439
-436
-429
-418
-400
-374
-343
-310
-277
-247
-213
-176
-135
-93
-54
-16
22
63
104
147
184
220
252
286
322
356
386
408
425
439
450
460
468
473
473
471
464
456
444
432
417
399
381
362
344
329
317
307
298
287
279
272
267
266
266
265
266
266
269
276
284
291
289
274
250
219
188
158
126
88
45
-1
-46
-89
-132
-182
-237
-299
-355
-400
-433
-464
-496
-535
-571
-598
-612
-616
-615
-613
-608
-595
-573
-546
-522
-504
-490
-474
-448
-415
-376
-337
-298
-260
-217
-175
-134
-97
-64
-30
6
46
88
127
160
189
219
246
273
292
309
320
329
339
346
345
332
312
285
259
236
210
180
143
101
59
18
-25
-72
-122
-175
-223
-262
-292
-320
-349
-378
-407
-430
-443
-452
-458
-464
-466
-460
-445
-422
-398
-373
-349
-324
-293
-257
-217
-176
-139
-100
-60
-17
28
74
115
153
188
225
263
300
335
364
389
409
428
441
456
465
468
468
463
456
447
434
419
401
381
360
340
321
302
282
265
250
242
237
235
234
231
229
229
231
237
245
253
262
274
287
295
293
275
247
217
188
161
136
103
63
18
-27
-72
-118
-170
-228
-286
-337
-375
-405
-433
-469
-507
-540
-563
-573
-573
-569
-566
-559
-546
-526
-502
-482
-466
-452
-433
-407
-372
-333
-295
-259
-224
-185
-143
-102
-61
-25
8
41
77
116
154
189
217
243
268
292
316
335
347
350
349
346
343
336
324
304
277
247
221
191
158
119
73
23
-24
-68
-107
-145
-186
-228
-266
-299
-324
-346
-365
-386
-406
-419
-425
-422
-416
-410
-401
-389
-367
-338
-304
-268
-239
-207
-175
-139
-99
-59
-20
18
56
97
139
180
219
255
288
321
354
384
411
433
448
461
471
477
481
480
475
469
458
446
432
412
391
370
349
328
304
281
260
243
231
224
220
215
208
201
198
199
204
208
211
218
228
241
251
251
237
211
179
151
125
101
72
35
-7
-48
-89
-129
-175
-229
-281
-329
-367
-394
-417
-444
-477
-509
-532
-541
-543
-538
-532
-523
-509
-492
-469
-447
-431
-417
-401
-379
-352
-320
-287
-256
-223
-188
-153
-117
-84
-52
-18
17
51
87
119
147
175
203
230
251
266
276
282
290
296
299
292
275
254
233
211
189
161
126
87
47
11
-23
-63
-109
-159
-207
-245
-272
-294
-317
-343
-372
-393
-407
-416
-423
-430
-437
-435
-423
-402
-377
-352
-329
-305
-276
-240
-199
-158
-121
-86
-50
-11
29
70
109
145
181
215
252
286
318
347
370
388
405
421
435
446
453
454
450
442
434
426
415
399
381
359
335
315
296
274
250
225
206
194
191
193
194
189
179
171
170
177
188
196
201
208
220
236
249
252
237
208
176
153
138
122
98
60
17
-25
-62
-97
-136
-185
-238
-283
-317
-338
-361
-390
-427
-463
-489
-499
-499
-493
-490
-487
-481
-467
-447
-430
-418
-409
-396
-377
-347
-311
-275
-243
-213
-182
-147
-111
-74
-40
-8
24
60
97
133
168
197
221
240
257
271
286
297
304
306
300
287
270
251
230
204
172
137
102
69
38
5
-33
-78
-124
-167
-200
-224
-244
-266
-289
-311
-329
-339
-347
-353
-361
-366
-366
-355
-337
-315
-295
-274
-253
-227
-196
-160
-125
-91
-59
-29
4
41
79
117
152
185
218
251
284
314
339
358
375
389
403
417
429
437
438
436
432
426
418
406
389
369
350
333
315
296
276
255
232
215
200
190
182
176
174
172
171
170
171
173
179
189
202
217
231
244
250
249
237
214
184
152
125
101
76
48
10
-31
-73
-114
-157
-205
-254
-301
-341
-371
-396
-420
-447
-476
-499
-513
-513
-507
-499
-489
-481
-472
-458
-442
-429
-418
-406
-389
-364
-334
-298
-262
-226
-194
-159
-127
-96
-65
-34
-2
31
64
100
133
166
194
217
234
247
256
264
271
275
274
268
255
236
214
191
164
135
102
69
36
4
-29
-66
-108
-151
-189
-221
-246
-266
-285
-305
-321
-336
-346
-351
-353
-354
-353
-346
-334
-313
-290
-266
-243
-219
-193
-162
-130
-99
-69
-41
-13
16
50
86
122
158
190
219
246
274
298
318
333
346
358
371
384
393
398
398
391
382
372
361
344
324
302
279
256
236
217
199
181
165
151
142
138
136
135
135
132
133
133
140
152
164
176
189
204
221
235
244
242
227
202
175
152
131
110
81
47
8
-30
-65
-101
-141
-187
-234
-277
-312
-339
-365
-394
-425
-454
-474
-481
-480
-474
-469
-462
-455
-445
-432
-418
-405
-391
-374
-352
-323
-290
-256
-219
-186
-154
-121
-87
-53
-21
12
42
75
107
139
170
197
220
235
251
263
275
281
282
279
270
259
243
222
196
168
139
109
81
51
18
-19
-57
-98
-137
-172
-206
-237
-262
-283
-303
-319
-334
-346
-354
-358
-356
-349
-337
-323
-305
-286
-264
-242
-215
-187
-156
-124
-91
-58
-25
5
35
65
94
123
153
183
209
234
256
275
292
309
326
340
354
365
374
382
388
389
387
379
368
355
342
327
310
290
268
250
233
220
208
195
180
167
156
152
154
157
159
161
164
172
182
197
211
224
234
245
257
266
267
255
231
200
170
145
122
97
67
29
-12
-53
-92
-132
-176
-222
-267
-303
-332
-355
-376
-401
-426
-449
-464
-467
-461
-453
-445
-438
-431
-419
-405
-389
-373
-357
-339
-315
-286
-251
-218
-185
-155
-124
-91
-56
-22
9
37
64
92
124
154
182
204
220
233
244
250
254
253
246
236
224
211
194
173
142
106
70
37
5
-23
-54
-88
-127
-166
-201
-233
-263
-290
-313
-333
-348
-358
-365
-371
-377
-383
-383
-377
-362
-342
-320
-296
-275
-252
-227
-200
-171
-141
-111
-79
-47
-15
16
48
75
101
126
151
177
200
220
239
256
270
281
291
298
304
310
313
315
315
309
302
292
280
268
254
236
219
200
184
171
162
152
143
133
127
126
130
136
142
144
147
152
162
177
195
211
223
234
246
258
267
268
256
233
203
179
157
137
112
79
40
-1
-38
-72
-106
-145
-188
-229
-265
-291
-311
-332
-357
-383
-404
-416
-414
-406
-396
-390
-387
-382
-372
-356
-341
-326
-313
-302
-283
-255
-223
-189
-159
-131
-105
-74
-40
-4
28
55
77
101
129
160
192
218
237
251
262
272
277
279
275
265
253
240
225
205
181
149
113
78
42
11
-20
-51
-85
-119
-153
-186
-217
-244
-266
-283
-296
-306
-313
-317
-321
-320
-318
-312
-302
-286
-266
-244
-218
-194
-170
-147
-124
-100
-75
-48
-21
6
33
60
86
111
138
163
186
209
230
249
266
281
296
307
315
323
329
337
346
350
349
344
333
320
307
294
277
258
235
213
197
187
177
168
152
137
125
121
126
134
139
138
135
135
143
162
182
198
205
209
217
232
246
252
238
205
168
141
127
119
106
73
25
-24
-63
-89
-113
-145
-191
-239
-279
-298
-306
-316
-338
-372
-405
-422
-416
-397
-378
-375
-381
-386
-383
-364
-343
-326
-320
-314
-303
-277
-243
-208
-179
-160
-141
-118
-83
-43
-4
26
48
68
92
126
162
193
213
222
227
233
241
250
252
243
226
208
192
178
159
129
88
43
3
-25
-45
-64
-91
-127
-168
-202
-228
-244
-261
-279
-299
-317
-326
-326
-322
-322
-329
-338
-337
-325
-299
-269
-246
-229
-218
-205
-183
-153
-119
-89
-64
-43
-17
13
47
75
99
117
136
158
184
208
226
236
239
242
248
257
267
276
277
278
274
271
264
255
244
230
217
204
191
177
163
148
135
124
117
113
109
107
105
106
109
115
125
137
148
159
170
183
197
210
219
226
230
234
240
241
236
218
190
158
132
110
91
69
38
3
-31
-64
-92
-122
-155
-193
-227
-253
-269
-280
-293
-311
-334
-352
-364
-365
-362
-358
-357
-356
-353
-345
-335
-322
-311
-300
-288
-269
-244
-216
-187
-159
-132
-105
-77
-48
-19
9
34
58
83
109
133
155
174
187
196
203
206
209
206
203
194
184
170
154
135
115
92
68
46
23
2
-19
-42
-66
-91
-116
-137
-155
-170
-185
-198
-210
-220
-227
-232
-235
-235
-235
-235
-231
-225
-214
-202
-190
-178
-165
-149
-128
-105
-80
-56
-36
-17
3
25
50
76
98
119
138
158
176
194
208
221
232
240
246
252
257
257
257
253
249
244
239
235
230
224
216
205
195
185
177
170
163
159
155
153
150
148
147
146
147
150
156
161
167
170
171
174
179
183
186
187
187
187
188
188
184
173
156
135
113
95
78
59
36
10
-19
-47
-72
-97
-126
-156
-188
-214
-235
-252
-266
-282
-299
-314
-325
-331
-333
-331
-329
-326
-322
-315
-303
-291
-278
-266
-252
-237
-217
-196
-173
-150
-129
-106
-83
-58
-35
-14
5
24
43
62
82
98
113
123
132
139
145
147
144
137
129
119
111
100
88
71
51
32
12
-6
-23
-40
-59
-79
-98
-115
-130
-143
-158
-170
-182
-193
-199
-204
-206
-210
-213
-214
-213
-210
-203
-195
-187
-178
-170
-158
-145
-131
-115
-99
-81
-64
-47
-29
-11
5
20
35
50
64
78
91
104
115
125
133
142
149
156
161
167
172
175
178
181
182
183
184
184
182
182
181
179
175
172
168
164
161
159
156
154
152
149
148
148
150
152
155
158
160
162
165
168
170
170
169
168
165
162
159
151
140
123
107
89
73
55
36
14
-11
-34
-57
-80
-102
-128
-151
-174
-193
-208
-222
-235
-249
-262
-274
-280
-285
-285
-285
-283
-282
-277
-269
-259
-247
-236
-225
-211
-195
-176
-154
-133
-113
-93
-73
-52
-31
-10
10
28
44
61
76
90
104
114
122
127
131
134
135
135
132
125
117
109
99
90
79
67
51
36
19
3
-13
-27
-43
-60
-76
-91
-105
-117
-129
-141
-150
-160
-166
-170
-174
-175
-175
-175
-174
-170
-164
-156
-147
-138
-128
-116
-103
-88
-72
-58
-43
-27
-12
5
21
39
53
70
86
99
113
127
139
148
159
166
172
180
184
189
191
193
193
192
191
190
187
185
181
178
175
171
167
164
159
156
153
150
149
147
147
145
143
141
141
141
142
143
143
142
142
142
143
142
141
138
135
132
128
125
119
109
98
84
73
61
49
34
17
0
-20
-38
-55
-73
-92
-110
-130
-146
-160
-172
-183
-195
-206
-217
-223
-228
-230
-230
-231
-231
-228
-223
-216
-209
-203
-195
-185
-174
-162
-147
-134
-121
-107
-94
-80
-65
-50
-37
-24
-12
0
12
23
33
41
47
53
56
59
62
63
61
57
53
49
43
36
28
18
6
-5
-15
-26
-38
-51
-63
-76
-87
-98
-108
-117
-126
-134
-141
-145
-149
-151
-153
-153
-153
-151
-148
-143
-137
-131
-124
-117
-108
-99
-88
-78
-69
-58
-47
-36
-25
-12
0
11
22
34
46
57
69
81
92
103
113
123
131
140
147
154
160
165
170
173
175
176
176
176
175
173
171
168
165
160
156
153
148
143
139
135
133
129
127
124
122
119
116
115
115
114
115
114
112
111
110
110
107
104
100
96
90
85
79
70
59
47
36
24
13
-1
-15
-32
-47
-63
-77
-91
-106
-121
-136
-150
-162
-173
-182
-191
-200
-207
-212
-216
-217
-218
-218
-218
-216
-211
-205
-198
-190
-180
-171
-160
-149
-135
-121
-107
-92
-77
-61
-47
-31
-16
-4
10
23
35
46
55
64
71
75
79
81
81
79
78
75
71
65
57
48
38
28
19
8
-2
-13
-24
-35
-46
-55
-65
-75
-84
-91
-99
-104
-108
-113
-115
-117
-118
-119
-118
-115
-111
-108
-103
-97
-90
-83
-75
-65
-56
-46
-34
-22
-9
3
16
28
42
55
68
81
93
106
116
128
138
147
156
163
169
175
180
184
186
188
188
188
188
186
183
180
176
171
167
163
157
152
147
141
136
131
126
121
117
112
107
104
100
98
95
93
91
88
86
84
83
81
80
79
77
75
71
68
65
60
57
52
46
39
31
24
16
8
-1
-13
-24
-36
-46
-58
-69
-82
-94
-106
-117
-127
-138
-148
-157
-166
-174
-181
-186
-190
-194
-196
-197
-197
-196
-191
-188
-182
-176
-169
-161
-151
-142
-131
-120
-110
-98
-86
-76
-64
-54
-44
-33
-24
-15
-9
-3
3
8
13
16
17
18
18
17
16
14
11
6
0
-6
-11
-16
-21
-28
-35
-42
-49
-56
-61
-67
-73
-79
-84
-88
-92
-95
-97
-100
-103
-104
-103
-102
-101
-100
-98
-95
-91
-85
-79
-75
-67
-61
-53
-45
-34
-26
-16
-6
4
13
24
35
44
53
63
72
81
90
97
105
111
116
122
126
131
133
136
137
139
140
138
138
137
133
132
129
126
125
119
115
111
107
104
99
95
92
88
85
82
79
76
73
70
69
69
68
67
66
65
64
63
63
63
61
60
59
58
55
54
51
47
43
37
32
27
22
15
9
0
-8
-17
-25
-34
-43
-52
-61
-70
-78
-87
-94
-102
-110
-119
-124
-130
-134
-137
-140
-142
-144
-144
-144
-142
-139
-137
-134
-129
-124
-118
-112
-104
-98
-89
-81
-73
-66
-57
-49
-41
-33
-25
-18
-11
-4
2
7
12
18
21
24
27
28
29
30
31
30
28
26
23
21
17
13
10
5
1
-5
-10
-14
-17
-22
-27
-30
-33
-36
-38
-40
-41
-42
-41
-39
-38
-34
-32
-28
-23
-18
-13
-7
1
9
16
25
32
40
49
56
65
72
80
86
93
100
105
110
113
116
119
121
124
124
124
124
121
120
117
115
111
107
104
99
93
90
85
79
75
70
65
60
55
51
47
42
39
36
34
31
29
27
26
24
23
24
24
24
24
26
28
30
30
33
33
34
36
36
37
38
38
37
36
35
33
31
27
23
19
13
8
2
-3
-11
-19
-27
-36
-44
-52
-61
-70
-79
-86
-95
-101
-109
-114
-119
-124
-129
-132
-135
-135
-136
-136
-134
-132
-129
-125
-121
-116
-111
-105
-99
-92
-85
-77
-70
-64
-57
-50
-44
-38
-33
-27
-23
-19
-14
-12
-9
-8
-7
-8
-8
-8
-9
-12
-14
-17
-21
-24
-28
-32
-36
-40
-44
-48
-51
-56
-59
-62
-65
-67
-69
-70
-71
-71
-71
-70
-68
-66
-63
-61
-57
-53
-48
-43
-38
-32
-27
-21
-15
-8
-1
6
11
18
24
31
37
43
48
53
58
63
67
72
76
79
82
84
86
87
88
90
89
90
89
88
88
87
85
84
82
79
78
75
73
70
69
67
64
62
60
58
56
55
54
52
51
51
51
50
49
48
48
49
49
49
49
49
50
48
48
49
48
48
47
46
45
43
40
39
36
33
30
26
22
17
13
7
3
-3
-8
-13
-19
-25
-31
-37
-42
-47
-54
-57
-62
-67
-71
-74
-77
-79
-83
-85
-86
-86
-86
-86
-85
-85
-82
-80
-77
-74
-71
-68
-64
-60
-55
-51
-47
-42
-38
-34
-29
-25
-21
-17
-13
-10
-6
-4
0
3
4
6
8
10
11
11
13
13
13
13
13
13
11
12
10
8
7
7
6
3
4
1
0
-1
-2
-3
-3
-4
-5
-4
-4
-5
-4
-4
-3
-2
-1
1
3
4
6
8
10
12
15
17
20
22
25
27
30
32
35
36
39
42
43
45
48
49
50
52
53
54
55
55
55
56
56
56
56
56
55
54
54
52
51
50
49
48
46
45
43
41
40
37
34
33
32
30
28
26
23
22
20
18
16
13
12
11
8
7
6
5
4
2
2
-1
-2
-3
-3
-5
-6
-8
-8
-9
-10
-12
-13
-14
-15
-16
-17
-18
-19
-21
-22
-24
-25
-26
-28
-30
-32
-32
-34
-36
-38
-40
-41
-43
-45
-47
-48
-50
-52
-53
-55
-56
-57
-59
-61
-61
-63
-63
-65
-64
-65
-65
-65
-65
-65
-64
-64
-63
-62
-61
-59
-57
-55
-53
-50
-48
-45
-42
-40
-36
-34
-31
-27
-24
-20
-17
-14
-10
-8
-5
-3
0
3
6
8
10
11
13
14
15
16
17
18
18
18
18
18
18
18
18
16
15
15
14
14
12
12
12
11
11
11
9
9
9
9
9
9
9
11
10
12
13
14
15
17
17
18
20
21
22
24
25
25
27
29
30
30
31
32
31
32
32
32
32
31
31
30
28
27
26
24
22
21
19
17
15
13
11
9
7
5
4
2
0
-2
-3
-5
-5
-7
-7
-8
-9
-9
-10
-9
-9
-10
-9
-10
-10
-9
-8
-7
-6
-7
-5
-5
-4
-3
-3
-2
-2
-1
-1
-1
0
0
0
0
-1
-1
-1
-2
-1
-2
-2
-3
-3
-4
-4
-6
-6
-7
-7
-9
-9
-11
-11
-11
-13
-13
-14
-14
-14
-14
-15
-15
-14
-14
-15
-14
-13
-14
-13
-13
-11
-10
-10
-8
-7
-6
-4
-3
-2
-1
0
2
3
4
5
6
9
8
10
11
12
13
14
15
15
15
17
16
17
16
16
16
0
0
0
0
0
0
0
0
0
0
0
0
0
0
0
0
0
0
0
0
0
0
0
0
0
0
0
0
0
0
0
0
0
0
0
0
0
0
0
0
0
0
0
0
0
0
0
0
0
0
0
0
0
0
0
0
0
0
0
0
0
0
0
0
0
0
0
0
0
0
0
0
0
0
0
0
0
0
0
0
0
0
0
0
0
0
0
0
0
0
0
0
0
0
0
0
0
0
0
0
0
0
0
0
0
0
0
0
0
0
0
0
0
0
0
0
0
0
0
0
0
0
0
0
0
0
0
0
0
0
0
0
0
0
0
0
0
0
0
0
0
0
0
0
0
0
0
0
0
0
0
0
0
0
0
0
0
0
0
0
0
0
0
0
0
0
0
0
0
0
0
0
0
0
0
0
0
0
0
0
0
0
0
0
0
0
0
0
0
0
0
0
0
0
0
0
0
0
