0
0
0
0
0
0
0
0
0
0
0
0
0
0
0
0
0
0
0
0
0
0
0
0
0
0
0
0
0
0
0
0
0
0
0
0
0
0
0
0
0
0
0
0
0
0
0
0
0
0
0
0
0
0
0
0
0
0
0
0
0
0
0
0
0
0
0
0
0
0
0
0
0
0
0
0
0
0
0
0
0
0
0
0
0
0
0
0
0
0
0
0
0
0
0
0
0
0
0
0
0
0
0
0
0
0
0
0
0
0
0
0
0
0
0
0
0
0
0
0
0
0
0
0
0
0
0
0
0
0
0
0
0
0
0
0
0
0
0
0
0
0
0
0
0
0
0
0
0
0
0
0
0
0
0
0
0
0
0
0
0
0
0
0
0
0
0
0
0
0
0
0
0
0
0
0
0
0
0
0
0
0
0
0
0
0
0
0
0
0
0
0
0
0
0
0
0
0
-30
-33
-36
-38
-41
-46
-47
-50
-53
-56
-58
-60
-62
-62
-63
-64
-64
-64
-62
-62
-61
-59
-56
-55
-52
-48
-44
-42
-38
-34
-29
-25
-20
-16
-11
-6
-1
3
8
11
15
19
23
27
30
32
35
37
39
40
40
42
41
41
42
40
38
36
33
31
29
26
23
19
16
13
10
7
4
2
0
-3
-5
-7
-8
-11
-12
-13
-14
-13
-15
-12
-11
-9
-7
-3
0
4
9
14
18
22
29
34
40
44
50
56
61
68
74
79
85
90
94
99
102
105
108
108
109
109
109
106
104
101
98
94
90
85
79
72
66
57
49
38
28
17
5
-8
-21
-35
-47
-59
-69
-80
-91
-100
-108
-116
-123
-128
-135
-142
-146
-149
-153
-155
-155
-156
-154
-150
-144
-138
-129
-120
-110
-101
-89
-78
-65
-53
-40
-28
-17
-3
9
21
34
48
60
71
83
95
104
114
121
127
133
135
138
139
139
137
133
130
125
118
111
103
90
79
67
50
35
18
1
-17
-36
-54
-70
-85
-102
-114
-127
-140
-149
-159
-167
-174
-180
-184
-189
-191
-190
-189
-185
-179
-173
-163
-151
-138
-122
-107
-91
-75
-59
-42
-29
-15
-1
9
20
32
41
51
59
69
77
84
91
95
101
103
103
104
102
99
96
92
87
82
76
71
65
59
56
51
46
42
37
30
27
23
20
17
15
14
15
17
21
24
30
36
44
51
60
67
75
82
90
98
104
112
118
124
129
136
140
144
147
147
146
140
133
123
112
98
82
63
44
24
5
-13
-31
-48
-64
-79
-94
-107
-119
-130
-142
-152
-163
-173
-181
-188
-192
-195
-196
-196
-194
-188
-181
-173
-163
-153
-144
-133
-122
-111
-98
-86
-74
-62
-49
-35
-19
-4
12
28
42
57
71
84
97
107
116
125
131
138
144
149
152
155
155
154
151
146
140
130
118
104
86
69
49
31
11
-9
-28
-46
-63
-78
-92
-105
-119
-131
-144
-154
-164
-173
-181
-186
-190
-191
-189
-184
-175
-165
-151
-136
-119
-101
-82
-65
-49
-33
-17
-4
8
21
33
45
57
70
82
95
107
118
126
135
141
145
147
148
147
144
139
134
129
126
119
114
108
103
97
91
84
77
69
59
50
40
33
25
20
16
13
14
15
20
24
30
37
43
48
53
58
63
67
71
76
80
85
90
96
100
105
105
106
103
95
86
73
57
37
16
-6
-28
-49
-70
-88
-103
-116
-127
-134
-140
-146
-153
-159
-165
-171
-179
-185
-191
-195
-197
-196
-193
-186
-175
-162
-148
-132
-117
-101
-85
-72
-60
-50
-40
-32
-25
-17
-8
1
10
21
34
46
59
72
83
94
102
109
114
117
120
122
123
122
122
122
121
120
118
113
107
97
86
72
58
39
22
2
-18
-35
-52
-66
-81
-93
-105
-113
-123
-133
-142
-151
-160
-169
-178
-184
-190
-192
-191
-188
-181
-170
-156
-141
-125
-106
-89
-72
-56
-42
-28
-17
-7
4
12
22
33
44
56
69
81
95
108
119
129
137
144
148
151
152
151
149
146
143
139
135
131
126
120
114
107
100
90
81
69
57
47
38
30
22
17
14
12
14
16
18
24
29
34
37
40
45
48
52
56
64
69
77
86
94
103
110
114
114
110
102
88
68
46
19
-9
-38
-67
-94
-116
-136
-150
-160
-167
-172
-173
-174
-175
-177
-179
-183
-187
-191
-193
-194
-193
-188
-177
-165
-149
-129
-106
-85
-62
-41
-23
-8
2
11
17
20
22
24
24
27
31
37
44
52
62
71
81
89
97
103
108
111
113
115
118
119
121
123
126
127
129
129
126
121
114
103
89
73
56
38
18
-1
-18
-35
-49
-63
-73
-83
-92
-101
-111
-121
-130
-140
-149
-159
-168
-174
-177
-177
-173
-165
-152
-137
-119
-99
-77
-57
-37
-21
-6
6
16
25
32
38
44
49
56
63
73
81
90
99
106
113
118
119
121
118
116
112
105
98
91
84
75
69
61
54
47
42
35
31
25
21
19
17
16
17
21
24
28
34
40
46
52
57
60
64
66
69
73
76
81
88
95
104
115
122
129
133
132
127
115
97
73
44
11
-25
-61
-97
-130
-159
-184
-204
-217
-228
-233
-236
-238
-239
-239
-241
-242
-241
-239
-236
-229
-216
-199
-177
-151
-123
-90
-59
-28
0
24
42
57
66
71
72
70
68
64
61
58
58
59
63
67
72
78
82
84
85
85
84
81
77
75
74
74
77
80
86
92
97
102
104
101
96
87
73
56
35
13
-10
-31
-53
-69
-82
-94
-101
-105
-109
-111
-113
-118
-123
-130
-137
-145
-155
-160
-165
-166
-163
-155
-143
-129
-110
-90
-69
-49
-30
-14
1
11
20
27
32
38
43
50
58
66
76
86
95
103
110
113
116
116
113
108
104
99
94
90
88
87
87
88
89
89
88
85
79
71
61
50
38
25
15
7
1
-2
-3
-1
1
7
13
19
22
27
29
31
33
35
39
43
50
60
72
86
99
111
123
130
133
131
123
107
87
62
33
1
-30
-62
-92
-117
-141
-160
-175
-186
-196
-202
-206
-209
-212
-212
-211
-209
-203
-194
-180
-162
-141
-115
-86
-56
-26
4
30
54
72
84
91
94
91
86
78
70
62
55
50
47
47
47
51
53
57
59
59
60
57
55
50
47
45
44
44
46
51
56
62
67
73
75
74
70
62
50
36
18
-2
-21
-41
-58
-75
-87
-96
-104
-109
-112
-114
-115
-116
-118
-120
-124
-127
-130
-132
-132
-129
-124
-117
-106
-93
-77
-60
-42
-25
-9
4
18
27
35
41
47
50
54
56
59
63
66
69
72
74
75
76
75
74
71
68
65
62
60
59
59
59
61
61
64
66
67
69
67
66
62
57
52
45
39
34
30
26
27
26
29
31
34
38
42
46
49
53
56
60
64
68
74
81
87
95
102
107
109
111
107
100
87
70
48
21
-6
-37
-71
-101
-131
-157
-179
-197
-209
-216
-219
-219
-215
-209
-201
-190
-179
-167
-154
-141
-123
-106
-85
-64
-40
-17
7
29
51
68
80
88
90
89
82
73
58
45
32
21
12
6
3
4
6
10
16
21
26
30
32
33
31
31
30
29
29
31
34
39
45
50
54
57
55
50
43
31
16
0
-18
-38
-56
-72
-85
-95
-103
-107
-108
-108
-108
-107
-106
-106
-108
-110
-112
-113
-115
-113
-111
-106
-96
-86
-72
-57
-40
-24
-9
4
15
25
31
35
38
41
41
42
44
46
48
50
54
57
60
63
66
68
69
70
70
70
70
71
71
73
74
76
77
77
77
75
71
68
62
57
50
44
38
36
32
31
33
36
40
46
51
58
63
66
68
72
74
75
77
81
85
90
97
103
109
115
118
118
113
102
84
61
33
-2
-37
-75
-112
-147
-177
-200
-217
-226
-228
-225
-217
-204
-190
-175
-160
-147
-137
-126
-116
-105
-92
-78
-60
-39
-15
10
38
63
86
106
119
125
125
117
104
84
64
43
23
6
-7
-13
-14
-11
-4
6
16
26
34
39
42
40
37
31
25
20
18
17
20
24
32
41
48
53
56
54
47
35
18
0
-21
-43
-64
-83
-96
-107
-113
-113
-109
-104
-98
-92
-86
-82
-82
-85
-89
-95
-100
-105
-107
-107
-102
-93
-80
-64
-45
-26
-8
7
20
30
37
39
40
38
35
33
31
32
34
38
44
50
56
61
67
69
68
67
64
61
58
55
53
53
53
53
55
57
57
57
53
49
44
37
31
27
23
23
26
31
41
52
64
77
89
99
107
113
116
117
118
119
122
126
131
139
147
155
160
160
154
140
118
86
46
-2
-54
-106
-157
-204
-242
-271
-290
-297
-294
-282
-264
-244
-222
-203
-185
-171
-161
-153
-148
-139
-129
-115
-95
-69
-38
-4
30
65
95
118
131
134
126
110
87
57
27
-2
-26
-44
-55
-57
-51
-39
-23
-7
8
18
25
26
21
13
3
-9
-16
-22
-22
-15
-4
13
31
50
66
77
80
75
62
42
15
-16
-49
-81
-106
-126
-139
-143
-138
-129
-115
-98
-81
-67
-57
-52
-51
-54
-59
-67
-75
-80
-80
-78
-72
-61
-47
-32
-18
-4
6
15
19
21
22
21
19
18
19
23
28
33
40
48
54
58
62
64
64
64
62
62
63
66
70
77
84
90
97
101
104
103
101
96
91
85
82
82
87
94
105
119
135
150
165
177
184
189
191
190
190
192
199
210
227
247
268
286
298
300
285
252
197
123
31
-75
-188
-300
-406
-496
-567
-612
-630
-620
-585
-533
-468
-397
-325
-260
-201
-154
-115
-88
-65
-41
-15
18
59
109
165
224
280
328
365
385
386
364
323
266
197
123
48
-18
-73
-114
-140
-152
-148
-135
-116
-96
-80
-68
-62
-62
-66
-71
-74
-73
-65
-48
-24
9
47
84
121
149
166
171
163
140
105
60
9
-45
-99
-148
-192
-227
-255
-272
-282
-285
-279
-266
-249
-225
-200
-171
-141
-109
-78
-49
-24
-4
9
17
19
16
9
2
-6
-12
-13
-8
2
15
31
50
68
82
93
97
93
81
66
47
29
11
-2
-10
-9
-2
12
35
59
85
108
128
141
152
156
156
151
145
139
139
142
152
169
188
210
231
254
275
294
311
324
334
346
365
394
432
475
519
557
581
586
562
502
398
245
49
-179
-419
-657
-875
-1058
-1194
-1271
-1285
-1236
-1128
-975
-796
-616
-449
-302
-180
-81
-5
47
87
125
172
238
322
425
534
632
706
749
757
724
647
526
367
185
-4
-179
-326
-435
-506
-541
-542
-516
-465
-402
-338
-285
-247
-223
-207
-191
-164
-121
-61
14
105
211
324
440
541
614
649
647
609
541
451
346
231
109
-13
-123
-223
-310
-393
-479
-569
-659
-737
-797
-830
-831
-796
-724
-617
-473
-301
-113
63
211
316
376
392
369
317
243
157
70
1
-38
-47
-28
0
27
44
50
40
19
-10
-51
-101
-147
-175
-177
-154
-112
-63
-12
33
76
115
150
177
198
213
230
255
292
336
377
406
421
426
427
419
401
375
344
318
308
321
354
396
439
485
547
631
729
829
921
990
1022
1004
932
806
612
322
-71
-522
-963
-1352
-1676
-1924
-2068
-2086
-1992
-1810
-1548
-1212
-846
-527
-303
-148
-19
101
197
273
354
460
585
722
881
1060
1220
1293
1248
1102
892
635
335
7
-318
-611
-852
-1021
-1091
-1058
-948
-812
-685
-568
-457
-353
-269
-208
-162
-116
-60
20
145
322
531
734
901
1019
1089
1101
1043
913
727
500
248
-4
-223
-383
-489
-556
-597
-612
-617
-630
-662
-702
-744
-789
-835
-857
-825
-731
-595
-422
-217
7
218
387
506
583
612
581
497
385
269
158
60
-18
-69
-99
-119
-141
-166
-198
-237
-277
-308
-325
-325
-301
-245
-165
-78
12
101
184
244
269
265
250
232
218
207
202
208
218
234
257
283
299
294
257
194
121
58
19
8
15
39
86
162
277
431
600
743
826
857
887
952
1037
1111
1172
1235
1295
1303
1235
1119
952
641
96
-627
-1342
-1903
-2327
-2669
-2879
-2859
-2619
-2273
-1880
-1379
-766
-208
110
208
276
424
582
671
746
899
1103
1256
1348
1459
1588
1591
1337
870
344
-148
-612
-1057
-1415
-1629
-1712
-1707
-1598
-1345
-976
-612
-355
-218
-133
-57
18
95
200
349
528
709
897
1116
1343
1500
1507
1355
1090
759
386
-2
-351
-626
-833
-987
-1074
-1062
-956
-818
-709
-645
-604
-578
-574
-577
-554
-493
-406
-308
-181
-18
154
295
383
415
394
316
204
93
4
-69
-132
-169
-165
-138
-121
-127
-148
-187
-248
-320
-370
-378
-347
-290
-207
-95
36
160
264
342
391
404
382
339
303
279
261
244
230
223
219
211
188
152
99
36
-22
-53
-45
1
69
146
227
313
403
505
621
747
856
915
931
958
1049
1190
1313
1383
1439
1516
1574
1528
1360
1114
754
143
-754
-1722
-2460
-2872
-3091
-3203
-3097
-2685
-2106
-1573
-1100
-555
36
420
458
348
398
654
930
1129
1349
1649
1882
1892
1727
1533
1308
886
207
-555
-1173
-1577
-1823
-1937
-1878
-1663
-1392
-1151
-929
-672
-399
-194
-100
-57
33
213
466
758
1075
1370
1575
1636
1561
1399
1170
855
451
13
-385
-692
-895
-993
-981
-895
-798
-752
-753
-767
-760
-734
-688
-607
-475
-299
-110
71
229
347
391
347
230
79
-67
-189
-274
-313
-309
-267
-199
-122
-50
-6
-2
-46
-132
-244
-348
-413
-420
-370
-273
-142
-2
117
203
257
286
294
283
261
245
244
259
283
311
334
332
291
225
153
90
39
2
-5
21
72
138
215
302
386
450
492
523
563
627
713
804
894
999
1149
1325
1457
1510
1536
1602
1680
1662
1490
1194
760
69
-928
-2003
-2802
-3173
-3276
-3267
-3078
-2598
-1957
-1419
-1033
-617
-111
258
310
224
350
759
1214
1527
1759
1991
2089
1883
1430
949
520
21
-613
-1234
-1633
-1762
-1725
-1600
-1402
-1166
-986
-906
-861
-755
-561
-328
-84
189
515
870
1216
1503
1683
1709
1553
1241
846
447
102
-165
-361
-515
-646
-749
-810
-832
-845
-862
-887
-905
-914
-888
-776
-549
-233
95
366
553
639
613
473
255
10
-228
-433
-574
-615
-550
-427
-309
-243
-234
-264
-306
-333
-327
-278
-196
-106
-35
19
74
124
137
98
36
-9
-21
-7
40
131
246
332
368
374
368
338
260
150
46
-38
-113
-170
-171
-100
5
89
141
194
262
325
358
383
430
503
575
634
696
768
836
875
886
897
934
1015
1143
1279
1369
1410
1454
1524
1557
1460
1205
811
226
-632
-1666
-2551
-3005
-3038
-2864
-2588
-2153
-1592
-1112
-852
-676
-393
-48
149
185
316
723
1263
1673
1883
1974
1920
1578
947
268
-224
-551
-860
-1170
-1345
-1322
-1205
-1108
-1021
-904
-804
-787
-808
-711
-412
17
453
845
1185
1427
1509
1443
1299
1115
864
544
230
5
-116
-192
-265
-347
-459
-635
-860
-1052
-1130
-1079
-939
-745
-502
-232
27
239
384
448
404
244
13
-204
-341
-389
-383
-359
-341
-344
-385
-448
-502
-525
-530
-524
-489
-391
-231
-57
89
190
236
215
135
47
9
30
81
139
202
263
291
271
220
164
107
41
-20
-44
-19
34
88
129
149
132
81
32
26
69
130
197
284
402
520
603
643
651
626
551
442
363
365
453
580
711
821
911
997
1091
1171
1203
1209
1249
1349
1425
1384
1219
922
381
-532
-1682
-2644
-3065
-2982
-2668
-2261
-1720
-1119
-722
-650
-671
-480
-121
121
187
351
807
1359
1679
1701
1585
1354
849
66
-673
-1055
-1117
-1124
-1189
-1209
-1126
-1058
-1106
-1172
-1101
-898
-695
-505
-193
310
869
1292
1519
1594
1516
1253
866
522
329
234
130
-7
-128
-233
-386
-613
-851
-1028
-1135
-1181
-1126
-907
-541
-142
175
369
451
430
308
122
-61
-202
-311
-394
-432
-406
-358
-369
-467
-625
-789
-914
-951
-855
-627
-348
-108
55
157
194
148
48
-32
-47
-7
61
166
317
461
523
481
379
264
153
53
2
24
94
159
184
174
144
94
36
4
22
81
160
253
367
489
589
646
673
689
694
680
655
650
673
709
736
756
788
861
978
1105
1194
1233
1269
1331
1377
1323
1128
763
140
-808
-1925
-2790
-3042
-2716
-2159
-1635
-1150
-702
-443
-478
-608
-488
-64
392
691
954
1353
1758
1856
1562
1073
563
-18
-698
-1254
-1430
-1273
-1094
-1099
-1207
-1264
-1289
-1369
-1426
-1266
-825
-252
293
787
1245
1579
1672
1539
1326
1138
949
726
524
411
354
234
-11
-330
-653
-947
-1186
-1296
-1207
-945
-612
-316
-103
28
94
121
154
228
332
422
457
432
343
183
-40
-296
-537
-729
-865
-935
-945
-917
-890
-874
-839
-754
-617
-453
-272
-79
101
225
285
307
327
350
362
366
374
387
381
351
305
249
176
95
36
36
91
157
198
207
193
168
149
155
200
279
366
448
527
595
634
635
609
594
603
620
632
643
663
694
710
708
712
762
858
966
1060
1156
1273
1362
1319
1080
662
107
-608
-1457
-2228
-2598
-2426
-1926
-1441
-1125
-896
-697
-617
-688
-715
-451
87
637
1010
1244
1406
1407
1120
623
155
-163
-426
-720
-957
-1004
-919
-920
-1115
-1389
-1566
-1589
-1485
-1240
-802
-216
345
732
930
1019
1038
978
865
788
812
885
892
777
559
282
-38
-379
-673
-847
-882
-814
-694
-542
-386
-266
-216
-220
-222
-180
-91
25
147
263
341
331
211
10
-206
-384
-506
-582
-623
-644
-679
-765
-890
-997
-1019
-937
-782
-595
-403
-226
-95
-33
-22
-14
32
120
226
331
418
466
460
404
331
265
213
173
159
192
266
341
369
339
279
222
192
201
255
340
429
492
520
514
488
459
453
488
557
630
675
684
669
651
637
637
660
723
818
916
988
1045
1118
1180
1154
980
645
158
-487
-1230
-1862
-2112
-1892
-1414
-1004
-818
-782
-791
-853
-966
-987
-722
-169
448
890
1092
1104
945
607
198
-87
-138
-57
-36
-143
-306
-463
-644
-890
-1157
-1328
-1337
-1202
-963
-634
-241
129
369
437
403
382
439
566
720
875
1004
1064
1002
796
498
197
-31
-161
-195
-151
-76
-55
-153
-352
-559
-669
-662
-573
-441
-281
-107
33
85
46
-33
-95
-121
-108
-71
-31
-24
-87
-226
-400
-556
-660
-707
-697
-635
-541
-451
-389
-352
-327
-299
-258
-185
-68
81
228
335
391
405
394
378
380
412
467
520
549
556
552
527
474
405
352
340
360
392
419
430
412
362
302
259
240
236
233
239
256
270
262
237
213
205
207
212
224
246
264
264
248
243
272
321
357
354
305
219
99
-44
-157
-184
-104
35
155
204
182
115
30
-48
-107
-144
-159
-172
-191
-213
-236
-266
-324
-411
-497
-536
-510
-448
-408
-414
-450
-470
-446
-391
-339
-323
-352
-398
-423
-403
-340
-271
-226
-209
-199
-172
-122
-75
-58
-76
-106
-114
-80
-11
68
124
146
143
143
162
194
213
206
181
159
156
170
187
192
176
144
114
102
99
88
53
-2
-58
-94
-118
-147
-195
-260
-327
-373
-389
-382
-367
-364
-382
-413
-442
-457
-456
-447
-433
-406
-360
-295
-224
-165
-131
-113
-99
-75
-34
9
50
87
124
161
198
231
251
258
255
254
264
286
319
354
382
400
408
409
409
410
416
429
454
484
509
526
536
542
544
547
553
563
575
583
586
587
589
585
561
499
402
290
199
152
143
140
102
14
-103
-207
-267
-298
-338
-419
-521
-605
-637
-624
-611
-641
-726
-828
-890
-873
-798
-725
-698
-712
-722
-679
-587
-487
-433
-434
-455
-444
-374
-260
-148
-78
-50
-31
14
98
193
260
280
277
286
321
376
425
444
436
418
414
427
446
451
435
408
386
377
374
356
310
235
155
92
56
34
9
-28
-78
-132
-186
-240
-299
-369
-439
-500
-545
-568
-581
-584
-583
-580
-569
-549
-522
-499
-486
-475
-457
-423
-372
-313
-253
-200
-152
-108
-64
-18
31
88
150
216
279
331
376
408
432
451
466
485
504
525
546
566
579
583
578
570
559
548
543
543
552
565
577
581
574
562
553
554
565
581
596
609
618
616
597
546
456
340
233
168
151
148
112
21
-112
-238
-317
-356
-388
-454
-562
-674
-742
-746
-715
-706
-754
-837
-893
-873
-783
-680
-618
-616
-631
-611
-538
-441
-373
-362
-383
-385
-330
-230
-125
-65
-53
-56
-32
36
128
201
231
225
218
240
289
340
368
371
370
385
422
459
476
464
432
391
353
319
283
241
194
148
104
59
6
-56
-123
-179
-224
-262
-307
-357
-408
-457
-501
-538
-572
-596
-605
-601
-588
-576
-566
-558
-543
-513
-476
-439
-411
-389
-360
-313
-250
-187
-137
-103
-74
-38
7
57
104
145
181
220
266
315
358
387
406
425
453
489
523
544
551
548
548
554
565
576
580
577
570
563
558
556
557
561
566
569
570
571
579
591
601
583
520
413
294
209
179
187
180
113
-16
-163
-273
-326
-357
-416
-527
-658
-752
-775
-749
-740
-795
-900
-990
-999
-916
-797
-718
-707
-732
-728
-657
-545
-456
-430
-455
-464
-402
-272
-125
-25
3
-7
-5
44
127
199
227
221
217
251
319
389
423
416
394
392
426
475
508
504
471
432
407
395
380
339
272
197
137
102
82
48
-9
-90
-177
-250
-305
-342
-377
-416
-459
-494
-517
-526
-533
-544
-561
-576
-579
-564
-533
-500
-473
-453
-435
-408
-369
-321
-271
-225
-183
-137
-85
-29
26
75
116
153
190
233
279
324
369
409
446
477
504
525
543
560
577
595
614
633
644
648
649
648
648
651
649
640
623
607
600
604
608
602
585
568
568
580
576
522
411
278
180
154
180
192
130
-6
-159
-255
-276
-268
-311
-435
-598
-714
-728
-671
-634
-683
-808
-924
-945
-855
-729
-660
-679
-738
-749
-673
-545
-451
-439
-482
-503
-437
-293
-140
-49
-35
-48
-29
48
151
224
241
228
229
275
356
430
463
456
436
436
464
500
521
510
473
435
410
396
378
340
280
208
144
103
81
56
9
-67
-160
-247
-309
-347
-378
-423
-484
-542
-576
-579
-568
-566
-586
-618
-636
-624
-588
-547
-523
-513
-502
-472
-422
-364
-316
-282
-253
-213
-157
-96
-38
13
61
114
171
227
273
308
339
376
417
462
500
530
555
578
599
615
622
622
620
622
628
634
634
629
622
615
607
597
586
581
579
575
565
544
526
523
535
537
493
387
246
133
92
117
144
104
-26
-191
-311
-344
-328
-346
-449
-614
-747
-779
-723
-664
-688
-803
-928
-964
-883
-750
-663
-672
-735
-761
-694
-563
-449
-416
-450
-480
-435
-309
-161
-65
-40
-50
-35
32
130
206
233
223
219
254
322
387
421
419
405
411
443
482
501
486
447
407
385
375
359
320
257
190
133
92
53
0
-74
-159
-234
-286
-322
-359
-410
-472
-532
-571
-587
-590
-595
-606
-618
-620
-613
-598
-589
-582
-571
-546
-505
-458
-409
-369
-335
-297
-253
-204
-152
-101
-49
6
67
130
189
245
298
350
402
450
494
533
566
597
621
640
651
657
661
659
651
643
632
625
619
608
591
569
549
537
529
520
505
487
472
462
454
444
440
447
462
465
424
325
192
83
43
68
104
81
-27
-175
-287
-319
-303
-314
-402
-546
-667
-693
-636
-575
-591
-694
-810
-845
-768
-638
-551
-553
-611
-638
-581
-464
-364
-338
-374
-401
-356
-234
-99
-13
1
-16
-5
58
144
212
234
227
224
254
305
352
374
371
367
378
408
436
444
428
400
374
358
348
327
288
232
174
129
99
73
33
-34
-121
-208
-272
-309
-330
-358
-405
-465
-519
-549
-557
-553
-554
-568
-580
-578
-558
-530
-510
-502
-500
-489
-453
-398
-340
-295
-267
-243
-215
-171
-114
-55
-1
52
108
167
230
287
333
371
408
451
500
546
584
612
629
640
646
646
640
630
620
609
597
581
557
524
491
466
450
440
429
411
390
372
363
362
361
355
345
345
359
374
366
309
206
96
26
20
51
63
12
-103
-228
-311
-331
-329
-362
-450
-557
-624
-620
-577
-559
-608
-699
-767
-751
-661
-562
-517
-541
-585
-583
-520
-432
-378
-379
-404
-397
-329
-222
-132
-93
-98
-103
-72
-5
66
113
129
137
159
199
245
271
278
275
281
301
330
353
359
349
327
303
279
255
229
198
163
126
90
55
15
-28
-77
-131
-183
-233
-275
-313
-349
-387
-424
-456
-480
-494
-499
-497
-494
-493
-494
-493
-487
-473
-453
-427
-400
-372
-340
-304
-267
-232
-201
-170
-135
-89
-35
21
75
121
170
220
276
333
385
430
468
503
537
564
587
602
609
609
604
594
582
569
552
533
508
482
456
429
401
374
348
327
315
309
305
297
292
294
308
323
332
330
326
331
344
346
310
229
130
58
42
66
76
27
-83
-205
-279
-287
-270
-288
-367
-474
-550
-559
-524
-504
-541
-618
-675
-660
-577
-486
-448
-475
-523
-537
-492
-418
-365
-356
-371
-365
-312
-230
-158
-128
-130
-130
-96
-31
43
97
121
132
150
184
222
254
272
284
302
330
364
388
398
392
376
357
337
321
309
296
272
231
176
121
79
49
20
-27
-98
-173
-231
-259
-268
-286
-329
-390
-445
-469
-463
-449
-455
-483
-516
-526
-506
-471
-441
-432
-435
-426
-392
-340
-289
-253
-231
-207
-168
-110
-44
17
67
111
157
207
258
310
359
406
452
492
527
553
572
583
589
588
582
573
563
551
534
508
475
442
412
384
357
329
298
270
250
238
231
224
214
205
201
204
216
227
236
238
240
250
271
288
285
245
176
105
62
58
72
66
13
-78
-172
-230
-245
-250
-283
-359
-446
-503
-508
-483
-478
-519
-590
-643
-635
-573
-505
-473
-489
-520
-524
-486
-430
-391
-386
-393
-382
-334
-263
-202
-174
-170
-167
-140
-87
-28
19
48
69
93
128
168
203
229
251
275
302
330
353
367
370
365
352
333
311
295
280
262
234
191
139
84
40
4
-34
-81
-138
-195
-237
-267
-291
-324
-368
-411
-444
-456
-456
-457
-474
-499
-519
-520
-501
-474
-451
-436
-423
-398
-361
-319
-280
-249
-221
-183
-131
-68
-3
53
99
141
184
230
277
322
360
394
424
449
472
490
502
509
513
512
509
500
488
474
457
435
410
381
352
326
302
280
260
241
225
210
193
176
163
155
150
147
144
140
142
154
174
197
214
225
237
259
286
296
270
205
127
72
67
93
109
78
-1
-95
-159
-176
-174
-196
-262
-350
-414
-430
-411
-400
-428
-490
-542
-544
-497
-435
-401
-411
-440
-449
-423
-378
-344
-342
-354
-351
-311
-246
-185
-149
-137
-129
-102
-56
-3
37
62
82
107
141
176
203
222
240
265
295
323
341
347
343
335
324
314
304
296
287
267
237
197
157
124
103
79
47
1
-52
-100
-137
-172
-211
-257
-304
-337
-351
-355
-364
-385
-413
-432
-430
-412
-391
-379
-372
-363
-342
-308
-271
-240
-212
-183
-147
-103
-62
-28
1
29
64
104
144
177
205
229
254
279
303
322
334
346
360
376
391
401
404
401
393
384
373
361
351
339
320
293
262
230
200
177
156
137
116
93
74
60
50
42
36
34
39
50
66
79
91
105
125
150
177
200
223
251
279
294
279
231
166
115
101
116
126
96
28
-55
-115
-137
-141
-164
-224
-304
-364
-381
-368
-361
-390
-447
-496
-502
-461
-406
-376
-387
-418
-436
-423
-392
-366
-362
-369
-365
-334
-282
-233
-201
-192
-188
-175
-144
-103
-65
-34
-9
16
47
81
114
148
175
202
230
259
287
311
326
330
321
307
296
291
287
280
262
238
210
186
161
128
78
16
-40
-77
-95
-107
-134
-182
-236
-275
-285
-278
-275
-294
-328
-363
-377
-364
-345
-337
-347
-362
-363
-345
-315
-292
-283
-285
-281
-259
-222
-182
-151
-127
-106
-77
-39
3
43
78
112
151
192
232
265
288
300
311
322
333
344
353
355
353
347
338
326
311
293
269
246
225
207
190
172
151
128
108
93
84
79
74
70
67
67
70
78
88
102
116
127
138
153
170
192
212
224
232
240
259
287
310
306
265
200
144
121
133
153
145
95
22
-38
-65
-69
-79
-116
-178
-236
-263
-261
-253
-271
-319
-374
-405
-398
-366
-343
-347
-372
-395
-398
-382
-359
-349
-351
-352
-337
-304
-261
-223
-199
-181
-163
-135
-97
-56
-18
15
43
71
99
128
157
185
209
230
250
269
289
301
305
303
300
297
299
300
295
283
265
246
227
205
177
143
108
79
53
27
-8
-53
-100
-140
-165
-180
-197
-228
-266
-303
-327
-334
-338
-345
-359
-370
-369
-357
-339
-326
-320
-318
-307
-286
-255
-226
-203
-182
-160
-132
-100
-64
-35
-10
14
39
67
97
123
147
169
189
207
227
243
257
268
278
284
287
288
286
280
273
265
256
246
237
227
213
197
178
160
143
126
109
91
73
59
48
43
38
35
33
35
40
47
55
65
74
84
94
105
118
130
145
157
173
187
200
215
230
237
232
207
174
143
126
124
126
115
86
42
1
-28
-46
-65
-94
-134
-175
-205
-221
-233
-252
-283
-316
-338
-341
-332
-322
-324
-337
-353
-359
-354
-344
-334
-329
-321
-307
-283
-254
-229
-209
-192
-171
-143
-109
-76
-45
-21
4
29
56
83
111
137
160
183
203
222
238
249
256
258
259
257
255
252
244
233
220
210
201
186
160
117
69
27
3
-9
-23
-53
-102
-154
-194
-216
-231
-251
-284
-322
-352
-365
-366
-370
-384
-405
-417
-413
-391
-367
-349
-341
-335
-321
-294
-259
-225
-195
-168
-139
-103
-66
-29
4
35
65
98
135
170
203
231
252
271
289
307
325
341
353
358
361
360
357
349
337
321
303
287
272
257
240
220
196
169
143
118
94
74
57
40
23
5
-11
-23
-31
-34
-33
-34
-32
-28
-21
-8
7
20
31
39
51
69
93
118
136
149
160
176
202
230
246
239
213
181
167
173
191
197
175
131
86
59
50
43
21
-23
-76
-115
-133
-141
-158
-196
-246
-287
-306
-304
-296
-302
-323
-349
-364
-363
-351
-343
-343
-345
-338
-318
-289
-258
-232
-213
-193
-168
-133
-94
-56
-22
7
34
64
95
129
160
187
210
233
253
274
291
301
302
298
294
291
290
286
275
257
235
213
190
164
134
100
64
31
0
-30
-64
-103
-143
-180
-212
-238
-260
-284
-307
-330
-351
-365
-375
-383
-386
-386
-382
-370
-354
-336
-316
-295
-273
-248
-217
-183
-146
-109
-73
-38
-5
27
59
92
125
158
189
219
243
264
281
297
308
318
325
330
330
331
329
323
314
301
284
264
242
220
197
174
150
126
101
75
52
28
5
-17
-39
-58
-73
-85
-95
-105
-114
-119
-119
-112
-101
-89
-80
-70
-58
-42
-22
-1
22
46
70
94
117
138
157
176
194
212
227
238
246
255
262
263
255
234
209
185
171
164
154
128
90
46
10
-15
-34
-60
-97
-140
-180
-208
-225
-243
-270
-305
-336
-355
-359
-356
-356
-364
-378
-386
-386
-374
-359
-345
-335
-325
-307
-282
-253
-225
-200
-177
-150
-119
-86
-51
-20
7
32
59
88
117
141
162
181
199
217
234
245
249
249
247
246
246
240
227
209
187
165
147
127
106
78
47
15
-12
-37
-64
-94
-124
-154
-176
-194
-210
-229
-250
-268
-281
-289
-292
-294
-294
-293
-287
-277
-262
-247
-233
-217
-199
-174
-150
-124
-99
-76
-51
-24
6
37
64
89
111
134
156
179
200
215
227
237
248
258
266
270
272
268
263
258
251
243
231
217
200
181
161
141
121
101
81
59
39
20
2
-16
-33
-48
-61
-72
-79
-87
-92
-96
-96
-95
-91
-84
-76
-66
-55
-41
-24
-6
14
36
56
79
101
122
146
168
187
208
227
244
260
275
290
301
306
308
307
306
304
303
294
274
247
220
197
179
159
133
97
58
22
-7
-33
-61
-95
-136
-173
-202
-223
-240
-262
-290
-318
-336
-343
-343
-343
-347
-353
-358
-354
-342
-328
-315
-302
-288
-269
-244
-214
-186
-158
-133
-108
-77
-43
-9
21
48
70
94
119
144
167
186
198
209
217
226
234
237
233
221
210
200
189
178
161
137
109
85
63
45
24
-2
-32
-63
-89
-108
-125
-144
-167
-190
-210
-222
-230
-237
-244
-253
-259
-260
-256
-248
-241
-235
-228
-219
-205
-187
-169
-150
-134
-115
-96
-73
-50
-29
-8
11
31
51
69
88
104
119
132
143
153
160
166
167
168
166
164
160
153
145
135
123
109
95
82
69
55
40
25
10
-3
-16
-26
-38
-46
-54
-61
-66
-69
-71
-71
-70
-66
-62
-56
-50
-41
-32
-21
-11
1
13
25
37
50
63
75
85
96
108
120
130
141
147
155
161
168
175
179
181
181
181
179
179
177
170
162
152
143
133
124
110
93
75
56
38
21
4
-16
-37
-57
-76
-92
-109
-125
-142
-157
-171
-181
-189
-197
-206
-211
-214
-215
-213
-210
-205
-200
-194
-186
-176
-164
-152
-140
-127
-115
-101
-86
-70
-56
-43
-29
-16
-1
11
24
35
46
54
63
72
78
85
90
93
95
96
96
95
92
88
82
75
69
62
51
42
31
19
8
-2
-13
-23
-35
-46
-56
-65
-73
-82
-88
-95
-99
-104
-105
-106
-108
-109
-107
-106
-102
-98
-93
-88
-83
-76
-69
-61
-53
-43
-36
-27
-18
-9
1
11
21
30
40
48
57
66
75
83
90
97
103
109
114
118
121
123
124
126
126
125
124
121
116
111
106
101
95
90
82
75
68
60
54
48
40
34
28
23
18
15
11
7
6
4
3
2
3
3
6
8
11
13
17
21
24
28
32
37
41
46
50
54
58
63
67
71
75
80
82
85
88
90
92
94
95
96
97
96
95
93
90
87
84
78
73
66
60
53
45
35
26
16
6
-3
-13
-25
-36
-46
-57
-67
-76
-86
-96
-104
-112
-120
-125
-131
-135
-139
-143
-145
-146
-146
-145
-145
-142
-138
-134
-129
-123
-117
-111
-103
-96
-87
-78
-69
-60
-51
-41
-32
-22
-13
-4
4
11
19
25
31
36
41
44
46
46
46
45
44
40
37
31
25
18
11
2
-6
-15
-25
-34
-44
-54
-63
-72
-81
-90
-97
-105
-110
-114
-120
-123
-126
-127
-128
-127
-125
-123
-120
-115
-110
-104
-98
-91
-83
-74
-66
-55
-47
-36
-25
-15
-4
5
16
27
35
45
55
64
71
79
85
91
96
99
103
104
106
105
103
101
97
93
88
82
76
68
60
51
43
33
25
16
7
-2
-9
-18
-26
-31
-37
-42
-46
-49
-52
-53
-53
-53
-51
-49
-45
-41
-36
-29
-23
-16
-7
1
10
19
28
38
47
57
66
75
84
93
101
107
115
120
126
130
134
136
140
140
140
140
139
136
133
128
123
117
110
103
95
86
75
66
56
44
33
22
10
-3
-14
-26
-37
-49
-59
-69
-79
-89
-96
-103
-110
-115
-119
-123
-124
-126
-125
-125
-122
-119
-114
-109
-102
-95
-88
-79
-71
-61
-52
-42
-32
-21
-11
-1
8
16
26
33
42
47
55
59
64
67
69
71
71
72
69
67
64
60
56
50
44
38
31
23
15
7
-1
-8
-16
-25
-33
-40
-47
-54
-59
-65
-70
-74
-77
-80
-82
-83
-82
-83
-80
-78
-75
-71
-66
-61
-55
-49
-43
-35
-27
-19
-11
-3
5
12
19
27
33
41
47
51
57
62
65
68
70
73
74
74
73
72
70
68
64
61
57
53
49
44
38
32
26
21
15
10
4
-2
-6
-13
-16
-22
-25
-28
-31
-33
-36
-37
-38
-38
-38
-37
-36
-34
-32
-29
-25
-22
-17
-13
-8
-4
1
6
11
16
21
26
30
34
39
41
45
48
50
53
53
55
54
54
52
52
49
48
46
42
39
36
32
28
24
21
16
12
8
4
1
-3
-5
-10
-11
-15
-17
-19
-21
-21
-22
-23
-23
-25
-24
-24
-23
-23
-22
-21
-20
-20
-19
-18
-17
-17
-16
-16
-15
-15
-15
-15
-16
-17
-18
-18
-20
-21
-23
-25
-27
-30
-32
-34
-36
-38
-40
-43
-44
-46
-48
-49
-50
-51
-52
-52
-51
-51
-51
-50
-48
-46
-45
-43
-40
-38
-35
-32
-30
-26
-23
-21
-17
-15
-12
-9
-6
-4
-3
-1
2
3
5
7
7
7
9
8
8
9
8
8
7
7
6
6
4
3
2
1
0
-1
-1
-3
-3
-4
-4
-4
-5
-4
-4
-3
-2
-1
0
1
2
4
6
9
10
13
14
16
18
21
23
25
26
26
30
31
31
32
33
34
34
33
33
33
32
31
30
29
28
27
24
23
21
18
16
14
12
9
8
7
4
3
-1
-1
-3
-4
-5
-6
-7
-7
-7
-8
-7
-7
-7
-6
-5
-4
-2
-1
1
3
5
6
9
11
12
15
16
19
21
23
25
26
27
29
30
31
32
32
33
32
32
32
32
31
30
29
29
26
26
25
23
21
19
19
17
15
13
12
11
9
8
7
6
5
3
3
3
1
1
1
1
-1
-1
-2
-2
-2
-2
-3
-4
-3
-5
-5
-6
-8
-8
-11
-11
-12
-14
-15
-17
-18
-20
-22
-23
-25
-28
-29
-31
-32
-33
-35
-35
-36
-36
-38
-38
-38
-39
-39
-37
-37
-36
-34
-33
-33
-31
-28
-26
-24
-22
-19
-16
-13
-11
-9
-6
-3
0
2
5
8
9
12
15
17
18
20
21
22
23
24
24
24
24
24
23
23
21
20
18
17
15
14
12
9
7
5
2
0
-3
-5
-7
-9
-11
-14
-15
-17
-19
-20
-21
-23
-24
-25
-24
-25
-26
-26
-25
-25
-24
-24
-23
-23
-22
-20
0
0
0
0
0
0
0
0
0
0
0
0
0
0
0
0
0
0
0
0
0
0
0
0
0
0
0
0
0
0
0
0
0
0
0
0
0
0
0
0
0
0
0
0
0
0
0
0
0
0
0
0
0
0
0
0
0
0
0
0
0
0
0
0
0
0
0
0
0
0
0
0
0
0
0
0
0
0
0
0
0
0
0
0
0
0
0
0
0
0
0
0
0
0
0
0
0
0
0
0
0
0
0
0
0
0
0
0
0
0
0
0
0
0
0
0
0
0
0
0
0
0
0
0
0
0
0
0
0
0
0
0
0
0
0
0
0
0
0
0
0
0
0
0
0
0
0
0
0
0
0
0
0
0
0
0
0
0
0
0
0
0
0
0
0
0
0
0
0
0
0
0
0
0
0
0
0
0
0
0
0
0
0
0
0
0
0
0
0
0
0
0
0
0
0
0
0
0
