0
0
0
0
0
0
0
0
0
0
0
0
0
0
0
0
0
0
0
0
0
0
0
0
0
0
0
0
0
0
0
0
0
0
0
0
0
0
0
0
0
0
0
0
0
0
0
0
0
0
0
0
0
0
0
0
0
0
0
0
0
0
0
0
0
0
0
0
0
0
0
0
0
0
0
0
0
0
0
0
0
0
0
0
0
0
0
0
0
0
0
0
0
0
0
0
0
0
0
0
0
0
0
0
0
0
0
0
0
0
0
0
0
0
0
0
0
0
0
0
0
0
0
0
0
0
0
0
0
0
0
0
0
0
0
0
0
0
0
0
0
0
0
0
0
0
0
0
0
0
0
0
0
0
0
0
0
0
0
0
0
0
0
0
0
0
0
0
0
0
0
0
0
0
0
0
0
0
0
0
0
0
0
0
0
0
0
0
0
0
0
0
0
0
0
0
0
0
-75
-83
-89
-96
-102
-107
-112
-116
-119
-122
-123
-124
-125
-125
-123
-122
-119
-115
-109
-105
-98
-93
-86
-79
-71
-63
-55
-46
-38
-28
-21
-12
-4
4
11
18
25
31
36
43
47
50
53
57
58
59
59
59
57
56
53
52
47
43
39
34
30
24
19
13
8
2
-3
-9
-14
-19
-22
-27
-31
-34
-36
-38
-38
-40
-40
-38
-37
-34
-30
-25
-20
-13
-7
2
10
19
31
41
53
65
78
91
103
117
128
140
152
164
173
183
191
199
203
207
209
209
208
204
198
191
179
169
155
137
120
100
79
57
33
9
-16
-42
-67
-94
-119
-145
-170
-192
-213
-234
-252
-269
-284
-297
-307
-315
-320
-323
-323
-321
-315
-309
-299
-288
-277
-261
-243
-225
-203
-182
-159
-136
-112
-87
-62
-36
-11
15
40
65
90
113
137
158
177
195
214
229
243
255
265
273
279
283
284
284
279
274
267
258
246
232
215
200
181
160
139
117
94
70
45
19
-5
-29
-54
-79
-101
-124
-144
-165
-185
-202
-217
-231
-244
-254
-263
-270
-273
-276
-276
-274
-270
-263
-255
-246
-235
-221
-207
-190
-173
-155
-135
-115
-94
-74
-51
-30
-9
12
34
54
74
92
110
127
143
157
169
181
191
199
207
212
218
219
221
222
220
217
214
210
206
199
192
184
177
169
160
151
142
133
123
114
104
96
87
78
70
63
56
47
41
34
28
23
18
13
9
5
1
-1
-4
-6
-7
-9
-10
-11
-12
-11
-12
-11
-10
-10
-11
-11
-11
-11
-11
-11
-11
-14
-15
-18
-20
-23
-27
-31
-35
-40
-48
-52
-59
-65
-71
-78
-84
-92
-99
-106
-112
-119
-125
-129
-135
-140
-144
-148
-152
-152
-154
-155
-155
-154
-154
-152
-148
-145
-142
-138
-133
-127
-122
-115
-108
-101
-94
-86
-78
-70
-63
-55
-46
-39
-31
-24
-18
-10
-3
2
8
13
17
21
25
28
30
33
35
36
36
36
37
37
36
35
33
33
31
30
29
28
27
27
27
28
28
29
30
32
35
39
42
47
54
58
64
73
81
89
99
109
119
129
140
151
163
174
184
195
205
216
225
234
242
247
253
256
257
259
257
254
248
240
231
219
205
188
171
150
129
106
81
55
28
0
-29
-58
-87
-118
-147
-174
-202
-229
-253
-276
-297
-317
-333
-348
-359
-369
-375
-379
-380
-378
-374
-366
-357
-344
-329
-313
-293
-273
-250
-227
-201
-174
-146
-119
-90
-61
-33
-5
24
51
76
104
128
150
172
192
209
226
240
252
262
269
274
276
275
273
267
259
249
238
223
207
190
168
146
122
99
73
47
21
-5
-31
-57
-83
-108
-132
-155
-176
-196
-214
-230
-244
-257
-267
-276
-281
-284
-286
-286
-284
-279
-272
-264
-255
-245
-233
-217
-203
-186
-168
-151
-132
-112
-94
-75
-54
-35
-14
6
25
44
61
78
95
110
125
139
152
165
175
184
192
199
205
211
216
221
225
229
233
236
239
241
245
249
252
259
265
271
277
284
290
296
301
308
313
319
323
327
326
323
318
311
299
287
272
254
234
209
182
151
116
79
38
1
-37
-73
-110
-151
-191
-231
-269
-304
-335
-360
-384
-402
-417
-429
-439
-446
-452
-451
-446
-435
-420
-402
-382
-360
-338
-315
-292
-267
-240
-211
-179
-146
-114
-84
-55
-29
-3
24
52
82
110
138
163
187
209
228
247
265
280
295
306
315
321
323
321
317
310
299
285
269
251
229
204
174
142
107
74
43
14
-17
-50
-86
-121
-153
-184
-212
-235
-257
-277
-292
-306
-319
-329
-339
-345
-348
-348
-344
-339
-331
-321
-311
-301
-290
-278
-265
-249
-231
-213
-192
-173
-153
-133
-113
-92
-70
-48
-24
-1
22
47
71
94
115
135
153
170
186
201
215
226
235
242
246
247
247
244
239
235
231
227
223
219
213
206
199
196
195
197
202
207
213
219
228
235
243
254
265
278
291
298
301
302
296
291
283
271
257
239
220
194
163
120
70
17
-29
-68
-101
-132
-174
-222
-273
-320
-358
-390
-415
-435
-449
-454
-454
-452
-454
-460
-463
-459
-442
-417
-387
-358
-331
-307
-284
-264
-245
-227
-202
-172
-137
-104
-74
-49
-29
-8
16
43
72
100
129
158
185
210
234
256
277
296
313
327
335
344
349
348
343
332
317
304
290
274
249
214
174
136
104
78
49
17
-21
-61
-96
-127
-153
-178
-204
-229
-249
-265
-278
-290
-300
-311
-315
-317
-315
-313
-313
-312
-311
-306
-297
-288
-276
-262
-247
-233
-220
-208
-197
-185
-168
-144
-113
-82
-52
-26
-5
14
34
57
86
117
151
183
212
235
253
268
278
287
297
307
318
331
340
347
347
339
329
321
317
321
327
334
337
337
336
337
341
348
358
369
383
393
399
399
393
387
381
376
367
351
332
308
280
242
191
124
54
-7
-49
-78
-109
-155
-221
-298
-370
-429
-473
-506
-531
-547
-554
-553
-555
-564
-583
-601
-606
-593
-560
-518
-474
-437
-404
-378
-356
-340
-322
-296
-260
-213
-162
-117
-81
-56
-35
-13
13
44
78
115
152
184
212
235
256
279
301
321
339
351
360
365
367
363
352
338
325
313
301
283
253
212
166
122
86
56
27
-6
-46
-86
-125
-161
-197
-232
-267
-298
-321
-339
-352
-368
-383
-397
-406
-411
-412
-411
-412
-413
-411
-406
-395
-380
-364
-346
-328
-308
-289
-271
-254
-236
-212
-180
-143
-101
-60
-23
12
40
67
96
129
166
205
243
279
310
335
354
367
377
388
400
412
427
440
451
456
454
449
444
445
450
459
471
485
501
514
518
512
496
481
472
474
484
493
490
471
435
387
330
264
190
118
58
19
-7
-35
-86
-166
-267
-370
-454
-516
-556
-582
-599
-607
-609
-617
-639
-671
-709
-731
-729
-695
-643
-588
-538
-499
-470
-446
-428
-408
-381
-339
-284
-219
-157
-106
-69
-42
-19
5
34
71
113
158
205
243
273
295
310
327
349
374
396
417
431
436
433
423
411
399
391
380
368
347
313
269
216
161
106
57
18
-10
-31
-55
-90
-140
-201
-264
-315
-348
-365
-371
-375
-381
-391
-407
-430
-454
-475
-487
-483
-466
-444
-423
-409
-401
-395
-387
-375
-359
-340
-314
-281
-245
-209
-177
-145
-110
-70
-23
28
79
127
170
213
258
298
335
368
398
424
444
459
469
473
475
477
477
475
470
466
465
469
473
478
486
499
519
544
568
589
607
634
674
734
807
872
917
932
921
887
824
721
573
381
160
-71
-284
-455
-565
-605
-589
-542
-500
-492
-535
-624
-739
-846
-915
-925
-870
-755
-603
-445
-322
-264
-283
-370
-492
-613
-704
-745
-731
-670
-580
-490
-422
-393
-402
-433
-464
-472
-438
-354
-218
-40
165
371
553
687
766
795
791
774
761
765
788
831
879
916
915
854
725
539
325
118
-50
-159
-207
-203
-175
-152
-166
-231
-343
-480
-600
-670
-667
-591
-474
-364
-309
-339
-453
-622
-790
-908
-944
-893
-778
-644
-536
-487
-512
-593
-697
-782
-812
-772
-665
-520
-370
-246
-165
-130
-122
-121
-103
-51
38
152
274
379
450
482
485
471
454
445
447
461
489
528
573
616
650
667
668
657
642
634
640
669
724
796
867
920
947
950
943
945
964
1003
1048
1086
1100
1086
1054
1027
1038
1104
1206
1289
1267
1047
567
-181
-1106
-2033
-2743
-3060
-2921
-2385
-1621
-843
-256
14
-39
-300
-597
-763
-695
-381
98
589
924
976
699
147
-550
-1225
-1726
-1959
-1914
-1655
-1291
-939
-691
-582
-581
-609
-571
-399
-77
355
815
1208
1460
1534
1438
1220
946
681
472
338
265
225
181
103
-24
-192
-371
-513
-578
-545
-416
-217
11
227
399
509
553
541
488
409
297
142
-58
-285
-519
-738
-924
-1051
-1102
-1082
-1032
-988
-967
-965
-962
-930
-847
-698
-490
-258
-54
80
122
87
5
-79
-137
-155
-139
-105
-75
-76
-123
-209
-306
-374
-384
-326
-213
-81
38
127
185
225
269
339
445
580
719
825
878
869
808
725
651
609
612
643
675
677
630
534
420
332
308
366
496
665
843
1012
1155
1259
1323
1371
1431
1513
1604
1676
1702
1678
1622
1573
1556
1549
1476
1232
720
-116
-1232
-2441
-3445
-3959
-3837
-3129
-2026
-797
266
926
1097
878
483
133
-21
68
348
675
869
787
379
-309
-1152
-1975
-2595
-2888
-2825
-2460
-1901
-1271
-695
-256
32
215
358
513
710
938
1154
1302
1336
1245
1046
768
446
114
-198
-460
-654
-759
-765
-670
-498
-280
-57
140
279
346
351
328
316
344
419
526
619
642
560
368
100
-204
-500
-759
-983
-1215
-1477
-1714
-1817
-1719
-1441
-1065
-679
-360
-197
-229
-394
-548
-566
-421
-170
93
275
299
138
-154
-477
-736
-871
-854
-705
-489
-305
-219
-231
-299
-364
-390
-342
-209
-10
215
416
548
595
570
519
485
493
534
583
615
611
564
479
377
292
250
259
300
340
366
384
419
481
576
696
843
1016
1206
1386
1519
1586
1595
1582
1564
1545
1516
1469
1406
1357
1384
1517
1681
1727
1509
920
-120
-1594
-3202
-4398
-4749
-4209
-3027
-1489
110
1369
1912
1701
1086
461
0
-253
-229
61
407
519
275
-263
-1019
-1913
-2745
-3245
-3273
-2890
-2218
-1350
-424
350
825
1026
1057
997
884
786
759
787
798
755
658
501
252
-91
-469
-789
-986
-1022
-872
-543
-99
345
696
890
907
762
512
258
99
79
182
353
507
553
432
155
-210
-577
-865
-1037
-1134
-1239
-1373
-1452
-1384
-1178
-920
-657
-399
-202
-156
-256
-358
-325
-154
62
248
359
339
151
-156
-477
-725
-865
-878
-761
-561
-366
-242
-184
-152
-122
-84
-13
116
299
498
670
779
807
756
660
559
481
424
381
347
320
296
283
286
318
381
456
514
545
564
598
666
775
912
1055
1184
1305
1422
1504
1534
1533
1560
1629
1698
1719
1666
1550
1433
1431
1607
1857
1972
1799
1231
101
-1644
-3598
-4961
-5185
-4396
-3031
-1321
550
2064
2608
2162
1332
627
77
-383
-545
-259
183
342
113
-341
-982
-1862
-2792
-3368
-3394
-2988
-2296
-1335
-207
772
1343
1528
1497
1325
1016
673
447
372
348
332
348
359
249
-45
-438
-793
-1015
-1064
-897
-498
58
620
1048
1254
1222
972
587
186
-102
-199
-111
80
277
394
360
136
-222
-594
-900
-1166
-1440
-1641
-1630
-1378
-1032
-744
-535
-380
-318
-400
-564
-658
-592
-396
-150
84
252
283
151
-101
-387
-650
-849
-941
-894
-734
-542
-386
-289
-241
-226
-228
-212
-134
23
244
479
682
812
840
774
658
540
433
331
244
193
185
204
235
287
355
413
447
475
527
603
687
770
867
990
1143
1315
1464
1553
1581
1583
1596
1617
1635
1634
1596
1550
1587
1776
2041
2193
2070
1517
280
-1760
-4138
-5866
-6216
-5299
-3680
-1673
564
2479
3281
2800
1731
792
82
-535
-847
-577
27
381
236
-222
-889
-1865
-3022
-3872
-4030
-3563
-2710
-1547
-152
1135
1917
2117
1949
1594
1107
598
261
176
232
298
359
407
327
9
-486
-959
-1237
-1261
-1017
-515
165
852
1362
1591
1517
1184
675
134
-266
-409
-288
-7
283
462
454
227
-173
-624
-987
-1216
-1366
-1459
-1423
-1202
-887
-645
-545
-511
-472
-459
-507
-553
-480
-266
6
246
403
439
315
42
-296
-607
-831
-950
-945
-808
-585
-369
-227
-160
-131
-102
-49
51
212
411
611
771
866
865
761
601
456
364
306
249
201
186
209
253
313
390
475
540
584
624
677
742
816
908
1022
1149
1268
1370
1450
1511
1561
1615
1678
1742
1778
1755
1678
1633
1725
1960
2201
2290
2103
1413
-110
-2455
-4882
-6309
-6231
-4996
-3160
-935
1442
3245
3728
2972
1773
717
-173
-882
-1066
-570
135
434
222
-272
-1031
-2154
-3385
-4154
-4140
-3491
-2439
-1070
449
1709
2350
2384
2061
1541
896
294
-48
-81
50
197
328
402
292
-91
-652
-1160
-1423
-1374
-1017
-389
394
1125
1596
1713
1501
1038
430
-160
-538
-596
-368
-7
321
483
400
68
-435
-986
-1459
-1737
-1730
-1425
-948
-507
-258
-235
-389
-636
-882
-1025
-1010
-848
-581
-260
59
298
394
328
125
-173
-492
-743
-860
-839
-717
-540
-362
-243
-231
-315
-421
-472
-419
-259
-12
282
574
809
935
931
812
630
441
276
158
106
118
168
219
266
308
338
343
350
397
496
630
779
925
1046
1145
1235
1320
1377
1416
1471
1565
1670
1743
1771
1760
1731
1756
1892
2082
2191
2121
1761
773
-1205
-3892
-6164
-6920
-6077
-4359
-2269
150
2527
3905
3704
2476
1206
245
-586
-1142
-979
-196
440
403
-123
-816
-1753
-3011
-4154
-4561
-4097
-3094
-1797
-276
1226
2248
2544
2296
1803
1195
543
45
-104
42
259
390
425
342
38
-501
-1089
-1470
-1497
-1180
-586
191
993
1594
1828
1683
1264
693
83
-404
-597
-443
-65
324
561
569
325
-124
-640
-1049
-1262
-1317
-1303
-1240
-1102
-923
-808
-812
-861
-839
-723
-586
-473
-342
-140
112
339
484
513
391
104
-286
-661
-932
-1072
-1083
-952
-692
-392
-164
-65
-64
-92
-82
2
168
396
639
845
969
978
863
675
479
342
279
273
299
340
391
440
472
481
491
528
591
658
720
789
867
939
1015
1123
1277
1465
1657
1830
1961
2027
2027
1966
1869
1815
1916
2193
2511
2700
2588
1860
67
-2796
-5773
-7453
-7203
-5570
-3367
-852
1826
3874
4350
3307
1792
621
-214
-834
-903
-220
638
860
332
-507
-1463
-2696
-4041
-4849
-4670
-3696
-2356
-841
741
2031
2627
2520
2053
1488
883
323
35
118
383
562
559
411
99
-428
-1072
-1569
-1692
-1407
-819
-42
796
1502
1866
1813
1438
901
322
-183
-475
-437
-121
278
555
599
391
-40
-595
-1088
-1351
-1366
-1254
-1107
-919
-685
-518
-559
-797
-1051
-1149
-1076
-907
-670
-342
59
429
656
696
557
260
-150
-567
-873
-1024
-1044
-970
-818
-615
-437
-358
-372
-400
-357
-209
34
332
629
866
991
986
863
657
432
253
152
117
119
137
168
197
225
265
321
394
483
586
689
762
793
798
806
841
940
1126
1356
1558
1689
1767
1810
1822
1818
1828
1848
1880
1978
2181
2422
2545
2334
1416
-607
-3576
-6369
-7588
-6800
-4792
-2467
-47
2340
3919
3874
2490
954
23
-467
-730
-476
370
1110
956
-23
-1181
-2245
-3380
-4461
-4888
-4304
-3031
-1589
-203
1056
1932
2157
1836
1364
992
704
478
426
586
767
735
451
38
-424
-930
-1408
-1662
-1534
-1053
-378
337
985
1438
1578
1392
1005
576
203
-61
-142
11
328
610
669
449
23
-483
-952
-1301
-1510
-1581
-1501
-1250
-900
-613
-502
-546
-649
-751
-837
-860
-765
-555
-286
-12
241
421
431
239
-75
-376
-590
-715
-763
-728
-618
-480
-367
-316
-326
-365
-380
-307
-113
167
466
725
913
1021
1034
947
807
686
627
604
571
520
472
433
393
355
350
396
481
582
699
826
942
1028
1113
1239
1416
1632
1866
2082
2234
2301
2294
2233
2126
2049
2118
2345
2580
2621
2226
968
-1513
-4784
-7370
-7844
-6200
-3676
-1272
950
2927
3863
3129
1403
68
-323
-243
-24
569
1448
1767
897
-707
-2157
-3204
-4109
-4772
-4660
-3606
-2114
-755
312
1116
1542
1502
1219
1045
1084
1178
1210
1225
1248
1141
776
206
-381
-869
-1252
-1501
-1498
-1162
-585
34
561
964
1207
1226
1033
759
540
405
330
343
479
655
703
512
128
-331
-757
-1053
-1156
-1116
-1084
-1150
-1221
-1157
-998
-917
-969
-1010
-904
-714
-582
-522
-416
-197
77
319
480
507
334
-35
-469
-797
-948
-959
-892
-762
-575
-405
-340
-401
-507
-539
-425
-169
172
514
788
952
1006
960
836
674
528
431
381
348
304
255
218
202
214
255
331
428
519
585
640
705
785
873
993
1165
1378
1588
1777
1944
2072
2134
2118
2041
1938
1883
1979
2228
2485
2558
2206
1005
-1436
-4720
-7338
-7743
-5876
-3157
-850
942
2403
2982
2088
362
-739
-599
125
755
1369
2008
1987
717
-1268
-2864
-3670
-4096
-4364
-4120
-3150
-1889
-908
-319
87
370
469
505
733
1183
1602
1769
1706
1521
1193
656
-14
-602
-968
-1143
-1208
-1151
-917
-556
-201
85
332
553
689
706
671
661
669
652
626
645
694
669
476
124
-298
-657
-879
-1003
-1144
-1350
-1510
-1483
-1292
-1104
-1035
-1031
-988
-891
-790
-700
-585
-433
-256
-60
149
311
324
152
-128
-388
-556
-644
-679
-662
-584
-471
-391
-402
-494
-596
-617
-488
-201
181
549
817
971
1035
1027
956
872
843
878
905
864
755
607
445
300
223
244
350
506
678
833
950
1047
1159
1301
1476
1703
1988
2268
2458
2534
2525
2459
2384
2394
2518
2674
2697
2318
1038
-1551
-4922
-7387
-7414
-5232
-2566
-712
454
1367
1626
765
-489
-796
110
1250
1884
2196
2342
1783
188
-1693
-2794
-3015
-3081
-3353
-3455
-3066
-2433
-1905
-1461
-926
-338
154
583
1066
1553
1850
1893
1800
1679
1486
1141
680
224
-154
-490
-806
-1039
-1088
-938
-674
-378
-82
198
408
520
583
658
734
771
791
862
968
997
840
491
64
-303
-544
-735
-1008
-1372
-1651
-1671
-1466
-1241
-1117
-1047
-955
-868
-838
-823
-737
-560
-337
-89
174
378
404
213
-98
-378
-552
-630
-646
-604
-499
-376
-311
-356
-488
-626
-683
-605
-379
-50
291
567
761
887
941
931
915
963
1059
1103
1033
879
705
536
386
288
277
334
418
514
618
716
811
940
1124
1346
1580
1833
2102
2337
2480
2520
2478
2415
2421
2541
2713
2791
2524
1439
-908
-4134
-6656
-6823
-4682
-2086
-702
-455
-369
-259
-604
-1153
-860
557
2030
2518
2195
1712
1045
-130
-1408
-1939
-1679
-1536
-2128
-3046
-3529
-3383
-2896
-2286
-1581
-888
-378
-49
266
666
1096
1472
1761
1919
1863
1561
1103
649
314
94
-102
-348
-622
-843
-951
-927
-759
-469
-138
122
262
314
333
358
443
648
959
1225
1260
1004
575
138
-248
-598
-891
-1049
-1052
-1026
-1124
-1343
-1529
-1555
-1446
-1303
-1160
-994
-824
-715
-667
-568
-339
-36
186
236
140
-32
-227
-390
-447
-369
-223
-125
-152
-294
-495
-682
-791
-762
-585
-318
-56
120
197
237
318
467
669
895
1121
1303
1373
1300
1139
985
879
813
760
714
668
609
550
513
514
553
645
801
1002
1219
1454
1726
2028
2317
2551
2691
2700
2601
2520
2573
2727
2822
2634
1763
-228
-3130
-5562
-5849
-3844
-1414
-533
-1213
-1936
-1841
-1488
-1396
-988
346
1905
2413
1721
881
559
347
-161
-550
-359
-85
-657
-2102
-3409
-3705
-3088
-2223
-1579
-1236
-1151
-1225
-1229
-889
-144
788
1575
1988
1988
1685
1278
978
932
1124
1342
1298
850
142
-513
-872
-882
-622
-259
19
63
-113
-338
-425
-290
30
465
906
1199
1220
967
598
325
279
402
451
172
-470
-1199
-1626
-1593
-1290
-1040
-1014
-1154
-1331
-1458
-1480
-1340
-1023
-615
-253
-34
37
-9
-119
-216
-212
-87
72
127
26
-150
-272
-298
-289
-321
-407
-491
-504
-414
-242
-44
116
211
265
316
394
527
740
1019
1274
1390
1317
1133
970
922
979
1066
1104
1060
954
829
735
706
747
826
899
985
1150
1417
1721
1970
2128
2205
2216
2202
2250
2421
2681
2884
2697
1594
-678
-3351
-4745
-3810
-1556
-244
-947
-2464
-3052
-2503
-1822
-1381
-592
631
1304
759
-213
-417
140
525
389
276
400
93
-1138
-2617
-3184
-2568
-1587
-1110
-1290
-1759
-2154
-2243
-1852
-983
49
786
998
821
589
543
748
1153
1618
1920
1819
1263
494
-86
-229
-10
295
423
257
-155
-627
-916
-861
-520
-116
159
273
292
271
228
217
319
517
646
514
115
-353
-675
-797
-802
-781
-791
-890
-1110
-1368
-1500
-1432
-1267
-1168
-1161
-1127
-972
-741
-532
-387
-293
-250
-272
-322
-302
-174
2
111
106
10
-127
-277
-386
-387
-264
-89
24
20
-52
-88
-25
128
315
507
691
852
959
999
1009
1030
1078
1121
1122
1074
1015
995
1022
1057
1059
1034
1008
983
966
1007
1156
1385
1612
1784
1909
1980
1990
1990
2064
2223
2381
2356
1791
346
-1709
-3177
-2862
-1111
158
-493
-2312
-3325
-2761
-1642
-1011
-639
-1
473
56
-840
-1004
-152
675
643
172
7
-48
-667
-1701
-2182
-1665
-861
-713
-1301
-1973
-2215
-2002
-1492
-798
-113
255
177
-88
-123
235
799
1292
1580
1648
1480
1106
702
520
652
897
963
731
327
-64
-315
-375
-255
-73
-6
-127
-293
-294
-88
180
355
397
325
155
-42
-135
-60
55
3
-258
-555
-725
-777
-811
-867
-927
-1004
-1144
-1313
-1384
-1268
-1019
-783
-650
-614
-621
-622
-571
-433
-221
-25
53
2
-90
-121
-74
-18
-10
-45
-87
-103
-84
-15
92
191
241
244
253
317
453
646
847
986
1010
946
894
932
1036
1128
1163
1159
1145
1125
1110
1131
1198
1276
1315
1312
1305
1342
1460
1641
1792
1821
1762
1749
1853
2013
2106
1950
1216
-281
-1970
-2609
-1572
46
333
-1204
-2955
-3172
-2024
-993
-772
-745
-455
-408
-952
-1343
-764
297
625
0
-612
-595
-498
-943
-1530
-1462
-822
-516
-1012
-1789
-2107
-1846
-1370
-948
-613
-415
-441
-576
-496
-44
562
955
1017
940
923
956
945
917
969
1064
1016
749
424
235
189
164
95
4
-119
-302
-467
-450
-216
48
126
-16
-241
-391
-368
-168
68
107
-158
-539
-725
-635
-485
-510
-709
-925
-1072
-1170
-1221
-1184
-1080
-1010
-1030
-1067
-1017
-888
-764
-692
-628
-530
-427
-372
-342
-264
-108
36
60
-31
-119
-111
-11
116
220
279
274
229
219
294
419
515
575
644
736
799
820
860
957
1060
1100
1082
1063
1084
1153
1265
1396
1488
1501
1463
1450
1514
1639
1758
1806
1766
1711
1719
1792
1871
1876
1596
730
-685
-1859
-1789
-545
413
-230
-1972
-2988
-2377
-1122
-584
-809
-973
-886
-1037
-1381
-1155
-188
534
181
-711
-1031
-669
-483
-865
-1217
-1016
-666
-835
-1428
-1768
-1555
-1134
-893
-818
-746
-695
-708
-622
-254
286
661
715
628
659
846
1036
1129
1158
1154
1075
906
749
706
733
690
514
294
124
18
-55
-72
-11
58
12
-176
-396
-478
-343
-80
98
19
-273
-514
-474
-208
-10
-96
-404
-714
-875
-892
-834
-775
-798
-941
-1115
-1163
-1039
-872
-806
-835
-839
-751
-617
-497
-390
-266
-145
-76
-64
-65
-37
32
121
195
230
226
218
256
351
467
545
564
555
582
662
755
812
825
849
902
959
991
1011
1050
1108
1153
1193
1256
1335
1398
1441
1488
1542
1586
1627
1690
1752
1752
1693
1652
1685
1756
1773
1572
909
-245
-1320
-1447
-517
334
-123
-1628
-2620
-2162
-1032
-541
-856
-1181
-1160
-1189
-1368
-1150
-357
230
-102
-898
-1149
-721
-413
-679
-1040
-980
-747
-866
-1265
-1425
-1180
-905
-889
-981
-935
-783
-661
-525
-241
121
322
307
292
481
794
1002
1018
961
940
930
884
855
890
907
772
506
287
217
222
183
94
16
-53
-139
-231
-300
-362
-429
-444
-369
-296
-366
-538
-616
-498
-329
-315
-466
-635
-734
-790
-837
-855
-851
-891
-992
-1061
-1015
-905
-856
-910
-966
-927
-799
-665
-567
-487
-396
-298
-217
-149
-74
9
84
142
199
263
321
368
428
510
584
614
619
656
737
815
846
840
838
860
909
984
1068
1135
1168
1190
1229
1293
1377
1467
1538
1571
1577
1592
1622
1651
1677
1704
1721
1722
1696
1520
937
-74
-943
-916
-80
427
-331
-1782
-2439
-1759
-770
-604
-1118
-1450
-1388
-1373
-1451
-1119
-375
-21
-535
-1249
-1250
-660
-349
-631
-959
-910
-781
-953
-1232
-1198
-904
-763
-909
-1057
-987
-799
-638
-462
-211
-4
39
25
170
493
789
898
876
862
897
930
952
1000
1048
1004
835
637
521
489
457
376
274
184
95
-4
-108
-207
-282
-298
-253
-228
-319
-491
-570
-460
-298
-281
-427
-567
-590
-545
-534
-584
-676
-802
-929
-967
-871
-734
-704
-800
-900
-891
-791
-681
-611
-578
-550
-503
-417
-298
-186
-114
-75
-26
50
138
230
331
433
514
564
604
652
712
777
828
851
849
849
879
928
965
974
979
1000
1038
1095
1169
1256
1332
1389
1433
1476
1538
1625
1712
1735
1677
1615
1632
1716
1795
1797
1573
908
-114
-834
-594
281
546
-467
-1843
-2152
-1291
-521
-695
-1279
-1441
-1282
-1341
-1467
-1095
-387
-191
-753
-1275
-1080
-550
-446
-765
-929
-762
-678
-901
-1111
-1003
-759
-729
-887
-959
-853
-707
-599
-447
-227
-66
-40
-18
155
444
680
774
799
834
877
895
916
974
1020
974
839
696
604
541
458
354
275
232
187
78
-95
-252
-296
-241
-215
-315
-486
-578
-534
-446
-429
-494
-575
-630
-654
-649
-628
-635
-713
-838
-918
-893
-808
-761
-795
-866
-899
-863
-773
-674
-604
-575
-568
-542
-464
-348
-238
-162
-108
-48
32
126
224
321
403
468
526
593
676
763
835
888
916
916
911
933
990
1043
1046
1011
1001
1062
1160
1231
1257
1267
1292
1332
1387
1457
1511
1511
1476
1475
1555
1673
1721
1519
908
5
-646
-512
178
464
-275
-1452
-1934
-1451
-828
-793
-1143
-1346
-1399
-1571
-1674
-1299
-629
-384
-818
-1335
-1329
-944
-702
-745
-833
-846
-903
-1016
-1033
-899
-771
-765
-823
-850
-831
-763
-608
-393
-234
-183
-160
-63
111
304
483
628
705
715
722
787
886
950
951
905
833
749
660
565
462
352
257
191
130
49
-45
-126
-185
-239
-290
-329
-366
-421
-490
-531
-519
-489
-500
-560
-619
-640
-641
-661
-709
-754
-774
-772
-758
-741
-727
-722
-721
-711
-671
-608
-546
-508
-485
-450
-383
-295
-209
-137
-70
-1
72
148
234
326
404
471
541
621
701
770
835
899
944
955
957
982
1037
1092
1114
1106
1101
1128
1190
1251
1281
1289
1291
1294
1297
1316
1351
1372
1360
1349
1379
1437
1477
1445
1224
682
-58
-505
-276
305
392
-361
-1309
-1583
-1138
-666
-646
-925
-1211
-1453
-1601
-1426
-910
-485
-570
-1005
-1275
-1163
-894
-725
-674
-703
-805
-907
-880
-745
-673
-718
-739
-640
-539
-556
-591
-481
-256
-83
-24
2
67
170
302
467
618
690
685
683
731
806
871
904
879
776
642
565
557
532
426
288
207
182
145
62
-38
-120
-179
-227
-274
-333
-408
-468
-479
-449
-440
-490
-574
-629
-631
-608
-604
-639
-699
-743
-735
-673
-613
-605
-650
-699
-709
-665
-581
-496
-446
-439
-437
-397
-320
-243
-183
-121
-46
31
99
162
235
312
393
477
554
611
657
715
785
839
861
874
903
945
986
1025
1063
1090
1096
1099
1123
1162
1188
1191
1178
1167
1174
1192
1190
1154
1098
1076
1110
1178
1204
1059
614
-57
-556
-473
86
448
53
-861
-1498
-1394
-877
-561
-679
-1016
-1321
-1496
-1489
-1268
-947
-768
-851
-1077
-1233
-1235
-1140
-1020
-906
-812
-754
-745
-794
-883
-935
-845
-610
-370
-279
-344
-440
-447
-335
-144
70
231
276
226
179
227
362
522
641
703
697
634
556
519
550
615
661
643
552
418
296
237
252
296
293
191
5
-172
-241
-200
-141
-159
-259
-366
-425
-449
-477
-511
-532
-532
-532
-550
-593
-649
-696
-700
-650
-578
-535
-545
-586
-613
-594
-526
-433
-358
-319
-306
-288
-251
-203
-154
-97
-26
51
111
146
167
194
245
323
412
487
534
564
592
627
663
699
734
767
794
813
825
832
838
856
895
939
959
942
902
872
870
889
920
935
914
853
791
774
814
874
876
740
439
74
-154
-104
141
328
271
9
-301
-547
-682
-677
-543
-415
-451
-667
-894
-984
-947
-886
-857
-860
-893
-956
-996
-966
-901
-861
-847
-800
-710
-637
-624
-634
-617
-561
-465
-333
-200
-129
-147
-186
-158
-50
72
157
206
227
229
234
280
358
415
410
375
372
410
451
467
449
411
367
348
368
397
378
298
203
147
137
140
124
78
2
-77
-126
-126
-113
-140
-216
-299
-346
-358
-362
-378
-408
-445
-474
-476
-455
-433
-436
-456
-469
-459
-431
-397
-363
-333
-308
-284
-252
-209
-164
-128
-96
-61
-18
31
82
129
173
214
257
310
375
437
484
514
536
567
602
643
687
730
766
791
814
838
861
875
879
878
866
856
860
867
867
856
849
855
868
866
826
707
501
280
163
197
296
339
261
76
-183
-441
-579
-536
-415
-403
-560
-767
-891
-923
-929
-943
-969
-1032
-1118
-1150
-1070
-952
-919
-986
-1042
-1005
-906
-808
-739
-695
-679
-673
-621
-506
-392
-344
-347
-323
-241
-143
-72
-26
5
26
53
109
190
250
254
226
224
266
319
351
356
337
313
302
321
353
351
296
223
180
179
184
157
94
10
-63
-99
-94
-83
-108
-178
-255
-305
-321
-328
-345
-375
-411
-432
-429
-407
-391
-406
-443
-469
-464
-431
-393
-370
-354
-342
-322
-294
-257
-218
-182
-152
-116
-69
-17
25
56
87
130
187
248
303
346
379
411
454
505
556
601
639
680
726
769
804
828
845
867
894
922
939
943
934
919
914
926
947
953
943
911
833
679
467
294
241
295
361
351
221
-23
-312
-513
-529
-418
-355
-452
-650
-812
-882
-885
-868
-871
-930
-1028
-1078
-1015
-898
-854
-919
-989
-971
-878
-775
-693
-643
-637
-649
-612
-493
-357
-291
-293
-276
-190
-73
13
53
60
54
66
136
254
344
352
307
280
302
345
378
397
404
391
367
352
353
344
312
276
265
268
256
211
148
87
36
4
-2
-6
-32
-91
-163
-214
-243
-260
-274
-288
-304
-324
-343
-346
-341
-341
-353
-366
-367
-355
-337
-318
-300
-286
-278
-271
-253
-222
-179
-133
-87
-50
-19
12
50
94
142
193
245
299
352
398
440
479
518
553
590
639
693
741
778
805
829
856
886
918
943
956
954
947
945
948
950
953
952
945
930
904
841
705
507
325
247
281
346
345
224
-7
-279
-477
-521
-449
-401
-481
-653
-802
-870
-883
-891
-922
-981
-1052
-1078
-1019
-924
-893
-957
-1023
-1001
-900
-788
-717
-694
-700
-701
-652
-532
-398
-330
-324
-310
-234
-124
-36
11
31
40
63
124
216
289
300
272
263
291
329
347
346
339
328
319
320
321
300
249
201
185
192
185
147
86
19
-39
-76
-89
-97
-122
-172
-233
-284
-321
-351
-376
-398
-418
-439
-448
-447
-446
-454
-470
-478
-472
-455
-431
-406
-386
-373
-366
-350
-318
-278
-240
-207
-176
-147
-114
-73
-25
26
75
117
161
207
254
303
351
398
444
494
546
595
640
680
717
753
784
814
843
868
894
920
940
947
942
932
924
915
909
905
902
895
879
841
755
599
410
269
233
280
323
272
104
-142
-374
-494
-483
-427
-446
-573
-735
-841
-873
-872
-888
-940
-1013
-1063
-1041
-957
-887
-896
-961
-992
-939
-833
-736
-681
-668
-668
-641
-557
-436
-341
-304
-291
-245
-155
-56
16
56
77
100
144
213
287
332
338
332
344
371
391
398
400
401
402
402
399
385
354
315
291
288
287
263
216
156
96
46
17
7
-8
-46
-105
-169
-221
-259
-284
-303
-321
-346
-373
-392
-396
-397
-406
-416
-422
-419
-407
-383
-355
-334
-323
-312
-292
-256
-215
-174
-135
-100
-67
-32
12
59
106
151
196
243
291
337
386
432
474
510
545
582
621
657
692
723
753
782
810
834
851
859
865
879
898
911
906
887
865
853
852
857
859
849
825
784
725
622
467
306
203
193
234
246
162
-30
-268
-453
-519
-485
-454
-510
-649
-787
-861
-870
-867
-894
-959
-1027
-1046
-989
-900
-853
-881
-933
-933
-860
-753
-668
-631
-628
-616
-559
-457
-352
-289
-267
-243
-177
-80
9
60
79
90
116
171
244
303
323
316
313
324
344
356
357
354
354
350
342
323
291
257
230
223
217
193
144
83
28
-10
-36
-59
-88
-126
-174
-224
-271
-318
-362
-395
-413
-417
-417
-424
-439
-460
-477
-486
-484
-473
-457
-442
-424
-400
-373
-349
-328
-303
-272
-233
-192
-148
-107
-68
-34
1
44
89
135
181
224
270
314
352
388
420
449
477
508
544
581
613
636
650
663
676
694
712
726
731
731
731
739
746
743
730
711
695
685
677
674
672
665
644
593
502
370
226
116
84
110
128
69
-81
-280
-454
-546
-554
-531
-551
-643
-762
-848
-880
-887
-908
-950
-995
-1008
-976
-914
-866
-862
-888
-890
-836
-745
-659
-609
-585
-561
-511
-433
-345
-278
-240
-210
-154
-70
11
60
82
95
123
177
241
290
303
293
287
305
343
374
386
377
364
358
357
352
330
293
254
229
221
210
180
127
64
3
-41
-67
-85
-109
-143
-189
-239
-286
-325
-353
-368
-372
-374
-378
-385
-397
-404
-407
-404
-396
-382
-362
-336
-307
-281
-260
-243
-225
-197
-161
-118
-73
-37
-3
31
68
106
143
180
218
255
295
336
374
404
429
451
475
501
525
546
566
583
597
611
625
634
637
633
630
631
635
644
651
652
648
640
633
627
619
608
599
589
583
583
589
589
575
533
455
345
221
123
86
101
118
81
-29
-196
-360
-463
-491
-477
-482
-539
-628
-704
-743
-761
-781
-811
-844
-853
-823
-764
-717
-708
-729
-738
-701
-625
-544
-491
-465
-449
-422
-367
-296
-235
-197
-166
-120
-57
4
47
68
85
112
159
216
262
279
268
255
261
289
323
343
341
316
287
268
264
265
256
232
198
159
120
84
49
10
-33
-77
-116
-144
-173
-208
-248
-292
-329
-358
-374
-385
-399
-415
-429
-433
-425
-415
-406
-404
-403
-396
-376
-346
-312
-286
-270
-254
-229
-196
-153
-113
-77
-48
-21
13
47
82
112
139
167
195
222
250
275
298
325
351
375
390
398
405
419
438
459
472
477
475
473
475
477
476
473
470
469
472
476
475
469
464
463
468
471
471
468
464
460
459
459
460
458
447
414
346
243
131
51
25
41
44
-9
-134
-292
-424
-490
-492
-481
-507
-579
-664
-719
-740
-744
-760
-788
-813
-811
-773
-721
-689
-691
-705
-693
-642
-570
-508
-472
-450
-422
-376
-314
-253
-212
-186
-149
-91
-19
46
85
104
118
144
189
241
280
295
289
282
287
307
330
347
351
334
305
277
257
245
234
217
193
161
122
82
44
7
-32
-71
-105
-134
-162
-191
-224
-260
-294
-322
-339
-346
-352
-358
-365
-367
-364
-356
-344
-332
-320
-306
-283
-253
-221
-196
-177
-161
-139
-110
-73
-36
-5
18
38
62
91
121
150
175
199
220
243
267
288
306
322
337
357
375
390
403
410
412
414
420
426
432
436
437
435
434
430
426
423
422
423
427
432
433
431
427
427
431
439
445
445
444
444
444
443
445
448
452
447
422
361
263
153
71
47
70
91
57
-44
-189
-321
-390
-399
-387
-404
-463
-537
-590
-612
-621
-641
-676
-709
-712
-677
-622
-585
-585
-599
-596
-558
-496
-433
-387
-356
-328
-286
-232
-182
-148
-124
-89
-38
24
75
102
110
116
132
166
207
237
250
249
245
241
242
244
247
251
255
254
245
224
193
160
131
110
98
85
63
29
-17
-66
-109
-138
-153
-163
-176
-199
-228
-262
-289
-307
-315
-316
-313
-304
-296
-291
-293
-297
-300
-292
-275
-251
-225
-205
-191
-180
-168
-154
-136
-116
-93
-68
-40
-11
16
37
52
67
85
108
133
161
184
203
214
223
230
241
257
275
293
310
318
319
318
319
324
333
341
345
343
336
330
328
328
327
325
321
316
314
314
315
314
311
312
313
314
314
310
304
302
300
296
292
289
289
286
263
208
120
23
-42
-54
-29
-11
-42
-137
-263
-369
-418
-421
-412
-427
-468
-515
-546
-560
-570
-595
-629
-648
-631
-584
-537
-515
-523
-535
-526
-486
-429
-382
-352
-333
-306
-264
-216
-178
-155
-135
-102
-52
4
49
74
83
90
105
134
170
199
217
223
216
200
188
185
197
214
228
225
203
169
139
118
109
102
88
70
48
22
-9
-47
-84
-111
-123
-125
-127
-141
-169
-204
-230
-241
-242
-238
-236
-235
-232
-229
-225
-226
-229
-229
-220
-199
-173
-151
-135
-126
-117
-106
-88
-67
-44
-20
5
27
47
63
77
91
109
131
154
178
198
215
228
237
243
249
257
272
291
309
321
322
317
312
308
311
315
319
319
319
318
313
307
302
298
298
300
300
297
292
286
283
285
287
286
285
285
285
283
278
275
271
269
266
262
257
255
256
249
215
147
60
-9
-29
-3
31
26
-45
-158
-264
-316
-315
-295
-299
-335
-386
-424
-439
-447
-466
-499
-524
-518
-483
-441
-421
-431
-450
-452
-427
-381
-338
-308
-287
-260
-223
-187
-163
-152
-141
-112
-63
-5
42
64
66
62
65
87
118
147
167
173
169
161
152
148
150
155
160
164
161
148
127
99
73
54
45
39
31
13
-17
-52
-83
-105
-116
-123
-133
-147
-164
-180
-195
-209
-220
-228
-230
-224
-215
-208
-204
-204
-205
-206
-201
-189
-176
-157
-143
-130
-121
-116
-110
-98
-81
-60
-39
-17
-3
10
19
30
42
57
73
91
107
120
129
138
147
157
170
184
197
209
220
229
234
238
240
241
242
244
245
246
246
242
233
225
218
213
212
213
212
209
202
193
185
180
178
177
177
173
172
172
172
172
172
171
171
166
161
155
145
140
139
134
116
76
21
-33
-62
-63
-51
-52
-84
-148
-218
-262
-272
-264
-261
-280
-310
-335
-349
-352
-356
-369
-384
-387
-372
-344
-322
-316
-323
-325
-313
-287
-259
-236
-219
-204
-183
-156
-133
-117
-108
-94
-71
-40
-11
8
21
30
38
52
66
74
79
83
91
103
112
115
109
98
87
82
84
87
85
75
59
41
25
14
5
-5
-19
-32
-45
-57
-68
-80
-93
-103
-111
-115
-118
-120
-123
-128
-132
-133
-133
-130
-127
-123
-119
-116
-115
-113
-109
-102
-93
-85
-75
-67
-58
-48
-37
-27
-17
-3
11
26
41
53
64
75
87
100
113
126
139
154
167
179
189
196
204
213
224
235
245
249
250
249
248
248
248
249
250
247
243
239
235
231
226
222
215
209
206
205
206
203
194
182
173
172
176
182
183
178
173
169
170
174
176
174
172
166
162
156
152
149
147
138
115
78
37
7
-2
4
4
-17
-64
-122
-166
-186
-185
-187
-201
-229
-257
-278
-290
-301
-315
-330
-336
-331
-319
-310
-311
-318
-322
-317
-302
-284
-269
-253
-236
-214
-191
-172
-160
-150
-135
-111
-80
-49
-25
-9
3
15
25
35
42
48
61
79
98
111
111
96
76
63
63
74
86
87
76
55
34
14
1
-9
-18
-27
-37
-48
-61
-79
-99
-117
-133
-142
-147
-148
-151
-156
-162
-170
-176
-181
-182
-177
-169
-160
-152
-147
-145
-144
-142
-136
-124
-108
-89
-71
-58
-47
-40
-31
-18
-1
18
38
54
66
77
88
97
107
118
129
142
154
164
169
172
174
178
185
191
196
196
195
196
196
195
194
189
186
185
186
186
184
178
172
166
158
154
150
147
144
142
141
138
133
127
121
117
114
114
114
114
114
114
112
109
106
105
104
104
102
100
96
93
89
83
70
51
26
4
-11
-16
-22
-33
-58
-91
-124
-150
-163
-171
-179
-192
-207
-223
-238
-250
-262
-272
-279
-277
-270
-261
-254
-252
-254
-254
-247
-234
-218
-201
-182
-165
-148
-134
-123
-114
-102
-86
-64
-42
-21
-5
5
10
11
10
13
23
38
56
67
68
56
42
32
31
37
44
48
45
38
27
15
0
-13
-21
-24
-25
-27
-36
-50
-67
-82
-93
-100
-104
-105
-105
-104
-103
-107
-110
-116
-117
-115
-105
-92
-81
-74
-71
-69
-68
-65
-57
-46
-32
-18
-6
4
10
17
25
34
46
60
75
89
101
110
118
123
130
139
150
161
172
181
186
190
194
198
202
208
213
216
216
215
215
213
210
208
204
199
196
192
187
182
177
172
166
159
152
146
140
138
136
133
127
118
111
105
103
103
101
98
93
88
84
82
79
75
73
72
73
70
68
62
55
49
47
45
42
37
28
18
5
-9
-21
-32
-41
-50
-59
-71
-86
-103
-120
-133
-142
-149
-154
-162
-172
-184
-194
-203
-210
-214
-215
-216
-217
-217
-216
-217
-215
-213
-208
-202
-194
-185
-175
-166
-158
-153
-146
-139
-130
-119
-108
-98
-92
-89
-87
-85
-77
-69
-60
-55
-55
-55
-55
-52
-49
-47
-47
-48
-49
-49
-50
-51
-55
-58
-59
-60
-61
-61
-62
-64
-67
-68
-70
-70
-71
-70
-70
-69
-69
-69
-70
-71
-71
-68
-65
-63
-58
-57
-54
-51
-49
-46
-41
-36
-32
-25
-20
-15
-11
-7
-2
3
8
14
23
30
39
45
50
55
60
66
74
82
91
97
101
107
110
112
115
117
122
126
129
130
129
127
126
126
125
123
121
121
120
120
118
115
112
109
106
103
103
101
100
99
97
95
91
86
84
81
80
81
80
80
77
73
70
67
65
65
65
64
63
60
57
54
51
48
47
47
45
43
40
37
33
31
27
23
19
16
11
5
0
-8
-16
-22
-28
-34
-41
-48
-56
-65
-72
-78
-84
-88
-95
-100
-106
-111
-115
-120
-123
-125
-127
-127
-126
-125
-127
-127
-129
-126
-124
-120
-115
-109
-106
-103
-102
-100
-98
-94
-87
-81
-74
-69
-66
-65
-64
-61
-55
-50
-43
-37
-31
-27
-24
-22
-18
-15
-9
-3
4
9
15
17
20
22
25
30
34
40
45
49
52
52
52
54
55
59
62
64
65
66
66
65
65
66
65
65
67
67
68
67
68
65
64
64
64
63
65
65
65
65
63
62
60
58
59
59
60
59
59
57
56
56
55
54
56
56
57
57
57
58
57
56
56
57
56
58
58
59
58
57
58
57
58
57
57
58
57
56
55
54
52
51
48
48
45
43
40
38
36
34
31
27
23
20
18
13
11
7
3
-1
-5
-10
-14
-18
-22
-25
-28
-31
-34
-37
-41
-43
-46
-48
-50
-52
-53
-53
-54
-56
-56
-58
-57
-58
-58
-58
-57
-57
-56
-57
-57
-57
-58
-59
-59
-59
-59
-59
-60
-61
-64
-66
-68
-70
-70
-71
-73
-75
-76
-80
-81
-84
-86
-86
-87
-87
-88
-89
-88
-90
-90
-91
-90
-90
-87
-86
-84
-82
-81
-80
-77
-75
-73
-68
-66
-62
-58
-55
-52
-48
-44
-40
-35
-31
-28
-23
-19
-15
-11
-7
-3
0
5
9
11
15
18
21
23
25
27
29
31
33
34
34
35
35
35
35
35
34
35
33
33
31
30
29
27
25
26
24
23
21
19
18
16
16
13
13
12
11
10
9
8
9
8
8
9
9
10
10
11
13
13
15
15
17
18
20
22
24
26
28
30
33
34
36
38
41
42
44
46
46
47
48
49
50
51
51
52
50
49
48
47
45
44
42
41
40
37
36
32
29
27
24
21
19
16
14
12
10
7
6
3
2
0
0
-1
-2
-2
-2
-2
-2
-2
-1
-1
1
2
4
6
8
9
11
13
14
16
19
21
23
25
27
29
30
31
32
34
35
36
37
36
38
36
36
35
34
33
32
31
29
28
25
22
21
18
15
12
10
8
4
2
-1
-4
-6
-8
-10
-12
-13
-15
-17
-17
-20
-19
-21
-21
-22
-21
-21
-20
-19
-18
-18
-18
-17
-15
-14
-13
-12
-12
-11
-10
-9
-8
-8
-8
-7
-7
-7
-7
-8
-8
-8
-9
-10
-10
-11
-11
-13
-13
-14
-15
-16
-18
-18
-17
-18
-18
-18
-19
-18
-17
-17
-15
-15
-13
-12
-12
-10
-8
-6
-4
-3
-1
2
3
5
8
10
12
13
14
16
18
19
20
20
21
21
20
20
21
18
17
14
13
12
10
8
6
3
1
-2
-5
-8
-11
-13
-15
-17
-19
-22
-23
-26
-28
-30
-30
-32
-32
-33
-34
-35
-37
-37
-38
-38
-38
-38
-37
-38
-37
-38
-39
-38
-38
-38
-37
-37
-35
-34
-34
-34
-32
-31
-30
-29
-28
-25
-23
-22
-20
-18
-17
-15
-12
-11
-8
-6
-5
-3
-1
0
0
2
2
2
3
3
4
5
3
3
1
1
0
-2
-2
-4
-4
-5
-5
-8
-11
-13
-14
-17
-18
-20
-23
-25
-28
-31
-34
-37
-40
-42
-44
-45
-46
-48
-50
-50
-50
-50
-49
-46
-43
-39
-35
-30
-24
-18
-11
-2
7
17
30
42
54
66
78
89
100
111
121
130
137
142
146
146
146
142
138
132
124
114
105
92
79
66
50
36
20
6
-9
-23
-38
-51
-65
-77
-89
-99
-108
-115
-120
-124
-126
-126
-124
-122
-118
-111
-104
-95
-87
-78
-69
-59
-50
-43
-36
-31
-25
-22
-20
-18
-17
-17
-17
-17
-18
-18
-18
-19
-17
-15
-14
-11
-9
-7
-5
-4
-3
-2
-2
-2
-2
-3
-6
-9
-13
-18
-22
-26
-32
-36
-40
-46
-49
-54
-55
-56
-55
-53
-48
-41
-31
-20
-5
11
31
53
77
101
126
151
173
192
209
220
228
228
223
212
195
171
140
106
68
28
-13
-53
-92
-128
-160
-187
-209
-225
-234
-236
-231
-219
-203
-180
-154
-124
-91
-55
-16
21
62
101
139
172
203
229
249
264
272
276
272
262
247
225
201
172
143
112
84
57
34
14
-4
-15
-24
-28
-28
-27
-21
-15
-6
1
7
14
18
21
22
22
20
17
11
6
-2
-10
-20
-30
-39
-49
-59
-69
-78
-87
-97
-105
-112
-118
-124
-127
-129
-129
-129
-126
-123
-118
-112
-103
-94
-83
-75
-64
-56
-48
-40
-34
-29
-25
-22
-20
-20
-21
-23
-25
-28
-33
-37
-40
-44
-49
-54
-58
-62
-65
-67
-67
-65
-62
-53
-41
-23
-3
23
54
91
131
174
220
265
307
345
378
402
419
425
420
404
379
343
300
249
193
136
79
23
-29
-76
-116
-151
-177
-197
-212
-222
-226
-228
-227
-225
-222
-218
-214
-210
-206
-201
-195
-189
-180
-169
-155
-140
-124
-105
-86
-67
-48
-31
-16
-3
7
14
16
17
13
7
-1
-12
-23
-36
-47
-58
-69
-78
-84
-89
-90
-90
-87
-82
-75
-65
-55
-44
-32
-20
-9
4
15
26
37
47
57
65
73
78
83
89
93
94
95
94
91
87
80
72
61
50
39
26
12
-1
-14
-25
-37
-47
-55
-63
-70
-74
-77
-78
-78
-75
-71
-67
-60
-52
-41
-31
-19
-5
9
23
35
49
60
72
82
90
98
103
106
109
111
110
111
110
107
106
102
98
93
89
82
74
66
57
46
37
28
18
9
1
-7
-11
-16
-19
-21
-22
-23
-22
-22
-21
-22
-21
-21
-22
-23
-25
-27
-28
-31
-34
-36
-39
-42
-45
-47
-51
-54
-56
-58
-60
-62
-62
-62
-61
-60
-58
-56
-53
-49
-45
-40
-36
-30
-24
-17
-11
-5
2
10
17
26
34
41
49
58
64
71
78
83
87
91
94
97
97
96
95
94
91
88
85
82
80
78
76
76
76
78
81
85
92
98
106
113
122
131
139
146
151
156
156
156
152
144
135
122
107
89
70
49
27
5
-16
-37
-58
-76
-94
-109
-123
-134
-144
-151
-157
-160
-161
-161
-158
-154
-149
-142
-135
-126
-117
-106
-97
-89
-81
-74
-67
-61
-58
-54
-52
-49
-48
-45
-43
-41
-38
-35
-33
-31
-28
-28
-28
-30
-35
-42
-51
-61
-75
-92
-109
-128
-147
-167
-187
-206
-224
-239
-253
-264
-273
-279
-283
-285
-283
-280
-274
-266
-257
-245
-232
-219
-205
-190
-175
-159
-143
-127
-111
-96
-79
-63
-46
-31
-14
3
20
37
54
69
85
100
112
123
133
139
144
149
152
153
156
158
163
168
175
185
198
212
230
249
270
292
312
332
350
366
379
388
394
397
397
395
389
382
374
365
355
346
337
329
320
315
307
302
296
290
283
276
268
259
248
236
222
209
192
176
158
140
122
103
86
68
52
35
19
2
-14
-32
-53
-75
-101
-129
-161
-198
-238
-281
-327
-374
-421
-467
-511
-552
-588
-617
-640
-655
-663
-661
-652
-633
-606
-572
-530
-480
-424
-362
-296
-224
-150
-75
0
73
143
207
265
313
352
381
397
405
400
387
365
337
305
271
235
201
169
141
116
96
79
66
53
43
32
18
1
-19
-45
-77
-112
-154
-198
-247
-295
-344
-389
-429
-462
-488
-503
-508
-501
-484
-455
-418
-374
-322
-268
-212
-157
-105
-58
-17
17
43
60
71
74
71
62
51
37
23
11
1
-6
-7
-5
2
15
32
52
77
102
131
159
187
215
240
264
285
304
321
334
346
355
362
364
365
364
360
353
344
331
315
296
275
250
222
193
162
129
96
62
29
-3
-34
-64
-91
-116
-138
-159
-177
-192
-206
-217
-226
-234
-240
-242
-245
-246
-245
-244
-240
-236
-229
-224
-217
-211
-204
-200
-196
-193
-192
-190
-192
-194
-195
-196
-197
-197
-195
-191
-186
-179
-171
-162
-154
-146
-139
-136
-133
-133
-135
-137
-139
-141
-138
-131
-116
-94
-60
-16
41
108
189
281
381
487
599
712
823
926
1020
1103
1167
1214
1240
1243
1222
1179
1114
1029
925
808
679
542
403
264
129
2
-115
-218
-307
-381
-439
-480
-507
-519
-519
-506
-483
-453
-416
-374
-330
-285
-240
-197
-156
-120
-90
-67
-51
-46
-47
-59
-79
-108
-144
-187
-235
-286
-338
-391
-442
-489
-531
-567
-596
-617
-631
-638
-637
-630
-615
-597
-573
-545
-514
-483
-449
-414
-379
-345
-311
-280
-248
-219
-191
-165
-142
-121
-102
-86
-71
-57
-47
-36
-27
-20
-13
-7
-2
3
7
12
16
20
24
27
29
32
35
35
37
37
38
38
38
40
41
43
47
50
57
64
74
85
98
114
129
146
164
182
199
215
230
243
256
265
271
275
277
277
275
274
271
268
265
262
261
260
261
263
267
273
281
290
303
316
333
353
373
396
419
442
465
485
500
511
515
511
497
473
440
396
344
283
214
144
70
-5
-76
-144
-205
-259
-304
-340
-369
-387
-397
-401
-399
-393
-384
-374
-361
-350
-338
-325
-312
-298
-283
-263
-240
-212
-181
-142
-99
-50
3
60
120
178
236
291
340
382
414
438
450
452
441
419
387
346
298
244
185
126
64
4
-55
-111
-163
-211
-256
-295
-330
-363
-387
-409
-428
-443
-453
-459
-461
-461
-455
-447
-434
-417
-398
-376
-351
-324
-296
-267
-237
-207
-176
-146
-116
-87
-58
-31
-5
19
42
65
85
105
123
139
155
170
183
196
209
222
236
251
267
285
304
323
343
363
382
398
412
421
425
425
417
405
386
361
331
297
260
222
183
144
109
74
45
18
-4
-22
-35
-46
-53
-57
-59
-61
-60
-60
-60
-61
-63
-66
-71
-77
-86
-95
-107
-121
-136
-153
-171
-189
-208
-225
-243
-259
-273
-285
-293
-299
-301
-299
-292
-283
-271
-256
-240
-219
-202
-182
-163
-145
-128
-113
-98
-86
-76
-67
-60
-54
-50
-46
-43
-41
-41
-40
-39
-40
-41
-43
-46
-50
-55
-64
-72
-82
-94
-107
-119
-133
-146
-157
-168
-178
-184
-187
-188
-186
-181
-172
-160
-145
-130
-112
-92
-72
-52
-31
-11
9
27
45
64
81
96
112
128
143
158
174
189
204
218
233
245
259
268
278
284
291
293
295
295
290
285
278
268
258
243
229
212
194
175
154
134
113
90
68
48
25
6
-13
-30
-46
-61
-74
-85
-94
-102
-109
-114
-117
-120
-120
-120
-120
-119
-117
-115
-113
-111
-108
-106
-104
-101
-97
-92
-86
-80
-71
-61
-48
-35
-19
-1
18
37
58
79
98
117
134
149
161
170
175
177
176
173
167
158
147
135
122
107
93
78
64
49
35
20
5
-9
-23
-37
-51
-65
-78
-91
-102
-113
-123
-132
-141
-147
-153
-160
-165
-170
-176
-181
-185
-189
-194
-194
-194
-193
-189
-180
-170
-156
-137
-117
-93
-64
-36
-5
26
58
88
117
145
171
193
213
229
241
251
256
257
254
246
235
220
200
175
145
112
75
35
-7
-51
-95
-139
-180
-219
-254
-283
-308
-326
-338
-343
-344
-337
-326
-312
-292
-271
-248
-222
-198
-170
-144
-117
-92
-66
-39
-12
16
46
78
113
152
191
236
281
328
377
426
473
516
556
589
615
632
639
634
618
590
551
501
441
374
301
224
145
66
-10
-82
-147
-206
-257
-299
-333
-359
-376
-388
-394
-395
-393
-390
-384
-379
-374
-372
-370
-369
-368
-369
-371
-373
-373
-373
-370
-366
-360
-352
-341
-327
-311
-294
-275
-253
-232
-210
-188
-165
-143
-121
-100
-78
-56
-35
-13
10
33
58
84
111
139
167
196
225
255
283
310
337
360
380
399
414
424
430
432
428
419
403
383
356
323
284
241
193
141
87
31
-25
-79
-131
-178
-220
-258
-287
-309
-324
-332
-332
-325
-313
-296
-275
-251
-224
-198
-171
-144
-119
-96
-74
-55
-37
-23
-10
1
11
19
25
31
37
41
48
53
57
63
69
76
82
89
97
106
114
123
133
143
152
162
172
181
189
195
201
204
205
202
197
188
176
160
142
120
95
70
43
15
-12
-38
-63
-87
-107
-124
-139
-151
-160
-165
-167
-167
-165
-160
-154
-146
-138
-128
-117
-106
-93
-80
-65
-51
-34
-16
1
21
41
62
82
103
122
140
155
168
177
182
181
176
164
148
125
98
66
31
-7
-44
-83
-119
-154
-184
-210
-231
-245
-253
-256
-253
-245
-233
-217
-200
-182
-162
-141
-123
-105
-88
-72
-56
-42
-27
-12
4
20
37
57
77
97
119
138
157
173
188
198
205
206
203
195
183
168
148
127
104
81
59
38
20
6
-4
-10
-14
-11
-6
4
16
29
44
59
73
85
95
102
106
105
101
94
84
71
56
39
21
2
-16
-33
-49
-62
-74
-83
-89
-93
-94
-90
-85
-79
-69
-58
-45
-31
-17
-2
12
26
40
52
63
73
81
87
93
96
98
97
96
94
91
87
81
74
67
60
52
44
34
25
16
8
1
-6
-12
-16
-20
-21
-21
-20
-19
-16
-14
-12
-13
-13
-16
-21
-26
-34
-42
-53
-63
-72
-81
-87
-92
-96
-95
-93
-88
-83
-75
-66
-58
-50
-43
-40
-37
-37
-39
-43
-49
-56
-65
-72
-79
-85
-90
-93
-94
-93
-90
-86
-82
-76
-71
-65
-60
-55
-52
-50
-48
-46
-44
-43
-41
-36
-32
-27
-20
-11
-1
9
20
31
40
50
58
64
68
72
71
68
65
59
51
44
35
25
16
8
0
-8
-15
-23
-29
-34
-40
-45
-49
-53
-56
-59
-60
-59
-57
-54
-47
-38
-28
-14
1
17
38
55
72
89
105
118
127
132
135
132
126
116
103
87
69
49
30
10
-9
-27
-43
-57
-69
-79
-85
-90
-93
-95
-95
-93
-92
-89
-85
-82
-78
-75
-72
-67
-63
-61
-56
-53
-48
-43
-37
-31
-26
-20
-15
-9
-3
1
5
9
11
11
14
13
12
11
8
6
2
0
-3
-5
-7
-9
-11
-11
-12
-11
-11
-8
-7
-2
2
7
12
19
28
36
46
57
66
77
88
99
107
115
124
128
132
134
133
131
128
123
116
108
98
89
79
69
58
49
39
31
22
16
9
4
-1
-7
-10
-13
-16
-18
-20
-20
-22
-22
-21
-21
-18
-17
-15
-12
-10
-7
-5
-3
-1
-1
0
0
-1
-2
-4
-5
-8
-11
-15
-17
-20
-23
-25
-27
-30
-31
-32
-32
-33
-34
-33
-35
-34
-35
-34
-34
-35
-34
-35
-36
-36
-36
-37
-36
-37
-36
-37
-37
-37
-36
-37
-35
-34
-33
-32
-31
-29
-27
-26
-24
-20
-17
-15
-12
-8
-5
-1
1
6
8
11
15
18
21
25
27
29
32
35
38
41
43
45
47
47
48
47
47
44
41
37
33
29
24
18
13
8
5
0
-2
-5
-6
-6
-7
-7
-7
-7
-6
-6
-5
-4
-4
-4
-4
-4
-4
-3
-2
-1
0
0
3
5
4
5
6
6
6
6
5
4
2
2
1
0
0
1
1
2
4
6
8
11
14
16
19
21
24
26
27
27
27
28
26
26
25
23
22
20
17
14
11
6
2
-2
-8
-14
-23
-30
-39
-47
-56
-66
-74
-84
-92
-101
-108
-113
-118
-123
-126
-129
-129
-129
-129
-127
-125
-122
-117
-113
-108
-102
-96
-90
-84
-77
-71
-64
-56
-50
-42
-35
-28
-20
-13
-6
1
8
14
21
28
34
41
49
56
64
72
81
90
100
110
120
130
140
151
160
169
177
184
190
196
199
201
202
201
199
193
187
180
170
159
147
133
119
102
85
68
51
33
17
1
-14
-29
-43
-55
-65
-75
-83
-90
-96
-103
-108
-113
-118
-122
-128
-132
-137
-143
-150
-156
-163
-170
-178
-186
-193
-200
-207
-214
-219
-225
-228
-232
-233
-233
-232
-231
-227
-221
-214
-205
-195
-182
-170
-156
-140
-124
-106
-89
-71
-52
-33
-15
4
22
39
58
76
93
110
126
143
159
174
189
203
217
230
244
256
267
278
289
299
307
316
321
325
328
330
329
327
322
315
307
296
283
269
252
234
215
195
174
152
130
108
86
64
43
22
4
-14
-32
-47
-61
-73
-85
-94
-103
-109
-114
-119
-122
-123
-126
-126
-125
-123
-122
-119
-116
-113
-109
-107
-103
-100
-96
-94
-92
-90
-90
-90
-90
-90
-91
-93
-94
-96
-98
-99
-101
-103
-103
-103
-104
-105
-105
-106
-105
-104
-103
-102
-102
-99
-97
-95
-93
-89
-86
-82
-78
-72
-67
-61
-54
-46
-38
-30
-22
-12
-4
6
14
22
31
39
47
55
62
67
72
77
80
83
85
86
86
86
86
84
82
80
76
73
68
64
59
55
50
44
40
34
30
26
21
16
13
8
5
0
-3
-7
-10
-13
-17
-20
-24
-27
-31
-34
-38
-41
-43
-47
-49
-50
-52
-54
-55
-55
-55
-55
-55
-53
-52
-50
-48
-45
-42
-40
-36
-34
-30
-26
-23
-20
-16
-14
-10
-7
-5
-2
0
2
3
4
6
6
7
8
9
8
7
7
5
4
2
1
-1
-3
-5
-7
-10
-12
-15
-18
-19
-22
-23
-23
-25
-24
-25
-24
-24
-21
-20
-18
-15
-11
-8
-4
1
4
9
15
20
25
31
37
43
49
55
61
66
69
74
76
77
78
79
79
78
76
71
64
55
46
37
28
19
10
3
-7
-17
-27
-37
-48
-56
-63
-66
-67
-67
-67
-67
-66
-66
-66
-63
-59
-53
-44
-35
-26
-19
-13
-7
-2
3
8
14
22
28
35
41
44
47
47
47
46
45
46
46
46
46
43
41
37
33
29
25
21
19
17
16
14
13
11
9
8
5
5
4
5
5
7
7
8
9
9
7
6
7
6
7
7
10
11
12
13
13
13
13
14
15
18
19
22
23
25
26
25
27
25
26
26
26
26
25
24
22
19
18
14
11
8
5
2
0
-3
-5
-8
-10
-13
-16
-19
-21
-22
-23
-23
-24
-24
-25
-26
-26
-26
-27
-27
-26
-25
-25
-24
-23
-24
-23
-23
-22
-22
0
0
0
0
0
0
0
0
0
0
0
0
0
0
0
0
0
0
0
0
0
0
0
0
0
0
0
0
0
0
0
0
0
0
0
0
0
0
0
0
0
0
0
0
0
0
0
0
0
0
0
0
0
0
0
0
0
0
0
0
0
0
0
0
0
0
0
0
0
0
0
0
0
0
0
0
0
0
0
0
0
0
0
0
0
0
0
0
0
0
0
0
0
0
0
0
0
0
0
0
0
0
0
0
0
0
0
0
0
0
0
0
0
0
0
0
0
0
0
0
0
0
0
0
0
0
0
0
0
0
0
0
0
0
0
0
0
0
0
0
0
0
0
0
0
0
0
0
0
0
0
0
0
0
0
0
0
0
0
0
0
0
0
0
0
0
0
0
0
0
0
0
0
0
0
0
0
0
0
0
0
0
0
0
0
0
0
0
0
0
0
0
0
0
0
0
0
0
