0
0
0
0
0
0
0
0
0
0
0
0
0
0
0
0
0
0
0
0
0
0
0
0
0
0
0
0
0
0
0
0
0
0
0
0
0
0
0
0
0
0
0
0
0
0
0
0
0
0
0
0
0
0
0
0
0
0
0
0
0
0
0
0
0
0
0
0
0
0
0
0
0
0
0
0
0
0
0
0
0
0
0
0
0
0
0
0
0
0
0
0
0
0
0
0
0
0
0
0
0
0
0
0
0
0
0
0
0
0
0
0
0
0
0
0
0
0
0
0
0
0
0
0
0
0
0
0
0
0
0
0
0
0
0
0
0
0
0
0
0
0
0
0
0
0
0
0
0
0
0
0
0
0
0
0
0
0
0
0
0
0
0
0
0
0
0
0
0
0
0
0
0
0
0
0
0
0
0
0
0
0
0
0
0
0
0
0
0
0
0
0
0
0
0
0
0
0
-10
-11
-11
-10
-11
-12
-11
-12
-11
-12
-12
-12
-12
-12
-12
-12
-12
-11
-10
-11
-10
-10
-11
-11
-10
-9
-10
-10
-9
-8
-8
-8
-8
-7
-6
-6
-5
-5
-6
-6
-5
-3
-3
-4
-2
-2
-2
-2
-1
-2
0
-1
0
1
0
0
1
1
1
1
1
2
2
1
2
2
2
2
2
2
3
2
2
3
3
4
3
3
3
3
2
3
3
3
3
3
3
3
3
3
3
2
3
3
2
3
2
1
1
2
1
1
1
1
1
1
1
0
2
0
1
1
0
1
1
1
1
1
1
2
2
2
2
1
3
3
2
2
3
3
2
3
3
3
3
4
3
3
3
4
3
3
3
3
3
2
3
3
4
4
3
4
3
3
3
4
3
3
3
3
3
3
4
2
2
3
2
3
2
1
2
2
2
2
2
1
2
2
2
1
3
2
2
2
2
2
1
2
1
2
2
2
1
2
2
2
2
1
2
2
2
2
2
2
2
2
1
2
2
2
1
3
2
2
2
2
3
3
2
2
2
2
3
2
2
2
2
3
2
2
1
1
2
2
2
2
2
1
1
0
1
0
0
0
0
0
1
1
0
0
0
1
0
1
0
0
0
-1
-1
-1
0
-1
0
-1
-1
-1
-1
-1
0
0
0
0
-2
-1
-1
0
-1
-1
-2
0
-1
-1
-1
0
-1
0
-1
-1
-1
-1
-1
-1
0
-1
-1
-1
0
-1
-1
-1
-1
0
0
0
-1
0
-1
-1
-2
-2
-1
-1
-1
-1
-2
-1
-1
-2
-2
-2
-2
-1
-2
-1
-1
-2
-2
-2
-2
-2
-1
-2
-2
-2
-2
-2
-2
-2
-2
-2
-2
-3
-2
-3
-2
-3
-3
-3
-3
-2
-2
-3
-2
-2
-2
-2
-2
-2
-2
-2
-2
-2
-3
-2
-2
-2
-2
-2
-3
-2
-2
-2
-2
-2
-2
-2
-3
-1
-1
-1
-1
-2
0
-1
0
-2
-1
-1
-2
-1
-1
-1
0
-1
0
0
-1
0
0
0
0
-1
0
-1
-1
-1
-2
-2
-1
-1
-1
-1
0
-1
-1
-1
-1
-1
-1
0
0
-1
0
0
0
0
0
1
0
0
0
0
0
0
0
0
1
0
1
0
0
0
0
0
0
0
0
1
1
0
1
0
0
0
1
0
0
1
0
0
0
1
1
0
1
1
1
1
1
1
1
1
1
1
2
1
1
1
1
1
1
1
1
1
2
2
2
1
3
2
2
2
2
2
2
2
2
2
2
1
3
2
2
2
3
3
2
3
2
2
2
2
3
3
3
2
3
3
2
3
2
2
2
2
2
3
3
3
3
2
2
3
3
3
3
2
2
2
2
2
2
2
3
2
2
3
2
2
2
2
2
2
2
3
2
2
2
2
2
1
1
2
2
1
1
1
1
1
1
1
0
1
1
0
0
0
0
1
-1
0
0
0
0
0
0
0
0
-1
0
0
0
1
0
1
0
-1
-1
1
0
0
-1
-1
0
-1
0
0
-1
0
0
0
-1
-1
-1
-1
-1
0
-1
0
-1
-1
-1
-1
-1
-1
-2
-2
-2
-3
-2
-2
-2
-1
-1
-2
-2
-1
-2
-3
-2
-2
-2
-2
-2
-2
-1
-2
-3
-2
-2
-2
-1
-2
-2
-2
-2
-2
-2
-3
-2
-2
-3
-2
-2
-3
-2
-2
-2
-2
-2
-2
-2
-2
-2
-2
-1
-2
-2
-2
-2
-2
-2
-2
-3
-2
-2
-1
-2
-2
-2
-2
-3
-2
-2
-2
-2
-2
-2
-1
-2
-1
-2
-2
-2
-1
-1
-2
-1
0
-1
-1
-1
-1
-1
-2
-1
-1
0
0
0
-1
-1
0
0
-1
-1
-1
-1
-1
-1
0
0
0
0
1
0
0
0
0
0
0
0
1
0
-1
0
-1
1
0
0
0
0
-1
0
-1
0
0
0
0
0
1
1
0
0
1
0
0
0
1
1
0
-1
0
0
1
0
0
0
0
0
0
1
1
1
1
1
0
1
1
0
1
1
1
1
1
1
1
1
1
1
0
0
1
2
2
2
1
1
1
1
1
2
2
1
2
1
2
1
2
1
2
2
2
2
3
2
2
1
2
2
2
2
2
2
3
2
3
2
2
2
2
3
2
3
2
3
2
2
2
2
2
2
1
1
1
2
2
2
2
2
3
2
2
2
2
1
1
1
1
1
1
2
2
2
1
1
1
2
2
1
2
1
1
0
0
0
1
1
0
1
1
1
2
1
1
1
2
2
1
1
1
1
0
0
0
0
-1
0
0
0
0
-1
0
1
-1
0
0
0
0
0
0
1
-1
-1
-1
1
0
2
1
-1
-1
0
0
1
0
0
-2
-1
-1
-2
-2
-2
-2
-3
-3
-3
-3
-2
-2
-3
-3
-2
-1
-1
-2
-2
-2
-3
-2
-2
-2
-4
-3
-3
-2
-3
-3
-5
-4
-4
-4
-4
-4
-3
-4
-4
-4
-4
-3
-4
-4
-3
-3
-3
-4
-5
-5
-5
-4
-5
-3
-2
-3
-3
-4
-4
-4
-3
-2
-1
0
0
-2
-3
-3
-3
-1
2
3
1
-2
-3
-6
-7
-5
-2
-2
-5
-8
-12
-15
-13
-8
-3
2
3
3
1
-4
-2
-1
2
9
11
9
6
4
4
4
8
14
21
25
20
9
-8
-20
-29
-31
-25
-19
-26
-46
-70
-104
-133
-123
-69
-13
19
36
41
26
9
20
52
81
105
125
112
70
36
22
13
15
33
48
42
21
0
-24
-50
-55
-41
-30
-24
-20
-26
-52
-85
-109
-117
-100
-58
-10
20
35
36
33
32
44
62
74
82
78
57
29
10
-7
-24
-38
-57
-84
-92
-66
-40
-30
-19
0
6
-1
7
36
61
71
77
74
45
17
13
22
20
26
46
50
21
-6
-14
-24
-36
-28
-13
-17
-30
-28
-28
-49
-58
-41
-24
-20
-10
7
15
18
18
12
13
46
82
85
65
50
33
16
18
33
42
48
45
25
4
-5
-18
-23
6
24
-12
-42
-29
-40
-82
-74
-28
-47
-96
-67
-18
-45
-63
-4
26
-17
-14
62
86
51
65
109
83
34
50
82
53
21
44
64
29
-9
-7
-6
-35
-50
-20
11
5
-16
-14
3
-6
-30
-29
-13
-20
-31
-15
4
-15
-48
-46
-27
-24
-26
-10
11
23
9
-15
-13
19
24
-6
6
58
50
-7
-4
34
7
-24
44
118
87
48
72
58
-18
-28
36
60
41
36
-1
-105
-181
-189
-176
-136
-54
-27
-83
-110
-88
-98
-94
10
128
145
122
131
112
50
43
103
125
74
29
33
29
-23
-82
-86
-70
-106
-155
-134
-86
-112
-150
-94
-35
-95
-148
-51
47
-8
-52
57
138
59
17
106
122
32
62
183
145
6
23
123
74
-25
18
80
19
-32
1
-4
-54
-34
24
3
-48
-42
-34
-69
-70
-36
-34
-36
-5
-10
-62
-64
-14
0
1
54
79
32
20
64
48
-1
36
83
26
-14
50
67
-27
-55
11
-21
-140
-130
-19
-14
-82
-57
-14
-77
-143
-92
-27
-34
-15
59
70
-3
-30
14
40
42
75
110
87
54
56
55
36
23
20
11
2
4
1
-12
-25
-31
-34
-33
-36
-38
-23
-7
-13
-30
-25
-6
-5
-12
-4
14
18
5
-4
-1
4
14
41
67
56
18
-2
8
11
10
33
62
56
27
5
-16
-43
-49
-25
5
25
28
-7
-63
-95
-87
-69
-56
-28
8
15
-14
-44
-60
-63
-48
-7
37
68
86
86
58
13
-3
36
90
102
65
39
54
64
32
3
11
9
-26
-41
-5
18
-10
-29
-14
-23
-64
-69
-20
9
-14
-43
-34
-9
0
-2
12
34
46
34
13
1
6
37
81
111
102
57
5
-36
-55
-44
-12
20
41
41
10
-62
-130
-142
-104
-68
-34
24
69
42
-40
-108
-140
-157
-127
-31
67
94
64
15
-55
-137
-167
-102
6
97
158
176
114
-8
-110
-128
-71
24
144
228
218
125
15
-79
-119
-62
63
156
162
134
96
9
-102
-136
-67
8
32
51
77
44
-51
-110
-87
-45
-20
19
67
67
19
-18
-10
15
30
33
40
53
46
10
-15
-14
-28
-51
-29
19
16
-37
-62
-61
-89
-111
-76
-25
-16
-14
4
-4
-50
-68
-50
-45
-46
-5
55
62
12
-36
-68
-87
-73
-23
22
43
47
35
9
-5
3
18
31
50
65
62
51
35
6
-22
-24
-14
-3
0
-7
-28
-47
-50
-54
-56
-42
-21
-31
-68
-93
-95
-102
-111
-92
-50
-34
-56
-83
-101
-118
-115
-66
-1
35
37
16
-32
-88
-113
-92
-59
-35
-15
-11
-27
-52
-75
-97
-111
-97
-49
4
36
37
7
-38
-71
-76
-52
-11
33
59
59
41
17
-5
-17
-11
-6
-3
10
31
20
-33
-79
-89
-89
-86
-62
-25
-15
-28
-25
2
19
13
7
22
47
55
46
54
88
123
144
175
232
288
307
287
265
269
295
329
367
418
465
488
484
476
480
510
576
673
765
815
828
839
859
856
799
704
581
399
141
-147
-377
-513
-585
-655
-776
-966
-1200
-1431
-1601
-1662
-1605
-1467
-1315
-1209
-1171
-1173
-1155
-1079
-933
-721
-460
-182
73
276
411
490
545
615
727
879
1038
1148
1170
1085
915
701
495
332
213
113
6
-123
-284
-484
-715
-944
-1121
-1220
-1242
-1203
-1126
-1042
-975
-927
-880
-806
-682
-514
-317
-107
96
263
380
458
516
564
619
698
781
837
844
790
685
551
415
299
212
149
91
18
-77
-179
-263
-310
-315
-292
-258
-223
-178
-106
-11
87
172
254
353
467
590
703
804
901
978
1006
990
977
1014
1104
1206
1275
1295
1289
1297
1331
1376
1427
1487
1557
1654
1803
1977
2055
1842
1193
210
-737
-1226
-1111
-650
-321
-483
-1153
-2038
-2765
-3123
-3112
-2874
-2557
-2260
-2027
-1886
-1853
-1931
-2071
-2159
-2033
-1598
-897
-138
424
646
578
423
395
591
961
1365
1668
1817
1840
1773
1623
1376
1043
699
458
381
429
472
376
81
-367
-843
-1205
-1375
-1371
-1272
-1174
-1119
-1107
-1111
-1114
-1129
-1157
-1166
-1077
-832
-461
-80
177
246
171
76
80
220
440
646
766
776
697
572
437
303
171
59
5
28
101
157
135
13
-161
-295
-308
-200
-43
72
102
69
35
46
77
72
9
-52
-35
79
227
321
317
238
140
70
46
69
138
242
333
351
293
242
271
349
374
316
252
286
424
577
639
587
476
390
372
405
453
496
515
494
429
357
333
377
452
497
485
433
367
286
175
32
-105
-181
-167
-101
-58
-102
-234
-392
-497
-509
-451
-391
-390
-450
-519
-537
-486
-397
-329
-318
-353
-389
-374
-299
-189
-90
-40
-42
-70
-95
-114
-133
-156
-182
-212
-241
-268
-287
-293
-287
-272
-256
-247
-250
-255
-247
-219
-177
-128
-78
-33
0
17
22
30
61
115
181
235
262
267
264
268
278
290
299
300
295
288
280
272
252
219
176
132
96
69
45
21
-10
-44
-78
-102
-119
-138
-164
-194
-221
-229
-214
-187
-164
-156
-165
-177
-179
-166
-142
-116
-93
-74
-60
-45
-32
-24
-18
-10
1
22
51
81
101
103
95
88
93
109
129
147
159
165
168
167
162
155
153
158
174
195
216
231
236
231
222
219
226
242
263
282
297
302
301
295
286
277
270
270
275
283
292
294
284
267
248
236
234
236
237
229
213
189
163
136
110
88
72
58
43
25
0
-27
-57
-88
-116
-138
-157
-172
-185
-202
-222
-241
-258
-269
-276
-286
-295
-305
-310
-308
-298
-283
-267
-256
-249
-244
-240
-235
-228
-219
-206
-193
-179
-170
-168
-174
-178
-175
-164
-147
-129
-112
-99
-89
-80
-70
-58
-43
-26
-6
12
29
44
59
72
85
97
109
117
119
114
104
93
83
74
65
54
38
19
0
-21
-42
-61
-78
-94
-110
-126
-145
-166
-189
-208
-220
-226
-226
-223
-220
-215
-211
-205
-198
-189
-174
-153
-129
-104
-80
-59
-41
-26
-10
4
19
34
50
65
77
83
84
82
82
83
86
88
89
87
82
76
68
59
55
53
52
54
55
55
52
51
52
59
67
79
93
106
115
121
127
135
146
158
172
186
199
207
213
213
211
206
200
191
179
161
140
116
93
71
50
29
8
-15
-39
-65
-90
-112
-130
-145
-155
-164
-176
-189
-204
-214
-220
-221
-217
-211
-203
-198
-193
-190
-188
-181
-170
-158
-147
-137
-131
-128
-126
-121
-115
-107
-98
-87
-81
-76
-75
-74
-72
-66
-57
-47
-39
-35
-34
-34
-33
-29
-18
-3
14
33
49
62
73
83
94
109
126
142
155
166
171
175
177
180
182
180
177
171
164
153
137
120
102
86
67
45
18
-8
-33
-52
-66
-82
-98
-117
-131
-144
-152
-158
-164
-167
-165
-158
-149
-142
-131
-121
-103
-82
-61
-41
-22
-3
19
43
68
89
107
124
141
156
169
178
184
190
195
198
199
197
194
189
184
177
168
162
156
148
137
124
113
107
103
100
96
92
88
89
89
88
87
86
88
91
94
96
95
99
103
108
108
104
98
96
95
95
88
73
56
43
34
30
23
12
-2
-20
-34
-48
-62
-77
-91
-103
-111
-118
-124
-132
-141
-145
-144
-142
-139
-137
-134
-131
-126
-120
-113
-98
-77
-55
-45
-44
-47
-41
-26
-10
-9
-18
-23
-10
12
7
-60
-176
-272
-268
-149
8
84
15
-152
-297
-329
-245
-116
-22
9
-5
-37
-73
-114
-143
-137
-82
1
64
71
29
-14
-26
-20
-38
-98
-155
-139
-25
121
182
95
-89
-238
-257
-149
-3
80
66
-11
-99
-163
-199
-216
-222
-213
-188
-149
-111
-98
-146
-273
-452
-586
-564
-356
-70
111
68
-140
-325
-331
-161
45
148
138
110
135
189
176
70
-27
17
222
437
479
319
111
33
108
206
208
137
111
186
285
290
168
17
-37
46
184
268
267
231
219
225
212
174
166
235
354
437
428
353
290
316
427
550
583
481
310
207
240
340
367
270
128
54
46
17
-91
-226
-298
-288
-270
-326
-439
-521
-511
-458
-451
-525
-615
-625
-533
-409
-338
-356
-417
-440
-367
-232
-116
-77
-85
-68
-4
76
133
156
150
111
73
101
221
344
346
226
108
99
172
207
156
85
69
92
71
-38
-198
-333
-389
-365
-288
-205
-179
-256
-410
-551
-579
-475
-308
-174
-119
-146
-236
-353
-428
-387
-224
-23
102
110
65
49
66
54
3
15
199
496
667
550
239
6
31
229
387
385
294
252
290
292
149
-55
-90
133
397
401
153
-25
73
272
260
44
-49
185
538
627
356
25
-8
313
705
837
671
477
527
786
963
886
725
773
1065
1324
1315
1143
1115
1330
1520
1332
753
175
14
296
644
651
234
-364
-855
-1109
-1172
-1148
-1118
-1129
-1216
-1376
-1575
-1739
-1799
-1745
-1629
-1505
-1370
-1192
-985
-833
-796
-831
-796
-578
-193
219
484
525
412
310
352
534
754
902
944
900
805
687
572
483
432
406
393
373
319
212
44
-166
-369
-503
-522
-440
-333
-302
-397
-582
-752
-817
-772
-683
-625
-621
-636
-638
-622
-605
-597
-578
-523
-417
-283
-168
-117
-134
-171
-169
-107
-1
109
160
123
39
-9
16
71
110
150
218
248
150
-21
-86
21
143
99
-56
-112
-9
84
24
-114
-158
-85
-5
23
53
130
195
190
147
162
267
400
483
483
427
388
439
589
747
795
726
676
763
947
1074
1072
1025
1059
1177
1303
1414
1567
1754
1816
1557
991
397
126
312
745
1007
778
78
-758
-1333
-1471
-1288
-1045
-952
-1093
-1438
-1861
-2193
-2313
-2222
-2019
-1802
-1615
-1469
-1379
-1374
-1434
-1468
-1355
-1009
-476
57
368
367
171
26
111
439
876
1231
1365
1258
1010
784
693
737
838
909
899
803
638
436
228
44
-84
-125
-79
-4
1
-126
-363
-604
-742
-729
-601
-455
-399
-507
-761
-1034
-1154
-1036
-752
-494
-423
-549
-748
-859
-795
-583
-329
-137
-54
-56
-101
-152
-169
-112
31
216
371
444
416
283
90
-33
45
300
533
554
369
131
-47
-139
-127
8
198
269
122
-124
-258
-200
-68
17
66
151
277
359
340
257
207
269
450
683
851
896
849
795
807
909
1081
1290
1476
1576
1570
1522
1540
1710
2022
2342
2445
2142
1463
734
397
652
1235
1581
1269
353
-696
-1362
-1439
-1101
-738
-690
-1069
-1718
-2332
-2661
-2644
-2407
-2145
-1985
-1951
-2002
-2076
-2121
-2097
-1949
-1631
-1163
-656
-287
-169
-255
-350
-243
146
712
1228
1480
1411
1160
965
997
1253
1572
1756
1700
1444
1125
883
784
785
786
711
548
336
117
-88
-268
-409
-492
-517
-518
-543
-627
-793
-1038
-1306
-1464
-1387
-1095
-797
-749
-1023
-1408
-1580
-1368
-894
-454
-274
-362
-546
-632
-536
-299
-29
182
291
313
282
240
218
237
295
377
462
529
542
455
255
23
-105
-46
128
240
154
-106
-370
-475
-391
-222
-104
-93
-140
-175
-148
-60
74
216
312
355
404
534
736
913
989
1011
1089
1267
1481
1641
1734
1815
1936
2114
2333
2533
2594
2379
1872
1288
967
1100
1488
1648
1223
296
-664
-1201
-1201
-916
-730
-910
-1486
-2253
-2868
-3055
-2812
-2416
-2214
-2351
-2687
-2948
-2949
-2696
-2327
-1979
-1710
-1510
-1348
-1195
-1022
-790
-473
-82
317
640
826
879
879
941
1141
1449
1741
1869
1774
1535
1311
1237
1329
1474
1509
1340
1005
647
408
331
348
331
190
-67
-357
-569
-662
-697
-786
-978
-1192
-1292
-1230
-1118
-1124
-1312
-1553
-1644
-1482
-1151
-854
-753
-849
-992
-991
-768
-409
-95
41
7
-75
-60
102
337
513
547
478
413
438
537
624
622
524
385
265
202
184
168
119
35
-56
-133
-195
-246
-271
-253
-186
-96
-9
62
104
134
193
332
553
782
937
1002
1052
1170
1367
1592
1788
1918
1988
2044
2167
2411
2712
2878
2719
2221
1622
1284
1404
1800
2008
1639
742
-213
-741
-719
-441
-330
-629
-1289
-2045
-2572
-2674
-2426
-2140
-2125
-2430
-2836
-3061
-2988
-2700
-2365
-2116
-1991
-1940
-1875
-1718
-1440
-1077
-692
-348
-80
108
245
381
565
832
1155
1444
1599
1586
1480
1414
1474
1636
1782
1804
1657
1397
1140
997
988
1030
988
790
480
175
-27
-105
-105
-126
-263
-554
-923
-1212
-1301
-1217
-1117
-1155
-1350
-1576
-1689
-1622
-1423
-1204
-1064
-1031
-1056
-1046
-935
-725
-489
-308
-212
-165
-108
0
148
297
416
490
533
567
604
643
659
633
579
517
464
405
321
221
124
42
-22
-73
-105
-123
-137
-156
-168
-153
-103
-33
44
142
259
379
478
555
649
805
1032
1287
1496
1616
1679
1780
1977
2243
2470
2555
2435
2126
1750
1534
1637
1935
2020
1571
728
-4
-241
-70
94
-63
-563
-1229
-1831
-2166
-2146
-1921
-1817
-2051
-2521
-2921
-3023
-2845
-2558
-2325
-2229
-2264
-2334
-2298
-2073
-1700
-1305
-1003
-823
-720
-616
-434
-148
206
541
778
886
904
924
1028
1233
1459
1596
1589
1467
1323
1245
1267
1344
1374
1278
1062
803
596
477
436
413
314
69
-291
-625
-788
-787
-769
-872
-1108
-1357
-1505
-1517
-1447
-1371
-1343
-1372
-1407
-1385
-1272
-1097
-925
-806
-737
-670
-554
-373
-159
27
148
212
265
358
496
643
744
770
733
675
628
609
608
594
540
434
300
183
106
70
58
47
14
-55
-130
-158
-109
-14
61
94
123
200
340
497
634
752
891
1078
1277
1437
1562
1702
1892
2080
2176
2140
1989
1785
1629
1639
1804
1896
1633
1021
421
194
317
438
275
-171
-722
-1201
-1483
-1510
-1389
-1371
-1624
-2049
-2385
-2469
-2352
-2176
-2051
-2028
-2106
-2199
-2180
-1990
-1695
-1413
-1219
-1111
-1047
-954
-764
-467
-137
124
273
343
406
526
732
983
1183
1258
1227
1175
1175
1238
1331
1399
1381
1260
1081
940
888
883
839
717
536
333
136
-35
-173
-284
-395
-528
-698
-886
-1046
-1129
-1132
-1105
-1116
-1177
-1240
-1246
-1171
-1043
-911
-823
-782
-745
-654
-491
-298
-131
-23
39
96
193
340
496
606
643
632
613
610
628
659
675
633
521
395
316
296
290
254
191
117
48
-2
-11
20
59
85
104
134
181
249
351
485
629
758
865
969
1094
1259
1456
1637
1744
1775
1767
1722
1605
1470
1465
1624
1721
1486
963
513
391
478
485
289
-34
-418
-816
-1104
-1163
-1079
-1111
-1381
-1731
-1951
-2009
-1995
-1950
-1878
-1843
-1920
-2041
-2048
-1886
-1656
-1466
-1339
-1252
-1199
-1135
-975
-694
-395
-200
-117
-62
32
191
400
622
781
827
805
813
892
996
1070
1090
1064
1001
925
874
843
799
729
644
536
379
181
10
-76
-110
-187
-353
-569
-753
-842
-845
-828
-862
-970
-1093
-1145
-1094
-988
-903
-868
-871
-860
-789
-650
-485
-350
-268
-211
-139
-37
91
229
348
413
427
433
467
521
552
545
517
484
443
391
344
317
294
261
209
147
90
57
59
84
109
120
125
144
189
269
385
491
562
622
734
903
1056
1158
1251
1374
1484
1524
1502
1453
1387
1319
1320
1390
1360
1085
694
485
524
547
342
11
-245
-425
-632
-827
-903
-934
-1102
-1391
-1588
-1608
-1600
-1671
-1730
-1697
-1668
-1736
-1802
-1724
-1539
-1399
-1330
-1261
-1167
-1087
-992
-802
-543
-349
-278
-236
-125
49
231
402
547
627
647
675
757
859
923
951
971
969
930
871
830
805
758
670
556
438
331
242
162
62
-76
-227
-337
-395
-438
-504
-600
-700
-769
-791
-775
-751
-743
-742
-725
-682
-616
-535
-445
-363
-293
-225
-138
-31
71
158
234
298
345
382
427
479
510
500
472
463
475
474
438
386
348
312
262
210
185
192
193
154
97
75
121
201
258
275
293
350
449
571
690
780
839
914
1074
1284
1406
1366
1268
1271
1357
1374
1284
1219
1227
1161
917
645
537
545
460
232
6
-160
-362
-615
-772
-782
-822
-1027
-1285
-1413
-1431
-1468
-1531
-1532
-1499
-1543
-1642
-1644
-1508
-1359
-1284
-1241
-1169
-1089
-1023
-907
-712
-516
-404
-343
-254
-118
26
169
318
435
480
489
545
655
756
808
826
823
781
713
677
697
710
648
521
396
312
254
193
117
29
-76
-185
-269
-320
-360
-417
-495
-573
-620
-626
-598
-566
-552
-561
-567
-539
-471
-379
-292
-233
-198
-160
-99
-18
59
117
161
197
218
237
274
316
339
322
285
263
259
261
265
258
217
137
65
55
98
137
125
83
59
68
101
153
221
285
331
372
448
561
670
745
823
947
1071
1122
1106
1099
1126
1123
1071
1048
1091
1081
894
620
472
486
482
325
90
-100
-265
-456
-615
-669
-696
-834
-1058
-1212
-1248
-1276
-1347
-1393
-1375
-1374
-1446
-1500
-1443
-1324
-1248
-1223
-1176
-1099
-1030
-949
-807
-633
-516
-467
-408
-286
-134
3
126
227
278
296
344
453
571
644
664
653
616
576
574
620
650
602
495
399
348
313
272
228
172
85
-25
-120
-165
-185
-219
-278
-342
-398
-434
-436
-403
-374
-378
-402
-397
-341
-268
-214
-184
-152
-114
-74
-21
58
128
149
138
150
204
251
259
262
280
284
242
195
202
252
262
200
125
105
132
168
180
166
138
120
136
184
235
280
335
385
423
470
561
679
765
810
869
967
1057
1086
1060
1013
964
947
1000
1064
995
760
522
450
486
440
263
75
-59
-206
-389
-520
-562
-612
-764
-943
-1039
-1079
-1146
-1220
-1224
-1185
-1211
-1304
-1339
-1261
-1153
-1098
-1074
-1029
-973
-922
-837
-690
-540
-456
-418
-344
-221
-90
17
112
192
241
276
344
444
537
591
601
577
540
536
590
651
638
538
425
378
387
390
349
264
159
67
20
6
-10
-67
-152
-226
-269
-280
-273
-260
-258
-280
-304
-296
-247
-187
-141
-124
-117
-100
-60
1
62
101
114
119
124
139
168
206
233
220
166
123
135
180
198
162
104
77
84
97
96
88
92
105
118
129
146
187
246
295
320
363
461
579
642
650
688
801
919
965
955
932
896
843
844
926
963
812
552
409
440
449
298
88
-35
-113
-271
-468
-576
-594
-661
-816
-960
-1034
-1095
-1168
-1194
-1159
-1160
-1252
-1338
-1308
-1199
-1124
-1112
-1097
-1056
-1008
-946
-839
-705
-606
-556
-507
-419
-307
-196
-89
1
56
85
134
224
323
396
434
437
415
403
437
506
544
500
406
334
320
336
329
269
176
89
44
29
15
-28
-98
-165
-208
-224
-222
-217
-224
-241
-256
-251
-221
-174
-128
-103
-95
-82
-49
7
66
109
126
125
129
151
181
198
201
201
190
158
120
123
170
194
139
45
11
69
134
120
50
22
80
157
172
135
140
230
348
410
409
418
495
620
737
815
849
861
877
897
896
874
876
920
927
813
628
516
518
509
385
205
73
-23
-159
-318
-421
-472
-564
-715
-845
-912
-961
-1026
-1067
-1070
-1095
-1167
-1212
-1169
-1086
-1044
-1046
-1031
-982
-922
-850
-751
-647
-580
-541
-477
-369
-253
-161
-83
-15
35
80
149
241
326
376
400
412
416
425
458
507
525
486
420
378
373
379
363
306
218
132
93
95
90
35
-56
-129
-154
-151
-144
-148
-166
-189
-197
-179
-141
-107
-86
-63
-37
-9
35
97
154
171
160
174
227
265
263
260
286
293
238
176
190
250
251
164
92
107
150
125
50
22
66
106
88
49
56
122
198
236
241
264
343
457
541
578
616
696
793
852
864
848
818
801
842
919
915
761
570
503
546
530
382
214
119
34
-116
-264
-329
-368
-486
-652
-755
-795
-861
-954
-993
-983
-1017
-1110
-1158
-1103
-1028
-1017
-1035
-1012
-958
-912
-857
-764
-669
-618
-588
-522
-420
-319
-232
-149
-83
-51
-17
61
168
241
269
285
306
321
335
364
402
411
377
330
301
289
277
252
208
137
65
24
15
5
-44
-121
-183
-210
-209
-192
-183
-196
-230
-251
-226
-163
-110
-97
-97
-73
-22
27
65
108
149
167
165
183
234
271
253
215
218
249
250
201
146
125
135
145
132
87
25
-8
6
35
29
1
-3
29
66
95
132
181
228
283
370
476
553
586
621
692
786
843
823
752
723
799
902
871
674
485
466
541
509
335
165
79
-3
-135
-250
-302
-373
-519
-663
-722
-751
-836
-927
-943
-928
-981
-1077
-1100
-1029
-970
-977
-988
-956
-915
-881
-811
-700
-617
-597
-581
-503
-381
-278
-207
-149
-100
-56
2
87
166
211
239
276
309
318
318
345
385
394
357
312
287
280
270
244
192
123
63
38
35
13
-48
-120
-164
-173
-161
-152
-159
-182
-199
-185
-147
-109
-78
-47
-17
0
26
89
173
213
193
188
248
323
334
303
299
329
323
277
261
292
297
232
165
159
180
165
126
117
113
66
12
34
121
171
135
86
121
230
323
353
358
413
531
652
697
669
659
720
787
786
754
772
797
724
573
486
513
521
406
245
146
81
-32
-165
-236
-272
-374
-535
-640
-663
-692
-772
-835
-849
-872
-938
-978
-935
-874
-872
-898
-883
-828
-787
-750
-680
-595
-548
-532
-483
-381
-278
-211
-162
-109
-61
-13
55
138
194
214
231
266
293
296
306
335
356
337
293
262
258
260
243
193
126
65
35
35
25
-23
-100
-164
-186
-172
-156
-161
-189
-216
-218
-186
-143
-109
-85
-66
-50
-29
17
81
132
153
162
185
219
247
260
273
289
291
263
232
239
271
271
217
154
136
153
167
153
117
71
32
25
64
116
118
68
50
125
239
288
265
272
369
494
565
575
583
616
643
640
631
657
694
665
555
442
402
400
355
254
159
84
-24
-168
-274
-296
-313
-428
-598
-701
-714
-730
-794
-849
-870
-904
-964
-981
-927
-872
-878
-903
-886
-833
-789
-743
-671
-594
-556
-540
-490
-391
-287
-213
-162
-120
-86
-37
41
124
172
190
212
240
256
265
295
334
335
292
250
248
260
249
206
148
88
40
19
17
0
-61
-143
-201
-210
-185
-168
-180
-214
-239
-236
-196
-136
-91
-82
-89
-77
-20
67
134
150
140
150
198
258
299
310
305
295
292
304
325
328
299
255
235
243
245
218
184
171
159
122
80
83
126
149
120
89
112
173
221
247
285
339
394
449
518
582
620
634
645
648
638
650
706
730
631
457
364
404
440
346
179
58
-10
-88
-181
-247
-300
-401
-537
-629
-656
-678
-735
-787
-808
-837
-894
-926
-884
-817
-795
-820
-830
-798
-745
-684
-614
-553
-522
-509
-464
-366
-253
-173
-141
-120
-76
7
98
155
177
196
240
291
317
313
309
327
353
357
334
299
273
260
242
203
144
91
61
45
12
-42
-100
-144
-166
-172
-175
-186
-204
-214
-208
-189
-162
-127
-100
-89
-74
-17
64
107
95
102
180
266
275
233
242
320
367
330
289
307
336
316
283
290
299
250
184
188
248
250
162
87
107
165
165
122
113
160
202
214
227
259
300
343
411
502
567
571
553
568
606
624
624
640
663
615
479
359
344
380
344
212
72
-18
-89
-176
-247
-292
-365
-489
-606
-653
-657
-689
-756
-809
-839
-871
-895
-878
-832
-814
-840
-857
-826
-768
-715
-665
-616
-581
-563
-525
-439
-333
-251
-210
-190
-157
-93
-4
79
124
134
146
186
232
254
259
260
269
275
270
258
237
211
185
154
115
69
38
26
9
-45
-123
-180
-187
-166
-167
-198
-238
-256
-244
-212
-180
-159
-149
-143
-119
-71
-11
43
72
83
96
128
182
237
264
253
232
238
276
314
313
272
239
244
264
252
206
179
203
227
188
103
69
129
201
188
117
96
161
245
279
272
282
325
397
480
545
564
554
565
605
620
595
589
639
659
555
381
303
350
386
292
122
-7
-73
-128
-194
-254
-324
-434
-552
-615
-625
-646
-705
-761
-788
-811
-845
-855
-820
-779
-775
-795
-795
-758
-703
-647
-596
-560
-541
-513
-449
-357
-270
-209
-173
-148
-111
-37
63
135
153
150
183
247
292
294
292
303
317
318
310
299
277
245
212
188
157
110
66
41
21
-22
-83
-130
-143
-141
-148
-173
-195
-204
-198
-183
-158
-131
-115
-111
-93
-44
17
52
56
64
108
170
218
231
227
236
261
285
291
290
301
319
314
279
241
227
240
258
265
236
173
111
121
196
240
179
92
113
238
329
301
243
266
365
459
511
544
571
589
612
643
649
621
619
679
715
624
450
354
389
440
373
206
53
-33
-84
-131
-189
-275
-399
-524
-592
-606
-627
-686
-752
-792
-820
-853
-869
-845
-803
-790
-806
-814
-786
-733
-669
-609
-569
-554
-539
-482
-386
-295
-238
-206
-178
-148
-97
-12
88
139
123
108
156
241
289
279
261
271
288
289
282
277
262
225
175
145
130
111
77
34
-14
-64
-98
-110
-116
-134
-161
-186
-197
-194
-180
-163
-151
-146
-143
-121
-78
-34
-10
-2
10
43
87
118
131
142
165
188
192
181
180
199
222
217
186
158
153
156
154
138
111
86
81
96
103
73
37
50
121
177
164
134
177
288
357
340
319
399
544
628
597
532
529
589
644
659
632
575
494
423
392
383
337
235
123
37
-40
-134
-221
-269
-312
-403
-536
-638
-666
-657
-671
-727
-799
-856
-875
-845
-796
-776
-806
-840
-825
-764
-700
-655
-626
-601
-573
-529
-458
-377
-311
-256
-202
-154
-119
-74
11
111
162
146
127
174
265
325
320
277
249
263
298
322
303
247
192
165
159
143
105
59
20
-15
-55
-88
-105
-109
-123
-156
-183
-186
-167
-147
-131
-119
-111
-111
-93
-40
25
51
32
32
85
153
185
183
182
189
192
196
220
249
250
223
194
174
166
165
176
179
156
118
100
108
117
102
79
78
97
121
142
156
167
192
236
289
334
372
416
473
538
601
643
643
617
613
662
732
751
684
567
476
456
479
469
371
220
95
31
-15
-89
-178
-258
-340
-446
-550
-607
-621
-639
-689
-756
-813
-850
-851
-812
-768
-768
-810
-832
-790
-712
-648
-613
-593
-572
-538
-477
-386
-298
-248
-226
-192
-129
-53
15
79
129
153
153
171
237
323
358
324
272
271
321
363
352
301
249
218
199
185
166
129
68
5
-33
-47
-58
-84
-119
-153
-183
-200
-192
-160
-141
-157
-182
-173
-129
-84
-56
-38
-15
3
18
56
109
143
136
125
150
195
212
193
177
183
193
185
166
151
147
145
137
120
93
72
71
84
83
57
38
52
85
107
107
111
139
192
247
291
327
366
409
455
515
587
642
641
589
557
611
712
742
639
486
410
427
446
387
272
162
71
-26
-122
-189
-228
-291
-409
-542
-634
-665
-672
-693
-747
-825
-898
-927
-893
-837
-820
-850
-886
-878
-828
-760
-696
-650
-629
-622
-587
-505
-400
-323
-283
-253
-205
-146
-80
-2
81
138
148
137
163
242
329
361
323
270
263
312
367
370
307
223
176
182
201
182
119
48
-4
-34
-49
-57
-70
-102
-149
-185
-191
-173
-156
-148
-147
-156
-168
-156
-105
-49
-29
-39
-38
-5
35
65
93
120
121
96
92
142
192
180
125
104
135
157
130
92
89
106
97
68
50
53
61
64
68
59
36
41
100
167
173
134
151
258
370
390
357
385
491
586
618
638
685
719
688
632
645
736
805
747
582
434
398
449
476
395
221
45
-58
-84
-94
-156
-283
-430
-539
-591
-617
-649
-696
-750
-812
-879
-916
-898
-845
-814
-831
-869
-881
-843
-761
-667
-606
-599
-612
-581
-477
-346
-257
-226
-216
-176
-101
-10
72
137
179
194
202
232
300
379
416
389
339
322
362
416
429
382
301
241
229
253
259
212
126
54
26
26
23
1
-36
-80
-121
-137
-122
-91
-80
-105
-148
-167
-131
-60
-12
-29
-81
-90
-30
44
70
53
39
49
64
76
100
127
125
94
68
74
91
96
96
95
73
34
12
37
76
75
40
13
16
31
56
98
137
135
109
125
208
303
352
367
391
437
493
555
619
669
703
745
780
759
690
664
750
853
810
618
440
405
459
467
374
216
45
-94
-163
-169
-195
-312
-490
-628
-684
-697
-722
-767
-827
-902
-971
-993
-955
-902
-884
-905
-931
-929
-881
-795
-700
-642
-634
-635
-588
-485
-367
-282
-241
-226
-193
-118
-16
69
113
137
169
206
235
266
321
384
399
347
288
296
367
424
397
300
208
185
224
262
234
137
36
-9
5
22
2
-58
-121
-162
-174
-167
-157
-160
-181
-213
-232
-219
-179
-139
-130
-152
-171
-155
-107
-63
-44
-45
-52
-61
-61
-27
34
70
29
-42
-49
29
101
83
12
-20
14
56
64
57
48
37
35
64
102
98
68
90
175
228
194
168
243
365
401
362
381
496
591
589
560
597
668
710
738
781
776
666
555
593
738
775
606
375
270
300
335
286
161
-2
-161
-256
-267
-267
-351
-508
-639
-692
-707
-740
-784
-818
-851
-897
-934
-927
-888
-849
-829
-824
-819
-800
-748
-668
-585
-534
-508
-478
-421
-336
-238
-154
-103
-83
-50
22
121
198
236
260
288
314
337
379
443
487
471
414
378
398
445
466
431
353
273
238
254
271
233
141
58
24
19
4
-30
-75
-122
-165
-192
-192
-182
-191
-218
-243
-248
-236
-220
-198
-174
-165
-168
-164
-138
-99
-67
-43
-28
-22
-24
-9
32
73
79
55
45
73
113
127
112
99
103
117
131
142
153
159
157
150
154
176
216
243
232
207
227
301
357
338
291
319
425
503
487
434
444
528
603
612
568
537
564
645
701
645
494
395
456
588
599
424
210
122
163
206
157
22
-136
-255
-299
-298
-325
-423
-547
-624
-649
-671
-711
-745
-759
-778
-814
-840
-827
-782
-737
-715
-714
-718
-697
-626
-524
-449
-431
-434
-395
-301
-197
-122
-77
-46
-9
46
121
199
254
276
290
319
356
384
397
409
425
427
398
354
332
340
350
323
252
170
119
110
113
87
16
-76
-140
-158
-152
-157
-203
-272
-324
-338
-318
-300
-307
-334
-356
-359
-341
-305
-262
-239
-248
-264
-246
-182
-113
-81
-87
-96
-80
-33
20
51
51
43
55
84
106
111
117
133
135
119
117
147
176
165
126
117
150
182
178
160
159
171
172
165
176
216
252
249
211
189
222
299
353
331
279
276
340
400
402
371
361
379
396
403
412
405
356
288
271
311
332
269
157
71
44
44
27
-26
-109
-201
-270
-296
-306
-339
-404
-465
-502
-529
-555
-572
-571
-573
-594
-619
-618
-588
-552
-525
-506
-496
-481
-445
-379
-308
-264
-250
-232
-181
-112
-47
5
42
65
85
121
177
228
253
256
261
276
288
291
291
294
289
269
243
216
193
173
153
133
100
55
13
-15
-32
-53
-83
-116
-147
-171
-188
-195
-203
-215
-228
-236
-236
-232
-220
-205
-192
-184
-177
-159
-127
-97
-77
-59
-38
-12
18
47
67
76
85
111
147
164
153
143
160
185
183
158
143
159
181
177
146
114
107
123
149
152
120
81
78
117
151
134
97
96
135
168
160
137
143
179
207
214
207
208
221
243
259
258
257
277
302
302
270
253
278
318
321
292
268
256
238
216
214
230
220
165
97
57
49
46
29
-9
-67
-129
-168
-177
-183
-206
-249
-292
-323
-342
-344
-333
-334
-362
-394
-394
-360
-329
-323
-331
-325
-303
-275
-249
-225
-199
-175
-157
-144
-124
-91
-51
-22
-13
-13
0
33
68
90
91
84
84
98
120
137
133
113
94
91
98
102
91
71
46
24
12
6
0
-19
-46
-74
-87
-89
-94
-110
-130
-147
-155
-156
-150
-144
-149
-165
-173
-165
-146
-130
-122
-123
-126
-123
-106
-85
-72
-75
-74
-60
-43
-37
-38
-30
-20
-18
-21
-12
3
8
-1
-8
-3
10
18
16
12
12
20
31
31
20
18
41
68
66
40
30
56
88
98
89
81
89
107
130
142
133
124
146
190
214
195
167
183
232
265
258
235
232
253
280
289
272
245
236
256
278
268
227
186
168
168
166
154
122
74
26
-1
-14
-29
-58
-95
-134
-175
-213
-236
-243
-252
-276
-317
-353
-372
-365
-350
-347
-367
-396
-402
-376
-341
-325
-326
-323
-307
-281
-251
-221
-194
-172
-154
-133
-105
-72
-39
-15
0
12
30
57
83
101
106
104
106
119
137
143
131
112
102
106
111
106
85
62
43
35
33
28
10
-14
-31
-38
-43
-49
-59
-72
-83
-87
-87
-87
-91
-97
-98
-95
-91
-89
-86
-83
-82
-79
-73
-64
-59
-55
-53
-48
-40
-33
-24
-15
-9
-5
-1
4
15
31
44
48
48
49
63
83
99
105
106
111
122
140
156
167
171
176
188
202
215
222
225
231
241
252
258
261
263
265
265
263
267
275
276
264
245
238
247
254
243
222
205
199
195
188
179
164
145
131
124
117
99
78
65
59
45
20
-2
-12
-15
-30
-55
-80
-101
-112
-115
-121
-140
-170
-194
-200
-193
-192
-206
-227
-243
-244
-235
-224
-224
-233
-241
-236
-219
-201
-193
-192
-189
-181
-164
-145
-128
-119
-113
-103
-88
-72
-57
-45
-36
-27
-20
-11
0
9
18
23
23
21
21
27
34
34
26
14
6
9
13
12
-1
-21
-34
-35
-31
-33
-47
-64
-76
-80
-77
-75
-82
-94
-105
-108
-103
-96
-95
-102
-107
-107
-102
-95
-87
-83
-84
-84
-80
-71
-60
-51
-45
-44
-44
-38
-28
-17
-10
-9
-8
-3
4
13
20
24
27
31
35
42
50
58
63
66
66
65
74
90
102
100
89
85
95
114
126
122
109
100
107
122
132
126
111
100
106
121
126
113
95
91
102
112
107
92
80
79
88
94
87
69
59
61
71
72
60
46
41
46
48
39
30
28
31
27
14
2
1
6
7
-3
-19
-30
-34
-33
-34
-40
-54
-69
-77
-78
-77
-84
-99
-110
-116
-119
-121
-127
-132
-137
-143
-147
-148
-147
-144
-144
-145
-147
-145
-141
-133
-126
-124
-122
-119
-110
-99
-90
-86
-83
-77
-68
-57
-50
-45
-42
-38
-34
-26
-18
-15
-15
-16
-13
-6
0
-1
-6
-9
-4
2
6
2
-5
-5
-3
3
6
2
-5
-7
-2
3
4
1
-4
-4
-2
2
4
3
0
0
2
4
6
9
10
10
10
11
14
18
23
26
25
25
28
33
38
43
42
42
45
51
56
61
62
63
66
73
80
83
85
88
94
101
107
110
112
114
119
126
132
135
133
131
135
142
148
148
139
134
136
141
144
139
129
119
118
123
123
114
101
93
89
91
90
80
67
57
55
57
54
44
33
26
25
28
24
15
6
4
6
9
5
-1
-8
-7
-2
0
-4
-10
-13
-10
-7
-6
-12
-16
-16
-14
-14
-17
-24
-27
-26
-26
-28
-35
-41
-44
-44
-44
-47
-53
-60
-62
-59
-58
-62
-67
-72
-71
-68
-66
-68
-71
-74
-73
-68
-66
-67
-70
-72
-69
-66
-64
-67
-70
-71
-69
-68
-68
-73
-76
-77
-75
-74
-77
-82
-85
-85
-82
-80
-83
-86
-89
-86
-82
-79
-81
-82
-81
-76
-70
-67
-66
-66
-62
-56
-50
-47
-45
-43
-38
-33
-29
-25
-23
-20
-18
-14
-11
-8
-7
-5
-3
0
2
3
3
5
6
9
10
11
10
10
13
14
14
14
14
15
16
18
18
17
18
18
21
22
21
22
22
24
25
26
27
27
26
28
29
30
31
32
32
32
33
34
33
33
33
31
32
34
33
32
31
31
31
31
30
29
28
27
27
28
26
25
22
21
22
22
21
20
17
17
17
17
16
13
11
11
12
12
10
7
6
6
7
6
4
2
3
3
3
2
-1
-1
-1
-1
-1
-2
-6
-7
-7
-5
-5
-8
-12
-13
-12
-10
-13
-17
-19
-19
-18
-17
-19
-22
-23
-23
-22
-23
-23
-25
-25
-25
-24
-23
-24
-24
-23
-23
-20
-19
-19
-20
-18
-17
-15
-14
-13
-12
-11
-10
-8
-8
-6
-6
-4
-3
-3
-1
1
1
2
3
5
5
6
7
7
9
10
11
12
13
13
14
15
15
16
16
16
18
19
20
21
20
20
22
23
23
24
23
24
25
26
27
27
27
27
28
28
29
28
27
27
27
27
26
25
24
23
23
23
22
20
19
18
18
17
16
15
15
14
15
15
14
13
12
12
15
14
14
13
13
15
16
17
16
15
15
18
19
17
17
16
18
19
19
17
15
15
16
16
15
12
11
10
9
9
6
2
0
-1
-1
-3
-7
-9
-12
-13
-14
-15
-18
-21
-23
-23
-24
-27
-29
-32
-32
-33
-34
-35
-38
-39
-40
-40
-41
-42
-43
-44
-45
-44
-44
-44
-46
-46
-46
-46
-46
-47
-46
-47
-45
-44
-44
-44
-44
-44
-42
-40
-38
-39
-38
-35
-33
-31
-29
-27
-26
-24
-20
-19
-16
-14
-13
-10
-8
-5
-4
-3
-1
1
3
5
5
5
7
8
9
10
10
10
11
13
13
13
13
13
13
13
14
14
13
12
14
13
13
13
13
12
14
15
16
17
17
20
21
24
26
29
30
33
36
39
41
43
46
46
48
51
52
53
54
54
54
55
55
54
53
52
51
49
48
46
44
42
41
39
37
34
32
31
28
25
22
19
15
12
10
7
3
0
-5
-8
-10
-13
-15
-18
-21
-23
-24
-26
-28
-30
-30
-31
-31
-31
-30
-30
-29
-28
-27
-26
-25
-23
-21
-19
-17
-16
-14
-13
-9
-7
-5
-3
-2
1
3
4
6
7
9
10
10
12
12
12
11
12
11
11
10
9
7
8
6
5
5
4
2
1
1
0
-1
-1
-3
-3
-3
-3
-4
-4
-6
-6
-6
-6
-7
-8
-8
-9
-8
-9
-10
-9
-10
-10
-9
-8
-9
-9
-9
-9
-9
-9
-9
-10
-10
-11
-11
-11
-11
-13
-14
-15
-16
-18
-20
-20
-20
-22
-24
-24
-25
-26
-27
-28
-28
-27
-28
-28
-28
-28
-28
-26
-25
-24
-23
-21
-19
-18
-16
-14
-12
-9
-7
-5
-1
0
3
6
9
12
13
15
18
20
20
22
23
24
25
25
25
25
23
22
21
20
18
16
14
11
9
6
3
2
-1
-3
-6
-8
-11
-12
-14
-16
-17
-18
-19
-21
-21
-22
-22
-22
-21
-21
-20
-19
-17
-16
-14
-13
-11
-7
-6
-3
-1
1
4
6
8
11
12
14
16
17
17
19
18
19
19
17
16
15
13
11
9
6
3
0
-3
-7
-10
-14
-17
-21
-23
-28
-30
-33
-37
-39
-40
-42
-44
-46
-46
-48
-48
-48
-46
-46
-45
-44
-42
-40
-37
-34
-32
-29
-25
-21
-17
-14
-11
-6
-3
1
5
8
10
14
17
19
22
25
26
28
30
32
34
35
37
38
39
41
43
44
47
49
50
52
52
55
56
56
58
58
58
58
57
55
54
53
49
46
43
38
34
29
23
18
12
6
-1
-7
-15
-20
-27
-32
-39
-45
-49
-54
-58
-63
-66
-68
-71
-73
-74
-75
-75
-75
-75
-73
-71
-69
-67
-63
-60
-56
-52
-48
-44
-40
-35
-31
-25
-21
-17
-13
-9
-6
-2
2
5
8
10
13
15
17
19
21
22
22
23
22
23
24
24
23
24
23
24
23
23
23
25
24
26
26
27
28
29
30
31
32
33
34
35
36
35
36
36
34
34
33
31
28
26
21
18
13
9
5
0
-4
-10
-15
-19
-24
-29
-33
-36
-41
-42
-45
-46
-47
-49
-49
-48
-46
-46
-43
-41
-37
-33
-30
-25
-20
-15
-10
-5
-1
3
10
15
20
24
29
33
36
41
44
46
50
51
53
54
54
54
54
54
52
51
48
46
44
41
38
35
32
29
26
23
19
17
14
10
7
6
4
1
-1
-3
-4
-5
-5
-9
-10
-10
-12
-12
-13
-14
-13
-14
-14
-15
-15
-16
-16
-16
-17
-18
-18
-19
-20
-22
-23
-24
-25
-27
-28
-29
-30
-32
-34
-35
-36
-37
-37
-36
-37
-38
-36
-35
-34
-32
-30
-27
-25
-22
-19
-16
-14
-10
-7
-4
0
2
6
7
9
12
13
15
16
17
17
18
18
17
18
16
15
13
13
11
9
8
6
4
2
1
-1
-4
-5
-6
-7
-9
-10
-11
-11
-11
-12
-12
-11
-11
-11
-10
-10
-9
-8
-7
-6
-5
-3
-3
-2
-2
1
1
2
3
4
4
6
7
9
10
12
13
17
18
21
23
26
29
31
34
36
38
41
43
45
47
48
48
48
49
46
46
44
42
39
36
33
30
26
22
18
13
9
4
0
-4
-8
-13
-16
-20
-23
-25
-28
-31
-33
-35
-37
-37
-39
-40
-39
-40
-40
-39
-39
-37
-37
-36
-35
-33
-31
-31
0
0
0
0
0
0
0
0
0
0
0
0
0
0
0
0
0
0
0
0
0
0
0
0
0
0
0
0
0
0
0
0
0
0
0
0
0
0
0
0
0
0
0
0
0
0
0
0
0
0
0
0
0
0
0
0
0
0
0
0
0
0
0
0
0
0
0
0
0
0
0
0
0
0
0
0
0
0
0
0
0
0
0
0
0
0
0
0
0
0
0
0
0
0
0
0
0
0
0
0
0
0
0
0
0
0
0
0
0
0
0
0
0
0
0
0
0
0
0
0
0
0
0
0
0
0
0
0
0
0
0
0
0
0
0
0
0
0
0
0
0
0
0
0
0
0
0
0
0
0
0
0
0
0
0
0
0
0
0
0
0
0
0
0
0
0
0
0
0
0
0
0
0
0
0
0
0
0
0
0
0
0
0
0
0
0
0
0
0
0
0
0
0
0
0
0
0
0
