0
0
0
0
0
0
0
0
0
0
0
0
0
0
0
0
0
0
0
0
0
0
0
0
0
0
0
0
0
0
0
0
0
0
0
0
0
0
0
0
0
0
0
0
0
0
0
0
0
0
0
0
0
0
0
0
0
0
0
0
0
0
0
0
0
0
0
0
0
0
0
0
0
0
0
0
0
0
0
0
0
0
0
0
0
0
0
0
0
0
0
0
0
0
0
0
0
0
0
0
0
0
0
0
0
0
0
0
0
0
0
0
0
0
0
0
0
0
0
0
0
0
0
0
0
0
0
0
0
0
0
0
0
0
0
0
0
0
0
0
0
0
0
0
0
0
0
0
0
0
0
0
0
0
0
0
0
0
0
0
0
0
0
0
0
0
0
0
0
0
0
0
0
0
0
0
0
0
0
0
0
0
0
0
0
0
0
0
0
0
0
0
0
0
0
0
0
0
-12
-17
-21
-24
-29
-32
-35
-40
-44
-48
-53
-59
-64
-70
-73
-78
-79
-78
-75
-72
-66
-60
-54
-48
-44
-39
-34
-30
-27
-21
-18
-13
-8
-2
2
6
10
13
15
16
18
21
25
31
39
48
58
68
80
89
97
103
108
112
113
113
113
112
111
110
108
106
103
97
91
83
75
67
59
53
49
45
44
44
44
45
45
46
46
45
43
40
37
34
31
31
29
29
26
24
20
15
8
3
-1
-4
-9
-12
-13
-12
-13
-14
-14
-17
-21
-26
-33
-43
-53
-67
-83
-99
-114
-127
-142
-155
-170
-184
-197
-208
-219
-226
-233
-237
-242
-246
-248
-249
-247
-244
-240
-235
-231
-226
-223
-222
-221
-219
-218
-215
-212
-208
-201
-192
-177
-163
-149
-135
-126
-119
-113
-111
-107
-99
-91
-80
-67
-54
-43
-33
-29
-29
-33
-40
-51
-59
-65
-64
-59
-43
-20
13
53
99
144
186
223
253
281
307
335
364
395
426
453
480
503
521
532
535
532
522
511
508
526
568
634
719
812
903
985
1059
1124
1182
1233
1269
1285
1279
1255
1214
1150
1048
878
601
193
-348
-977
-1623
-2204
-2649
-2922
-3014
-2945
-2747
-2445
-2052
-1584
-1069
-550
-86
282
541
704
812
915
1047
1209
1374
1496
1540
1494
1351
1121
815
436
-3
-487
-978
-1427
-1774
-1976
-2020
-1925
-1726
-1465
-1181
-899
-629
-376
-142
63
234
380
517
665
835
1026
1216
1370
1449
1414
1253
974
603
173
-277
-713
-1098
-1406
-1618
-1734
-1756
-1697
-1576
-1418
-1240
-1051
-856
-656
-459
-260
-61
141
345
535
701
826
895
892
812
673
497
307
119
-53
-196
-308
-397
-467
-525
-569
-601
-628
-649
-660
-650
-605
-521
-386
-197
41
309
586
853
1097
1300
1448
1539
1573
1563
1520
1456
1384
1311
1247
1190
1144
1115
1123
1175
1257
1343
1419
1489
1568
1661
1763
1834
1796
1536
952
25
-1141
-2355
-3416
-4170
-4534
-4511
-4187
-3675
-3069
-2389
-1630
-808
-5
675
1155
1403
1446
1367
1296
1344
1536
1800
2015
2082
1960
1648
1174
591
-45
-694
-1344
-1969
-2503
-2854
-2949
-2783
-2407
-1897
-1346
-838
-430
-126
112
324
521
696
853
1013
1191
1384
1576
1749
1862
1862
1696
1364
905
379
-160
-655
-1061
-1347
-1510
-1567
-1527
-1399
-1199
-968
-748
-574
-458
-406
-394
-381
-313
-157
73
336
580
758
837
810
691
507
282
34
-230
-491
-723
-902
-1009
-1040
-1010
-946
-879
-827
-793
-764
-723
-656
-549
-396
-203
18
250
480
686
844
927
934
882
797
706
624
567
534
517
504
491
479
468
453
428
395
364
354
384
476
636
857
1117
1401
1703
2015
2306
2534
2677
2747
2770
2765
2733
2661
2469
2015
1151
-151
-1733
-3320
-4645
-5518
-5852
-5662
-5091
-4342
-3551
-2721
-1781
-734
310
1207
1873
2280
2441
2427
2393
2484
2723
2977
3064
2886
2439
1743
838
-183
-1188
-2080
-2844
-3480
-3923
-4079
-3899
-3438
-2788
-2024
-1227
-501
66
471
799
1126
1452
1750
2014
2256
2469
2598
2599
2463
2197
1776
1172
414
-398
-1148
-1765
-2220
-2490
-2551
-2417
-2150
-1819
-1462
-1086
-713
-384
-120
113
352
592
803
980
1134
1267
1347
1338
1239
1057
778
381
-114
-637
-1112
-1498
-1775
-1918
-1915
-1800
-1640
-1475
-1300
-1103
-891
-685
-488
-286
-91
70
191
300
428
567
671
709
687
615
499
359
230
156
135
141
147
148
147
135
102
56
23
22
56
117
207
338
514
718
934
1173
1439
1700
1895
2007
2088
2207
2354
2466
2514
2540
2576
2576
2502
2384
2218
1832
956
-513
-2351
-4151
-5593
-6491
-6704
-6182
-5122
-3910
-2851
-1942
-1007
7
972
1755
2333
2715
2859
2773
2629
2668
2931
3192
3167
2747
1977
908
-403
-1781
-2964
-3786
-4277
-4530
-4533
-4194
-3515
-2640
-1716
-810
39
726
1157
1373
1552
1816
2135
2426
2670
2871
2964
2825
2414
1803
1075
245
-678
-1594
-2342
-2824
-3045
-3038
-2801
-2344
-1765
-1197
-711
-295
73
370
582
762
984
1264
1546
1784
1959
2053
2009
1756
1279
629
-120
-904
-1644
-2234
-2585
-2685
-2585
-2354
-2028
-1631
-1207
-812
-471
-187
21
136
167
169
199
270
355
420
449
427
347
220
86
-10
-51
-51
-17
47
131
210
251
244
195
111
7
-98
-176
-182
-98
72
312
600
897
1152
1332
1435
1489
1518
1531
1530
1515
1489
1480
1548
1732
1994
2236
2393
2466
2474
2406
2283
2159
1992
1537
513
-1082
-2909
-4538
-5688
-6199
-5962
-5033
-3767
-2628
-1814
-1166
-453
353
1129
1802
2371
2780
2927
2838
2736
2818
3009
3028
2659
1899
841
-433
-1797
-2995
-3784
-4113
-4123
-3935
-3549
-2931
-2156
-1366
-632
55
676
1142
1424
1632
1916
2292
2646
2879
2970
2900
2585
1975
1145
243
-634
-1456
-2178
-2695
-2928
-2890
-2658
-2300
-1833
-1295
-771
-338
-3
291
567
816
1038
1288
1586
1862
2014
1998
1824
1498
1015
413
-206
-766
-1259
-1695
-2041
-2239
-2286
-2219
-2066
-1821
-1494
-1148
-824
-510
-179
149
421
608
705
710
619
439
213
-3
-184
-331
-440
-495
-483
-410
-309
-206
-108
-19
42
60
44
23
7
-3
0
34
101
188
286
400
530
668
804
928
1035
1107
1136
1127
1101
1074
1050
1018
980
974
1074
1323
1680
2026
2263
2388
2438
2426
2367
2320
2291
2047
1219
-335
-2310
-4191
-5597
-6333
-6265
-5390
-4039
-2764
-1899
-1346
-806
-142
581
1283
1953
2538
2902
2983
2933
2976
3116
3102
2687
1848
707
-628
-2034
-3266
-4040
-4265
-4098
-3744
-3261
-2635
-1916
-1228
-628
-67
491
984
1348
1647
2005
2445
2839
3042
3020
2774
2258
1446
448
-538
-1375
-2037
-2524
-2789
-2794
-2587
-2267
-1899
-1480
-1013
-558
-183
123
428
766
1111
1428
1728
2004
2172
2134
1874
1446
910
302
-323
-873
-1294
-1604
-1842
-2003
-2076
-2065
-2002
-1878
-1646
-1293
-863
-416
17
407
704
856
850
727
528
281
3
-272
-503
-661
-731
-714
-613
-441
-242
-81
2
27
32
33
41
64
114
171
206
215
221
246
293
363
461
583
722
863
992
1086
1127
1113
1058
991
940
911
899
916
1013
1248
1610
1998
2303
2488
2587
2624
2589
2519
2479
2364
1824
549
-1336
-3324
-4945
-5966
-6245
-5678
-4434
-3049
-2049
-1505
-1113
-615
19
727
1510
2327
3000
3343
3382
3332
3322
3210
2760
1901
754
-549
-1911
-3143
-3958
-4202
-3997
-3594
-3133
-2608
-2021
-1451
-928
-391
227
890
1486
1974
2431
2897
3276
3418
3264
2843
2167
1237
156
-865
-1655
-2195
-2531
-2677
-2630
-2443
-2210
-1968
-1665
-1255
-765
-265
221
713
1216
1666
2002
2225
2350
2344
2133
1706
1146
538
-77
-660
-1143
-1488
-1736
-1951
-2150
-2288
-2329
-2253
-2029
-1629
-1071
-435
174
672
1017
1190
1184
1019
737
401
69
-233
-494
-683
-785
-807
-770
-692
-577
-441
-326
-245
-179
-96
0
89
160
211
242
247
229
215
233
299
408
555
733
918
1078
1176
1197
1138
1014
863
736
670
666
700
778
934
1208
1574
1939
2213
2376
2455
2459
2383
2297
2275
2174
1607
298
-1564
-3458
-4957
-5863
-6033
-5376
-4107
-2791
-1897
-1436
-1102
-668
-101
592
1427
2320
3036
3386
3414
3327
3220
2955
2347
1387
217
-1039
-2288
-3331
-3922
-3976
-3676
-3269
-2856
-2415
-1954
-1506
-1037
-454
276
1048
1731
2281
2741
3119
3334
3278
2935
2348
1542
550
-488
-1371
-1983
-2347
-2524
-2536
-2419
-2257
-2111
-1943
-1657
-1211
-646
-32
585
1181
1699
2067
2253
2291
2225
2040
1689
1191
635
91
-432
-934
-1371
-1725
-2018
-2268
-2439
-2470
-2327
-2016
-1564
-1018
-436
125
604
949
1143
1207
1151
958
643
277
-60
-344
-583
-765
-867
-898
-882
-819
-699
-534
-357
-190
-30
123
249
326
343
326
302
290
287
304
361
467
610
763
914
1042
1110
1104
1030
919
800
706
670
699
775
873
1007
1204
1482
1804
2096
2297
2407
2442
2406
2334
2324
2350
2098
1151
-541
-2532
-4265
-5432
-5913
-5593
-4529
-3147
-2033
-1442
-1191
-968
-615
-73
723
1742
2762
3475
3753
3721
3560
3281
2733
1845
718
-495
-1696
-2761
-3481
-3703
-3513
-3169
-2844
-2548
-2251
-1945
-1592
-1077
-323
599
1513
2274
2852
3269
3491
3453
3140
2608
1904
1038
88
-785
-1443
-1875
-2143
-2282
-2309
-2291
-2284
-2252
-2085
-1709
-1136
-435
317
1043
1657
2078
2272
2278
2179
2013
1752
1385
959
521
72
-396
-853
-1287
-1728
-2173
-2532
-2696
-2626
-2336
-1857
-1243
-588
-2
452
758
930
996
985
889
698
446
185
-57
-282
-475
-623
-741
-849
-915
-888
-758
-559
-318
-59
175
329
371
324
239
172
152
179
242
340
464
597
727
860
986
1063
1069
1020
948
859
764
709
728
813
918
1025
1157
1346
1598
1875
2130
2343
2480
2498
2411
2339
2329
2113
1246
-384
-2347
-4036
-5149
-5626
-5410
-4513
-3274
-2237
-1693
-1505
-1376
-1125
-649
171
1339
2601
3561
3985
3949
3679
3266
2646
1784
774
-259
-1271
-2204
-2894
-3194
-3173
-3049
-2954
-2869
-2738
-2549
-2252
-1728
-902
143
1197
2080
2721
3121
3280
3194
2907
2501
2010
1399
678
-54
-689
-1213
-1658
-2018
-2273
-2447
-2577
-2622
-2491
-2129
-1561
-859
-115
590
1178
1581
1777
1818
1811
1817
1792
1673
1452
1144
735
227
-305
-797
-1275
-1798
-2312
-2666
-2762
-2606
-2243
-1711
-1090
-501
-48
247
432
565
688
807
894
897
781
518
135
-279
-620
-825
-901
-872
-763
-611
-460
-332
-200
-41
117
226
271
270
235
183
136
129
182
289
417
550
680
798
885
939
979
1028
1074
1088
1064
1026
993
980
1002
1077
1226
1456
1758
2081
2343
2483
2475
2330
2149
2076
2077
1777
742
-999
-2880
-4304
-5076
-5238
-4800
-3858
-2789
-2048
-1771
-1724
-1628
-1322
-680
397
1798
3122
3935
4100
3815
3353
2827
2202
1467
687
-103
-917
-1705
-2313
-2649
-2808
-2937
-3061
-3100
-3004
-2771
-2356
-1680
-739
320
1288
2022
2499
2755
2838
2788
2668
2515
2278
1865
1262
572
-105
-737
-1315
-1785
-2123
-2365
-2534
-2581
-2439
-2105
-1626
-1057
-452
113
577
918
1157
1358
1582
1828
2014
2056
1922
1630
1185
627
53
-443
-856
-1229
-1585
-1906
-2167
-2338
-2371
-2225
-1900
-1439
-924
-446
-77
180
368
507
599
664
710
695
563
323
52
-188
-369
-456
-433
-340
-249
-202
-177
-152
-119
-75
-17
49
102
120
100
66
55
99
201
348
528
724
897
1024
1115
1194
1255
1283
1287
1294
1310
1329
1365
1442
1590
1802
2032
2212
2297
2269
2133
1965
1913
1985
1832
955
-719
-2629
-4078
-4804
-4915
-4520
-3713
-2802
-2220
-2108
-2222
-2239
-1976
-1312
-155
1380
2861
3784
3961
3587
3021
2491
2029
1599
1174
705
104
-647
-1423
-2077
-2590
-3009
-3303
-3382
-3238
-2949
-2559
-2023
-1320
-526
236
878
1390
1801
2129
2385
2579
2706
2697
2459
1974
1340
670
18
-579
-1060
-1412
-1695
-1967
-2193
-2315
-2315
-2193
-1925
-1507
-1003
-498
-54
313
620
923
1248
1551
1766
1861
1831
1650
1341
981
606
171
-346
-862
-1291
-1656
-2006
-2302
-2442
-2380
-2133
-1757
-1319
-896
-537
-253
-37
137
305
466
568
578
522
424
274
83
-69
-115
-85
-48
-22
8
23
3
-32
-41
-10
32
54
35
-14
-65
-93
-82
-3
164
399
635
836
1010
1161
1266
1338
1419
1540
1683
1816
1921
2005
2084
2166
2256
2343
2393
2346
2179
1995
1928
1832
1230
-192
-2081
-3645
-4407
-4490
-4194
-3657
-3044
-2676
-2720
-2935
-2939
-2564
-1815
-665
840
2364
3387
3628
3257
2688
2252
2058
2047
2089
2006
1607
809
-249
-1316
-2212
-2876
-3246
-3265
-2994
-2637
-2363
-2188
-2025
-1792
-1430
-891
-179
635
1443
2124
2590
2811
2800
2590
2241
1860
1540
1268
976
626
214
-289
-890
-1495
-1967
-2237
-2311
-2197
-1923
-1580
-1266
-1025
-833
-657
-428
-70
416
931
1354
1614
1674
1539
1287
1031
808
605
421
258
57
-261
-669
-1072
-1394
-1608
-1674
-1583
-1404
-1243
-1146
-1090
-1044
-965
-804
-550
-261
-4
190
312
367
392
439
521
601
654
674
651
575
462
350
257
183
124
75
9
-77
-160
-207
-200
-124
24
215
400
552
674
782
906
1085
1327
1603
1865
2073
2212
2301
2394
2520
2642
2714
2718
2614
2406
2223
2140
1840
789
-1031
-2858
-3881
-4031
-3799
-3525
-3279
-3204
-3472
-3896
-4012
-3564
-2677
-1508
-105
1345
2407
2751
2501
2120
2008
2267
2752
3214
3395
3081
2231
1029
-192
-1180
-1854
-2224
-2314
-2227
-2181
-2352
-2715
-3070
-3216
-3029
-2473
-1618
-651
217
857
1259
1483
1611
1739
1936
2212
2493
2648
2565
2218
1660
986
313
-234
-602
-831
-1004
-1192
-1424
-1714
-2025
-2257
-2316
-2192
-1910
-1491
-974
-475
-146
-47
-74
-46
178
595
1059
1379
1456
1322
1065
764
474
245
81
-43
-178
-366
-625
-943
-1273
-1537
-1671
-1654
-1536
-1390
-1261
-1150
-1034
-903
-731
-476
-141
213
515
747
915
1013
1043
1046
1061
1079
1063
1004
906
753
545
324
142
22
-47
-63
-36
-3
7
26
105
262
482
777
1129
1453
1680
1861
2094
2374
2604
2756
2857
2879
2806
2767
2796
2479
1293
-586
-2208
-2829
-2677
-2468
-2551
-2866
-3402
-4136
-4724
-4715
-4070
-3113
-2049
-891
181
797
839
674
802
1411
2325
3226
3812
3878
3391
2523
1596
890
477
231
20
-234
-606
-1202
-1998
-2768
-3247
-3320
-3040
-2545
-2020
-1646
-1468
-1354
-1134
-726
-143
557
1264
1846
2214
2348
2291
2125
1970
1899
1884
1835
1660
1302
771
155
-415
-853
-1157
-1355
-1494
-1638
-1822
-2009
-2139
-2193
-2160
-1985
-1636
-1192
-782
-465
-217
-4
223
519
885
1227
1426
1453
1360
1196
982
749
527
310
77
-198
-507
-828
-1125
-1353
-1484
-1526
-1506
-1461
-1404
-1301
-1109
-835
-531
-235
48
323
576
807
1033
1245
1411
1517
1572
1572
1504
1377
1231
1098
978
871
767
641
495
368
292
286
368
547
770
957
1096
1245
1409
1545
1662
1820
2017
2230
2469
2603
2214
1012
-562
-1564
-1560
-1081
-893
-1217
-1861
-2677
-3519
-4018
-3859
-3194
-2423
-1723
-1086
-648
-621
-859
-873
-306
725
1803
2543
2759
2482
1926
1416
1196
1290
1501
1584
1406
955
277
-529
-1264
-1702
-1761
-1579
-1384
-1355
-1558
-1927
-2259
-2311
-1985
-1390
-736
-194
152
299
329
380
577
954
1430
1846
2065
2029
1766
1373
999
775
712
693
594
353
-50
-586
-1107
-1431
-1546
-1622
-1776
-1928
-1954
-1875
-1793
-1741
-1668
-1507
-1215
-797
-336
42
273
404
525
685
856
968
976
899
780
624
408
152
-93
-298
-473
-626
-758
-894
-1033
-1108
-1072
-966
-875
-806
-710
-563
-374
-150
110
369
580
737
883
1035
1181
1310
1432
1543
1617
1632
1593
1522
1439
1376
1369
1416
1465
1489
1515
1542
1513
1410
1304
1252
1255
1354
1550
1520
779
-632
-1874
-2145
-1617
-1151
-1244
-1725
-2330
-2978
-3470
-3455
-2892
-2142
-1499
-962
-550
-460
-693
-835
-441
483
1517
2220
2403
2123
1608
1158
1001
1161
1441
1577
1418
981
346
-384
-1033
-1393
-1378
-1152
-984
-1045
-1350
-1782
-2133
-2172
-1828
-1261
-711
-336
-167
-159
-201
-142
121
573
1097
1521
1710
1625
1371
1119
996
1038
1177
1252
1121
783
328
-145
-522
-707
-734
-791
-1026
-1346
-1570
-1673
-1738
-1764
-1679
-1495
-1305
-1132
-940
-745
-585
-417
-159
169
446
590
625
623
621
617
602
571
507
385
195
-28
-236
-411
-543
-596
-559
-506
-537
-655
-753
-744
-619
-409
-159
65
196
260
337
469
640
832
1050
1268
1429
1498
1500
1493
1526
1601
1699
1796
1862
1868
1820
1781
1785
1779
1709
1626
1596
1593
1594
1632
1547
935
-298
-1495
-1845
-1382
-944
-1135
-1785
-2485
-3104
-3550
-3562
-3061
-2369
-1830
-1463
-1192
-1112
-1244
-1255
-741
274
1346
2018
2141
1862
1475
1263
1371
1734
2113
2246
2015
1484
806
125
-413
-676
-647
-518
-567
-918
-1476
-2035
-2384
-2375
-2012
-1505
-1114
-961
-988
-1057
-1033
-808
-349
254
833
1213
1316
1215
1087
1091
1270
1556
1813
1882
1672
1260
826
478
235
113
93
33
-231
-711
-1260
-1750
-2078
-2109
-1819
-1454
-1351
-1575
-1867
-1952
-1748
-1314
-759
-249
48
97
24
-7
97
331
640
918
1028
879
519
144
-56
-36
97
196
166
-38
-373
-682
-800
-686
-457
-256
-164
-205
-334
-430
-366
-114
227
535
736
813
807
812
925
1168
1476
1731
1857
1868
1844
1850
1919
2053
2214
2306
2249
2091
1934
1819
1756
1787
1786
1346
252
-984
-1529
-1258
-914
-1135
-1791
-2455
-3021
-3497
-3669
-3371
-2839
-2408
-2123
-1888
-1783
-1870
-1872
-1394
-421
620
1304
1508
1399
1229
1220
1479
1943
2403
2623
2497
2086
1541
1000
571
366
387
425
198
-359
-1062
-1673
-2049
-2126
-1936
-1668
-1560
-1669
-1860
-1968
-1910
-1644
-1163
-569
-58
238
333
348
437
708
1152
1632
1980
2084
1936
1643
1382
1258
1239
1250
1223
1045
581
-124
-785
-1133
-1181
-1136
-1174
-1377
-1750
-2171
-2405
-2312
-1986
-1622
-1332
-1133
-1039
-1010
-919
-644
-207
254
592
730
684
543
451
506
690
878
925
783
524
264
77
-3
22
90
100
-19
-223
-407
-498
-477
-344
-156
-20
1
-28
-1
134
358
632
892
1069
1165
1246
1376
1557
1761
1961
2112
2199
2254
2295
2288
2236
2203
2200
2167
2112
2055
1755
883
-338
-1087
-926
-441
-507
-1219
-2055
-2723
-3251
-3508
-3283
-2765
-2410
-2342
-2332
-2299
-2361
-2387
-2002
-1101
-76
591
761
623
477
573
1004
1658
2267
2573
2486
2126
1713
1404
1249
1254
1378
1437
1191
582
-164
-774
-1121
-1202
-1089
-976
-1101
-1513
-1995
-2291
-2307
-2079
-1677
-1224
-902
-805
-851
-850
-657
-237
334
899
1294
1437
1370
1249
1249
1423
1664
1831
1860
1718
1363
861
433
247
212
83
-249
-693
-1130
-1507
-1791
-1951
-1998
-1987
-1957
-1925
-1903
-1875
-1769
-1520
-1147
-768
-487
-333
-244
-128
64
315
553
702
740
703
668
683
732
770
785
767
694
561
412
306
257
237
212
150
35
-105
-203
-202
-106
30
151
233
291
367
505
723
1004
1299
1538
1693
1805
1927
2051
2146
2240
2358
2459
2532
2566
2368
1652
560
-196
-118
365
388
-304
-1254
-2062
-2679
-3026
-2930
-2548
-2332
-2452
-2659
-2780
-2903
-2984
-2705
-1938
-1029
-443
-316
-448
-554
-399
121
889
1602
1968
1924
1653
1417
1361
1477
1688
1921
2032
1837
1314
689
229
20
3
77
75
-199
-773
-1397
-1781
-1850
-1723
-1524
-1355
-1335
-1500
-1724
-1804
-1633
-1232
-722
-257
36
117
75
86
297
710
1167
1489
1604
1549
1373
1150
995
979
1029
994
804
490
89
-344
-701
-907
-1016
-1138
-1290
-1429
-1561
-1708
-1816
-1787
-1620
-1420
-1262
-1139
-1021
-903
-768
-574
-323
-87
68
166
275
424
577
699
797
875
913
901
868
852
842
814
770
711
614
459
307
232
233
257
265
250
221
199
232
347
530
738
929
1087
1215
1338
1474
1617
1765
1926
2059
2128
2189
2259
2101
1458
581
139
391
771
609
-103
-926
-1618
-2138
-2327
-2111
-1819
-1870
-2227
-2522
-2630
-2699
-2692
-2369
-1721
-1097
-805
-824
-933
-932
-674
-97
650
1236
1409
1225
979
926
1103
1398
1697
1898
1876
1577
1131
770
606
593
648
700
605
227
-357
-857
-1057
-1003
-870
-792
-849
-1082
-1418
-1662
-1648
-1397
-1051
-755
-579
-538
-596
-632
-509
-173
269
626
786
766
658
542
523
676
933
1082
981
699
400
166
23
-14
-5
-95
-359
-685
-911
-1011
-1053
-1062
-1037
-1037
-1113
-1221
-1258
-1179
-1029
-865
-712
-602
-561
-557
-491
-291
-2
253
388
423
430
467
563
726
910
1018
999
908
830
782
751
751
790
806
739
616
508
459
469
538
644
729
762
777
819
913
1058
1217
1332
1385
1415
1461
1523
1618
1716
1619
1119
390
-20
144
488
453
-47
-718
-1341
-1822
-1981
-1759
-1468
-1506
-1857
-2180
-2315
-2365
-2342
-2096
-1617
-1160
-945
-942
-1003
-1004
-827
-383
257
808
1009
871
654
608
792
1116
1442
1633
1583
1298
946
720
668
701
741
745
633
322
-132
-519
-675
-632
-529
-483
-564
-805
-1135
-1367
-1354
-1127
-851
-672
-631
-693
-791
-818
-678
-368
-18
207
252
187
109
86
160
334
523
597
512
352
205
91
14
8
54
42
-105
-332
-523
-630
-670
-657
-620
-630
-731
-871
-940
-899
-797
-701
-633
-595
-587
-584
-524
-376
-176
-3
100
152
193
255
359
514
686
808
843
824
804
812
852
921
1004
1050
1018
934
865
854
897
973
1068
1152
1182
1171
1177
1223
1265
1276
1294
1355
1425
1465
1460
1323
925
334
-91
-81
196
302
9
-563
-1198
-1716
-1931
-1742
-1369
-1221
-1458
-1860
-2149
-2233
-2130
-1837
-1418
-1062
-923
-955
-1000
-955
-780
-448
23
494
768
763
599
502
611
905
1253
1504
1528
1300
950
701
673
795
900
882
719
415
38
-268
-389
-353
-289
-297
-409
-617
-877
-1086
-1129
-993
-777
-619
-587
-669
-788
-838
-747
-518
-242
-36
43
14
-52
-85
-39
108
319
476
478
337
155
36
21
99
210
242
119
-116
-335
-430
-402
-326
-279
-315
-454
-639
-765
-752
-630
-502
-448
-478
-549
-602
-582
-454
-254
-68
28
35
21
50
150
322
529
695
753
713
655
658
741
865
987
1060
1054
985
912
901
960
1051
1133
1191
1212
1200
1185
1209
1278
1337
1344
1321
1303
1290
1276
1242
1132
848
401
-1
-153
-86
-36
-201
-592
-1103
-1588
-1864
-1815
-1553
-1365
-1452
-1745
-2031
-2154
-2060
-1765
-1372
-1053
-925
-945
-962
-865
-639
-321
37
362
565
617
581
568
652
832
1058
1250
1316
1209
979
762
675
720
806
829
723
483
163
-123
-272
-276
-222
-224
-331
-531
-763
-946
-1005
-924
-775
-664
-651
-721
-809
-849
-792
-627
-411
-250
-211
-266
-322
-312
-224
-78
82
183
166
58
-43
-63
-3
90
160
159
63
-98
-236
-279
-234
-176
-177
-258
-399
-548
-640
-630
-545
-463
-454
-514
-591
-627
-587
-467
-307
-172
-114
-116
-115
-53
81
258
430
551
602
605
615
682
803
932
1026
1072
1079
1066
1062
1093
1152
1220
1272
1297
1304
1303
1307
1320
1328
1327
1320
1306
1277
1226
1138
961
664
313
40
-75
-98
-171
-386
-749
-1192
-1580
-1767
-1712
-1548
-1480
-1603
-1849
-2079
-2165
-2039
-1727
-1362
-1107
-1029
-1051
-1034
-889
-597
-219
148
405
515
530
549
642
811
1009
1178
1267
1247
1136
991
880
832
830
834
795
669
454
200
-15
-138
-178
-186
-224
-331
-507
-704
-846
-884
-821
-720
-651
-650
-707
-775
-799
-740
-599
-431
-300
-246
-254
-281
-279
-221
-107
24
120
147
111
52
14
25
78
142
167
129
35
-69
-135
-147
-124
-111
-149
-244
-359
-444
-468
-438
-393
-379
-413
-477
-525
-516
-441
-328
-223
-158
-136
-119
-71
32
175
329
454
530
574
618
689
793
910
1017
1090
1125
1143
1162
1191
1234
1289
1342
1371
1378
1377
1382
1381
1357
1318
1282
1251
1211
1148
1050
874
600
281
26
-103
-151
-222
-393
-684
-1065
-1427
-1636
-1632
-1503
-1413
-1466
-1648
-1868
-2004
-1961
-1723
-1387
-1112
-991
-994
-1014
-939
-718
-371
8
298
437
459
456
521
679
890
1087
1199
1197
1099
972
881
849
850
844
798
690
516
309
120
-15
-95
-149
-206
-289
-414
-575
-724
-814
-825
-778
-715
-674
-676
-722
-775
-785
-717
-586
-440
-331
-288
-302
-333
-332
-262
-141
-20
50
51
4
-49
-68
-36
32
85
84
23
-69
-151
-193
-191
-169
-167
-211
-297
-389
-447
-456
-430
-396
-383
-406
-447
-472
-450
-379
-286
-202
-149
-118
-88
-31
63
186
307
405
476
532
591
663
748
841
926
994
1046
1087
1127
1167
1210
1252
1293
1331
1364
1385
1380
1343
1284
1220
1172
1141
1100
1010
825
549
245
-3
-154
-227
-291
-425
-679
-1020
-1350
-1552
-1585
-1504
-1420
-1428
-1550
-1736
-1878
-1873
-1693
-1415
-1160
-1010
-972
-978
-938
-780
-498
-160
129
304
372
396
446
566
747
937
1073
1111
1067
990
922
886
872
859
820
735
609
458
307
168
51
-43
-119
-190
-275
-383
-501
-612
-693
-728
-716
-679
-647
-643
-667
-698
-708
-671
-586
-472
-368
-309
-295
-300
-292
-243
-154
-49
31
64
51
21
5
19
53
87
95
68
17
-43
-86
-112
-126
-145
-179
-223
-271
-309
-331
-340
-343
-350
-360
-364
-353
-321
-276
-228
-184
-143
-94
-26
59
157
254
336
406
472
546
633
726
813
884
935
973
1009
1053
1102
1150
1191
1219
1238
1255
1277
1301
1313
1300
1260
1205
1151
1103
1056
986
859
663
418
177
-10
-133
-220
-324
-492
-735
-1013
-1252
-1386
-1409
-1368
-1337
-1369
-1468
-1589
-1663
-1628
-1482
-1276
-1083
-952
-883
-840
-767
-625
-411
-162
60
222
322
389
459
554
674
800
898
952
961
943
913
879
841
799
746
681
603
513
411
298
178
63
-41
-127
-198
-263
-335
-413
-495
-567
-614
-628
-616
-596
-583
-590
-609
-620
-604
-553
-480
-409
-356
-328
-314
-296
-259
-201
-136
-81
-42
-23
-14
-9
-2
5
11
10
5
-6
-24
-49
-87
-131
-176
-211
-229
-234
-238
-253
-284
-326
-359
-365
-337
-289
-236
-200
-184
-176
-151
-96
-6
101
200
275
324
364
414
487
578
673
751
803
830
847
868
904
952
999
1036
1058
1068
1071
1073
1075
1069
1053
1026
991
952
904
842
751
622
460
282
117
-22
-137
-249
-381
-549
-744
-941
-1104
-1209
-1257
-1277
-1298
-1338
-1397
-1453
-1475
-1442
-1354
-1235
-1112
-1006
-913
-824
-721
-589
-433
-269
-113
22
138
246
350
455
551
632
692
734
762
786
804
810
793
752
692
620
552
493
435
370
289
190
81
-21
-106
-172
-222
-269
-324
-389
-449
-497
-525
-532
-527
-522
-526
-533
-534
-522
-497
-463
-428
-398
-372
-347
-314
-273
-228
-185
-153
-126
-103
-80
-56
-33
-16
-6
-7
-18
-31
-44
-55
-67
-79
-93
-109
-132
-156
-179
-198
-212
-218
-212
-200
-186
-174
-166
-152
-128
-88
-32
32
98
156
207
253
303
362
428
496
558
608
649
684
717
750
783
811
835
857
878
898
918
930
938
940
932
922
909
890
864
831
787
731
660
567
458
331
201
74
-44
-154
-267
-392
-530
-675
-813
-929
-1015
-1071
-1107
-1137
-1167
-1194
-1211
-1209
-1176
-1119
-1043
-957
-864
-767
-665
-556
-444
-327
-211
-95
20
137
253
361
454
529
586
626
658
688
719
742
751
739
702
650
589
527
468
412
353
287
211
130
49
-28
-93
-151
-205
-255
-303
-348
-384
-412
-431
-444
-458
-475
-493
-507
-509
-494
-465
-426
-390
-365
-348
-336
-316
-282
-232
-172
-117
-79
-58
-52
-50
-45
-30
-9
9
17
9
-10
-35
-60
-78
-88
-95
-103
-109
-122
-135
-149
-159
-164
-163
-150
-132
-108
-82
-55
-28
-1
35
77
125
177
226
270
312
349
387
425
460
491
516
538
558
581
605
631
653
667
678
685
696
710
726
742
751
748
734
708
675
636
592
540
474
396
303
199
87
-24
-137
-248
-361
-474
-584
-688
-781
-864
-936
-996
-1049
-1090
-1117
-1126
-1117
-1088
-1046
-997
-941
-879
-806
-721
-621
-512
-400
-292
-189
-92
3
96
188
274
350
414
468
511
542
565
579
578
568
549
520
486
447
405
354
299
239
177
115
58
2
-53
-105
-156
-203
-248
-290
-324
-355
-381
-402
-418
-431
-438
-442
-443
-441
-432
-418
-394
-364
-333
-300
-271
-246
-221
-194
-164
-130
-99
-70
-50
-38
-33
-33
-34
-38
-38
-38
-38
-42
-50
-63
-79
-96
-109
-114
-114
-111
-107
-105
-105
-104
-98
-84
-64
-38
-8
20
49
80
113
149
186
223
258
290
320
349
377
404
429
451
469
487
505
524
545
565
583
598
611
624
642
658
676
683
681
669
653
632
611
586
551
502
435
352
261
169
79
-6
-93
-186
-289
-395
-499
-592
-670
-735
-790
-838
-879
-914
-932
-934
-919
-890
-854
-809
-759
-698
-624
-539
-448
-354
-262
-176
-89
-5
81
165
243
312
371
419
458
491
515
531
536
529
514
493
468
441
410
371
324
273
219
167
116
71
28
-17
-60
-103
-144
-177
-206
-229
-248
-263
-274
-281
-282
-282
-279
-277
-274
-267
-258
-243
-224
-204
-183
-166
-152
-142
-131
-119
-105
-91
-76
-66
-61
-59
-61
-63
-69
-73
-81
-86
-91
-96
-101
-105
-111
-116
-120
-120
-118
-110
-99
-86
-73
-60
-47
-29
-11
11
34
58
82
107
133
160
188
215
239
260
279
299
320
342
363
378
388
396
402
411
424
439
456
468
476
481
486
493
503
513
520
522
517
507
492
475
453
422
380
328
267
200
131
61
-12
-89
-173
-260
-346
-428
-503
-570
-627
-680
-726
-767
-797
-816
-823
-819
-804
-780
-748
-707
-657
-597
-529
-458
-385
-310
-237
-164
-90
-16
57
124
184
235
278
313
341
363
378
388
386
375
359
337
312
286
256
223
187
147
105
66
30
-2
-31
-56
-81
-107
-128
-149
-164
-175
-183
-189
-192
-195
-196
-195
-192
-194
-195
-198
-199
-197
-188
-174
-159
-147
-140
-141
-142
-139
-132
-119
-106
-95
-90
-90
-92
-96
-99
-102
-105
-109
-111
-114
-112
-111
-110
-109
-112
-114
-111
-103
-88
-71
-53
-38
-25
-15
-4
12
33
56
80
105
127
149
169
188
207
224
243
261
280
298
316
328
336
338
341
346
352
362
373
381
386
387
385
388
394
403
413
420
423
419
412
403
393
378
359
333
299
259
212
164
112
57
0
-63
-128
-196
-261
-321
-378
-428
-473
-515
-551
-582
-604
-616
-618
-612
-597
-576
-548
-513
-472
-424
-372
-317
-260
-203
-145
-88
-31
23
73
121
164
201
234
259
279
293
301
305
306
303
296
286
269
250
229
203
179
155
129
105
81
55
31
7
-15
-35
-54
-71
-88
-102
-114
-123
-128
-132
-134
-136
-140
-142
-142
-138
-133
-126
-117
-109
-100
-93
-86
-82
-79
-75
-69
-65
-58
-52
-50
-52
-57
-63
-69
-74
-76
-79
-82
-86
-90
-95
-98
-98
-97
-96
-93
-89
-82
-73
-63
-51
-41
-33
-24
-14
0
17
39
60
78
93
106
118
132
149
167
185
202
215
227
235
244
251
258
264
270
275
283
291
299
309
314
320
322
325
330
337
344
351
354
351
342
328
310
289
267
240
208
173
132
87
37
-15
-70
-128
-186
-243
-297
-345
-389
-430
-469
-502
-530
-553
-568
-574
-572
-563
-546
-521
-492
-457
-418
-376
-331
-286
-238
-188
-137
-86
-37
7
47
82
112
138
161
179
193
202
205
205
202
195
185
173
157
137
118
96
76
57
40
22
6
-11
-27
-42
-55
-69
-79
-87
-91
-96
-97
-97
-98
-98
-99
-100
-101
-103
-103
-101
-96
-90
-85
-82
-82
-83
-87
-89
-90
-88
-85
-83
-81
-81
-83
-86
-90
-92
-94
-94
-92
-91
-91
-91
-91
-94
-93
-91
-84
-79
-73
-66
-61
-55
-49
-41
-31
-20
-9
0
11
22
33
44
55
66
80
93
105
119
131
142
153
161
171
183
196
208
218
227
233
238
243
250
259
270
280
291
297
302
305
304
306
308
308
308
305
298
285
269
248
223
194
163
131
97
59
21
-21
-64
-109
-154
-197
-238
-278
-311
-341
-365
-385
-400
-411
-417
-419
-417
-408
-394
-375
-348
-317
-284
-249
-212
-176
-140
-104
-66
-28
9
45
77
105
130
152
171
185
194
199
200
202
200
194
188
178
165
149
133
114
97
81
65
48
35
23
10
-3
-16
-27
-36
-44
-51
-55
-59
-61
-60
-59
-57
-56
-57
-60
-65
-70
-71
-68
-63
-57
-54
-56
-61
-70
-77
-81
-79
-77
-74
-71
-70
-71
-73
-75
-77
-77
-75
-72
-68
-63
-57
-53
-49
-48
-48
-47
-43
-36
-29
-21
-14
-9
-7
-5
-1
4
12
19
26
33
39
46
53
61
69
77
86
94
103
114
124
133
141
150
158
165
171
177
184
189
193
198
200
205
208
210
211
211
210
210
210
210
210
208
203
199
191
182
171
158
141
121
101
78
55
29
-1
-31
-65
-101
-139
-173
-208
-237
-264
-289
-311
-332
-349
-362
-370
-373
-369
-361
-349
-329
-308
-283
-254
-224
-193
-161
-128
-95
-62
-29
3
31
57
78
95
111
123
132
137
140
137
133
128
119
107
96
84
70
56
43
30
17
4
-6
-16
-25
-32
-37
-41
-47
-52
-56
-61
-65
-67
-67
-66
-64
-65
-69
-75
-82
-87
-89
-89
-87
-85
-84
-86
-91
-95
-98
-97
-95
-90
-85
-83
-80
-76
-75
-72
-68
-64
-60
-55
-49
-43
-39
-35
-31
-27
-24
-21
-15
-10
-5
-2
1
3
3
7
11
15
23
28
32
35
38
41
45
50
57
66
74
82
90
95
100
105
110
115
123
130
138
144
149
154
156
159
164
169
172
178
181
184
185
190
193
196
199
199
196
192
186
181
176
172
164
153
138
119
98
76
53
29
6
-18
-43
-68
-94
-120
-144
-169
-193
-214
-229
-241
-247
-249
-249
-248
-246
-241
-233
-221
-204
-183
-159
-134
-109
-85
-63
-41
-20
0
19
40
58
75
91
103
112
117
119
119
118
115
114
111
107
101
93
83
73
61
51
43
34
25
18
10
3
-4
-10
-16
-22
-27
-33
-38
-40
-43
-45
-45
-47
-51
-56
-62
-65
-68
-68
-67
-67
-68
-69
-73
-75
-75
-75
-73
-70
-67
-65
-62
-59
-55
-52
-49
-47
-44
-40
-37
-31
-26
-20
-16
-15
-11
-11
-9
-6
-3
1
3
6
10
12
16
16
18
19
21
24
30
34
39
44
47
52
56
63
70
77
83
86
90
93
98
106
111
117
122
124
124
124
123
122
124
125
127
130
131
130
131
129
126
123
119
117
117
117
118
116
113
106
92
76
60
43
27
14
0
-16
-33
-56
-80
-107
-134
-160
-182
-200
-214
-225
-234
-242
-248
-253
-257
-258
-254
-248
-235
-219
-200
-180
-158
-138
-119
-100
-82
-63
-45
-26
-8
10
25
38
48
55
59
61
60
60
58
55
53
49
43
36
27
18
10
1
-7
-16
-23
-28
-34
-38
-40
-43
-44
-46
-49
-52
-54
-58
-61
-61
-59
-59
-56
-58
-60
-66
-73
-79
-84
-86
-87
-85
-83
-84
-85
-87
-89
-90
-90
-88
-85
-81
-75
-68
-62
-56
-50
-47
-44
-40
-36
-30
-22
-15
-8
-5
-2
1
3
6
12
15
18
20
21
23
25
28
31
35
37
40
42
44
47
48
52
55
61
66
74
79
84
86
86
87
87
92
99
107
114
118
120
119
117
115
115
116
118
123
128
131
135
137
137
132
129
124
122
122
124
124
124
119
110
96
81
64
48
32
18
6
-7
-24
-42
-62
-84
-105
-123
-137
-148
-156
-163
-166
-171
-172
-170
-167
-160
-150
-139
-126
-113
-96
-79
-60
-41
-22
-6
10
23
36
48
59
68
76
82
85
89
89
88
86
80
73
67
59
55
49
44
39
32
26
18
13
10
7
4
2
0
-3
-7
-10
-13
-18
-20
-23
-23
-23
-24
-29
-37
-48
-59
-65
-65
-62
-55
-52
-53
-59
-67
-70
-71
-65
-58
-51
-48
-45
-43
-38
-31
-27
-23
-20
-22
-21
-19
-13
-8
-4
-2
-2
-1
2
7
10
13
9
6
3
5
14
25
33
38
35
30
23
21
23
30
38
44
48
52
54
55
56
55
53
54
55
60
69
79
86
90
89
85
82
79
79
81
82
85
86
87
87
87
85
82
75
70
66
64
66
68
69
68
65
60
54
47
39
27
14
0
-13
-23
-31
-39
-48
-64
-86
-112
-136
-153
-162
-163
-161
-162
-164
-167
-171
-171
-168
-163
-155
-146
-137
-124
-108
-91
-73
-59
-49
-44
-40
-37
-29
-19
-8
2
10
12
10
9
6
4
3
-1
-4
-7
-10
-10
-9
-9
-11
-13
-16
-19
-20
-20
-17
-17
-16
-19
-21
-25
-26
-27
-28
-29
-37
-49
-62
-74
-81
-85
-86
-86
-87
-92
-97
-101
-105
-104
-101
-98
-94
-90
-85
-78
-69
-59
-52
-45
-40
-37
-32
-27
-20
-12
-5
-1
1
4
9
11
14
14
12
9
6
5
6
9
12
16
20
24
28
32
36
40
46
51
60
70
81
94
105
113
119
121
122
123
124
128
130
133
134
133
131
128
122
117
110
103
97
91
86
86
89
95
102
106
108
107
104
101
98
99
101
103
105
103
95
82
62
38
8
-19
-45
-65
-84
-100
-116
-133
-147
-165
-178
-188
-194
-195
-191
-181
-169
-151
-132
-113
-96
-81
-67
-55
-44
-32
-17
-4
9
21
29
33
36
35
30
25
18
12
7
6
3
2
2
-2
-8
-10
-10
-7
-2
7
18
28
39
45
48
50
49
48
48
48
48
44
36
22
1
-24
-48
-66
-79
-85
-87
-90
-97
-104
-111
-117
-119
-119
-115
-109
-100
-91
-79
-66
-56
-47
-40
-39
-36
-33
-25
-15
-5
5
10
14
17
19
21
24
20
15
9
4
2
6
13
23
30
35
38
39
41
46
55
64
77
91
107
121
132
139
141
140
136
134
136
140
147
154
160
163
162
158
152
145
136
125
116
110
106
104
104
105
104
103
100
98
96
97
98
99
98
99
103
105
107
102
89
61
22
-25
-75
-119
-152
-175
-193
-209
-227
-251
-275
-298
-314
-319
-318
-305
-286
-263
-236
-207
-178
-154
-135
-121
-113
-104
-92
-78
-61
-42
-28
-18
-13
-13
-16
-18
-22
-26
-31
-34
-39
-42
-42
-41
-41
-42
-44
-44
-40
-33
-21
-5
11
28
42
54
62
68
74
75
74
69
60
46
25
3
-23
-50
-71
-90
-103
-112
-119
-125
-131
-137
-143
-145
-143
-137
-126
-112
-96
-82
-68
-57
-48
-39
-32
-25
-17
-7
5
16
24
31
31
27
21
15
7
0
-3
-7
-9
-9
-8
-5
1
7
18
32
47
66
88
109
127
143
156
165
173
179
186
192
193
192
192
188
189
190
192
194
196
195
194
191
188
188
185
177
166
152
139
127
120
119
123
128
135
141
147
155
161
169
171
172
169
166
168
171
170
156
121
63
-9
-82
-141
-177
-191
-195
-202
-218
-245
-273
-294
-302
-296
-281
-264
-245
-222
-191
-153
-115
-83
-67
-66
-75
-81
-78
-60
-34
-11
1
1
-7
-15
-21
-26
-32
-43
-59
-73
-77
-72
-58
-41
-30
-29
-34
-41
-40
-30
-9
14
36
54
67
77
83
83
80
68
51
33
17
5
-5
-14
-27
-43
-60
-78
-95
-107
-114
-116
-116
-111
-102
-90
-81
-73
-68
-63
-59
-54
-46
-37
-26
-18
-9
-3
1
3
2
-2
-7
-12
-13
-12
-8
-5
-6
-10
-16
-21
-22
-19
-13
-6
2
10
19
32
47
62
76
89
97
105
113
123
133
140
145
146
145
141
141
140
136
134
128
125
125
128
130
129
122
113
104
100
100
105
106
101
88
71
59
56
62
75
85
88
84
76
70
67
67
66
61
54
47
43
42
37
21
-8
-50
-93
-127
-143
-141
-131
-127
-134
-151
-174
-192
-199
-196
-187
-179
-174
-170
-160
-144
-124
-109
-103
-109
-121
-132
-135
-124
-110
-92
-83
-82
-85
-89
-89
-85
-81
-81
-85
-86
-85
-73
-55
-39
-27
-21
-22
-24
-23
-16
-7
1
4
3
0
-1
1
2
2
-4
-15
-29
-43
-51
-54
-52
-50
-48
-49
-51
-54
-55
-56
-57
-59
-61
-62
-58
-51
-44
-34
-30
-29
-28
-29
-28
-25
-20
-15
-11
-7
-5
-2
-1
-2
-4
-6
-9
-6
-3
0
4
9
12
17
21
26
34
40
49
57
63
70
79
83
89
92
95
98
103
107
111
115
113
111
109
107
109
114
117
118
115
112
106
106
109
112
117
119
117
114
113
112
112
111
107
101
96
90
86
85
85
82
75
65
56
51
49
51
54
54
50
46
40
40
43
43
39
29
19
6
-2
-4
-4
-4
-9
-19
-31
-44
-52
-56
-58
-60
-61
-65
-68
-67
-66
-68
-70
-75
-81
-82
-78
-71
-63
-59
-59
-63
-68
-69
-66
-61
-54
-50
-50
-51
-52
-51
-48
-44
-41
-39
-38
-39
-38
-33
-32
-31
-32
-33
-33
-32
-29
-27
-29
-32
-38
-44
-46
-44
-38
-31
-26
-26
-27
-29
-31
-31
-29
-26
-23
-21
-19
-20
-19
-20
-22
-25
-27
-29
-30
-29
-25
-20
-19
-17
-18
-17
-17
-14
-11
-8
-6
-5
-3
-1
0
4
7
10
9
10
10
9
13
17
23
27
31
33
33
32
31
32
34
36
40
42
46
48
51
52
51
48
48
47
48
51
55
58
60
58
56
52
48
48
47
48
50
48
46
42
38
33
27
22
18
14
9
5
3
-1
-2
-4
-5
-7
-9
-13
-18
-18
-15
-11
-4
1
6
5
0
-8
-16
-19
-22
-20
-15
-11
-7
-8
-11
-16
-24
-32
-38
-41
-38
-31
-22
-14
-9
-11
-16
-24
-33
-39
-41
-37
-29
-23
-17
-16
-19
-23
-31
-38
-44
-45
-44
-43
-40
-40
-43
-46
-51
-56
-59
-62
-64
-66
-66
-64
-61
-59
-54
-51
-50
-50
-51
-50
-46
-43
-38
-33
-29
-27
-26
-23
-20
-18
-17
-15
-14
-12
-7
-3
-1
3
3
2
3
3
6
8
12
15
17
19
21
22
24
25
28
31
33
37
41
43
45
47
48
46
47
46
47
49
51
51
53
54
55
55
54
51
48
45
44
44
45
47
49
49
48
45
43
40
35
33
34
35
37
40
43
42
42
40
38
37
35
37
37
37
37
37
36
35
36
36
35
33
30
26
24
23
25
27
29
30
29
27
24
21
17
17
16
14
16
18
18
18
15
12
9
5
3
2
4
4
6
6
6
5
4
1
0
-4
-5
-5
-5
-5
-4
-5
-6
-8
-12
-15
-17
-20
-21
-21
-22
-24
-25
-28
-30
-33
-36
-37
-37
-38
-38
-37
-39
-39
-40
-40
-40
-39
-37
-36
-33
-32
-31
-30
-29
-29
-30
-31
-31
-31
-30
-28
-27
-26
-25
-25
-26
-28
-28
-26
-25
-23
-18
-16
-13
-12
-11
-10
-11
-13
-12
-11
-10
-8
-5
-4
-4
-6
-8
-8
-9
-9
-8
-6
-6
-6
-6
-5
-5
-6
-7
-8
-10
-12
-12
-12
-9
-8
-9
-8
-9
-10
-13
-14
-15
-13
-12
-10
-8
-6
-7
-6
-6
-6
-7
-8
-7
-6
-5
-3
-1
0
0
-1
-2
-4
-7
-7
-7
-7
-6
-4
-3
-4
-6
-7
-7
-8
-8
-7
-6
-5
-3
-4
-3
-4
-4
-5
-6
-5
-6
-6
-5
-4
-5
-5
-6
-8
-8
-8
-8
-7
-7
-8
-7
-7
-6
-5
-5
-5
-5
-6
-7
-7
-6
-5
-4
-3
-3
-2
-3
-3
-3
-3
-1
-1
0
2
1
2
1
1
0
0
-1
-2
-2
-4
-5
-5
-4
-7
-7
-8
-10
-10
-11
-11
-11
-12
-12
-12
-13
-12
-14
-15
-15
-15
-15
-14
-13
-12
-11
-11
-11
-11
-12
-11
-9
-7
-5
-3
-1
-1
0
1
0
0
1
4
4
5
5
6
6
7
7
6
6
6
7
8
9
11
11
12
12
13
10
10
10
10
13
13
14
14
12
11
9
7
5
6
5
4
5
4
4
4
3
2
2
2
4
4
6
7
9
10
10
12
13
13
13
14
16
17
19
20
21
21
19
18
18
17
18
18
18
18
16
14
13
11
9
8
7
5
5
4
3
2
2
0
0
0
0
0
0
1
1
2
2
2
2
2
2
1
0
0
1
2
1
2
0
-2
-3
-4
-5
-4
-3
-3
-2
-3
-3
-4
-6
-6
-6
-4
-4
-3
-3
-3
-5
-6
-7
-8
-8
-10
-10
-9
-10
-11
-11
-12
-13
-13
-13
-12
-12
-12
-9
-9
-7
-6
-3
0
2
4
8
11
15
19
23
27
30
32
35
37
39
40
42
43
44
43
43
41
39
37
34
32
30
27
25
21
18
15
12
11
8
5
5
5
6
6
7
9
10
12
15
16
20
22
25
28
30
32
34
34
36
36
37
38
38
40
41
41
42
44
47
49
53
57
64
73
81
93
104
117
130
143
155
167
177
185
190
194
195
189
181
166
147
124
97
69
38
5
-26
-55
-85
-109
-130
-147
-158
-163
-163
-157
-143
-127
-106
-82
-57
-33
-10
10
28
43
56
63
66
62
55
42
25
5
-16
-38
-59
-80
-98
-114
-127
-135
-141
-140
-136
-124
-107
-86
-59
-28
5
37
73
108
141
173
202
226
246
260
267
266
258
243
223
196
165
130
92
52
12
-26
-65
-99
-129
-157
-178
-193
-202
-204
-204
-196
-186
-175
-162
-149
-138
-128
-120
-112
-109
-108
-111
-118
-130
-144
-160
-180
-198
-216
-232
-247
-261
-272
-280
-289
-295
-295
-293
-290
-282
-274
-262
-249
-235
-222
-210
-198
-184
-173
-161
-148
-137
-126
-116
-108
-100
-96
-91
-87
-83
-77
-74
-69
-63
-59
-54
-48
-45
-41
-37
-31
-24
-18
-12
-7
-2
0
3
6
8
9
11
12
13
13
13
12
12
9
9
8
5
3
0
-4
-6
-11
-16
-22
-29
-36
-42
-48
-53
-58
-61
-63
-62
-62
-58
-53
-46
-38
-28
-17
-8
3
9
15
20
24
24
24
22
16
8
-1
-12
-25
-38
-50
-61
-72
-81
-88
-94
-98
-102
-105
-106
-105
-105
-102
-99
-95
-91
-87
-84
-82
-80
-79
-78
-76
-76
-75
-75
-74
-75
-77
-78
-81
-85
-88
-93
-98
-103
-109
-116
-123
-129
-137
-143
-148
-154
-157
-159
-159
-157
-154
-149
-142
-135
-124
-113
-101
-89
-76
-64
-52
-42
-33
-26
-19
-14
-12
-10
-9
-11
-13
-17
-19
-22
-26
-29
-30
-30
-30
-30
-28
-28
-26
-26
-25
-24
-25
-26
-28
-33
-38
-45
-54
-64
-76
-88
-99
-110
-121
-130
-139
-147
-153
-156
-159
-160
-158
-154
-150
-142
-134
-126
-115
-107
-100
-94
-87
-84
-82
-80
-79
-80
-82
-85
-89
-94
-96
-98
-100
-98
-93
-85
-74
-62
-46
-27
-8
13
35
59
82
107
128
148
168
182
195
204
210
215
215
215
210
204
196
187
177
166
153
140
127
115
101
89
74
61
48
34
21
10
-1
-10
-18
-24
-29
-33
-35
-34
-32
-30
-24
-18
-10
-2
5
13
20
27
34
39
44
48
52
56
59
62
67
70
74
78
83
88
94
99
105
110
116
119
121
123
124
124
125
127
130
134
141
150
160
173
191
210
231
255
281
308
334
359
383
402
419
430
437
437
433
422
406
383
359
327
295
259
222
185
149
116
82
53
24
2
-19
-38
-52
-63
-72
-78
-82
-84
-86
-86
-85
-85
-84
-84
-83
-82
-83
-83
-86
-91
-97
-103
-112
-124
-137
-150
-167
-183
-202
-222
-243
-264
-287
-307
-325
-344
-359
-371
-380
-385
-386
-385
-379
-370
-356
-339
-319
-296
-270
-242
-215
-187
-159
-132
-106
-82
-60
-39
-20
-3
14
26
39
48
56
63
69
73
80
84
89
92
95
100
102
105
107
111
113
116
121
125
130
137
143
151
159
168
177
186
195
203
210
216
218
218
215
208
199
187
173
156
138
119
99
78
60
43
28
16
10
6
6
10
19
30
43
60
78
97
118
138
157
175
189
203
212
219
219
216
207
193
173
151
121
87
51
9
-34
-77
-120
-163
-202
-238
-270
-293
-310
-322
-326
-322
-313
-299
-278
-253
-226
-196
-165
-134
-104
-76
-50
-26
-6
11
27
40
50
60
69
75
81
86
89
93
95
97
100
100
99
97
95
90
83
75
67
57
48
38
29
19
12
4
-1
-5
-7
-6
-4
1
7
14
22
30
39
46
52
56
57
56
53
46
38
27
15
3
-10
-21
-30
-38
-42
-43
-41
-33
-23
-10
4
20
36
50
63
72
76
76
71
59
41
20
-9
-40
-74
-109
-145
-180
-214
-244
-271
-295
-313
-326
-334
-338
-336
-331
-323
-310
-295
-278
-260
-241
-222
-201
-181
-162
-143
-124
-105
-88
-72
-57
-41
-28
-16
-4
7
17
25
32
39
46
53
58
62
68
74
79
85
89
95
101
105
109
113
116
118
121
122
122
121
121
119
117
114
112
109
108
108
109
112
115
120
127
136
146
156
166
178
190
198
209
217
223
227
229
228
225
218
209
199
187
173
156
139
121
101
80
60
42
21
1
-18
-36
-54
-71
-88
-105
-120
-133
-146
-160
-171
-182
-193
-203
-211
-220
-228
-235
-241
-247
-251
-255
-256
-253
-251
-245
-236
-224
-209
-192
-170
-146
-121
-94
-65
-36
-8
20
46
72
95
115
132
147
159
167
173
176
177
176
174
170
166
161
156
150
146
141
137
132
128
125
121
118
113
107
101
93
84
75
64
50
37
21
5
-11
-28
-45
-64
-79
-95
-110
-122
-135
-146
-154
-161
-166
-172
-175
-178
-179
-180
-180
-180
-178
-178
-177
-176
-175
-173
-172
-169
-168
-164
-160
-155
-151
-143
-135
-128
-119
-109
-98
-86
-76
-64
-51
-40
-30
-18
-10
0
9
17
25
33
40
48
55
64
74
82
92
102
114
125
137
148
161
171
181
191
199
207
212
217
221
225
226
226
226
223
221
216
211
205
197
187
177
166
153
139
123
107
91
77
61
49
37
26
19
14
11
12
16
22
31
40
50
63
73
84
94
103
108
112
113
114
113
112
109
105
102
103
101
102
105
110
114
120
125
130
133
132
129
121
107
89
64
35
1
-39
-81
-125
-170
-213
-253
-290
-321
-344
-363
-371
-374
-368
-354
-336
-311
-285
-257
-228
-200
-175
-152
-133
-119
-105
-98
-91
-88
-86
-83
-80
-75
-68
-59
-48
-33
-17
0
18
35
51
65
77
84
86
86
81
71
57
41
22
1
-18
-39
-60
-77
-93
-106
-116
-124
-127
-128
-126
-122
-116
-110
-102
-93
-86
-78
-70
-64
-56
-50
-44
-39
-33
-28
-22
-18
-11
-4
1
6
12
18
24
31
33
39
43
47
50
53
56
60
63
64
67
69
71
73
75
76
76
77
76
75
73
70
68
65
60
55
50
45
38
32
28
23
19
16
14
10
8
8
7
5
5
5
4
3
1
-1
-4
-7
-11
-14
-18
-21
-25
-28
-32
-35
-38
-41
-44
-46
-48
-51
-53
-56
-59
-61
-65
-68
-71
-72
-75
-78
-79
-80
-80
-80
-78
-76
-73
-69
-65
-60
-55
-48
-42
-35
-29
-22
-15
-6
2
10
18
26
35
43
52
61
69
77
83
89
94
100
102
105
107
107
108
108
107
105
103
101
99
98
95
93
90
88
85
82
80
75
72
68
65
61
57
53
49
46
44
39
37
34
32
29
26
24
21
18
15
10
5
0
-5
-12
-18
-25
-34
-41
-48
-55
-62
-69
-76
-81
-87
-92
-95
-99
-100
-100
-101
-101
-99
-96
-91
-87
-81
-74
-67
-59
-51
-41
-31
-21
-11
0
10
20
31
40
50
59
68
77
84
90
98
104
109
111
115
117
117
117
114
111
106
99
91
83
73
63
52
39
27
13
0
-12
-23
-36
-48
-60
-70
-79
-88
-95
-101
-106
-111
-115
-116
-118
-118
-117
-116
-114
-109
-106
-102
-99
-95
-90
-85
-81
-77
-73
-70
-66
-63
-59
-57
-54
-51
-49
-47
-46
-44
-43
-43
-42
-41
-42
-42
-42
-42
-42
-43
-44
-44
-44
-45
-44
-44
-42
-41
-40
-37
-33
-32
-28
-23
-20
-16
-12
-9
-5
-1
3
6
10
13
15
18
19
21
23
22
22
21
20
19
16
14
11
9
5
3
-1
-4
-8
-11
-14
-16
-18
-20
-21
-21
-20
-19
-18
-16
-14
-10
-5
-1
5
10
17
24
30
38
45
53
61
68
76
85
92
99
106
113
119
126
131
136
140
143
145
147
148
147
146
144
141
137
131
126
119
113
105
97
89
81
73
64
57
47
41
33
25
17
9
1
-7
-16
-23
-32
-40
-48
-56
-62
-69
-76
-81
-86
-90
-93
-95
-94
-94
-93
-91
-88
-84
-78
-72
-67
-60
-52
-45
-38
-30
-22
-14
-6
2
8
17
24
30
38
44
49
54
59
63
67
69
70
72
71
71
71
70
68
66
62
59
56
53
49
47
45
41
39
36
35
33
32
30
28
26
24
22
21
16
13
9
5
0
-5
-10
-16
-23
-28
-35
-40
-46
-52
-56
-60
-63
-66
-67
-69
-69
-70
-70
-70
-67
-65
-64
-61
-58
-55
-51
-47
-43
-39
-35
-30
-26
-23
-19
-14
-11
-7
-5
0
3
5
8
9
11
11
12
12
12
11
8
7
4
1
-3
-6
-10
-14
-18
-23
-26
-30
-34
-37
-41
-44
-47
-48
-50
-52
-52
-53
-54
-54
-55
-55
-55
-57
-56
-56
-55
-55
-56
-54
-54
-54
-53
-51
-50
-49
-48
-46
-44
-43
-40
-38
-35
-34
-31
-28
-26
-24
-20
-18
-14
-11
-8
-6
-2
1
4
6
8
11
13
15
16
16
18
17
15
14
13
11
9
6
3
0
-3
-6
-9
-13
-17
-20
-22
-24
-27
-29
-32
-33
-34
-37
-38
-39
-41
-43
-45
-47
-49
-51
-53
-56
-57
-58
-58
-59
-59
-57
-55
-51
-47
-42
-36
-29
-19
-10
0
10
20
32
44
54
66
78
88
100
110
119
128
135
143
149
156
160
164
168
170
172
171
171
169
167
164
159
154
150
143
136
131
123
117
109
102
96
88
81
74
68
62
55
50
44
40
36
33
30
26
24
21
20
18
16
16
15
15
15
15
14
14
15
17
17
18
20
22
23
25
27
27
30
32
33
33
35
34
34
34
34
33
31
28
25
22
19
15
11
8
2
-2
-7
-11
-16
-21
-25
-30
-34
-40
-44
-49
-52
-56
-59
-62
-66
-69
-72
-74
-77
-77
-78
-79
-79
-79
-80
-79
-75
-74
-72
-69
-66
-64
-60
-56
-53
-50
-46
-43
-39
-36
-33
-31
-28
-27
-25
-22
-20
-20
-17
-16
-14
-12
-11
-10
-8
-7
-6
-4
-3
-2
-1
0
0
0
1
1
0
-1
-2
-3
-3
-4
-6
-7
-8
-9
-10
-11
-13
-14
-15
-16
-18
-19
-20
-21
-22
-22
-24
-26
-26
-26
-28
-29
-30
-31
-32
-33
-33
-34
-37
-38
-39
-41
-42
-44
-46
-47
-48
-50
-52
-53
-56
-58
-60
-63
-64
-66
-69
-73
-75
-78
-81
-85
-89
-92
-97
-101
-104
-109
-112
-115
-119
-123
-125
-129
-131
-133
-135
-136
-138
-138
-138
-137
-137
-134
-133
-128
-125
-120
-115
-109
-102
-95
-87
-79
-72
-63
-53
-43
-34
-24
-15
-6
3
13
21
30
38
46
53
61
67
72
78
82
86
89
92
94
96
98
99
99
98
99
99
97
96
95
93
92
90
88
86
84
82
80
77
76
73
70
67
63
61
59
56
55
53
50
49
47
46
45
44
43
43
42
42
44
45
45
47
50
52
55
59
62
65
70
72
76
80
82
85
88
89
90
90
89
90
88
85
83
79
74
70
65
60
54
48
43
36
30
25
18
13
8
4
0
-5
-8
-10
-13
-15
-16
-16
-16
-17
-15
-15
-14
-13
-11
-9
-8
-6
-4
-2
0
1
4
5
6
8
9
10
10
11
10
11
9
9
8
6
6
3
1
-1
-2
-3
-7
-10
-11
-13
-16
-18
-19
-22
-23
-25
-26
-28
-28
-30
-30
-30
-30
-29
-30
-29
-27
-26
-24
-24
-23
-21
-21
-20
-18
-16
-16
-14
-13
-12
-11
-10
-7
-7
-5
-5
-4
-3
-1
0
1
2
3
4
4
5
7
6
8
9
8
8
9
9
9
10
9
9
8
7
6
5
4
3
1
0
-2
-3
-5
-6
-8
-10
-11
-13
-15
-17
-19
-21
-23
-25
-27
-30
-31
-32
-35
-37
-39
-41
-43
-45
-46
-48
-48
-50
-52
-53
-54
-56
-57
-59
-60
-61
-63
-64
-65
-66
-68
-69
-69
-71
-71
-72
-73
-75
-75
-75
-76
-76
-75
-74
-74
-74
-71
-70
-69
-66
-65
-62
-59
-57
-53
-51
-46
-43
-39
-35
-30
-26
-22
-18
-14
-9
-5
-1
3
9
12
17
22
24
29
32
36
38
42
44
47
48
50
51
52
55
54
54
55
55
55
55
54
53
53
51
50
49
47
46
45
42
40
38
37
34
33
29
27
25
23
20
18
15
13
10
8
7
5
3
1
0
0
-2
-4
-4
-5
-5
-5
-5
-5
-5
-5
-5
-5
-4
-3
-3
-1
0
1
2
3
5
7
9
10
12
14
17
18
20
23
25
28
31
33
34
37
39
41
43
45
46
48
48
50
50
51
52
51
52
51
50
49
48
46
45
44
42
40
39
38
35
34
32
31
28
27
25
24
22
21
20
19
18
18
16
16
16
16
16
15
16
15
16
15
17
16
18
19
19
20
22
22
24
24
26
27
28
29
29
30
31
33
32
34
33
35
35
35
36
36
36
37
35
36
36
36
35
34
34
33
32
31
30
28
26
25
23
23
21
20
18
16
14
11
11
9
7
5
3
2
-1
-2
-4
-5
-6
-9
-10
-10
-12
-14
-14
-16
-17
-18
-20
-20
-21
-23
-23
-24
-24
-25
-26
-27
-27
-27
-28
-30
-29
-30
-31
-31
-32
-33
-33
-32
-33
-35
-35
-35
-35
-35
-36
-37
-38
-38
-39
-40
-39
-40
-40
-41
-41
-41
-41
-43
-42
-42
-43
-43
-43
-42
-43
-42
-42
-42
-41
-42
-41
-40
-39
-38
-38
-37
-36
-36
-35
-34
-32
-31
-29
-29
-29
-27
-25
-25
-24
-23
-23
-20
-19
-19
-18
-16
-15
-13
-13
-12
-11
-10
-9
-7
-7
-6
-4
-4
-3
-2
-2
-1
-1
-1
-1
0
1
1
2
0
1
0
1
1
0
1
1
1
1
1
0
0
0
0
-1
1
0
1
1
1
0
1
1
1
2
2
3
3
3
3
3
2
4
3
3
3
2
3
2
3
2
3
2
2
1
1
0
1
1
1
0
-1
0
0
-2
-2
-2
-2
-3
-3
-4
-4
-4
-6
-5
-5
-6
-6
-7
-6
-8
-8
-8
-8
-8
-8
-9
-9
-7
-9
-8
-8
-8
-8
-9
-8
-7
-8
-7
-7
-7
-6
-6
-5
-5
-6
-6
-5
-5
-4
-4
-3
-3
-2
-3
-2
-2
-3
-2
-1
-2
-1
-1
-1
-2
-1
0
0
-1
0
0
0
1
0
0
0
1
1
1
2
2
2
2
4
4
3
3
4
5
5
5
6
6
6
6
6
7
6
7
7
7
7
7
8
7
7
7
6
7
6
6
7
6
7
6
7
7
7
6
7
6
7
7
8
7
7
8
8
8
8
8
8
8
8
9
8
8
8
9
9
9
9
9
9
7
8
8
8
8
8
8
7
7
7
7
7
8
7
7
8
7
6
6
7
7
7
6
6
6
6
6
6
6
6
6
5
6
4
5
5
4
4
3
3
4
4
3
2
2
1
2
1
1
1
-1
0
0
-1
-1
-2
-2
-2
-3
-3
-4
-4
-3
-5
-5
-4
-5
-6
-5
-6
-7
-6
-6
-6
-7
-6
-7
-8
-8
-7
-8
-8
-8
-8
-7
-8
-8
-8
-9
-9
-8
-9
-9
-9
-9
-9
-9
-9
-8
-8
-8
-7
-8
-8
-7
-8
-8
-7
-7
-7
-7
-6
-7
-6
-6
-6
-6
-6
-5
-5
-4
-4
-4
-3
-4
-4
-3
-3
-3
-2
-3
-2
-3
-2
-2
-1
0
-1
-1
-1
-1
0
0
-1
1
1
1
2
1
2
3
3
4
4
4
4
5
5
5
6
6
6
7
7
7
8
8
8
9
9
10
9
8
8
9
9
9
8
9
8
9
8
8
7
7
7
8
7
6
6
5
5
4
4
3
2
1
1
2
1
0
-1
-1
-2
-2
-3
-3
-4
-5
-6
-5
-5
-6
-6
-6
-7
-8
-7
-7
-8
-8
-9
-8
-8
-7
-8
-7
-7
-7
-7
-6
-6
-5
-5
-4
-5
-4
-3
-3
-2
-1
-1
0
0
1
1
1
3
3
4
4
4
5
5
6
7
7
8
8
8
8
9
10
9
8
9
8
10
10
9
9
9
9
8
8
9
9
8
8
8
8
7
7
7
7
7
6
7
6
6
6
6
6
6
6
6
5
5
5
5
5
5
5
5
4
5
5
5
5
5
4
4
4
4
5
4
4
3
4
3
3
2
2
2
1
1
2
0
0
0
0
-1
-2
-2
-2
-4
-4
-4
-5
-6
-6
-7
-7
-8
-8
-9
-9
-10
-9
-10
-9
-10
-10
-10
-12
-11
-11
-11
-10
-10
-11
-9
-9
-11
-10
-8
-8
-8
-7
-6
-6
-6
-5
-4
-4
-4
-3
-3
-2
-2
-1
-1
-1
0
0
0
1
0
1
0
0
1
0
0
-1
-1
-1
-2
-3
-3
-3
-3
-5
-4
-5
-5
-5
-6
-6
-6
-7
-7
-7
-7
-7
-8
-8
-8
-8
-7
-7
-7
-6
-7
-7
-6
-6
-6
-6
-5
-5
-4
-4
-3
-3
-3
-3
-2
-3
-2
-2
-1
-1
-1
0
0
-1
0
0
0
1
1
1
0
1
0
1
1
1
0
0
0
1
1
0
0
0
0
0
0
0
0
-1
-1
0
-1
-1
0
-1
-1
-1
-1
-2
-2
-1
-2
-2
-3
-3
-2
-3
-3
-3
-4
-3
-4
-3
-4
-5
-4
-4
-4
-3
-4
-4
-3
-3
-2
-2
-1
0
0
1
2
3
4
5
7
9
10
11
13
14
16
18
19
20
21
23
24
25
26
26
28
28
28
28
27
28
28
27
27
24
24
23
21
19
19
16
14
12
10
7
5
3
-1
-3
-5
-7
-10
-12
-15
-17
-19
-22
-23
-24
-25
-26
-27
-27
-27
-27
-28
-27
-26
-25
-23
-22
-21
-16
-16
-14
-11
-8
-5
-2
0
4
6
8
11
14
16
18
20
21
23
24
24
25
24
24
22
22
21
17
14
11
8
3
0
-4
-9
-13
-19
-24
-29
-34
-41
-46
-51
-56
-61
-63
-67
-70
-72
-74
-75
-75
-75
-73
-71
-67
-64
-58
-53
-47
-39
-32
-25
-16
-7
2
12
22
30
39
49
57
66
72
80
85
92
96
100
102
104
105
105
104
102
98
95
90
86
78
72
67
58
50
43
34
26
18
11
2
-5
-12
-19
-26
-32
-39
-42
-47
-50
-55
-57
-59
-59
-61
-61
-61
-59
-57
-55
-53
-50
-47
-43
-39
-35
-30
-26
-22
-16
-13
-8
-4
0
4
6
10
12
14
16
17
19
19
19
17
16
16
14
12
9
5
4
0
-2
-6
-9
-12
-16
-18
-22
-24
-25
-29
-30
-31
-33
-32
-32
-32
-31
-30
-29
-28
-27
-25
-23
-21
-18
-16
-14
-12
-11
-9
-8
-7
-7
-5
-5
-5
-5
-5
-5
-5
-7
-8
-10
-11
-12
-14
-16
-17
-20
-23
-25
-27
-29
-31
-33
-35
-37
-39
-41
-43
-44
-46
-48
-48
-50
-50
-50
-49
-48
-47
-45
-43
-39
-37
-32
-27
-22
-16
-9
-4
4
12
19
29
36
44
52
59
67
74
81
87
92
96
101
104
104
105
106
105
103
101
98
94
89
84
78
72
64
58
50
43
36
29
22
15
8
2
-3
-9
-14
-18
-22
-26
-30
-32
-36
-38
-40
-41
-42
-44
-46
-47
-47
-48
-49
-49
-49
-48
-50
-49
-49
-49
-48
-48
-46
-46
-45
-44
-42
-40
-37
-36
-33
-31
-27
-24
-21
-19
-15
-12
-9
-5
-1
2
6
9
12
15
17
18
22
24
26
28
29
31
34
35
36
37
37
38
38
38
39
39
39
39
39
38
37
37
36
35
33
32
31
30
28
26
23
22
21
18
16
14
12
10
7
5
3
2
1
0
-2
-2
-4
-6
-5
-5
-6
-6
-6
-6
-6
-6
-6
-6
-7
-7
-7
-7
-8
-10
-11
-13
-14
-16
-17
-19
-21
-24
-26
-28
-30
-33
-36
-37
-39
-40
-42
-43
-44
-44
-44
-43
-42
-40
-40
-38
-35
-33
-31
-28
-24
-22
-19
-15
-12
-8
-5
-2
1
5
8
11
14
16
19
22
24
26
28
30
32
33
34
35
36
36
37
37
37
37
37
36
35
35
33
32
31
29
27
26
24
22
21
19
17
16
14
12
11
9
9
7
6
4
3
2
1
0
0
0
-2
-3
-4
-6
-8
-8
-10
-11
-12
-14
-16
-16
-19
-20
-21
-21
-22
-23
-24
-25
-25
-26
-25
-24
-22
-21
-20
-17
-16
-14
-11
-8
-6
-4
-1
0
2
5
7
8
10
12
13
14
15
14
15
15
14
13
11
10
10
7
6
5
3
1
-1
-1
-4
-7
-8
-9
-12
-13
-16
-16
-17
-19
-20
-22
-23
-24
-24
-26
-27
-27
-29
-29
-30
-30
-31
-31
-31
-32
-31
-31
-31
-31
-30
-29
-29
-28
-28
-26
-25
-25
-24
-22
-21
-19
-18
-17
-15
-15
-13
-12
-10
-9
-7
-7
-5
-4
-3
-2
-1
0
1
2
4
4
6
7
9
10
11
11
13
14
15
16
16
18
19
20
20
21
21
21
21
22
22
22
22
21
21
21
21
20
20
20
18
17
17
16
15
16
15
14
13
13
12
12
11
12
12
11
10
11
10
10
10
10
10
10
9
10
10
10
10
11
11
12
12
12
12
13
13
14
14
14
15
16
17
18
18
19
20
20
22
23
24
24
26
26
26
27
28
28
29
30
30
30
30
31
31
31
30
30
31
30
29
28
28
27
27
24
24
23
21
20
17
17
15
12
10
7
5
4
1
0
-2
-5
-7
-9
-11
-14
-16
-18
-20
-21
-23
-25
-25
-27
-28
-29
-30
-30
-30
-31
-30
-31
-30
-30
-29
-28
-27
-27
-26
-25
-24
-23
-23
-22
-21
-19
-20
-18
-18
-17
-17
-16
-17
-16
-16
-16
-16
-16
-16
-18
-17
-19
-19
-20
-21
-22
-22
-24
-25
-26
-27
-28
-30
-31
-32
-33
-34
-36
-36
-38
-39
-40
-40
-40
-40
-40
-40
-40
-38
-38
-37
-37
-36
-34
-32
-32
-29
-28
-25
-23
-20
-18
-15
-12
-10
-7
-5
-2
1
3
6
8
11
12
14
16
17
20
21
22
24
24
26
26
26
26
26
26
26
27
26
26
25
25
23
23
23
21
19
19
0
0
0
0
0
0
0
0
0
0
0
0
0
0
0
0
0
0
0
0
0
0
0
0
0
0
0
0
0
0
0
0
0
0
0
0
0
0
0
0
0
0
0
0
0
0
0
0
0
0
0
0
0
0
0
0
0
0
0
0
0
0
0
0
0
0
0
0
0
0
0
0
0
0
0
0
0
0
0
0
0
0
0
0
0
0
0
0
0
0
0
0
0
0
0
0
0
0
0
0
0
0
0
0
0
0
0
0
0
0
0
0
0
0
0
0
0
0
0
0
0
0
0
0
0
0
0
0
0
0
0
0
0
0
0
0
0
0
0
0
0
0
0
0
0
0
0
0
0
0
0
0
0
0
0
0
0
0
0
0
0
0
0
0
0
0
0
0
0
0
0
0
0
0
0
0
0
0
0
0
0
0
0
0
0
0
0
0
0
0
0
0
0
0
0
0
0
0
