0
0
0
0
0
0
0
0
0
0
0
0
0
0
0
0
0
0
0
0
0
0
0
0
0
0
0
0
0
0
0
0
0
0
0
0
0
0
0
0
0
0
0
0
0
0
0
0
0
0
0
0
0
0
0
0
0
0
0
0
0
0
0
0
0
0
0
0
0
0
0
0
0
0
0
0
0
0
0
0
0
0
0
0
0
0
0
0
0
0
0
0
0
0
0
0
0
0
0
0
0
0
0
0
0
0
0
0
0
0
0
0
0
0
0
0
0
0
0
0
0
0
0
0
0
0
0
0
0
0
0
0
0
0
0
0
0
0
0
0
0
0
0
0
0
0
0
0
0
0
0
0
0
0
0
0
0
0
0
0
0
0
0
0
0
0
0
0
0
0
0
0
0
0
0
0
0
0
0
0
0
0
0
0
0
0
0
0
0
0
0
0
0
0
0
0
0
0
60
63
71
81
89
96
98
101
111
133
163
188
199
204
216
230
234
245
279
325
350
346
297
184
49
0
65
146
142
34
-150
-356
-471
-410
-261
-209
-303
-450
-574
-642
-599
-437
-286
-264
-324
-366
-381
-364
-259
-76
63
87
53
26
19
76
226
393
448
383
288
230
241
335
454
488
396
249
130
74
95
166
198
126
-14
-154
-251
-273
-211
-137
-140
-227
-337
-422
-449
-375
-231
-133
-138
-196
-258
-309
-291
-155
21
95
54
-27
-103
-139
-68
95
202
136
-29
-151
-171
-106
8
88
33
-136
-269
-266
-169
-75
-36
-75
-177
-279
-298
-214
-97
-24
-20
-74
-153
-205
-168
-43
100
175
156
87
34
57
166
316
403
368
255
161
163
254
370
437
418
337
277
320
453
588
674
735
784
782
756
814
985
1167
1286
1309
1119
656
199
135
431
674
603
225
-412
-1109
-1392
-1049
-565
-532
-931
-1397
-1781
-1975
-1735
-1142
-748
-845
-1100
-1207
-1237
-1163
-760
-161
156
79
-63
-94
-58
169
681
1140
1152
836
585
537
657
951
1267
1274
902
467
243
230
345
505
523
262
-142
-447
-563
-507
-336
-203
-279
-537
-796
-924
-868
-620
-317
-206
-342
-532
-600
-519
-272
88
341
317
143
64
141
316
573
819
853
651
432
375
438
540
627
574
288
-92
-310
-308
-219
-167
-226
-449
-772
-988
-960
-781
-635
-622
-744
-939
-1071
-1009
-767
-502
-360
-376
-475
-536
-451
-206
91
293
331
256
187
221
377
577
702
679
532
368
293
337
446
512
450
270
69
-49
-43
50
131
111
-10
-139
-175
-95
55
208
300
319
317
359
489
714
973
1121
1096
1028
1071
1235
1460
1665
1623
1137
462
153
377
720
803
564
-36
-897
-1473
-1293
-725
-545
-883
-1341
-1774
-2166
-2162
-1602
-1043
-1017
-1269
-1378
-1438
-1507
-1215
-508
19
18
-155
-195
-177
-11
538
1187
1343
1003
686
640
773
1076
1476
1603
1252
748
479
458
556
718
781
542
74
-330
-507
-484
-323
-176
-259
-589
-944
-1120
-1057
-792
-470
-355
-539
-797
-874
-726
-422
-36
241
226
16
-91
30
293
606
873
924
692
379
244
332
528
700
692
402
-37
-330
-337
-172
-32
-74
-356
-775
-1069
-1065
-848
-647
-611
-761
-1011
-1179
-1108
-824
-515
-345
-345
-452
-533
-447
-164
187
424
465
370
266
283
471
736
906
874
691
497
419
496
653
746
685
514
355
296
351
486
623
672
615
540
574
753
979
1128
1166
1143
1123
1176
1343
1483
1300
744
206
87
296
464
404
57
-628
-1380
-1621
-1224
-817
-916
-1309
-1650
-1957
-2149
-1901
-1316
-1002
-1141
-1287
-1242
-1250
-1221
-783
-118
183
68
-19
40
114
372
933
1356
1220
815
645
728
892
1151
1389
1277
810
407
312
379
472
557
486
138
-305
-552
-559
-440
-299
-265
-460
-790
-1008
-985
-774
-485
-281
-319
-543
-697
-621
-372
-47
249
350
196
12
53
289
560
791
910
803
543
405
511
699
809
797
588
163
-260
-403
-282
-141
-150
-348
-722
-1129
-1301
-1146
-886
-791
-907
-1122
-1311
-1335
-1124
-793
-573
-554
-631
-669
-587
-359
-37
225
310
254
195
237
407
646
830
846
709
541
456
490
596
671
624
451
257
140
132
216
323
353
260
131
116
278
538
765
863
857
854
927
1074
1280
1507
1662
1709
1698
1585
1195
611
291
472
788
769
372
-275
-1087
-1678
-1547
-914
-664
-1147
-1819
-2212
-2390
-2313
-1784
-1179
-1151
-1584
-1772
-1577
-1374
-1112
-533
4
-7
-295
-263
64
385
785
1292
1445
1046
658
767
1147
1434
1600
1580
1187
629
397
566
755
742
576
257
-194
-539
-577
-434
-347
-396
-591
-908
-1176
-1186
-960
-692
-534
-559
-748
-917
-834
-496
-125
114
193
106
-51
-41
242
606
813
835
735
539
385
466
730
880
770
511
225
-36
-155
-65
54
-43
-347
-671
-898
-1009
-988
-888
-867
-1000
-1186
-1280
-1241
-1102
-919
-764
-700
-700
-672
-550
-336
-89
106
191
198
223
328
511
710
843
851
760
679
683
763
847
878
819
679
544
520
598
674
682
641
601
609
695
845
1005
1116
1146
1108
1092
1195
1405
1615
1740
1658
1206
486
-11
84
498
679
405
-243
-1123
-1851
-1877
-1239
-757
-1018
-1682
-2189
-2443
-2416
-1914
-1184
-916
-1264
-1602
-1547
-1334
-1040
-444
209
326
-34
-209
36
417
847
1359
1595
1233
685
594
951
1320
1517
1510
1159
553
159
240
521
636
510
179
-304
-720
-803
-585
-353
-315
-510
-880
-1219
-1266
-974
-566
-307
-315
-548
-794
-783
-439
22
339
415
276
53
-16
219
607
861
872
715
475
275
289
524
723
656
370
40
-227
-369
-342
-252
-311
-579
-909
-1144
-1233
-1184
-1059
-975
-1024
-1158
-1258
-1239
-1081
-826
-588
-477
-488
-509
-436
-233
56
322
436
393
333
388
563
768
914
937
840
720
693
764
835
836
783
701
606
542
568
679
815
899
899
863
899
1051
1235
1368
1469
1553
1609
1671
1748
1608
1043
353
104
364
628
515
43
-718
-1588
-2024
-1655
-1022
-992
-1595
-2179
-2468
-2573
-2350
-1697
-1151
-1237
-1610
-1651
-1417
-1209
-827
-131
352
213
-94
1
380
757
1199
1609
1547
1013
667
892
1317
1537
1540
1331
847
323
169
375
547
466
192
-199
-634
-908
-880
-677
-544
-613
-869
-1188
-1356
-1221
-875
-547
-406
-486
-675
-747
-527
-102
277
459
449
311
180
244
546
871
992
897
674
416
272
372
605
671
435
53
-271
-437
-421
-301
-280
-502
-862
-1137
-1215
-1140
-1021
-968
-1038
-1178
-1267
-1227
-1060
-825
-609
-496
-483
-480
-388
-181
96
356
489
467
402
443
618
824
947
948
844
720
693
789
894
897
811
715
648
622
659
768
896
977
975
937
968
1120
1312
1456
1557
1646
1700
1745
1832
1779
1291
525
94
274
609
587
159
-568
-1483
-2123
-1937
-1227
-977
-1515
-2203
-2540
-2646
-2518
-1936
-1246
-1129
-1512
-1668
-1417
-1147
-838
-194
451
495
136
83
451
867
1267
1687
1769
1292
781
833
1273
1577
1589
1381
925
352
59
198
431
409
125
-280
-710
-1018
-1053
-856
-659
-662
-906
-1246
-1428
-1303
-951
-590
-385
-406
-589
-696
-483
-18
393
579
599
521
394
389
636
975
1125
1023
791
516
283
245
412
530
365
-24
-416
-669
-743
-666
-584
-690
-1004
-1327
-1467
-1398
-1226
-1073
-1034
-1122
-1244
-1253
-1069
-748
-431
-252
-233
-270
-228
-36
279
597
761
717
587
556
683
880
1030
1055
938
754
637
658
746
796
770
679
548
451
493
700
938
1042
1017
1003
1078
1208
1372
1594
1818
1941
1993
2044
1885
1249
409
57
389
806
732
154
-752
-1792
-2417
-2087
-1238
-999
-1686
-2523
-2904
-2955
-2726
-2031
-1271
-1190
-1681
-1891
-1572
-1183
-791
-101
573
586
136
39
485
1024
1471
1863
1892
1346
754
792
1323
1720
1710
1385
831
224
-77
63
336
360
49
-460
-972
-1271
-1252
-1015
-786
-775
-1046
-1440
-1631
-1429
-972
-542
-320
-363
-585
-694
-428
124
601
805
798
669
512
525
807
1142
1239
1086
831
534
265
193
344
443
246
-174
-590
-868
-965
-902
-837
-971
-1311
-1634
-1733
-1590
-1337
-1150
-1136
-1247
-1317
-1212
-918
-536
-219
-76
-87
-102
7
249
547
804
927
883
769
741
862
1038
1157
1162
1040
838
676
678
814
907
840
665
530
548
731
985
1191
1300
1330
1306
1302
1449
1771
2126
2396
2521
2255
1364
242
-217
298
1031
1126
451
-730
-2064
-2866
-2461
-1299
-763
-1449
-2546
-3180
-3312
-3022
-2163
-1158
-903
-1479
-1949
-1773
-1292
-708
157
984
1044
426
72
456
1186
1851
2314
2291
1598
777
624
1180
1777
1893
1502
781
3
-446
-358
37
263
22
-609
-1294
-1677
-1627
-1276
-874
-708
-958
-1474
-1785
-1562
-949
-337
19
24
-270
-544
-377
263
945
1290
1278
1034
706
571
860
1386
1673
1467
911
292
-119
-108
247
496
222
-494
-1191
-1501
-1388
-1081
-907
-1091
-1573
-2027
-2120
-1794
-1293
-953
-938
-1133
-1295
-1229
-877
-339
137
311
180
2
30
310
727
1111
1264
1095
770
612
763
1056
1246
1218
982
634
385
422
673
852
775
541
371
396
610
932
1252
1457
1474
1364
1334
1553
1962
2400
2768
2834
2173
821
-295
-237
718
1401
1114
8
-1522
-2906
-3230
-2189
-943
-934
-2081
-3186
-3641
-3603
-3011
-1842
-898
-1017
-1776
-2113
-1786
-1195
-371
703
1366
1036
255
50
654
1554
2311
2645
2273
1324
556
613
1301
1902
1912
1297
348
-484
-821
-596
-122
103
-253
-1064
-1818
-2097
-1884
-1396
-895
-712
-1078
-1715
-1968
-1531
-725
-30
310
216
-189
-451
-134
637
1336
1627
1526
1164
758
644
987
1518
1786
1566
931
141
-413
-438
-74
169
-109
-834
-1595
-2004
-1927
-1554
-1273
-1368
-1777
-2155
-2176
-1791
-1240
-851
-759
-859
-950
-876
-559
-48
431
631
539
369
329
504
870
1276
1467
1305
952
708
737
958
1166
1171
919
551
309
330
525
684
704
633
578
616
807
1164
1562
1789
1803
1764
1832
2075
2534
3040
3001
1950
406
-395
68
1002
1337
739
-586
-2218
-3319
-3061
-1812
-1042
-1557
-2660
-3417
-3702
-3556
-2739
-1521
-868
-1186
-1758
-1869
-1550
-927
118
1261
1674
1122
403
351
1019
1954
2687
2819
2201
1228
629
785
1413
1895
1759
999
31
-678
-919
-736
-346
-161
-536
-1354
-2065
-2271
-2003
-1463
-916
-741
-1138
-1729
-1863
-1335
-488
240
582
452
61
-120
220
946
1653
2007
1874
1389
927
838
1144
1583
1814
1556
787
-120
-636
-578
-276
-181
-509
-1190
-1939
-2376
-2291
-1882
-1572
-1593
-1848
-2087
-2095
-1791
-1270
-771
-496
-471
-566
-573
-324
175
690
965
941
752
602
671
1008
1432
1641
1490
1121
803
713
840
1026
1079
905
581
282
158
244
463
688
808
806
808
962
1285
1639
1924
2121
2221
2307
2586
2988
2897
1842
418
-182
359
1136
1211
440
-905
-2424
-3341
-2969
-1800
-1248
-1924
-3015
-3617
-3694
-3411
-2638
-1605
-1075
-1333
-1761
-1768
-1386
-739
234
1256
1678
1295
692
572
1122
2022
2743
2827
2213
1343
789
822
1283
1692
1560
799
-161
-818
-1039
-952
-703
-533
-774
-1464
-2173
-2437
-2190
-1658
-1123
-873
-1084
-1544
-1750
-1394
-609
209
681
652
322
118
327
893
1559
2024
2037
1585
1040
832
1027
1321
1375
1032
348
-390
-815
-805
-621
-648
-1054
-1702
-2279
-2503
-2303
-1886
-1565
-1533
-1754
-2003
-1998
-1611
-988
-442
-193
-223
-366
-405
-160
367
925
1206
1126
878
729
832
1152
1493
1626
1464
1118
794
661
753
940
1020
884
602
343
277
472
823
1135
1294
1341
1358
1435
1660
2016
2361
2642
2914
2945
2209
758
-342
-121
971
1580
1014
-356
-1933
-3170
-3362
-2310
-1088
-1096
-2334
-3553
-3914
-3581
-2844
-1828
-1006
-960
-1545
-1990
-1814
-1108
-97
955
1600
1505
892
395
530
1362
2433
2999
2641
1691
871
609
885
1424
1760
1435
468
-538
-1028
-997
-733
-482
-475
-917
-1671
-2266
-2344
-1933
-1307
-819
-764
-1127
-1527
-1554
-1095
-324
428
795
655
309
194
466
997
1581
1961
1902
1440
929
702
792
1018
1145
937
325
-436
-926
-949
-714
-618
-904
-1509
-2110
-2371
-2179
-1724
-1342
-1279
-1527
-1820
-1833
-1458
-888
-411
-164
-137
-241
-300
-97
386
901
1169
1141
959
812
846
1104
1441
1616
1484
1126
786
676
818
1044
1157
1068
836
622
592
799
1151
1504
1734
1790
1754
1796
1987
2265
2617
2986
2938
1953
343
-654
-233
913
1425
752
-690
-2270
-3382
-3392
-2301
-1203
-1264
-2386
-3481
-3824
-3465
-2653
-1647
-927
-891
-1346
-1727
-1636
-979
122
1222
1740
1494
872
434
558
1341
2412
3010
2644
1639
763
478
741
1258
1589
1332
485
-488
-1093
-1188
-927
-605
-558
-960
-1630
-2180
-2318
-2000
-1385
-835
-713
-1039
-1428
-1472
-1060
-342
396
820
768
439
241
418
928
1547
1960
1915
1442
866
528
547
810
1028
888
313
-428
-957
-1124
-1068
-1023
-1159
-1495
-1888
-2131
-2117
-1888
-1586
-1382
-1376
-1494
-1543
-1381
-1030
-599
-225
-33
-60
-167
-108
223
690
1056
1185
1102
950
898
1033
1277
1445
1416
1213
956
781
766
879
1000
1028
967
882
846
951
1237
1606
1882
2002
2033
2051
2153
2456
2793
2553
1366
-104
-642
65
1011
1084
134
-1314
-2681
-3386
-3023
-1974
-1333
-1757
-2758
-3441
-3461
-2983
-2236
-1488
-1080
-1111
-1321
-1393
-1149
-487
498
1350
1591
1238
765
604
942
1716
2530
2781
2211
1248
577
511
891
1324
1409
948
118
-664
-1094
-1131
-904
-664
-710
-1134
-1697
-2066
-2088
-1790
-1304
-888
-795
-1015
-1230
-1148
-717
-94
472
755
712
544
501
711
1140
1613
1842
1627
1072
543
343
515
854
1011
715
25
-690
-1082
-1112
-997
-989
-1188
-1508
-1766
-1851
-1775
-1617
-1459
-1360
-1333
-1313
-1209
-993
-713
-419
-167
-32
-33
-51
97
455
876
1153
1195
1060
908
897
1063
1296
1439
1407
1217
978
831
849
973
1089
1152
1173
1172
1201
1336
1583
1855
2070
2184
2198
2239
2478
2689
2237
912
-431
-670
187
1008
864
-209
-1665
-2941
-3451
-2898
-1857
-1400
-1926
-2811
-3296
-3185
-2666
-1976
-1400
-1145
-1122
-1098
-976
-699
-120
705
1354
1469
1177
883
873
1255
1958
2592
2635
1972
1066
506
531
962
1375
1334
716
-167
-876
-1201
-1170
-903
-656
-745
-1226
-1791
-2099
-2034
-1652
-1116
-715
-674
-897
-1073
-957
-513
120
676
903
811
656
664
888
1273
1635
1678
1269
693
389
492
755
839
565
-15
-664
-1106
-1216
-1098
-980
-1041
-1303
-1615
-1795
-1773
-1613
-1399
-1186
-1024
-965
-979
-947
-773
-475
-154
77
148
114
138
348
695
1014
1162
1105
930
802
856
1067
1275
1329
1191
948
742
687
805
1029
1243
1359
1366
1343
1389
1541
1796
2099
2332
2432
2509
2592
2313
1282
-103
-779
-248
735
1025
247
-1158
-2567
-3424
-3337
-2475
-1671
-1663
-2334
-3008
-3208
-2913
-2324
-1721
-1342
-1170
-998
-767
-560
-288
237
890
1270
1230
1033
974
1158
1575
2075
2304
1996
1309
698
495
707
1065
1176
790
48
-658
-1063
-1162
-1045
-848
-796
-1062
-1551
-1958
-2055
-1803
-1320
-852
-639
-725
-903
-923
-667
-153
452
880
969
820
689
764
1061
1427
1583
1345
838
420
336
531
740
682
241
-448
-1058
-1327
-1248
-1026
-920
-1065
-1400
-1722
-1849
-1739
-1471
-1159
-915
-814
-830
-840
-726
-464
-129
160
310
319
301
405
678
1004
1212
1200
1022
833
785
921
1151
1307
1275
1061
788
619
668
928
1254
1470
1519
1472
1443
1519
1726
2008
2265
2478
2658
2565
1791
401
-735
-742
226
1093
959
-193
-1763
-3027
-3433
-2908
-2011
-1516
-1717
-2302
-2795
-2920
-2621
-2060
-1527
-1169
-868
-540
-321
-258
-96
374
951
1287
1318
1233
1211
1356
1669
1960
1948
1574
1067
705
609
743
901
784
289
-351
-812
-995
-1004
-941
-899
-996
-1264
-1575
-1759
-1719
-1442
-1036
-706
-607
-679
-727
-608
-287
195
688
988
1000
844
745
867
1200
1528
1555
1194
672
307
230
345
449
342
-46
-609
-1116
-1392
-1404
-1232
-1035
-987
-1150
-1420
-1615
-1607
-1366
-979
-627
-471
-518
-614
-580
-343
17
333
473
449
417
527
783
1052
1202
1170
995
810
753
861
1041
1163
1146
988
767
632
704
965
1285
1533
1638
1604
1533
1559
1728
1989
2313
2596
2463
1530
83
-901
-701
326
1107
887
-292
-1822
-2961
-3214
-2654
-1875
-1455
-1541
-1950
-2439
-2750
-2673
-2227
-1642
-1080
-563
-196
-159
-369
-421
-27
660
1258
1514
1433
1217
1133
1288
1510
1552
1380
1130
902
711
572
463
295
24
-262
-475
-645
-832
-1019
-1160
-1234
-1250
-1239
-1259
-1317
-1320
-1186
-965
-777
-655
-541
-393
-185
85
365
566
661
699
745
857
1062
1282
1319
1041
554
138
20
201
448
460
94
-498
-1024
-1290
-1298
-1159
-1010
-958
-1041
-1214
-1384
-1458
-1367
-1115
-808
-569
-455
-443
-455
-397
-213
52
275
377
395
438
570
758
900
922
830
705
642
682
792
903
939
874
745
649
677
842
1067
1259
1367
1399
1410
1472
1615
1796
1980
2195
2341
2075
1139
-126
-879
-584
398
1130
905
-274
-1791
-2861
-3029
-2451
-1684
-1197
-1126
-1421
-1963
-2501
-2711
-2422
-1735
-882
-129
227
25
-510
-854
-612
161
1057
1621
1618
1187
754
654
864
1131
1274
1260
1085
774
422
140
-11
-33
27
35
-157
-544
-941
-1157
-1128
-925
-708
-640
-778
-1002
-1128
-1057
-810
-481
-194
-47
-27
-37
4
123
310
525
717
850
916
910
829
697
567
459
355
252
161
85
-1
-138
-359
-636
-886
-1023
-1021
-930
-827
-774
-809
-908
-994
-992
-878
-680
-459
-281
-183
-156
-154
-129
-56
75
244
408
523
565
549
512
497
512
549
590
605
573
520
486
488
522
598
734
892
996
1022
1029
1079
1184
1338
1525
1698
1819
1900
1940
1788
1256
431
-230
-271
298
957
1096
457
-694
-1771
-2259
-2073
-1543
-1053
-793
-804
-1115
-1690
-2291
-2557
-2236
-1383
-375
260
185
-458
-1126
-1282
-775
129
974
1376
1222
726
266
114
321
741
1147
1306
1110
641
121
-216
-233
38
375
479
199
-339
-830
-1004
-805
-409
-100
-78
-333
-675
-885
-847
-576
-200
104
207
101
-109
-261
-230
15
383
701
819
699
433
196
149
334
608
734
558
144
-279
-487
-423
-225
-100
-168
-387
-624
-762
-763
-663
-514
-362
-250
-232
-330
-482
-566
-496
-292
-78
16
-47
-192
-292
-268
-137
15
114
133
95
39
2
-4
35
105
177
214
204
176
168
212
301
400
474
505
500
489
511
587
701
805
849
830
785
767
810
896
951
890
695
440
245
187
246
329
323
169
-107
-414
-656
-776
-766
-661
-530
-466
-538
-744
-987
-1131
-1079
-836
-526
-306
-270
-388
-537
-591
-484
-253
7
195
252
173
2
-183
-291
-263
-122
37
112
51
-109
-274
-352
-313
-198
-81
-17
-18
-61
-108
-123
-87
-4
103
195
242
229
176
128
123
179
279
372
411
375
285
193
158
196
281
350
356
289
189
103
68
81
110
125
112
71
13
-47
-94
-117
-115
-99
-92
-112
-166
-234
-286
-303
-290
-272
-274
-304
-347
-384
-400
-398
-387
-373
-357
-335
-315
-307
-308
-301
-271
-210
-135
-71
-40
-32
-27
-4
42
98
156
204
235
249
257
262
274
302
346
393
428
441
437
430
430
444
466
481
478
457
435
419
409
396
374
341
307
283
275
272
261
235
197
157
122
96
83
77
74
61
31
-17
-71
-112
-127
-121
-112
-118
-146
-191
-231
-254
-260
-258
-260
-272
-290
-309
-319
-320
-320
-320
-326
-332
-334
-327
-307
-278
-243
-211
-189
-176
-166
-143
-100
-37
31
88
121
130
127
130
152
191
241
284
307
304
282
260
249
259
283
307
313
297
264
225
196
180
174
173
168
156
136
103
66
34
12
5
4
-2
-23
-64
-111
-151
-174
-183
-185
-190
-204
-224
-249
-267
-279
-278
-264
-242
-224
-221
-232
-247
-254
-243
-212
-181
-163
-159
-167
-172
-167
-151
-129
-102
-74
-52
-36
-22
-12
-1
15
38
62
79
83
81
76
78
82
87
86
81
79
88
100
109
107
99
95
104
122
139
148
147
142
142
151
162
170
171
165
156
146
138
127
118
109
101
91
77
56
35
20
13
10
2
-15
-40
-63
-78
-82
-83
-85
-92
-104
-114
-120
-127
-131
-134
-133
-128
-117
-108
-106
-115
-126
-136
-137
-131
-122
-112
-110
-112
-118
-126
-130
-128
-116
-100
-89
-82
-84
-91
-98
-101
-95
-83
-64
-46
-32
-29
-32
-35
-31
-18
1
15
24
25
20
18
21
29
41
51
60
66
71
73
79
85
94
104
115
120
119
114
108
108
113
119
117
102
78
53
39
36
37
33
19
0
-18
-33
-45
-54
-59
-62
-63
-65
-73
-88
-107
-121
-130
-132
-135
-139
-142
-141
-138
-135
-136
-138
-135
-122
-98
-72
-52
-44
-43
-42
-31
-12
11
28
37
38
35
35
37
41
46
53
58
62
62
61
60
63
69
75
80
85
91
101
112
123
128
126
123
127
139
158
174
178
173
165
160
163
169
173
173
170
161
149
132
113
101
97
98
96
82
57
27
3
-8
-9
-11
-20
-36
-55
-70
-81
-89
-96
-102
-103
-102
-103
-107
-116
-125
-128
-122
-113
-105
-102
-102
-100
-93
-82
-70
-62
-54
-48
-37
-29
-21
-15
-10
-3
6
15
17
15
11
13
22
34
42
43
40
38
42
51
60
67
69
70
71
73
74
72
68
63
58
53
45
34
23
12
3
-3
-11
-17
-23
-29
-30
-31
-29
-29
-30
-29
-27
-25
-24
-23
-24
-24
-22
-22
-22
-28
-32
-38
-40
-39
-34
-30
-30
-35
-41
-44
-44
-40
-34
-32
-32
-35
-40
-39
-34
-27
-22
-18
-17
-15
-12
-4
8
22
30
33
31
30
34
45
58
72
74
67
55
43
37
39
45
49
43
26
4
-17
-29
-32
-30
-32
-39
-53
-72
-87
-95
-96
-91
-89
-91
-98
-104
-109
-105
-96
-84
-76
-73
-72
-71
-64
-53
-38
-26
-19
-16
-15
-14
-11
-5
2
9
13
13
9
3
-1
1
5
11
14
12
8
7
8
14
20
27
30
34
36
38
39
39
40
41
41
39
33
26
20
13
9
6
2
-2
-9
-12
-18
-20
-22
-20
-18
-15
-13
-14
-13
-15
-14
-10
-5
-1
1
0
-3
-6
-7
-6
-2
1
3
0
-5
-10
-13
-11
-7
-2
-3
-5
-11
-15
-17
-13
-8
-3
-2
-3
-5
-6
-3
5
16
26
30
30
31
32
38
48
58
64
65
59
52
47
48
50
51
49
41
29
18
10
7
4
1
-5
-11
-19
-26
-33
-38
-39
-38
-37
-37
-39
-42
-43
-40
-34
-27
-20
-16
-11
-9
-2
3
10
18
24
29
31
32
33
35
37
40
41
39
34
30
28
27
29
30
31
26
22
19
20
22
27
31
32
29
26
23
25
29
33
36
32
28
21
16
15
16
15
14
9
1
-6
-10
-12
-12
-12
-11
-14
-18
-20
-21
-19
-16
-12
-11
-9
-9
-8
-8
-7
-6
-4
-3
-1
-3
-3
-6
-8
-10
-9
-9
-9
-10
-11
-12
-12
-12
-11
-10
-7
-5
-3
0
5
9
12
16
19
21
24
29
36
40
44
43
41
38
37
38
41
40
37
30
20
12
7
4
3
1
-5
-13
-22
-28
-32
-32
-32
-32
-34
-39
-43
-45
-44
-42
-38
-37
-35
-35
-34
-32
-30
-25
-21
-17
-14
-12
-10
-9
-7
-8
-7
-5
-5
-3
-4
-6
-9
-10
-11
-7
-4
-2
-1
-2
-3
-3
1
7
13
16
14
11
8
8
11
13
14
10
3
-5
-12
-13
-13
-12
-14
-19
-26
-31
-34
-33
-29
-26
-23
-24
-27
-28
-26
-20
-14
-9
-7
-8
-9
-9
-7
-4
0
2
1
0
-3
-5
-5
-4
-4
-5
-5
-7
-9
-10
-11
-10
-9
-8
-8
-7
-6
-4
-2
0
2
4
7
10
13
16
20
23
25
27
30
32
34
34
34
35
32
30
27
24
21
17
12
8
2
-3
-7
-12
-15
-19
-21
-23
-24
-26
-27
-27
-26
-24
-21
-18
-16
-16
-15
-12
-9
-6
-3
-1
-1
0
1
1
2
4
4
4
4
4
4
4
5
4
4
5
6
8
9
10
10
13
12
15
17
20
23
23
23
23
22
23
24
26
24
22
18
12
7
5
4
2
0
-4
-9
-13
-16
-17
-15
-14
-14
-13
-13
-14
-12
-8
-3
0
4
6
8
9
11
14
15
18
17
16
15
14
12
10
7
4
1
-1
-1
-3
-4
-6
-7
-9
-8
-5
-2
1
3
4
5
7
9
14
17
21
21
21
20
19
20
21
22
22
18
16
13
11
11
10
9
7
3
-1
-2
-4
-4
-5
-6
-9
-11
-12
-12
-10
-9
-9
-10
-10
-10
-8
-6
-3
-2
-1
-2
-3
-3
-1
1
0
1
-1
-5
-6
-6
-7
-5
-5
-8
-10
-11
-12
-12
-9
-6
-5
-5
-5
-3
-1
3
7
11
13
15
15
15
17
19
20
20
17
13
10
6
4
1
-3
-7
-11
-15
-19
-21
-22
-24
-24
-24
-25
-25
-25
-22
-19
-18
-16
-15
-14
-12
-10
-8
-8
-6
-5
-7
-7
-6
-6
-7
-5
-8
-10
-11
-13
-13
-14
-14
-15
-17
-19
-20
-20
-19
-17
-14
-12
-11
-10
-8
-6
-1
3
7
10
11
13
14
16
18
19
19
17
15
12
10
8
6
4
1
-3
-6
-8
-9
-10
-10
-11
-12
-12
-12
-9
-7
-5
-3
-2
0
0
2
3
4
5
6
4
4
2
1
0
0
0
-3
-5
-7
-7
-8
-8
-8
-7
-7
-6
-6
-6
-5
-2
-1
0
1
2
3
5
6
7
9
9
9
11
10
11
12
12
10
10
9
8
5
2
1
0
-3
-6
-8
-9
-11
-12
-13
-13
-15
-14
-13
-11
-10
-8
-6
-5
-3
-1
1
4
5
7
8
9
8
8
8
9
8
8
6
4
2
1
1
1
1
0
0
-2
-3
-3
-2
0
0
1
1
1
1
3
5
6
6
7
7
6
6
6
6
7
6
6
5
4
4
4
4
4
4
4
3
3
3
4
6
5
6
6
6
7
8
9
10
10
11
10
11
11
10
10
10
8
9
8
6
5
4
4
2
0
-1
-1
-3
-3
-4
-3
-4
-4
-4
-3
-2
-1
1
2
3
4
6
8
9
10
11
11
10
10
10
9
9
7
6
4
2
0
-1
-3
-5
-7
-8
-9
-10
-10
-10
-10
-10
-10
-9
-8
-8
-6
-4
-4
-2
0
-1
1
3
4
4
5
5
5
3
4
4
4
3
3
1
1
0
-1
-1
-1
-2
-2
-3
-3
-4
-3
-3
-3
-2
-2
-3
-3
-2
-2
0
0
-1
-1
0
0
-1
-1
-1
-1
-2
-4
-4
-6
-7
-9
-9
-10
-11
-10
-11
-11
-11
-10
-9
-7
-7
-5
-4
-4
-1
-1
1
2
2
3
3
3
3
3
3
0
0
-1
-2
-3
-5
-6
-7
-8
-9
-9
-9
-10
-10
-10
-9
-8
-6
-4
-3
-1
0
1
4
5
7
8
11
11
12
12
12
12
11
10
9
7
5
3
1
0
-3
-4
-6
-8
-10
-11
-12
-12
-12
-12
-12
-12
-11
-9
-8
-7
-6
-4
-3
-1
1
2
3
4
5
5
6
6
6
5
5
5
4
2
3
2
2
1
1
0
0
0
0
0
-1
-1
0
-1
0
0
0
0
0
2
0
1
1
1
1
2
1
1
1
0
1
0
0
-1
-1
-2
-2
-2
-2
-2
-2
-1
0
0
0
1
2
3
4
5
5
6
7
7
7
7
8
7
6
5
5
4
3
2
2
-1
-1
-2
-3
-4
-4
-5
-5
-5
-5
-5
-4
-3
-3
-1
0
1
3
4
5
6
7
7
8
9
10
10
10
10
10
9
8
7
7
4
5
3
1
2
-1
-2
-3
-3
-3
-4
-4
-4
-4
-4
-3
-2
-2
-1
-1
0
1
2
2
3
3
3
3
4
4
4
3
3
3
1
1
1
0
1
0
-1
0
0
-2
-1
-2
-2
-2
-1
-1
-1
-1
-1
0
1
0
1
1
1
0
1
1
0
1
0
0
-1
-1
-2
-2
-2
-3
-3
-3
-4
-4
-4
-3
-4
-2
-1
-1
-1
0
1
2
2
3
3
4
4
5
4
4
5
3
3
3
1
0
-1
-1
-3
-4
-5
-6
-6
-7
-9
-8
-8
-8
-9
-8
-7
-6
-5
-6
-4
-3
-3
-1
-1
0
0
0
1
1
2
2
2
2
1
1
1
1
1
-1
-1
-2
-3
-4
-5
-5
-6
-7
-8
-8
-8
-8
-8
-8
-8
-7
-7
-5
-5
-5
-3
-3
-2
-1
0
1
1
2
2
1
3
3
3
4
3
3
2
2
2
1
0
0
0
0
0
-1
-1
-2
-3
-3
-3
-3
-3
-4
-3
-3
-2
-3
-3
-4
-3
-2
-2
-3
-1
-2
-2
-2
-2
-1
-1
-1
-1
0
0
0
0
2
1
1
2
1
2
2
2
1
1
2
1
2
1
1
2
1
1
1
0
1
0
0
0
0
-1
-1
-1
-1
-2
-1
-1
-1
-1
1
1
0
0
1
1
1
2
2
2
2
3
3
3
3
3
2
2
3
3
2
2
2
2
1
1
1
1
1
0
0
1
0
0
0
0
1
0
0
0
0
0
0
1
1
1
0
1
1
1
2
1
3
2
3
2
2
3
4
3
3
3
4
4
3
3
3
2
2
2
3
2
3
2
2
2
1
0
1
0
1
0
0
0
1
1
0
1
0
1
0
0
0
1
1
0
0
0
0
0
1
1
1
1
1
1
2
2
0
1
1
1
1
1
1
2
0
0
0
0
0
0
0
0
0
-1
0
-1
-1
-1
-1
-1
-1
-1
-1
-1
-1
-1
0
0
0
0
0
0
0
-1
1
1
0
0
0
0
1
0
-1
-1
0
0
-1
0
-1
0
-1
0
0
0
-1
-1
0
-1
-1
-1
0
-1
-2
-1
-1
-1
-2
-2
-1
-1
-2
-1
-1
-3
-2
-2
-2
-2
-2
-2
-1
-2
-1
-2
-1
-2
-1
-1
-1
-1
0
0
-1
1
0
0
0
0
0
0
0
0
0
0
-1
0
-1
-2
-2
-2
-1
-1
-2
-2
-2
-2
-2
-2
-2
-1
-2
-2
-2
-1
-2
-1
-1
-1
0
-1
0
1
0
0
0
0
0
1
1
0
1
0
0
0
1
0
0
0
-1
-1
-1
-1
0
-1
-1
-1
-2
-1
-1
-2
-1
0
-1
-1
0
-1
0
0
0
1
-1
0
1
0
0
1
1
1
1
2
1
0
1
2
1
0
0
0
0
0
0
-1
-1
-1
-1
-1
0
-1
-1
-1
-1
-1
-1
-1
-1
-1
0
0
0
0
0
1
1
1
1
3
2
2
3
2
3
4
4
3
4
3
4
2
3
3
3
2
2
1
1
1
0
0
-1
-1
-1
-2
-2
-1
-2
-2
-2
-2
-2
-2
-2
-1
-2
-1
-1
0
0
0
1
0
1
2
3
3
3
3
4
4
4
4
4
4
4
3
4
3
3
3
3
2
1
1
1
1
0
0
0
0
0
0
-1
0
0
0
0
0
0
1
0
1
1
1
1
2
1
1
1
2
1
1
1
0
0
1
1
1
1
0
0
0
0
0
0
-1
0
0
-1
-2
-1
-1
-1
-1
-1
-1
-1
-1
-1
-1
-1
-1
0
0
0
0
1
0
1
0
1
1
1
1
1
2
2
1
1
0
0
1
1
1
1
0
1
0
1
0
0
0
-1
-1
0
-1
-1
-1
-1
-2
-2
-2
-2
-3
-2
-3
-2
-2
-2
-2
-2
-3
-2
-2
-2
-2
-2
-2
-2
-1
-2
-1
-2
-1
-1
-1
-1
-1
0
0
-1
-1
0
-1
0
-1
0
0
0
0
0
0
0
0
0
0
-1
0
-1
-1
-1
-2
0
-2
-2
-1
-1
-1
-1
-1
-1
-2
0
-1
-1
-1
-1
-1
-1
-2
-1
-1
-1
-1
-1
-1
-1
0
-1
-1
-1
0
0
0
0
0
0
-1
0
0
0
0
0
-1
0
0
0
-1
-1
-1
-1
-1
-1
0
0
0
-1
0
-1
0
0
0
0
0
-1
0
-1
0
1
0
0
1
0
0
0
1
0
0
1
1
0
1
1
0
0
0
0
1
0
0
1
0
-1
1
1
1
1
0
0
0
1
1
0
0
1
0
0
1
0
0
1
0
1
0
1
0
1
2
0
0
0
0
1
2
1
1
0
1
1
1
1
0
1
0
0
1
0
0
0
1
1
1
1
0
1
0
1
1
1
1
1
0
1
1
1
1
1
1
1
1
1
0
1
0
1
1
1
0
0
0
1
1
0
1
0
0
0
1
0
0
1
1
1
0
0
0
0
1
1
0
0
0
1
0
0
0
0
1
0
0
0
0
0
0
0
0
0
-1
0
1
0
0
0
0
0
0
0
0
0
0
0
0
0
0
0
0
1
0
0
0
-1
0
0
0
1
0
0
0
-1
0
-1
0
-1
0
0
0
0
0
0
-1
0
-1
0
0
0
0
-1
0
0
0
-1
0
0
0
0
0
-1
0
-1
-1
-1
-1
-1
0
-1
0
0
0
0
-1
-1
0
0
0
0
0
-1
-1
0
0
-1
-1
0
-1
0
0
-1
0
0
-1
-1
0
-1
-1
-1
-1
0
0
-1
-1
-1
0
-1
-1
-1
0
-1
0
-1
0
0
0
0
-1
0
-1
0
-1
-1
0
-1
0
-1
-1
0
0
0
-1
-1
-1
-1
0
0
0
-1
0
0
-1
0
-1
0
0
-1
-1
0
0
0
0
1
0
0
0
0
0
0
0
0
0
0
0
0
0
0
0
-1
0
0
0
1
0
-1
0
0
0
0
0
0
0
0
0
0
1
1
1
1
1
0
0
0
1
0
0
0
0
0
0
0
0
0
0
0
0
0
0
0
0
0
1
0
1
0
0
0
1
0
1
0
0
1
1
1
1
1
0
1
1
0
0
0
0
0
0
0
0
0
1
0
0
0
1
1
0
1
0
0
0
0
0
0
0
1
0
0
0
1
0
0
0
1
1
0
0
0
1
0
0
1
0
0
0
0
0
0
1
1
0
0
1
1
0
1
0
-1
-1
0
1
0
1
1
0
0
1
-1
1
1
1
0
0
1
0
0
0
1
0
0
0
0
0
0
0
0
0
0
0
0
0
0
0
0
0
0
0
0
0
0
0
0
0
0
1
1
1
0
0
0
1
0
0
-1
1
0
-1
0
0
-1
0
0
0
0
-1
0
0
0
0
1
-1
0
0
0
0
0
0
-1
-1
0
0
0
0
0
-1
0
0
0
0
0
0
-1
0
0
-1
-1
0
0
-1
-1
0
0
0
-1
0
-1
-1
-2
0
0
0
0
-1
-1
-1
-1
0
0
0
-1
0
0
0
-1
0
-1
-1
-1
0
0
0
0
0
-1
-1
0
0
0
0
0
-1
-1
0
0
0
0
-1
0
0
-1
0
-1
0
0
-1
0
0
0
0
0
-1
-1
0
0
-1
0
-1
0
0
0
0
0
0
0
0
0
-1
0
0
0
0
0
0
0
1
0
0
0
0
-1
1
0
-1
0
-1
0
0
0
0
0
0
0
0
-1
0
0
0
-1
0
0
1
1
0
0
0
0
-1
0
1
0
-1
0
0
0
0
-1
0
1
0
0
0
-1
-1
0
0
0
0
1
0
1
0
0
0
0
0
0
1
0
0
0
0
1
0
-1
0
0
-1
0
0
0
0
0
0
1
0
0
0
0
1
0
1
0
0
-1
-1
0
0
0
0
0
0
1
0
0
0
1
1
-1
1
0
0
0
0
0
0
0
0
0
0
0
-1
1
0
0
0
0
0
0
0
0
0
0
0
1
0
0
-1
1
1
0
0
1
0
0
0
1
0
0
1
0
0
0
1
0
1
0
1
0
-1
0
0
1
1
0
1
0
0
0
1
0
1
0
0
0
0
1
0
0
0
0
1
0
0
0
0
1
1
1
-1
0
0
0
0
1
0
0
1
0
0
0
1
0
0
0
0
-1
1
0
0
0
0
0
0
-1
0
0
0
0
0
-1
0
0
-1
-1
0
0
0
0
-1
0
0
-1
-1
-1
-2
0
-1
0
-1
-1
0
0
0
-1
-1
0
0
0
0
0
0
-1
-2
-1
-2
-2
-2
-2
-2
-1
-1
-1
-2
-2
-1
-2
-1
-1
-2
-2
-1
-2
-2
-2
-2
-1
-2
-2
-2
-2
-1
-1
-1
-1
-1
-2
-2
-1
-1
-1
0
-1
0
-1
-1
-1
0
-2
-1
-2
-2
0
-1
-1
-1
0
0
0
-1
-2
-3
-2
-1
-3
-3
-2
-1
-1
1
-1
-1
-1
0
1
-1
-1
-1
1
2
2
1
-2
-2
-1
2
1
0
-1
0
1
2
0
-2
1
3
2
0
-4
-2
1
2
1
1
1
1
4
1
-1
-3
-2
-1
-2
-1
0
1
5
5
5
4
2
-1
-4
-4
-4
-2
-1
-1
-2
-4
-5
-6
-7
-5
-6
-6
-8
-11
-13
-13
-14
-11
-9
-7
-4
-1
1
0
1
-2
0
3
4
6
7
6
8
9
11
12
10
7
3
3
8
13
19
21
22
22
21
19
18
20
26
31
30
22
16
20
30
39
38
27
18
21
34
38
25
10
18
46
52
-18
-165
-318
-367
-270
-87
73
140
127
79
-9
-173
-404
-591
-580
-311
107
458
578
448
184
-63
-195
-170
3
281
579
780
780
539
124
-312
-597
-613
-363
29
375
515
389
60
-330
-628
-726
-605
-330
-14
224
316
253
80
-122
-272
-308
-213
-29
168
294
308
228
125
62
70
124
165
155
102
44
16
28
59
81
78
38
-36
-130
-219
-272
-269
-214
-139
-75
-43
-49
-92
-155
-209
-221
-163
-49
76
164
181
144
92
65
76
107
132
140
136
137
148
155
141
99
42
-3
-15
0
22
27
7
-23
-48
-62
-71
-83
-102
-113
-108
-88
-61
-38
-28
-31
-40
-43
-29
0
30
46
45
41
48
67
83
72
36
-5
-23
-8
24
51
50
20
-23
-64
-92
-103
-100
-83
-57
-34
-24
-33
-58
-89
-109
-105
-71
-16
37
69
65
37
7
-4
15
55
98
128
134
116
81
39
7
-10
-7
12
35
53
47
13
-37
-86
-112
-105
-75
-33
-3
4
-9
-33
-59
-68
-59
-35
-1
31
53
56
42
19
-4
-15
-10
13
42
64
70
51
0
0
0
0
0
0
0
0
0
0
0
0
0
0
0
0
0
0
0
0
0
0
0
0
0
0
0
0
0
0
0
0
0
0
0
0
0
0
0
0
0
0
0
0
0
0
0
0
0
0
0
0
0
0
0
0
0
0
0
0
0
0
0
0
0
0
0
0
0
0
0
0
0
0
0
0
0
0
0
0
0
0
0
0
0
0
0
0
0
0
0
0
0
0
0
0
0
0
0
0
0
0
0
0
0
0
0
0
0
0
0
0
0
0
0
0
0
0
0
0
0
0
0
0
0
0
0
0
0
0
0
0
0
0
0
0
0
0
0
0
0
0
0
0
0
0
0
0
0
0
0
0
0
0
0
0
0
0
0
0
0
0
0
0
0
0
0
0
0
0
0
0
0
0
0
0
0
0
0
0
0
0
0
0
0
0
0
0
0
0
0
0
0
0
0
0
0
0
