0
0
0
0
0
0
0
0
0
0
0
0
0
0
0
0
0
0
0
0
0
0
0
0
0
0
0
0
0
0
0
0
0
0
0
0
0
0
0
0
0
0
0
0
0
0
0
0
0
0
0
0
0
0
0
0
0
0
0
0
0
0
0
0
0
0
0
0
0
0
0
0
0
0
0
0
0
0
0
0
0
0
0
0
0
0
0
0
0
0
0
0
0
0
0
0
0
0
0
0
0
0
0
0
0
0
0
0
0
0
0
0
0
0
0
0
0
0
0
0
0
0
0
0
0
0
0
0
0
0
0
0
0
0
0
0
0
0
0
0
0
0
0
0
0
0
0
0
0
0
0
0
0
0
0
0
0
0
0
0
0
0
0
0
0
0
0
0
0
0
0
0
0
0
0
0
0
0
0
0
0
0
0
0
0
0
0
0
0
0
0
0
0
0
0
0
0
0
27
-1
16
32
-6
12
46
9
32
68
10
26
65
2
24
75
13
20
63
0
-11
36
6
-14
26
15
-29
-11
5
-37
-29
20
-17
-41
5
-21
-66
-15
1
-42
-7
28
-31
-35
23
-16
-30
56
39
-14
54
38
-39
31
53
-12
59
87
-1
35
60
-26
14
74
7
30
88
1
-20
46
-23
-44
54
9
-39
53
-2
-84
11
-13
-80
27
22
-56
15
4
-77
-13
6
-44
15
37
-24
2
22
-30
-4
53
16
21
75
23
-12
52
28
-10
71
72
0
49
56
-30
12
60
-8
18
67
-13
-20
26
-37
-36
22
-24
-33
6
-38
-55
-19
-33
-47
-23
-19
-41
-39
-15
-26
-34
3
-4
-34
1
2
-23
23
32
8
40
31
-5
33
30
8
68
58
11
62
36
-27
41
42
-18
48
50
-33
5
15
-49
-16
11
-26
-22
-15
-35
-46
-50
-30
-32
-54
-21
-26
-69
-27
-19
-55
-11
-3
-38
-3
-8
-26
16
-3
-5
43
-5
-8
52
-3
-3
66
14
-4
51
16
-9
35
30
3
15
18
-9
-23
0
-5
-21
5
2
-32
-26
-28
-50
-32
-15
-26
-19
-18
-44
-48
-36
-47
-34
1
-14
-25
3
-22
-50
5
6
-26
36
34
-33
16
29
-36
22
60
-6
32
59
-21
8
46
-11
29
64
-6
14
28
-45
-15
18
-32
-1
24
-32
-31
-22
-53
-51
-31
-22
-24
-31
-23
-41
-66
-44
-35
-42
-18
-1
-5
-13
-14
3
-10
-15
43
33
-1
61
51
-15
46
63
-5
46
84
12
28
68
13
2
50
27
-8
22
23
-39
-26
14
-47
-44
23
-43
-65
3
-59
-86
-7
-38
-59
4
-17
-49
-16
-22
-40
-11
7
-2
17
35
10
15
36
13
23
59
36
38
68
38
25
50
32
22
40
31
25
25
13
15
4
-7
11
-5
-23
2
-24
-44
-11
-32
-42
-9
-35
-40
-22
-53
-41
-23
-48
-14
-1
-29
-2
-3
-36
-10
0
-9
18
33
31
26
20
28
7
6
54
44
27
84
61
-1
49
42
-21
44
65
-1
41
49
-26
-3
11
-34
-2
9
-24
-11
-20
-46
-31
-34
-41
-25
-34
-47
-39
-53
-52
-20
-23
-22
9
-14
-41
-8
-8
-26
23
54
18
21
53
1
-28
46
35
-5
89
76
-9
53
31
-42
29
22
-6
56
6
-10
31
-65
-42
33
-76
-24
63
-80
-41
46
-98
-55
43
-79
-42
41
-72
-40
30
-58
-9
42
-41
9
34
-51
15
42
-30
51
71
-28
35
45
-58
20
59
-28
50
79
-31
15
29
-66
-3
22
-33
30
20
-35
1
-42
-62
-18
-42
-20
12
-18
-9
-27
-50
-33
-55
-22
12
-31
11
11
-63
-2
1
-52
38
38
-24
45
24
-38
29
35
-9
43
51
-8
4
31
-4
5
61
31
0
35
-2
-43
18
14
-17
45
13
-47
4
-39
-74
22
-10
-39
56
-28
-82
21
-63
-89
56
-25
-62
66
-38
-98
35
-36
-83
62
20
-54
53
20
-69
23
27
-37
43
50
-12
34
15
-19
33
10
20
71
9
26
50
-34
14
45
-14
50
45
-22
14
-27
-52
12
-20
-3
52
-29
-37
0
-84
-62
20
-31
-13
37
-49
-57
-23
-76
-25
22
-21
44
28
-57
24
7
-53
65
59
-14
63
48
-26
22
56
15
20
72
34
-19
53
35
-39
54
39
-61
32
16
-78
23
7
-82
4
-21
-91
-4
-11
-59
10
-9
-67
-23
-30
-54
8
22
-1
28
1
-37
1
-2
7
86
72
39
79
19
-37
42
40
15
116
98
2
47
8
-72
24
33
0
91
32
-30
15
-73
-65
15
-40
15
36
-52
-15
-57
-96
-10
-52
-27
50
-37
-24
13
-72
-45
3
-25
-4
28
18
-6
10
8
-23
20
31
6
71
56
12
76
34
-17
64
49
3
80
81
6
33
61
-14
-5
71
5
-12
66
-11
-44
32
-36
-50
17
-56
-56
-5
-79
-54
3
-72
-50
2
-84
-68
5
-67
-38
45
-46
-30
41
-60
-25
61
-34
11
84
-22
20
84
-10
30
83
-9
18
61
-2
35
76
31
33
21
-13
-20
-24
26
41
15
62
16
-82
-28
-36
-92
27
57
-32
16
-4
-126
-76
-31
-79
5
57
-41
-23
-3
-129
-74
35
-78
-13
110
-75
-67
74
-91
-77
116
-5
-44
104
12
-69
62
51
-23
73
79
-15
29
36
-18
35
58
28
50
37
-26
-12
5
-53
5
62
-44
-5
32
-120
-71
-8
-111
-21
26
-62
-5
-40
-102
-24
-75
-64
51
-33
-27
61
-58
-52
42
-24
6
64
27
30
13
30
48
-5
74
85
-33
52
56
-82
38
87
-55
45
92
-103
-44
50
-122
-48
97
-69
-48
57
-105
-113
-3
-74
-70
13
-10
-39
-18
-18
-39
-39
-13
1
-13
-4
38
25
2
51
47
-30
9
64
-24
16
145
27
6
143
-11
-75
87
-2
-44
115
64
-18
41
6
-70
-48
-4
-26
-27
37
9
-52
-15
-51
-104
-41
-51
-52
14
-23
-10
5
-84
-35
-28
-91
37
46
-12
92
34
-45
28
1
-9
75
86
63
75
50
4
30
30
31
94
48
35
69
-36
-9
49
-31
33
50
-45
-13
-27
-63
-14
-4
-6
-11
-35
-50
-85
-61
-12
-25
11
36
-41
-58
-19
-62
-35
69
42
30
68
-5
-33
-11
-4
41
46
88
96
-8
26
27
-73
31
84
-5
87
123
-20
7
52
-77
-33
90
3
25
120
-12
-47
19
-74
-59
26
-7
26
42
-17
-14
-47
-89
-40
-29
-43
29
29
-55
-12
-32
-128
-25
7
-61
53
63
-46
10
28
-59
3
74
8
33
81
-4
-4
39
-2
39
67
27
50
12
-28
36
31
29
91
51
-18
-13
-25
-53
-7
45
24
6
3
-38
-71
-51
-5
0
9
43
-9
-59
-29
-43
-43
-2
-11
-40
-70
-65
-37
-57
-19
22
-59
-59
-5
-69
-29
47
-3
27
33
-39
12
-15
-52
82
22
-24
132
2
-65
119
-19
-50
155
6
-19
152
-23
-36
135
-51
-50
129
-81
-66
145
-80
-68
134
-117
-119
98
-108
-96
143
-43
-99
100
-83
-185
60
-23
-127
134
58
-147
43
-15
-192
35
65
-58
99
63
-84
-10
-33
-79
10
18
4
33
2
-23
-23
-37
-18
6
21
44
28
18
29
3
17
61
6
-7
45
-32
-36
83
8
-35
84
-7
-103
33
20
-78
66
116
-37
23
76
-100
-63
49
-51
-12
87
4
-34
-2
-29
-62
-22
16
-23
-15
39
5
-17
23
-43
-107
-18
-18
-41
79
34
-63
12
-21
-81
2
18
-18
30
69
-7
-56
-28
-79
-61
82
71
21
39
-27
-64
16
88
108
97
110
70
-16
18
28
-26
46
109
49
37
25
-102
-136
-35
-20
15
115
58
-43
-36
-62
-119
-57
20
-22
19
90
-36
-89
-48
-163
-140
29
2
23
123
-9
-65
17
-78
-56
86
26
54
163
42
-20
29
-75
-91
50
45
28
105
42
-40
22
8
-32
58
73
46
126
108
22
23
-19
-39
45
76
65
45
-37
-80
-68
-60
-8
21
-29
-28
-42
-144
-127
-100
-170
-66
29
-67
-53
-75
-229
-150
-19
-8
118
164
54
66
80
31
93
144
125
164
192
136
70
28
-36
-71
9
57
10
32
1
-117
-79
-25
-70
-30
5
-57
-58
-22
-46
-67
-44
-34
-47
-12
17
-20
-35
-10
-3
30
93
88
34
8
-25
-44
-2
25
16
21
7
-28
-39
-47
-85
-83
-35
-20
24
71
13
-40
-43
-88
-83
-10
1
2
45
33
-7
-6
-26
-62
-36
15
50
87
104
74
14
-30
-50
-63
-28
26
53
71
52
3
-34
-69
-63
-12
30
74
112
88
24
-24
-70
-94
-44
15
30
34
-4
-85
-127
-135
-120
-79
-41
-20
-15
-28
-58
-82
-90
-76
-17
43
61
62
24
-31
-37
-10
23
72
90
70
54
35
11
13
20
20
43
59
46
30
1
-40
-50
-34
-23
-6
4
-9
-22
-17
-11
-7
6
17
14
20
30
29
21
23
23
12
10
3
-20
-34
-18
-2
14
39
31
-8
-35
-53
-59
-32
12
31
27
12
-24
-62
-67
-49
-19
30
75
85
75
52
16
-7
8
40
73
100
97
59
17
-12
-21
-10
16
41
50
51
42
23
5
-2
-9
-10
-1
-4
-13
-21
-37
-53
-58
-60
-57
-50
-44
-42
-40
-41
-44
-44
-42
-44
-48
-49
-53
-55
-50
-44
-37
-23
-16
-12
-12
-26
-44
-60
-72
-75
-73
-78
-91
-111
-143
-173
-189
-193
-178
-145
-116
-100
-103
-120
-143
-160
-158
-140
-117
-89
-70
-65
-69
-80
-96
-105
-101
-79
-51
-26
-14
-28
-58
-89
-117
-118
-105
-94
-80
-66
-59
-45
-25
-5
20
45
73
96
109
118
126
132
158
188
206
218
221
225
250
294
346
407
470
543
623
687
719
709
673
655
687
780
907
1032
1132
1191
1190
1156
1114
1099
1195
1407
1624
1702
1461
833
-7
-782
-1242
-1277
-1050
-849
-921
-1356
-2013
-2654
-3064
-3109
-2810
-2283
-1681
-1201
-976
-1023
-1250
-1429
-1337
-876
-128
668
1258
1516
1450
1218
1011
951
1086
1366
1673
1905
1945
1711
1238
643
82
-300
-468
-480
-481
-622
-954
-1428
-1939
-2360
-2590
-2586
-2374
-2039
-1687
-1416
-1282
-1258
-1227
-1069
-727
-236
298
731
970
1000
898
767
673
647
688
759
791
727
559
290
-13
-256
-380
-379
-309
-256
-278
-384
-523
-622
-618
-487
-263
9
286
526
711
851
972
1103
1280
1517
1804
2107
2363
2486
2474
2442
2490
2623
2776
2888
2982
3165
3501
3971
4314
3916
2404
163
-1961
-3175
-3190
-2355
-1403
-1182
-2087
-3693
-5225
-6131
-6249
-5578
-4220
-2593
-1229
-438
-344
-886
-1668
-1983
-1282
308
2154
3602
4249
4009
3146
2199
1624
1494
1663
2028
2472
2697
2391
1504
233
-1111
-2184
-2684
-2536
-2066
-1725
-1718
-1993
-2436
-2935
-3310
-3350
-3002
-2329
-1400
-363
483
843
745
517
465
733
1320
2095
2759
3024
2855
2405
1792
1075
382
-99
-333
-448
-566
-815
-1307
-2015
-2711
-3108
-3114
-2830
-2391
-1917
-1516
-1248
-1078
-920
-744
-520
-169
357
962
1453
1699
1686
1504
1291
1176
1218
1330
1381
1302
1101
810
458
100
-171
-320
-365
-333
-281
-274
-340
-410
-361
-136
217
625
1053
1484
1870
2203
2540
2926
3305
3615
3908
4249
4613
4886
4985
4801
3957
2248
132
-1641
-2590
-2757
-2496
-2208
-2446
-3509
-4973
-6152
-6663
-6523
-5781
-4418
-2838
-1635
-997
-825
-937
-1097
-856
194
1823
3386
4442
4845
4601
3851
2972
2393
2190
2204
2327
2458
2330
1655
459
-930
-2185
-3071
-3424
-3239
-2804
-2523
-2560
-2816
-3144
-3432
-3518
-3189
-2420
-1384
-285
694
1367
1598
1495
1388
1532
1965
2567
3167
3551
3523
3091
2408
1645
912
292
-89
-240
-350
-644
-1362
-2532
-3828
-4780
-4961
-4330
-3262
-2214
-1563
-1398
-1501
-1552
-1283
-637
288
1327
2193
2625
2507
1912
1147
577
470
828
1351
1660
1505
906
104
-608
-987
-965
-655
-252
35
78
-162
-595
-988
-1094
-763
-34
855
1605
2040
2200
2267
2396
2705
3245
3907
4471
4840
5051
5169
5164
5022
4770
4085
2459
89
-2143
-3471
-3806
-3616
-3321
-3391
-4316
-5829
-7087
-7511
-7123
-6178
-4634
-2670
-1045
-184
60
-2
-101
95
1105
2922
4731
5813
6014
5472
4364
3001
1956
1552
1545
1626
1651
1435
641
-837
-2563
-3945
-4701
-4817
-4353
-3561
-2931
-2795
-3027
-3289
-3392
-3245
-2658
-1537
-126
1192
2189
2773
2867
2557
2243
2296
2725
3267
3685
3818
3489
2665
1570
494
-394
-1058
-1436
-1505
-1482
-1629
-2087
-2810
-3592
-4246
-4526
-4230
-3457
-2465
-1550
-872
-440
-271
-226
-39
451
1221
2050
2705
2988
2713
1961
1049
331
-37
-112
-4
98
-36
-473
-1094
-1668
-2034
-2097
-1781
-1179
-539
-101
30
-38
-128
-66
292
920
1656
2323
2763
2937
2952
2958
3072
3287
3547
3863
4137
4217
4131
3997
3908
3848
3769
3697
3138
1357
-1365
-3865
-5097
-5009
-4366
-3654
-3393
-4229
-5824
-7115
-7303
-6443
-5061
-3082
-677
1148
1841
1667
1210
854
875
1921
4004
5960
6777
6309
4972
3174
1289
63
-131
234
583
645
290
-736
-2484
-4305
-5442
-5649
-5039
-3878
-2568
-1691
-1631
-2098
-2510
-2538
-2103
-1141
334
1966
3209
3788
3758
3263
2515
1934
1933
2485
3133
3435
3200
2400
1107
-353
-1517
-2149
-2330
-2218
-1929
-1687
-1791
-2311
-2995
-3489
-3633
-3404
-2758
-1825
-905
-223
148
302
331
309
482
969
1633
2245
2533
2405
1861
964
49
-581
-831
-789
-694
-677
-828
-1241
-1790
-2229
-2324
-2010
-1413
-671
38
493
614
536
523
746
1193
1801
2446
2916
3053
2889
2593
2332
2231
2360
2693
3016
3107
2997
2753
2468
2365
2516
2874
3213
3328
3217
2316
159
-2521
-4496
-4933
-4176
-3192
-2398
-2405
-3671
-5439
-6558
-6324
-5054
-3367
-1222
901
2023
1963
1238
580
312
652
2087
4166
5620
5704
4546
2818
993
-511
-1059
-669
-4
362
188
-499
-1780
-3469
-4806
-5229
-4700
-3544
-2222
-1145
-765
-1178
-1844
-2154
-1840
-956
322
1790
3022
3588
3463
2894
2164
1548
1324
1672
2345
2801
2700
1986
804
-552
-1713
-2316
-2330
-2051
-1722
-1528
-1624
-2047
-2668
-3114
-3130
-2768
-2127
-1397
-769
-375
-247
-170
-16
202
510
881
1303
1644
1740
1599
1222
677
118
-337
-583
-696
-812
-973
-1210
-1467
-1681
-1817
-1781
-1556
-1177
-705
-257
117
396
566
719
947
1286
1690
2026
2238
2305
2230
2119
2053
2060
2132
2221
2334
2411
2349
2210
2113
2100
2250
2586
3009
3340
3360
3147
2637
1245
-969
-3081
-4100
-3770
-2967
-2378
-2268
-3148
-4792
-6198
-6437
-5321
-3673
-1930
-112
1143
1403
915
356
304
722
1730
3398
4908
5393
4618
3058
1464
138
-581
-453
94
490
309
-464
-1574
-2933
-4164
-4727
-4460
-3528
-2419
-1545
-1092
-1230
-1723
-2054
-1849
-1029
143
1378
2461
3082
3121
2739
2209
1787
1600
1738
2150
2504
2456
1882
901
-219
-1206
-1809
-1945
-1795
-1613
-1568
-1707
-2009
-2394
-2676
-2665
-2296
-1698
-1116
-716
-553
-529
-441
-173
273
771
1144
1334
1349
1248
1110
927
703
437
113
-234
-599
-957
-1278
-1559
-1729
-1738
-1619
-1441
-1274
-1100
-890
-633
-294
135
607
1017
1328
1583
1809
1977
2081
2157
2220
2256
2269
2279
2285
2256
2206
2194
2207
2203
2227
2279
2387
2636
2967
3274
3402
3286
3003
2102
199
-2097
-3756
-4078
-3448
-2775
-2409
-2759
-4068
-5677
-6581
-6098
-4581
-2793
-906
713
1468
1287
639
284
505
1258
2677
4348
5401
5261
3971
2234
657
-421
-660
-226
351
538
-1
-1085
-2452
-3803
-4646
-4722
-4026
-2874
-1798
-1120
-1020
-1415
-1883
-2006
-1500
-410
932
2190
3025
3248
2952
2369
1809
1504
1544
1903
2324
2476
2164
1348
211
-945
-1805
-2161
-2090
-1834
-1609
-1580
-1805
-2207
-2598
-2741
-2511
-1947
-1235
-621
-280
-205
-231
-159
91
481
888
1184
1308
1268
1116
891
591
246
-116
-460
-773
-1065
-1338
-1592
-1806
-1916
-1879
-1726
-1526
-1300
-1039
-731
-372
47
526
995
1370
1655
1883
2063
2176
2227
2269
2300
2305
2298
2282
2244
2165
2060
1998
1972
2013
2150
2302
2511
2800
3066
3223
3164
2971
2467
983
-1355
-3487
-4370
-3863
-2967
-2423
-2474
-3478
-5129
-6446
-6478
-5079
-3160
-1324
307
1305
1443
939
431
496
1083
2165
3665
4944
5326
4489
2788
1021
-305
-838
-552
63
492
266
-688
-2010
-3363
-4312
-4583
-4186
-3225
-2112
-1265
-907
-1097
-1521
-1785
-1592
-772
475
1811
2849
3265
3103
2586
2006
1622
1526
1756
2142
2357
2195
1586
619
-492
-1496
-2076
-2148
-1918
-1625
-1489
-1585
-1909
-2363
-2647
-2561
-2080
-1366
-730
-314
-168
-205
-190
-30
314
754
1090
1277
1268
1111
897
617
336
61
-248
-555
-889
-1207
-1471
-1699
-1817
-1794
-1651
-1423
-1190
-937
-645
-336
24
434
873
1286
1600
1836
2009
2104
2140
2151
2166
2182
2176
2145
2098
2053
2019
2002
2005
2050
2181
2333
2541
2884
3239
3490
3523
3382
2922
1468
-956
-3293
-4421
-4018
-2963
-2150
-2000
-2970
-4828
-6539
-6980
-5724
-3566
-1361
457
1412
1419
818
217
201
779
1883
3380
4696
5297
4825
3360
1496
-162
-996
-810
-89
588
642
-160
-1560
-3135
-4254
-4568
-4182
-3303
-2299
-1465
-998
-1028
-1327
-1599
-1588
-1086
-120
1169
2426
3189
3304
2880
2232
1707
1476
1632
2030
2333
2303
1838
1023
30
-975
-1734
-2115
-2155
-1964
-1737
-1620
-1737
-2103
-2492
-2667
-2473
-1942
-1300
-714
-340
-197
-124
-17
216
539
827
1061
1192
1236
1214
1055
763
338
-152
-585
-926
-1136
-1248
-1350
-1463
-1591
-1664
-1617
-1464
-1191
-839
-449
-42
337
700
1020
1271
1484
1669
1834
1978
2064
2108
2093
2030
1964
1911
1917
1974
2041
2091
2092
2121
2198
2353
2673
3070
3416
3549
3350
2798
1614
-243
-2192
-3510
-3762
-3275
-2705
-2471
-2958
-4170
-5541
-6298
-5843
-4355
-2473
-736
366
719
586
358
442
909
1664
2608
3447
3966
4038
3560
2630
1419
309
-289
-374
-143
64
-95
-724
-1769
-2867
-3584
-3784
-3528
-3043
-2539
-2101
-1807
-1603
-1408
-1208
-957
-630
-150
549
1367
2149
2689
2844
2659
2278
1938
1808
1857
1960
1921
1617
1070
378
-296
-864
-1325
-1678
-1945
-2085
-2101
-2070
-2018
-1997
-2011
-2026
-2068
-2048
-1870
-1493
-885
-185
447
883
1018
925
744
641
759
1018
1256
1287
984
415
-290
-930
-1324
-1456
-1387
-1250
-1151
-1111
-1143
-1184
-1153
-1018
-742
-360
80
523
884
1140
1290
1350
1397
1482
1645
1858
2038
2160
2195
2173
2158
2179
2245
2309
2351
2401
2459
2586
2829
3132
3388
3454
3295
2808
1699
-40
-1961
-3410
-3981
-3828
-3280
-2734
-2682
-3344
-4464
-5384
-5495
-4709
-3295
-1713
-450
277
544
629
814
1168
1662
2168
2518
2723
2861
2968
2939
2596
1966
1195
445
-107
-383
-430
-448
-703
-1224
-1865
-2422
-2748
-2851
-2779
-2618
-2456
-2260
-1982
-1588
-1117
-691
-375
-153
68
420
946
1568
2126
2456
2526
2387
2156
1965
1851
1770
1623
1337
952
520
99
-278
-630
-964
-1291
-1605
-1848
-2005
-2095
-2158
-2238
-2298
-2273
-2097
-1724
-1209
-660
-190
132
338
503
695
925
1116
1183
1087
849
560
294
105
-15
-132
-295
-494
-680
-789
-801
-725
-590
-448
-332
-238
-142
-16
132
291
449
594
734
880
1037
1192
1307
1377
1436
1514
1631
1768
1891
1968
1977
1950
1935
1969
2061
2206
2367
2494
2552
2529
2375
1932
1079
-95
-1303
-2245
-2775
-2886
-2686
-2412
-2339
-2581
-3005
-3345
-3423
-3196
-2742
-2202
-1706
-1304
-945
-552
-90
398
813
1046
1082
1022
1010
1115
1291
1451
1517
1439
1230
962
736
599
494
341
95
-224
-559
-849
-1049
-1155
-1217
-1279
-1365
-1441
-1456
-1380
-1223
-1042
-888
-770
-662
-512
-286
25
381
699
909
994
990
958
939
946
965
954
887
745
547
337
149
-6
-138
-269
-410
-599
-859
-1177
-1497
-1734
-1827
-1750
-1506
-1160
-800
-515
-345
-265
-219
-152
-38
109
246
327
328
270
181
106
60
42
33
19
9
10
23
42
63
87
120
153
188
223
245
243
214
179
166
194
276
406
557
699
803
868
907
951
1023
1123
1225
1302
1337
1344
1341
1354
1412
1527
1692
1871
2013
2042
1859
1385
651
-188
-940
-1465
-1702
-1688
-1559
-1487
-1579
-1810
-2060
-2217
-2236
-2138
-1998
-1878
-1802
-1716
-1543
-1243
-835
-396
-25
221
348
422
501
604
712
799
845
858
873
931
1031
1115
1107
965
705
390
96
-118
-234
-282
-311
-359
-436
-519
-575
-591
-577
-561
-562
-580
-602
-593
-530
-402
-229
-42
124
259
364
436
473
472
435
374
311
270
274
311
339
297
139
-134
-464
-759
-935
-961
-863
-707
-567
-486
-463
-449
-392
-280
-142
-34
15
4
-38
-72
-69
-29
31
90
133
168
197
211
199
162
120
103
128
193
280
353
380
346
269
191
153
180
259
364
458
522
560
600
670
773
886
973
1013
1007
979
960
981
1042
1124
1201
1270
1347
1454
1592
1731
1805
1717
1402
867
213
-416
-910
-1221
-1363
-1405
-1443
-1536
-1676
-1811
-1895
-1921
-1908
-1883
-1862
-1834
-1760
-1590
-1301
-920
-510
-138
155
360
498
597
674
737
783
817
845
880
929
981
1004
966
845
649
415
184
-14
-169
-288
-390
-486
-572
-629
-643
-618
-580
-557
-565
-597
-622
-606
-523
-376
-194
-18
120
212
270
318
366
415
442
425
355
249
142
65
21
-21
-110
-276
-511
-757
-940
-1004
-939
-791
-622
-489
-410
-365
-310
-221
-111
-17
26
10
-39
-80
-76
-20
61
131
161
160
148
146
156
168
169
157
146
146
171
208
230
221
178
127
98
112
175
263
347
407
444
480
537
623
724
818
880
904
905
907
930
977
1040
1117
1208
1324
1469
1620
1724
1706
1493
1064
473
-160
-715
-1110
-1330
-1422
-1469
-1543
-1659
-1784
-1860
-1864
-1812
-1749
-1717
-1724
-1734
-1677
-1487
-1144
-694
-218
197
502
686
778
815
827
826
819
813
816
845
892
934
926
834
650
405
144
-85
-252
-364
-442
-514
-592
-657
-691
-675
-611
-525
-445
-394
-374
-366
-345
-291
-198
-81
41
153
252
337
409
462
477
438
334
174
-18
-206
-360
-463
-516
-535
-539
-540
-539
-532
-508
-457
-381
-292
-202
-123
-61
-15
19
53
91
136
181
215
227
217
187
148
119
111
126
153
178
186
175
150
123
103
94
96
103
112
123
143
177
230
297
372
442
501
548
588
630
678
736
796
854
908
957
1005
1057
1117
1194
1290
1406
1534
1651
1708
1649
1429
1044
533
-18
-522
-918
-1185
-1350
-1466
-1568
-1664
-1741
-1772
-1751
-1704
-1665
-1659
-1677
-1675
-1589
-1370
-1018
-580
-130
256
534
702
784
816
826
823
810
788
764
753
757
766
755
695
570
381
156
-71
-272
-431
-549
-633
-689
-714
-701
-652
-577
-493
-424
-382
-362
-349
-322
-267
-183
-75
39
150
248
326
377
391
366
309
227
129
15
-126
-298
-498
-693
-833
-879
-817
-672
-497
-351
-263
-225
-198
-143
-44
71
162
197
170
113
65
56
85
128
150
132
85
32
2
2
23
49
68
77
86
104
127
141
139
119
95
89
119
186
275
360
426
473
513
560
623
696
763
809
838
856
884
933
1010
1114
1236
1371
1511
1634
1700
1655
1448
1061
530
-64
-620
-1055
-1337
-1491
-1575
-1648
-1732
-1812
-1857
-1848
-1794
-1732
-1697
-1695
-1691
-1620
-1424
-1084
-637
-160
265
580
770
858
883
875
852
817
772
729
700
692
695
678
612
476
277
43
-190
-390
-546
-665
-755
-819
-847
-825
-748
-629
-498
-392
-335
-325
-336
-334
-288
-190
-51
107
256
379
464
501
483
405
274
106
-73
-227
-340
-410
-446
-468
-483
-496
-494
-469
-425
-371
-319
-276
-232
-175
-95
6
110
196
243
250
227
194
163
142
125
110
95
85
83
90
99
102
95
82
73
79
104
142
182
214
235
257
291
343
408
474
528
561
582
601
638
698
776
860
939
1007
1061
1115
1178
1266
1392
1551
1720
1850
1875
1730
1376
831
175
-484
-1039
-1427
-1647
-1753
-1814
-1878
-1952
-2005
-2006
-1947
-1853
-1770
-1721
-1691
-1622
-1442
-1110
-635
-93
418
812
1053
1150
1155
1114
1059
1001
938
872
815
781
765
740
664
506
262
-44
-360
-636
-839
-967
-1033
-1050
-1029
-967
-865
-738
-610
-504
-439
-404
-376
-321
-214
-57
137
338
520
659
742
766
736
662
560
440
307
140
-74
-344
-643
-913
-1081
-1102
-980
-769
-555
-408
-343
-324
-289
-193
-39
127
246
285
256
211
197
234
301
352
356
310
246
201
197
220
242
239
208
169
151
165
199
228
228
205
178
176
215
289
377
460
536
616
711
824
936
1026
1079
1106
1134
1193
1296
1436
1594
1756
1920
2076
2187
2183
1975
1503
778
-95
-950
-1622
-2021
-2166
-2160
-2139
-2186
-2305
-2428
-2479
-2422
-2283
-2123
-1987
-1862
-1676
-1344
-833
-186
477
1018
1348
1456
1415
1315
1233
1190
1163
1120
1050
968
899
842
763
607
330
-63
-516
-939
-1254
-1425
-1469
-1433
-1364
-1289
-1205
-1105
-989
-870
-767
-685
-604
-487
-301
-42
266
576
832
1006
1087
1087
1020
911
780
639
487
305
66
-258
-660
-1083
-1439
-1633
-1623
-1434
-1165
-919
-761
-681
-614
-481
-260
5
234
355
357
298
258
291
393
500
543
494
380
262
196
198
238
274
280
257
232
220
209
182
116
28
-35
-37
52
209
388
545
664
768
888
1042
1220
1391
1530
1631
1716
1814
1943
2108
2306
2526
2748
2920
2944
2691
2061
1047
-216
-1481
-2477
-3029
-3141
-2980
-2791
-2759
-2925
-3180
-3347
-3300
-3022
-2601
-2150
-1731
-1312
-813
-176
566
1285
1823
2075
2045
1840
1603
1442
1379
1361
1314
1200
1018
803
574
308
-32
-474
-986
-1484
-1856
-2023
-1978
-1783
-1537
-1321
-1162
-1041
-914
-758
-567
-361
-152
63
306
587
893
1183
1402
1506
1478
1334
1114
863
627
428
249
52
-222
-623
-1143
-1709
-2192
-2456
-2426
-2130
-1685
-1244
-908
-684
-495
-253
80
448
743
869
812
650
502
463
535
639
674
578
368
122
-74
-177
-200
-180
-159
-139
-106
-60
-14
-1
-38
-101
-128
-54
144
435
748
1017
1222
1382
1547
1740
1952
2151
2305
2419
2517
2630
2784
2976
3200
3416
3553
3488
3058
2131
695
-1060
-2780
-4060
-4632
-4504
-3946
-3359
-3075
-3174
-3471
-3653
-3462
-2851
-1970
-1056
-280
341
910
1530
2199
2771
3052
2926
2432
1758
1133
697
443
256
-1
-389
-869
-1346
-1746
-2058
-2326
-2574
-2767
-2813
-2619
-2163
-1525
-853
-283
119
386
606
855
1148
1445
1688
1849
1932
1959
1932
1832
1621
1277
821
315
-162
-548
-819
-989
-1108
-1233
-1430
-1732
-2125
-2525
-2788
-2777
-2422
-1768
-981
-268
212
432
497
565
743
1024
1293
1413
1302
992
600
258
26
-121
-259
-449
-697
-953
-1147
-1235
-1213
-1104
-934
-724
-490
-262
-74
47
121
213
399
711
1115
1518
1827
1995
2048
2071
2138
2275
2446
2598
2702
2764
2811
2868
2969
3139
3376
3605
3669
3334
2374
709
-1450
-3590
-5101
-5581
-5044
-3927
-2867
-2397
-2662
-3321
-3780
-3549
-2530
-1014
527
1696
2348
2608
2717
2842
2935
2827
2389
1658
812
52
-516
-928
-1319
-1803
-2388
-2966
-3391
-3585
-3572
-3431
-3213
-2880
-2354
-1601
-702
171
848
1248
1425
1535
1735
2060
2409
2618
2581
2307
1890
1432
987
547
83
-410
-880
-1240
-1436
-1484
-1455
-1413
-1389
-1378
-1381
-1413
-1489
-1578
-1587
-1399
-950
-301
365
817
917
711
401
224
307
586
862
922
661
151
-422
-873
-1114
-1176
-1152
-1127
-1128
-1139
-1124
-1063
-949
-781
-544
-229
138
497
767
908
950
991
1129
1385
1693
1943
2049
1999
1870
1791
1848
2024
2228
2395
2518
2606
2669
2748
2912
3186
3499
3693
3551
2817
1305
-868
-3168
-4851
-5405
-4821
-3561
-2341
-1806
-2194
-3136
-3856
-3704
-2560
-808
965
2266
2865
2869
2609
2394
2269
2088
1726
1198
608
24
-544
-1138
-1797
-2506
-3156
-3587
-3699
-3527
-3212
-2878
-2558
-2168
-1594
-817
41
800
1335
1634
1785
1915
2113
2346
2476
2364
2003
1503
992
525
103
-291
-674
-1037
-1326
-1477
-1473
-1373
-1257
-1150
-1038
-923
-851
-851
-895
-890
-736
-388
90
541
775
701
397
75
-59
64
342
571
583
316
-149
-653
-1033
-1217
-1233
-1155
-1052
-967
-919
-912
-925
-916
-822
-594
-231
205
613
889
977
926
869
943
1184
1497
1748
1853
1800
1655
1535
1565
1758
1990
2141
2223
2321
2453
2581
2734
2995
3358
3698
3850
3600
2647
797
-1655
-3904
-5130
-5045
-3986
-2632
-1731
-1793
-2749
-3874
-4273
-3534
-1914
-1
1659
2686
2943
2623
2121
1728
1467
1250
1053
855
554
20
-774
-1733
-2691
-3455
-3852
-3824
-3490
-3055
-2673
-2366
-2058
-1623
-993
-222
539
1173
1646
1987
2221
2372
2451
2417
2207
1824
1366
920
498
80
-332
-720
-1073
-1359
-1521
-1536
-1455
-1343
-1211
-1035
-830
-665
-580
-559
-552
-493
-332
-69
208
371
349
185
-6
-114
-96
21
144
173
48
-215
-538
-834
-1042
-1135
-1114
-1007
-869
-763
-720
-723
-714
-636
-443
-130
255
618
878
995
992
937
930
1037
1233
1427
1546
1559
1473
1346
1310
1470
1773
2043
2203
2324
2466
2597
2720
2945
3314
3694
3922
3894
3402
2085
-134
-2654
-4491
-5043
-4436
-3245
-2153
-1769
-2356
-3500
-4291
-4031
-2732
-891
958
2388
3077
2962
2352
1694
1231
980
902
930
864
460
-366
-1468
-2587
-3474
-3938
-3904
-3503
-2976
-2513
-2167
-1885
-1567
-1109
-464
298
1051
1699
2191
2494
2593
2525
2351
2096
1771
1402
1021
628
209
-217
-614
-959
-1233
-1404
-1440
-1357
-1202
-1019
-841
-715
-662
-654
-618
-506
-310
-56
196
348
331
162
-57
-222
-280
-232
-123
-42
-82
-268
-545
-814
-999
-1066
-1029
-930
-822
-749
-725
-716
-676
-572
-397
-157
134
433
680
838
912
937
954
1005
1125
1297
1441
1490
1442
1343
1255
1260
1424
1712
2004
2210
2361
2511
2657
2806
3038
3397
3793
4075
4104
3634
2322
121
-2366
-4183
-4744
-4200
-3150
-2246
-1998
-2579
-3609
-4308
-4082
-2913
-1197
602
2056
2799
2722
2104
1403
916
734
829
1047
1074
623
-319
-1508
-2651
-3505
-3891
-3769
-3310
-2784
-2364
-2062
-1830
-1594
-1224
-616
195
1045
1778
2298
2554
2544
2353
2111
1885
1652
1385
1068
690
252
-207
-627
-975
-1246
-1410
-1427
-1307
-1124
-939
-757
-575
-422
-340
-333
-384
-448
-443
-310
-87
103
146
30
-177
-382
-496
-478
-370
-270
-272
-401
-623
-871
-1085
-1214
-1233
-1144
-991
-837
-726
-658
-605
-524
-381
-142
179
518
782
920
946
901
846
859
975
1147
1295
1369
1367
1299
1213
1212
1377
1672
1979
2241
2467
2649
2774
2907
3145
3477
3786
3986
3987
3511
2175
-1
-2354
-4003
-4490
-3981
-2996
-2152
-1970
-2556
-3459
-4003
-3789
-2839
-1369
295
1680
2367
2295
1776
1163
669
445
539
751
718
242
-581
-1548
-2497
-3230
-3545
-3417
-3047
-2632
-2236
-1880
-1601
-1352
-974
-378
351
1068
1690
2156
2386
2381
2252
2098
1912
1664
1383
1092
753
356
-41
-381
-680
-944
-1119
-1160
-1104
-1009
-891
-765
-693
-716
-772
-767
-667
-480
-218
63
245
233
64
-137
-280
-333
-293
-191
-117
-169
-345
-574
-792
-963
-1060
-1068
-1017
-949
-880
-807
-733
-657
-558
-412
-227
-13
220
449
632
747
817
871
933
1019
1141
1260
1319
1307
1261
1229
1239
1326
1510
1743
1945
2093
2226
2362
2497
2680
2966
3313
3606
3757
3689
3202
2050
285
-1600
-2976
-3481
-3174
-2422
-1738
-1552
-1949
-2623
-3150
-3254
-2826
-1869
-573
661
1452
1683
1480
1032
519
147
34
81
87
-57
-360
-830
-1452
-2092
-2567
-2800
-2821
-2647
-2288
-1842
-1439
-1111
-782
-418
-48
320
724
1135
1478
1728
1917
2030
1995
1812
1558
1296
1022
751
530
355
165
-63
-280
-454
-611
-747
-803
-758
-689
-691
-791
-955
-1121
-1174
-1005
-639
-249
-3
55
-13
-149
-278
-315
-233
-103
-25
-34
-132
-327
-594
-853
-1024
-1084
-1056
-959
-818
-693
-630
-613
-589
-518
-381
-164
119
402
619
748
812
843
879
959
1095
1245
1354
1407
1421
1410
1395
1415
1494
1621
1751
1865
1955
2021
2076
2162
2304
2468
2585
2603
2466
2060
1292
230
-856
-1648
-1969
-1856
-1512
-1206
-1143
-1357
-1709
-2011
-2140
-2039
-1697
-1169
-604
-155
105
194
130
-55
-294
-504
-646
-728
-753
-727
-700
-745
-876
-1062
-1267
-1462
-1591
-1580
-1414
-1146
-842
-541
-288
-134
-68
-31
31
133
282
481
704
876
955
948
874
747
605
499
454
440
432
421
398
345
264
173
92
10
-74
-142
-193
-237
-276
-291
-279
-266
-277
-315
-372
-443
-504
-528
-504
-464
-435
-423
-419
-432
-467
-514
-554
-587
-614
-614
-584
-545
-527
-529
-525
-503
-463
-398
-317
-234
-166
-104
-33
42
112
179
258
348
436
513
577
630
679
738
818
908
984
1033
1058
1078
1118
1194
1299
1408
1499
1573
1638
1700
1746
1734
1609
1361
1052
795
671
673
711
672
481
154
-202
-470
-616
-691
-771
-876
-986
-1059
-1072
-1037
-1024
-1090
-1219
-1336
-1377
-1344
-1260
-1149
-1040
-958
-906
-881
-875
-883
-881
-834
-740
-631
-541
-468
-399
-327
-258
-198
-157
-142
-139
-111
-39
57
139
200
248
292
338
386
426
450
459
477
518
569
605
618
606
569
502
416
321
224
137
83
72
71
41
-27
-114
-199
-265
-297
-296
-279
-269
-261
-250
-240
-248
-273
-305
-330
-340
-330
-301
-271
-256
-252
-245
-231
-219
-209
-194
-171
-144
-113
-77
-38
2
44
88
132
168
210
271
354
451
551
642
715
773
831
915
1027
1148
1263
1373
1469
1559
1647
1701
1661
1480
1193
919
774
792
904
974
870
560
156
-172
-342
-395
-423
-488
-600
-719
-798
-820
-828
-891
-1007
-1110
-1149
-1129
-1083
-1026
-975
-944
-931
-921
-919
-932
-943
-915
-840
-761
-708
-674
-627
-554
-460
-359
-281
-249
-250
-232
-169
-75
15
91
157
212
256
291
322
340
339
343
370
406
427
421
390
340
277
222
190
175
151
109
54
-7
-73
-123
-142
-146
-156
-182
-216
-248
-281
-297
-285
-255
-233
-224
-222
-225
-238
-247
-240
-223
-214
-213
-208
-196
-189
-189
-188
-187
-187
-176
-137
-79
-29
1
18
33
52
90
160
255
354
439
516
587
649
701
760
841
936
1036
1139
1238
1320
1384
1429
1430
1337
1127
857
643
563
619
726
751
596
274
-82
-325
-418
-429
-444
-502
-597
-687
-735
-745
-767
-839
-936
-998
-1005
-982
-949
-910
-873
-852
-847
-854
-878
-911
-916
-864
-773
-699
-659
-631
-584
-510
-423
-341
-287
-269
-256
-208
-120
-30
38
82
119
157
196
239
278
304
319
336
359
372
369
357
343
326
295
252
205
161
122
97
81
57
11
-40
-80
-106
-125
-144
-160
-179
-193
-192
-169
-146
-140
-154
-176
-196
-210
-206
-186
-164
-154
-156
-161
-174
-190
-204
-205
-193
-171
-136
-91
-50
-18
6
34
74
124
189
267
351
429
501
567
636
705
772
834
899
973
1051
1129
1196
1246
1288
1341
1410
1452
1391
1188
896
632
505
540
654
697
556
242
-107
-351
-451
-466
-476
-519
-586
-643
-664
-672
-718
-816
-924
-987
-994
-973
-942
-901
-857
-819
-802
-817
-859
-895
-879
-789
-668
-578
-537
-509
-462
-384
-296
-223
-187
-177
-158
-98
-17
52
91
112
129
146
160
172
182
190
208
239
274
292
296
302
299
268
203
127
66
47
68
110
127
85
3
-74
-114
-123
-116
-105
-101
-106
-113
-108
-106
-114
-136
-159
-173
-184
-190
-184
-164
-147
-144
-157
-182
-211
-234
-237
-222
-205
-196
-190
-176
-160
-137
-101
-50
7
64
123
183
247
320
400
482
553
614
672
736
799
860
926
995
1063
1123
1172
1220
1275
1340
1395
1369
1200
905
596
402
388
503
607
550
287
-84
-397
-552
-572
-539
-533
-573
-646
-720
-778
-843
-932
-1025
-1080
-1084
-1060
-1032
-999
-955
-909
-877
-872
-892
-915
-896
-810
-683
-574
-515
-489
-456
-397
-323
-261
-222
-199
-168
-106
-25
41
72
80
90
108
124
138
156
183
216
256
290
306
304
298
293
276
231
166
112
79
69
62
43
5
-45
-84
-102
-118
-148
-181
-194
-179
-148
-119
-102
-109
-133
-150
-155
-154
-153
-143
-115
-83
-70
-85
-119
-156
-180
-181
-165
-157
-163
-172
-164
-134
-93
-49
-6
39
85
129
174
219
268
332
415
504
581
634
678
726
776
828
887
954
1026
1094
1149
1185
1207
1236
1294
1348
1320
1147
859
571
407
425
565
671
599
324
-41
-337
-483
-506
-485
-483
-532
-611
-689
-756
-832
-925
-1007
-1044
-1041
-1020
-993
-958
-916
-880
-862
-871
-895
-903
-857
-747
-620
-532
-499
-486
-458
-395
-311
-230
-176
-149
-122
-77
-17
41
88
137
186
226
252
268
287
312
344
378
395
390
381
379
379
358
297
208
116
51
32
44
54
28
-39
-118
-186
-226
-234
-212
-181
-157
-150
-152
-154
-156
-155
-147
-142
-144
-150
-148
-134
-122
-127
-150
-184
-215
-229
-216
-183
-150
-130
-119
-112
-99
-75
-31
25
82
134
178
213
242
273
318
380
453
524
588
632
660
683
709
746
788
836
891
948
1000
1039
1064
1085
1119
1170
1207
1170
1016
773
538
415
437
541
598
494
221
-113
-375
-495
-499
-469
-469
-523
-614
-709
-796
-884
-969
-1034
-1058
-1044
-1016
-989
-962
-932
-908
-901
-916
-939
-944
-901
-808
-701
-625
-594
-583
-559
-505
-433
-361
-303
-252
-198
-130
-54
13
64
110
153
185
205
216
228
248
274
303
324
336
339
339
330
300
246
183
127
89
66
47
24
-7
-40
-71
-99
-129
-157
-175
-173
-159
-146
-138
-135
-138
-146
-161
-183
-212
-234
-237
-220
-201
-199
-214
-236
-247
-242
-222
-200
-182
-170
-152
-120
-87
-53
-22
14
58
104
145
178
205
234
273
326
381
430
471
503
530
557
586
622
667
714
759
803
846
885
919
947
969
991
1018
1045
1041
964
806
610
450
382
405
458
448
321
94
-151
-330
-413
-426
-416
-426
-470
-540
-619
-695
-765
-825
-865
-885
-892
-897
-898
-893
-880
-870
-870
-883
-890
-873
-820
-739
-664
-610
-577
-543
-495
-431
-363
-304
-255
-209
-158
-95
-29
35
92
141
180
204
220
241
270
306
336
348
344
335
336
347
353
330
278
214
169
156
165
169
142
82
8
-53
-82
-86
-76
-69
-72
-89
-113
-134
-146
-146
-142
-137
-144
-163
-188
-206
-211
-209
-207
-210
-216
-223
-220
-209
-192
-170
-148
-126
-106
-82
-55
-24
12
52
94
133
170
209
252
303
354
398
435
467
502
541
582
621
656
690
728
769
809
842
866
882
896
915
934
952
973
989
986
942
840
687
522
400
357
379
409
374
244
44
-161
-308
-378
-396
-408
-446
-516
-603
-684
-753
-808
-845
-866
-872
-872
-868
-864
-857
-845
-833
-826
-823
-813
-786
-735
-671
-609
-563
-530
-497
-452
-390
-323
-259
-203
-155
-108
-57
-7
43
89
127
158
183
204
226
253
278
302
313
311
300
289
277
264
244
214
183
155
136
127
120
107
83
49
9
-30
-61
-79
-90
-97
-110
-131
-155
-179
-198
-210
-217
-225
-237
-249
-261
-268
-276
-284
-293
-302
-307
-307
-301
-292
-280
-266
-250
-230
-203
-171
-134
-95
-60
-26
5
40
83
134
192
250
303
349
387
422
454
486
521
560
596
629
659
683
707
735
768
804
833
852
861
866
871
883
900
903
874
800
684
548
423
335
290
263
228
152
35
-104
-236
-335
-397
-434
-465
-502
-555
-619
-685
-750
-803
-839
-861
-869
-871
-869
-867
-862
-859
-856
-848
-831
-798
-750
-689
-628
-573
-529
-492
-452
-408
-355
-298
-241
-188
-137
-91
-49
-3
42
88
132
173
203
231
261
294
327
356
375
379
374
364
351
334
306
271
233
205
188
180
173
155
122
81
40
6
-15
-26
-33
-40
-58
-84
-116
-151
-181
-204
-220
-233
-249
-266
-287
-308
-325
-338
-345
-348
-345
-336
-324
-308
-294
-277
-255
-230
-197
-156
-113
-70
-31
5
39
72
111
159
212
271
328
376
420
461
499
538
577
615
650
681
712
740
765
786
800
810
816
822
826
830
832
834
836
833
815
781
724
648
565
487
422
368
313
247
165
66
-39
-142
-235
-312
-378
-437
-491
-545
-601
-655
-704
-743
-772
-793
-805
-810
-810
-808
-802
-797
-792
-786
-771
-749
-718
-677
-632
-585
-536
-488
-439
-387
-331
-275
-219
-165
-117
-73
-31
10
55
100
140
172
196
212
226
248
276
308
338
359
366
363
349
329
308
291
281
272
260
243
213
169
119
69
25
-9
-32
-51
-69
-90
-115
-145
-176
-203
-224
-237
-246
-255
-271
-294
-322
-347
-366
-375
-376
-371
-365
-358
-350
-339
-321
-296
-262
-220
-175
-133
-97
-67
-42
-15
19
59
105
155
204
247
287
319
349
378
408
443
477
509
539
563
582
596
607
621
635
648
660
668
670
668
660
651
640
627
615
602
589
570
538
493
438
377
319
267
221
168
106
33
-46
-127
-207
-285
-357
-424
-482
-527
-562
-595
-629
-667
-705
-736
-754
-752
-740
-719
-701
-690
-687
-684
-678
-661
-631
-593
-550
-509
-473
-436
-397
-354
-307
-256
-203
-151
-100
-52
-7
34
71
105
138
171
202
228
247
261
271
278
289
301
313
320
316
304
286
266
246
229
208
183
154
121
90
59
28
-7
-44
-81
-114
-139
-156
-172
-187
-206
-227
-245
-257
-265
-267
-270
-276
-284
-291
-294
-293
-286
-280
-273
-270
-268
-261
-249
-231
-206
-178
-151
-122
-91
-57
-20
18
57
94
128
160
191
223
256
290
323
355
382
407
429
447
462
476
489
501
510
519
524
527
526
523
519
515
508
500
486
470
453
434
416
400
386
371
355
336
310
280
249
219
190
165
139
111
77
39
-3
-47
-91
-128
-164
-197
-227
-258
-286
-310
-330
-346
-359
-371
-384
-393
-401
-402
-401
-398
-394
-392
-388
-381
-372
-357
-338
-323
-305
-286
-266
-241
-215
-186
-160
-134
-109
-82
-57
-32
-9
11
30
46
61
76
87
93
93
92
90
93
96
98
94
81
66
51
41
38
35
27
9
-18
-50
-76
-94
-103
-110
-116
-129
-146
-163
-176
-182
-182
-178
-172
-167
-161
-156
-150
-141
-134
-128
-121
-114
-105
-93
-80
-66
-55
-44
-34
-24
-10
7
23
38
51
63
74
86
99
115
130
145
157
167
174
180
186
193
200
206
212
217
221
227
232
237
243
245
249
249
249
247
245
242
240
239
238
236
231
225
218
212
208
206
205
203
200
194
187
176
163
149
133
117
102
87
73
56
37
13
-10
-34
-56
-74
-90
-104
-119
-137
-157
-175
-194
-206
-217
-228
-238
-250
-264
-277
-291
-302
-312
-319
-323
-326
-326
-324
-320
-318
-312
-307
-295
-282
-266
-248
-232
-218
-206
-197
-185
-173
-158
-142
-125
-110
-99
-89
-80
-71
-61
-53
-45
-39
-34
-33
-34
-36
-38
-42
-46
-47
-49
-49
-51
-55
-60
-69
-76
-81
-83
-82
-79
-76
-74
-77
-80
-80
-81
-77
-71
-67
-61
-58
-59
-59
-59
-59
-60
-58
-55
-52
-46
-41
-36
-29
-23
-18
-13
-9
-3
1
6
10
14
19
27
34
43
52
61
68
76
82
88
98
107
118
129
140
148
156
162
169
178
191
205
220
234
244
253
261
270
280
287
295
300
304
307
308
311
312
312
309
302
296
286
275
262
248
230
209
187
167
149
133
120
104
83
60
35
13
-7
-23
-38
-52
-70
-90
-110
-129
-143
-154
-163
-170
-177
-184
-188
-191
-192
-192
-193
-193
-195
-194
-193
-188
-182
-176
-169
-164
-155
-143
-132
-120
-108
-100
-92
-85
-75
-65
-52
-42
-34
-30
-26
-24
-20
-15
-9
-2
1
2
-1
-5
-9
-10
-8
-3
1
3
4
2
0
-2
0
3
6
9
9
6
2
-4
-8
-11
-13
-15
-14
-13
-13
-14
-17
-19
-22
-27
-30
-35
-40
-43
-48
-51
-54
-58
-59
-59
-57
-56
-53
-50
-48
-44
-39
-33
-26
-16
-10
-1
6
14
24
35
49
62
75
89
102
115
127
136
144
150
155
161
168
176
184
190
195
197
197
194
192
190
185
181
176
167
158
150
143
135
128
120
112
101
91
82
74
67
58
48
37
25
11
-1
-11
-19
-27
-33
-39
-48
-57
-65
-71
-75
-77
-81
-84
-90
-97
-101
-107
-108
-108
-106
-104
-101
-102
-103
-107
-114
-118
-121
-122
-119
-118
-114
-114
-115
-117
-120
-118
-114
-110
-105
-101
-101
-102
-104
-104
-104
-100
-95
-90
-86
-84
-83
-81
-78
-71
-62
-54
-48
-46
-47
-50
-53
-54
-50
-44
-37
-30
-28
-29
-33
-37
-38
-37
-34
-30
-27
-26
-28
-32
-35
-35
-32
-28
-22
-14
-10
-7
-5
-2
2
8
15
23
30
36
42
46
51
55
63
70
78
85
89
91
91
89
86
84
83
82
84
83
80
75
69
64
60
54
51
46
40
34
26
19
12
9
7
5
3
4
3
1
3
3
6
12
17
23
28
32
35
37
39
44
49
56
63
70
76
80
81
82
82
84
85
88
90
92
95
95
95
95
93
93
92
89
84
78
70
62
55
48
44
39
35
32
25
19
13
6
2
-2
-3
-6
-8
-14
-20
-26
-33
-38
-43
-46
-47
-46
-46
-44
-44
-46
-48
-51
-54
-57
-58
-58
-57
-56
-57
-58
-58
-58
-56
-53
-52
-50
-49
-50
-50
-49
-49
-46
-42
-39
-37
-34
-31
-29
-24
-19
-12
-5
0
4
9
13
16
19
22
26
31
34
37
40
42
41
41
40
38
32
28
22
13
5
-4
-10
-18
-25
-32
-40
-50
-59
-69
-77
-83
-88
-92
-94
-96
-97
-96
-94
-91
-87
-81
-74
-65
-57
-48
-38
-30
-22
-13
-3
5
14
24
33
43
52
62
70
78
84
89
92
95
98
98
98
98
97
97
96
95
96
97
97
95
94
91
87
84
83
82
82
79
78
74
69
63
59
55
53
51
48
42
37
31
23
17
13
10
9
6
2
-1
-5
-6
-5
-3
0
3
4
6
7
8
9
12
17
22
27
29
31
32
31
28
27
24
20
17
12
6
-2
-9
-17
-25
-32
-38
-44
-51
-58
-66
-73
-82
-89
-93
-97
-101
-105
-108
-112
-115
-118
-119
-118
-116
-114
-113
-110
-110
-108
-107
-109
-107
-106
-103
-100
-95
-90
-87
-87
-87
-89
-90
-91
-88
-86
-84
-83
-85
-87
-89
-91
-89
-86
-81
-78
-76
-76
-76
-74
-73
-70
-65
-61
-58
-55
-53
-54
-52
-48
-45
-40
-33
-27
-22
-20
-17
-13
-10
-6
-2
5
12
18
25
28
33
37
41
46
51
55
60
63
66
70
71
74
75
77
78
76
76
75
74
74
72
72
71
72
72
71
71
72
75
77
80
83
87
89
90
92
93
94
94
92
91
88
86
85
84
82
79
76
71
67
61
55
49
42
36
29
22
18
13
11
9
5
5
4
4
7
12
18
24
30
34
35
36
37
39
41
44
45
47
47
44
41
36
30
27
24
21
18
15
10
5
2
-2
-5
-9
-10
-13
-14
-15
-16
-17
-18
-18
-18
-18
-20
-22
-23
-28
-31
-35
-40
-44
-47
-48
-53
-56
-59
-64
-67
-70
-73
-72
-71
-70
-68
-67
-66
-65
-64
-61
-58
-55
-50
-47
-43
-40
-36
-33
-28
-25
-21
-16
-12
-8
-5
-1
3
6
9
11
15
16
16
17
18
20
22
25
29
30
33
34
33
32
33
32
31
31
32
30
30
28
25
23
22
22
22
23
23
24
25
24
25
25
27
27
27
27
27
25
23
22
22
21
20
19
17
18
14
11
9
7
7
5
4
5
4
1
0
-1
-3
-5
-6
-6
-6
-6
-6
-7
-8
-7
-7
-6
-4
-5
-5
-4
-4
-5
-4
-3
-3
-3
-4
-5
-6
-8
-12
-13
-17
-19
-22
-25
-28
-30
-33
-37
-40
-42
-47
-49
-52
-53
-55
-54
-56
-57
-57
-58
-59
-58
-57
-57
-55
-55
-54
-53
-50
-46
-41
-37
-30
-27
-22
-18
-14
-10
-5
0
5
9
12
14
16
17
19
20
23
27
29
32
34
33
33
31
30
28
25
23
21
19
16
13
12
10
10
8
7
6
5
2
-1
-2
-4
-6
-6
-9
-11
-14
-18
-22
-26
-27
-30
-32
-32
-33
-34
-36
-35
-35
-35
-32
-30
-29
-27
-26
-23
-22
-19
-17
-14
-11
-8
-5
-2
1
4
8
13
17
20
23
25
26
25
26
25
23
23
21
19
19
18
15
14
10
8
4
3
1
0
-1
-1
-1
0
0
0
2
4
4
5
8
9
11
11
13
15
17
18
21
22
25
30
33
37
43
47
52
57
62
66
69
71
70
71
70
69
66
66
61
55
49
40
31
21
11
1
-10
-20
-33
-44
-58
-69
-79
-90
-101
-111
-121
-131
-140
-146
-151
-154
-157
-157
-155
-152
-148
-140
-131
-118
-104
-85
-65
-44
-21
4
30
59
88
117
146
174
202
227
250
270
288
300
309
312
309
299
284
263
237
208
175
139
102
64
24
-15
-52
-89
-121
-150
-174
-193
-208
-220
-227
-229
-229
-225
-216
-207
-194
-182
-167
-153
-137
-121
-106
-90
-77
-64
-55
-45
-37
-30
-25
-20
-18
-13
-12
-12
-12
-13
-15
-17
-19
-21
-22
-22
-23
-22
-20
-18
-14
-9
-6
0
5
10
19
27
35
43
52
60
69
77
84
92
99
104
108
111
113
113
113
112
109
104
99
92
83
74
64
53
44
36
28
20
13
6
3
-1
-3
-2
0
3
8
14
20
26
33
40
46
52
56
58
61
61
61
60
59
55
51
46
40
34
28
22
19
16
13
13
11
8
5
3
0
-2
-8
-13
-20
-27
-37
-50
-62
-77
-92
-108
-124
-140
-155
-171
-185
-197
-210
-221
-232
-240
-247
-252
-253
-252
-246
-237
-226
-211
-193
-176
-157
-137
-117
-96
-74
-52
-30
-11
9
28
45
60
75
89
102
117
129
142
154
166
176
185
195
201
207
212
215
216
217
215
210
204
196
185
174
159
141
123
104
85
64
45
26
7
-9
-24
-38
-49
-59
-68
-73
-78
-81
-84
-85
-86
-86
-84
-83
-81
-79
-78
-78
-78
-78
-80
-83
-86
-90
-92
-96
-99
-101
-103
-106
-108
-110
-113
-115
-118
-120
-121
-124
-123
-123
-122
-119
-117
-115
-112
-109
-109
-108
-108
-108
-107
-105
-102
-98
-94
-87
-78
-69
-58
-46
-33
-20
-7
9
23
37
52
66
79
91
102
115
128
142
157
172
190
207
225
242
257
269
278
285
287
288
285
280
272
261
248
230
209
184
155
125
92
59
25
-7
-39
-70
-100
-128
-154
-177
-198
-216
-229
-239
-243
-246
-241
-234
-223
-211
-197
-183
-168
-156
-145
-134
-127
-119
-112
-108
-103
-96
-91
-83
-75
-65
-54
-42
-30
-17
-6
5
14
21
26
29
31
31
31
30
28
26
24
22
22
21
22
24
28
33
38
44
52
62
73
86
101
117
134
154
173
193
212
229
245
257
265
270
270
267
258
245
229
207
183
156
124
91
55
19
-18
-56
-92
-126
-159
-189
-217
-243
-266
-288
-306
-320
-332
-340
-343
-342
-337
-327
-311
-292
-268
-241
-208
-176
-142
-108
-73
-39
-8
22
49
75
98
119
139
156
174
192
211
229
248
266
283
298
311
320
327
330
330
327
320
312
300
287
273
257
241
225
208
190
170
149
128
104
81
57
34
11
-10
-30
-48
-65
-79
-92
-103
-112
-120
-125
-129
-132
-133
-133
-132
-131
-130
-129
-127
-127
-126
-125
-123
-121
-120
-118
-116
-114
-115
-115
-117
-120
-126
-133
-142
-152
-161
-172
-182
-191
-197
-202
-203
-202
-195
-184
-169
-150
-129
-107
-85
-66
-50
-39
-34
-31
-32
-36
-42
-48
-52
-58
-60
-61
-60
-59
-57
-55
-55
-55
-55
-58
-58
-61
-62
-60
-56
-52
-43
-32
-18
-4
13
31
48
66
81
95
106
118
127
133
140
146
151
155
161
167
172
178
184
186
187
185
178
167
152
133
111
87
61
34
7
-19
-45
-69
-91
-110
-127
-142
-154
-163
-169
-169
-166
-157
-140
-118
-87
-45
4
63
132
209
292
378
464
545
616
675
717
738
741
721
680
624
552
471
384
294
206
124
47
-22
-82
-136
-181
-220
-253
-284
-313
-341
-367
-393
-417
-439
-459
-475
-486
-493
-493
-489
-477
-459
-435
-404
-371
-332
-289
-243
-194
-142
-91
-39
10
59
104
143
176
200
217
225
223
215
198
174
146
114
80
46
12
-20
-46
-70
-88
-100
-107
-109
-107
-102
-93
-82
-71
-59
-47
-36
-24
-12
-1
9
21
30
38
43
45
43
35
23
5
-17
-47
-78
-113
-146
-178
-205
-226
-238
-241
-233
-218
-195
-164
-132
-98
-66
-38
-18
-4
4
5
-2
-13
-28
-45
-61
-79
-92
-103
-111
-114
-115
-113
-109
-103
-97
-89
-81
-74
-66
-58
-48
-39
-27
-14
0
15
30
44
58
69
78
83
84
84
77
68
57
42
29
14
3
-4
-8
-4
7
23
47
78
114
154
199
244
289
334
375
413
447
477
499
518
529
533
531
522
509
488
463
434
401
366
329
290
254
218
185
155
128
105
85
67
52
38
26
15
5
-3
-12
-19
-24
-29
-32
-34
-35
-34
-32
-27
-22
-16
-9
-1
6
14
22
28
33
37
38
37
35
30
23
14
4
-7
-19
-33
-46
-58
-67
-77
-84
-87
-88
-88
-84
-80
-73
-65
-57
-47
-39
-28
-19
-9
-1
5
14
19
24
28
29
32
32
31
28
24
19
13
5
-4
-14
-27
-39
-51
-65
-76
-88
-96
-103
-108
-109
-108
-105
-100
-95
-89
-85
-80
-80
-80
-82
-87
-93
-101
-109
-116
-122
-128
-132
-133
-134
-132
-129
-126
-122
-118
-115
-115
-115
-118
-123
-130
-140
-151
-161
-173
-183
-193
-200
-208
-213
-218
-221
-225
-229
-233
-238
-246
-254
-263
-274
-286
-297
-309
-319
-327
-331
-331
-327
-318
-302
-281
-256
-226
-193
-158
-121
-85
-49
-16
15
40
64
83
95
103
107
107
102
93
82
70
56
39
24
8
-5
-17
-27
-35
-40
-42
-40
-36
-30
-22
-10
2
13
27
39
50
60
69
77
83
89
97
103
112
122
135
150
167
185
206
228
248
269
288
306
320
332
341
346
348
347
344
337
328
318
307
293
279
265
250
234
218
200
181
161
140
119
94
69
43
16
-11
-37
-65
-88
-111
-133
-153
-171
-185
-199
-210
-221
-228
-235
-242
-246
-251
-253
-254
-255
-254
-251
-246
-240
-233
-223
-213
-202
-191
-180
-171
-163
-156
-151
-146
-143
-142
-142
-141
-142
-144
-146
-150
-154
-157
-160
-163
-166
-169
-168
-168
-166
-162
-155
-148
-138
-126
-112
-99
-83
-66
-51
-35
-20
-6
6
17
26
35
41
45
50
52
54
56
57
56
55
54
51
47
42
36
29
21
13
4
-3
-11
-17
-22
-24
-26
-25
-22
-18
-11
-5
1
7
13
17
19
22
21
19
16
12
7
3
1
0
0
1
5
11
19
28
37
49
58
68
79
90
98
108
116
124
131
138
144
150
154
157
158
156
153
150
143
134
124
112
101
88
75
65
55
46
39
34
30
27
25
23
23
23
25
27
31
34
40
45
53
61
67
72
75
77
76
72
66
57
46
35
22
8
-4
-14
-21
-26
-28
-27
-23
-15
-7
3
12
19
27
30
31
30
25
15
6
-6
-18
-31
-44
-54
-63
-70
-73
-72
-70
-65
-58
-52
-44
-36
-30
-25
-19
-14
-12
-11
-8
-6
-5
-3
-2
1
4
7
10
14
17
20
23
26
27
27
28
27
26
23
21
16
12
6
-2
-12
-26
-42
-59
-77
-97
-116
-133
-146
-153
-155
-146
-129
-100
-62
-14
42
106
171
239
303
361
410
444
465
469
458
431
391
338
277
212
145
80
19
-33
-77
-111
-135
-147
-151
-150
-139
-127
-113
-98
-85
-74
-68
-65
-66
-71
-78
-88
-99
-109
-120
-129
-137
-143
-146
-148
-147
-145
-143
-140
-135
-131
-129
-125
-124
-122
-120
-119
-118
-115
-113
-110
-105
-98
-92
-85
-75
-66
-56
-46
-35
-26
-16
-7
2
10
16
24
30
36
42
47
53
56
62
67
71
75
79
82
84
88
90
92
93
96
98
102
107
112
119
129
140
153
167
183
197
215
232
250
266
282
295
306
316
322
325
324
322
315
306
295
282
267
252
235
217
200
181
163
143
122
101
77
52
25
-2
-33
-63
-94
-127
-159
-188
-218
-243
-266
-286
-300
-310
-316
-315
-309
-300
-284
-267
-244
-220
-196
-170
-147
-124
-106
-90
-78
-69
-64
-63
-63
-66
-69
-75
-78
-81
-83
-84
-83
-81
-78
-75
-73
-72
-70
-68
-70
-70
-72
-75
-78
-81
-83
-84
-83
-80
-76
-71
-62
-51
-40
-26
-10
5
21
37
51
67
82
95
106
117
126
135
141
146
150
155
157
159
160
160
159
158
155
152
147
141
135
128
121
112
104
96
88
81
73
67
60
56
49
46
42
39
39
38
40
43
47
55
63
73
84
98
111
128
142
157
171
182
192
199
205
206
206
201
195
186
175
163
149
134
119
105
89
72
59
45
31
18
5
-8
-21
-33
-46
-60
-74
-89
-105
-121
-137
-154
-170
-183
-198
-209
-219
-228
-232
-234
-235
-234
-231
-225
-220
-213
-205
-196
-189
-179
-171
-161
-152
-143
-134
-126
-117
-109
-101
-97
-90
-86
-82
-79
-78
-77
-76
-77
-79
-80
-82
-84
-86
-88
-89
-90
-90
-89
-87
-85
-81
-75
-68
-61
-54
-46
-36
-30
-23
-17
-11
-7
-4
-2
-2
-4
-6
-9
-13
-18
-23
-29
-35
-41
-47
-51
-55
-59
-61
-62
-62
-61
-59
-58
-56
-53
-52
-50
-50
-49
-51
-53
-56
-61
-66
-72
-79
-85
-91
-98
-105
-112
-118
-124
-131
-135
-140
-146
-150
-154
-157
-159
-162
-164
-163
-163
-163
-161
-156
-151
-144
-136
-125
-112
-99
-85
-68
-50
-32
-14
5
21
40
55
69
82
92
101
108
112
114
115
114
111
109
104
100
95
91
86
81
78
72
68
65
60
57
54
51
48
47
47
46
48
50
55
59
66
74
83
93
103
113
123
132
140
146
152
156
158
161
163
164
168
171
175
182
189
198
207
216
226
233
238
240
238
232
223
208
190
169
145
119
91
65
40
17
-4
-22
-36
-46
-53
-57
-57
-56
-51
-47
-41
-36
-31
-27
-24
-24
-25
-27
-31
-37
-43
-50
-57
-64
-73
-80
-86
-94
-99
-104
-108
-111
-114
-113
-110
-107
-102
-95
-85
-74
-64
-51
-39
-28
-17
-7
3
11
20
29
38
47
57
68
80
92
107
123
141
159
178
198
216
236
253
271
286
299
311
321
329
334
339
343
343
344
343
340
337
329
321
311
296
277
257
233
204
174
140
105
69
32
-3
-36
-68
-95
-117
-136
-147
-152
-154
-148
-139
-127
-111
-94
-77
-61
-48
-38
-32
-31
-38
-49
-66
-89
-117
-150
-186
-225
-263
-303
-340
-376
-408
-436
-456
-474
-482
-484
-481
-472
-458
-439
-417
-394
-368
-342
-316
-289
-264
-242
-220
-198
-179
-161
-143
-128
-112
-98
-85
-71
-59
-48
-37
-26
-17
-8
2
10
19
27
34
41
46
52
57
60
64
65
68
68
68
68
67
66
65
62
60
57
52
49
43
39
33
28
21
13
5
-2
-11
-19
-28
-36
-46
-54
-60
-67
-72
-76
-77
-78
-77
-72
-66
-59
-50
-40
-27
-13
3
20
37
57
79
100
122
145
167
188
209
228
243
259
270
278
284
285
283
277
267
254
237
216
194
169
143
116
89
63
37
13
-10
-31
-49
-65
-79
-88
-96
-103
-105
-107
-105
-101
-96
-89
-80
-70
-57
-45
-30
-18
-4
9
23
35
46
56
63
69
73
74
74
70
66
59
51
43
35
28
20
16
12
11
13
17
23
31
41
52
63
74
86
97
105
115
122
128
133
137
141
143
145
145
144
141
138
133
126
118
108
98
87
76
66
55
47
39
35
31
30
31
34
38
41
47
52
57
62
64
66
67
67
66
64
62
60
58
56
56
57
57
59
62
64
68
70
70
72
71
67
63
56
47
36
24
11
-3
-19
-35
-51
-66
-84
-98
-114
-129
-142
-154
-166
-175
-185
-192
-198
-202
-203
-204
-204
-201
-196
-191
-183
-174
-166
-155
-144
-133
-121
-108
-96
-83
-70
-58
-45
-34
-23
-12
-3
3
10
16
20
21
22
19
16
12
5
0
-8
-15
-23
-30
-38
-44
-49
-54
-59
-62
-64
-65
-67
-68
-66
-64
-62
-61
-57
-54
-51
-46
-42
-38
-35
-33
-31
-30
-32
-32
-34
-38
-41
-45
-49
-54
-60
-64
-69
-72
-77
-80
-84
-87
-90
-94
-97
-100
-104
-106
-109
-112
-113
-115
-118
-119
-122
-123
-126
-128
-130
-135
-138
-142
-145
-147
-150
-149
-148
-144
-138
-129
-120
-108
-93
-77
-59
-41
-22
-2
16
33
50
65
75
86
94
101
106
110
113
115
118
120
121
121
121
120
117
112
105
96
85
74
61
47
33
19
7
-3
-10
-15
-17
-16
-15
-11
-6
0
4
9
14
18
21
21
24
25
27
29
32
37
42
47
53
59
63
67
70
69
67
61
53
43
33
20
6
-6
-20
-32
-43
-51
-58
-62
-66
-67
-65
-63
-58
-53
-46
-39
-30
-20
-10
0
11
22
33
44
53
62
71
79
85
91
95
98
100
100
99
97
94
89
83
74
66
54
43
29
13
-3
-19
-36
-53
-69
-84
-97
-107
-113
-117
-118
-114
-106
-97
-83
-68
-54
-37
-21
-9
3
13
20
24
27
28
28
25
23
20
18
15
12
11
11
12
12
14
16
20
25
32
40
51
63
76
92
109
128
147
166
183
202
218
232
245
255
263
269
271
272
272
269
265
259
253
245
235
225
214
200
183
166
145
123
97
72
43
14
-15
-44
-72
-99
-123
-143
-158
-167
-174
-173
-168
-157
-141
-119
-96
-68
-39
-9
20
49
76
98
118
134
144
150
153
149
144
135
122
108
93
77
61
44
29
15
0
-12
-25
-37
-47
-56
-65
-72
-79
-84
-89
-94
-97
-101
-103
-106
-108
-111
-114
-118
-122
-128
-133
-139
-145
-151
-157
-163
-166
-169
-171
-173
-173
-171
-168
-166
-162
-158
-155
-151
-150
-149
-148
-150
-152
-154
-158
-162
-165
-169
-170
-171
-171
-169
-167
-163
-159
-155
-150
-144
-141
-137
-134
-131
-128
-125
-122
-118
-114
-107
-101
-93
-83
-72
-61
-48
-35
-22
-10
4
14
24
33
41
47
53
55
57
58
58
56
56
53
51
48
46
43
40
38
35
33
31
29
26
25
23
20
19
17
17
17
16
16
17
19
22
24
28
32
36
41
46
51
57
61
67
72
77
83
87
91
96
101
105
108
112
116
119
121
125
128
130
133
135
136
139
140
142
142
143
142
141
140
139
138
136
132
130
126
121
115
110
103
96
88
79
69
60
50
38
28
17
6
-6
-17
-30
-41
-53
-64
-74
-84
-92
-98
-103
-104
-106
-105
-101
-95
-89
-81
-71
-61
-50
-39
-29
-19
-8
1
11
19
27
35
42
49
55
60
67
70
72
75
77
75
74
69
63
56
47
37
25
11
-4
-18
-32
-48
-62
-76
-88
-100
-108
-116
-121
-125
-125
-125
-123
-121
-116
-112
-107
-102
-96
-90
-84
-77
-70
-64
-56
-48
-39
-30
-19
-8
2
14
26
39
50
61
72
83
92
101
109
115
122
126
132
135
139
141
144
144
144
143
139
136
129
122
113
105
96
87
79
73
69
68
69
75
83
95
109
125
144
162
180
197
214
226
237
244
247
247
245
239
231
221
210
198
186
172
159
148
138
126
117
110
103
97
93
89
86
85
83
82
80
79
76
71
66
57
47
34
18
2
-16
-37
-59
-79
-100
-119
-137
-153
-167
-178
-188
-195
-202
-208
-212
-217
-220
-225
-229
-234
-237
-243
-245
-248
-248
-247
-245
-242
-238
-231
-224
-218
-212
-206
-203
-199
-196
-195
-194
-194
-193
-192
-189
-185
-178
-170
-159
-147
-132
-116
-99
-81
-62
-45
-27
-10
4
19
30
42
51
58
64
69
70
72
70
66
60
52
41
28
14
1
-15
-30
-45
-60
-72
-84
-92
-100
-104
-108
-107
-106
-103
-99
-93
-88
-82
-78
-71
-66
-60
-55
-49
-42
-36
-30
-23
-16
-9
-2
5
11
19
26
32
36
41
45
47
50
51
50
48
46
43
38
34
28
23
17
11
5
1
-5
-10
-13
-17
-20
-23
-24
-25
-26
-28
-28
-28
-27
-27
-26
-24
-22
-19
-16
-13
-7
-2
2
7
11
16
20
24
26
27
27
27
26
24
22
19
16
14
11
8
7
5
3
1
0
0
0
-3
-3
-4
-5
-6
-6
-4
-5
-4
-2
-1
1
2
3
5
7
8
8
10
10
12
14
15
20
24
29
35
42
50
59
66
74
81
85
90
93
92
89
84
78
68
56
43
28
13
-2
-17
-31
-44
-55
-66
-73
-80
-85
-88
-90
-91
-90
-88
-85
-82
-77
-74
-67
-59
-51
-42
-33
-23
-13
-4
4
11
16
21
23
23
22
20
16
12
8
4
2
2
2
4
9
13
20
27
33
37
40
41
40
36
28
20
9
-2
-14
-25
-35
-43
-49
-53
-55
-55
-54
-51
-47
-43
-40
-38
-35
-34
-35
-34
-33
-32
-30
-26
-21
-13
-3
8
23
38
53
71
88
106
121
138
153
169
184
198
212
226
242
254
270
283
295
308
318
327
334
336
337
334
328
320
309
296
280
263
245
227
207
189
168
149
128
107
85
64
41
18
-3
-23
-42
-60
-75
-87
-99
-106
-109
-111
-111
-109
-105
-101
-96
-91
-88
-85
-82
-81
-82
-81
-82
-83
-83
-82
-82
-81
-79
-76
-74
-70
-68
-65
-64
-62
-62
-62
-63
-66
-68
-71
-74
-78
-81
-85
-91
-96
-101
-108
-114
-123
-129
-138
-147
-156
-165
-172
-178
-184
-188
-188
-189
-185
-181
-174
-166
-157
-146
-136
-125
-115
-107
-97
-89
-82
-75
-71
-67
-63
-59
-56
-53
-51
-49
-48
-48
-46
-46
-47
-48
-50
-52
-56
-60
-66
-71
-76
-81
-87
-92
-95
-98
-100
-100
-97
-95
-89
-83
-75
-65
-54
-42
-31
-18
-5
6
17
29
38
48
55
63
69
73
77
81
84
85
86
86
86
85
83
80
76
71
67
63
56
51
45
40
37
34
34
33
37
42
47
55
64
73
83
94
102
110
119
125
129
132
133
132
130
126
123
117
113
108
102
97
92
86
81
75
70
65
58
52
45
39
31
24
17
10
5
-2
-6
-11
-15
-18
-21
-23
-26
-28
-31
-33
-36
-41
-44
-49
-55
-59
-67
-72
-78
-84
-89
-95
-98
-103
-106
-108
-110
-110
-108
-108
-104
-102
-98
-93
-87
-80
-74
-65
-58
-49
-38
-28
-18
-7
2
12
22
30
38
46
52
57
61
64
64
65
63
60
57
53
47
43
37
32
29
25
21
19
18
19
18
19
20
22
23
23
23
23
20
18
15
11
5
2
-2
-5
-7
-8
-6
-4
0
6
14
23
33
44
55
66
75
84
93
99
104
109
111
111
110
107
103
97
90
81
72
61
47
34
20
4
-10
-26
-43
-58
-75
-89
-104
-118
-130
-141
-150
-156
-161
-163
-164
-161
-154
-144
-130
-113
-93
-69
-43
-16
13
42
71
97
122
142
158
167
171
170
163
149
131
106
79
48
16
-17
-49
-82
-113
-140
-165
-187
-203
-219
-232
-240
-247
-251
-254
-254
-253
-249
-247
-242
-236
-227
-218
-208
-193
-177
-157
-135
-108
-79
-46
-11
29
70
113
158
204
248
291
333
371
403
431
452
466
473
472
464
449
426
397
363
326
285
242
200
157
116
75
39
6
-23
-50
-73
-91
-108
-120
-129
-138
-142
-145
-146
-146
-144
-141
-136
-132
-125
-117
-109
-102
-91
-82
-71
-60
-48
-35
-20
-5
12
30
50
70
93
115
137
160
181
200
218
233
243
251
253
250
245
236
221
203
183
159
135
108
82
55
29
3
-22
-44
-65
-84
-102
-118
-133
-147
-159
-171
-182
-193
-203
-214
-224
-232
-242
-250
-258
-264
-270
-275
-278
-279
-280
-279
-278
-273
-268
-262
-254
-246
-237
-226
-216
-205
-194
-181
-170
-159
-148
-137
-127
-117
-107
-100
-92
-86
-81
-76
-73
-71
-70
-69
-71
-73
-77
-81
-86
-92
-98
-103
-109
-114
-118
-121
-122
-123
-119
-116
-111
-103
-95
-86
-75
-64
-53
-44
-33
-23
-14
-6
0
4
9
13
17
19
20
21
23
24
26
28
30
32
33
37
41
44
47
53
57
63
67
72
76
81
85
88
91
93
95
97
97
99
99
98
98
99
100
99
101
103
105
108
111
113
117
121
124
128
130
132
133
134
134
133
130
128
124
118
112
105
97
88
80
71
61
52
42
33
25
17
10
4
-2
-4
-8
-11
-12
-12
-10
-8
-5
-1
3
10
16
22
29
37
44
51
57
63
66
71
75
77
80
81
83
85
85
85
86
86
86
88
88
89
89
89
89
89
89
88
88
88
87
87
86
84
86
84
83
84
84
84
83
83
82
82
81
80
79
77
75
72
70
66
62
57
52
45
39
30
24
16
7
-3
-10
-18
-27
-33
-39
-44
-47
-51
-53
-53
-53
-54
-51
-50
-47
-45
-43
-41
-40
-39
-40
-40
-41
-44
-46
-49
-53
-59
-62
-68
-74
-79
-85
-91
-96
-100
-104
-105
-106
-105
-102
-96
-89
-79
-67
-52
-37
-17
2
22
43
65
89
111
134
156
176
195
212
227
237
244
247
243
234
219
195
166
130
88
41
-11
-66
-122
-179
-236
-289
-337
-381
-417
-447
-469
-483
-489
-490
-486
-475
-460
-442
-421
-399
-377
-355
-332
-310
-290
-268
-248
-229
-208
-190
-170
-152
-132
-113
-96
-77
-60
-44
-28
-14
0
11
23
33
43
53
61
68
74
80
85
89
93
95
96
96
95
93
89
87
84
78
76
71
68
68
68
69
73
77
84
91
99
109
120
129
140
150
160
168
174
178
182
183
183
183
180
175
170
164
158
150
141
134
123
115
106
96
86
77
66
56
47
36
26
15
4
-6
-17
-28
-38
-49
-58
-69
-79
-88
-98
-106
-114
-122
-129
-134
-137
-142
-143
-145
-143
-141
-139
-134
-130
-126
-120
-116
-111
-105
-101
-97
-95
-91
-89
-87
-83
-80
-76
-72
-64
-57
-50
-41
-31
-20
-9
3
15
26
37
49
60
71
80
90
99
107
115
120
125
129
130
131
130
127
123
119
113
106
100
94
88
84
82
81
83
86
89
95
102
108
115
122
126
131
133
134
134
134
132
129
128
125
123
120
119
119
119
117
115
113
111
106
99
90
81
70
58
46
34
22
11
2
-7
-14
-20
-24
-25
-26
-24
-23
-21
-17
-14
-11
-7
-4
-3
1
4
7
10
15
19
22
27
32
35
39
43
45
46
47
47
45
43
39
34
30
24
17
10
2
-6
-13
-24
-34
-43
-53
-64
-74
-84
-92
-102
-110
-114
-119
-122
-122
-122
-119
-115
-110
-104
-96
-89
-82
-74
-66
-60
-54
-48
-42
-36
-32
-25
-20
-15
-10
-6
0
4
6
9
10
12
12
11
10
7
5
3
0
-4
-6
-11
-14
-16
-18
-21
-23
-24
-26
-28
-28
-29
-30
-31
-32
-32
-32
-32
-31
-31
-33
-32
-32
-33
-36
-40
-42
-47
-53
-58
-66
-72
-79
-84
-90
-94
-96
-96
-96
-94
-89
-85
-79
-72
-64
-58
-50
-44
-39
-34
-31
-29
-26
-25
-24
-23
-22
-21
-20
-18
-16
-15
-14
-12
-10
-8
-6
-5
-3
-2
1
2
5
8
12
16
20
25
32
36
41
46
50
52
54
53
52
50
44
40
33
27
19
12
6
-1
-7
-11
-15
-18
-21
-22
-23
-23
-21
-21
-20
-17
-14
-12
-10
-7
-5
-3
0
1
3
3
4
4
4
3
2
0
-2
-6
-8
-12
-16
-18
-20
-21
-22
-23
-20
-18
-14
-10
-5
1
8
15
21
30
37
43
51
57
63
68
74
79
83
89
92
96
100
103
106
109
110
112
114
114
112
111
109
106
102
97
91
85
78
72
63
57
49
42
35
28
21
15
10
4
0
-4
-7
-10
-12
-13
-14
-15
-16
-15
-15
-14
-14
-14
-13
-14
-13
-14
-16
-17
-21
-24
-29
-33
-36
-41
-47
-51
-57
-61
-65
-69
-72
-74
-75
-76
-76
-75
-74
-72
-69
-66
-65
-63
-60
-59
-57
-56
-55
-54
-53
-54
-54
-54
-54
-54
-54
-54
-54
-52
-51
-50
-48
-46
-44
-42
-40
-38
-36
-33
-30
-28
-25
-23
-21
-19
-16
-13
-11
-10
-8
-7
-6
-4
-3
-2
-1
2
3
4
5
8
10
12
14
16
18
19
21
23
24
25
26
28
29
30
31
32
32
34
33
34
35
34
35
33
33
31
28
26
21
16
12
7
1
-5
-13
-18
-24
-30
-36
-41
-45
-49
-52
-53
-54
-53
-52
-49
-44
-38
-31
-21
-12
0
13
27
42
58
73
90
104
118
131
141
149
155
156
156
152
143
132
117
99
77
52
25
-4
-32
-62
-93
-121
-147
-171
-190
-205
-214
-218
-215
-205
-187
-164
-132
-95
-53
-6
44
97
151
204
254
301
344
378
407
427
438
440
432
416
391
358
321
276
228
176
123
70
19
-32
-79
-121
-160
-194
-221
-245
-263
-275
-283
-286
-286
-282
-274
-265
-253
-240
-225
-211
-196
-181
-167
-153
-139
-126
-113
-100
-88
-76
-64
-51
-38
-25
-11
2
15
29
41
54
65
76
86
93
99
104
107
109
108
107
106
101
98
94
88
83
78
73
67
63
58
53
46
41
35
27
20
13
4
-3
-12
-20
-27
-36
-45
-51
-57
-64
-69
-75
-78
-81
-81
-81
-82
-81
-77
-73
-69
-64
-59
-53
-47
-40
-34
-30
-24
-20
-15
-11
-9
-7
-5
-3
-1
1
2
4
4
6
8
9
10
11
13
13
14
16
16
15
15
14
13
12
10
9
8
5
5
4
2
2
0
-2
-2
-2
-3
-4
-4
-3
-3
-3
-2
-2
0
1
3
4
6
7
8
9
10
11
11
12
11
10
10
9
8
7
6
5
4
2
1
-1
-2
-3
-6
-9
-11
-13
-14
-17
-19
-21
-23
-23
-25
-25
-24
-23
-22
-20
-17
-16
-13
-11
-8
-6
-4
-3
-3
-1
-1
-1
-1
-1
-1
-2
-2
-3
-3
-4
-5
-7
-7
-10
-12
-14
-18
-20
-23
-26
-28
-31
-34
-36
-38
-39
-40
-40
-41
-40
-39
-39
-37
-35
-34
-31
-27
-24
-18
-13
-7
0
6
15
23
31
39
48
55
62
67
73
76
78
79
79
79
76
73
69
64
59
52
45
38
29
21
12
3
-6
-16
-25
-35
-44
-51
-60
-67
-72
-76
-80
-81
-81
-80
-77
-73
-69
-64
-57
-51
-44
-36
-28
-20
-13
-6
1
7
15
21
27
33
40
45
51
55
60
64
66
69
69
72
72
72
72
71
72
71
70
69
67
66
65
63
59
57
53
49
44
39
33
26
20
14
5
0
-8
-14
-20
-26
-31
-35
-40
-43
-48
-50
-52
-55
-56
-56
-56
-56
-55
-55
-53
-50
-49
-45
-42
-38
-35
-30
-25
-21
-16
-11
-7
-2
3
8
12
18
22
26
31
34
38
41
44
46
48
48
49
48
46
44
43
39
36
32
28
24
19
15
10
6
2
-1
-4
-7
-8
-10
-9
-10
-9
-8
-7
-6
-5
-5
-2
-2
0
-1
0
0
0
1
0
-1
-2
-2
-3
-5
-5
-6
-7
-9
-10
-12
-14
-17
-19
-22
-26
-29
-32
-35
-40
-42
-46
-49
-51
-54
-56
-58
-60
-60
-61
-60
-60
-58
-57
-54
-51
-46
-41
-37
-30
-24
-16
-9
-1
7
15
22
30
37
43
50
56
61
65
68
71
74
73
74
72
69
66
62
58
52
46
38
30
21
12
2
-7
-16
-25
-35
-43
-50
-57
-62
-67
-69
-72
-73
-72
-72
-70
-67
-65
-61
-57
-53
-48
-44
-39
-35
-30
-24
-20
-15
-10
-7
-2
1
5
7
10
12
14
14
15
14
12
11
11
9
6
3
3
1
-1
-2
-4
-5
-5
-5
-5
-5
-6
-4
-3
-2
-1
1
1
3
4
7
8
10
12
11
13
14
14
14
13
12
10
8
7
5
2
-1
-3
-7
-9
-12
-16
-18
-20
-22
-25
-27
-29
-30
-32
-34
-34
-34
-35
-35
-33
-32
-30
-28
-26
-23
-20
-16
-12
-9
-5
-2
1
4
7
9
12
13
14
16
17
17
19
18
18
17
17
16
16
14
13
11
9
7
7
5
3
1
-1
-2
-4
-7
-9
-11
-12
-13
-16
-17
-17
-18
-18
-18
-18
-18
-17
-15
-14
-10
-8
-5
0
3
6
10
14
18
22
26
29
33
36
40
42
45
47
50
53
54
55
56
57
57
59
58
57
57
55
54
52
50
46
44
41
37
33
28
24
18
13
7
3
-2
-6
-11
-16
-20
-24
-29
-32
-34
-36
-38
-41
-42
-43
-43
-44
-46
-45
-45
-45
-46
-46
-47
-47
-46
-46
-47
-47
-47
-48
-48
-50
-51
-53
-54
-55
-56
-57
-58
-58
-58
-57
-56
-55
-53
-50
-47
-44
-39
-35
-30
-25
-20
-14
-8
-3
4
11
18
27
34
42
49
57
64
72
81
87
93
99
103
107
111
113
115
115
116
116
114
113
110
106
103
99
94
87
82
75
66
59
50
40
33
23
15
7
-2
-9
-17
-23
-29
-35
-40
-44
-47
-52
-55
-59
-59
-61
-63
-64
-63
-63
-63
-62
-61
-59
-57
-55
-53
-50
-48
-44
-43
-40
-38
-36
-35
-33
-30
-28
-26
-24
-24
-22
-21
-20
-19
-18
-19
-19
-20
-20
-21
-22
-22
-25
-26
-27
-28
-28
-29
-29
-29
-29
-27
-26
-24
-23
-20
-17
-14
-10
-5
-1
2
7
11
16
20
25
28
32
35
39
41
44
45
46
47
46
46
45
44
42
40
37
34
32
27
24
21
16
11
8
3
-1
-5
-10
-13
-18
-23
-26
-30
-34
-36
-40
-42
-44
-46
-47
-48
-48
-50
-49
-47
-45
-43
-41
-37
-33
-30
-26
-21
-16
-12
-7
-2
3
8
12
15
19
22
25
27
30
30
31
31
31
30
30
29
27
26
23
21
19
18
15
13
11
9
7
5
4
4
3
2
2
1
3
2
2
3
4
4
5
5
6
7
7
8
8
9
9
9
10
11
11
11
11
9
10
9
8
7
6
3
2
0
-3
-3
-6
-8
-10
-13
-14
-17
-19
-22
-23
-26
-26
-28
-28
-28
-29
-29
-29
-28
-27
-25
-24
-21
-18
-16
-13
-9
-6
-3
1
3
5
10
13
16
19
21
24
26
29
32
32
34
35
36
36
37
37
36
36
35
34
32
30
29
27
25
22
18
17
13
10
6
4
1
-3
-7
-9
-12
-16
-20
-23
-24
-27
-28
-33
-34
-35
-37
-36
-36
-36
-34
-33
-31
-29
-26
-23
-20
-16
-11
-8
-2
2
6
10
15
18
22
26
28
30
32
31
30
29
27
24
21
17
12
8
4
1
-4
-7
-10
-11
-13
-15
-14
-14
-11
-9
-6
-1
5
10
17
22
28
35
40
45
50
54
56
58
58
57
56
51
47
41
35
27
19
11
2
-6
-16
-24
-32
-41
-47
-53
-57
-61
-64
-66
-67
-66
-65
-63
-59
-55
-50
-45
-40
-34
-28
-21
-15
-9
-2
2
7
11
16
18
21
23
25
25
26
25
24
22
20
17
16
12
8
4
1
-2
-7
-11
-15
-20
-23
-26
-28
-31
-33
-35
-36
-36
-37
-36
-35
-33
-31
-28
-24
-19
-14
-8
-4
1
7
12
17
23
28
32
36
39
42
45
46
47
47
47
45
44
41
38
36
31
28
24
19
16
10
6
3
-1
-3
-7
-9
-11
-12
-14
-14
-15
-14
-13
-13
-11
-10
-7
-6
-4
-2
1
3
4
6
8
9
10
11
11
12
12
11
9
9
7
5
4
1
0
-4
-7
-9
-11
-14
-15
-18
-20
-20
-21
-21
-21
-21
-20
-19
-18
-18
-16
-13
-11
-9
-6
-4
-1
0
2
5
8
9
11
12
13
14
14
15
16
16
16
17
16
15
16
14
13
12
11
10
10
7
6
6
4
1
1
0
-1
-2
-4
-4
-4
-6
-5
-5
-5
-5
-4
-5
-3
-2
-3
-2
-2
-1
0
0
1
0
-1
-1
-2
-3
-5
-7
-10
-12
-15
-19
-22
-26
-29
-33
-35
-39
-43
-46
-49
-52
-54
-55
-56
-58
-58
-57
-57
-56
-54
-53
-49
-46
-43
-39
-37
-32
-28
-25
-21
-17
-12
-8
-5
-2
1
5
7
10
12
14
17
18
19
20
21
21
22
22
22
23
23
23
23
21
21
20
19
18
17
15
15
13
11
11
9
10
8
7
7
7
5
5
5
4
5
5
5
5
6
7
7
8
10
10
10
11
13
14
14
14
15
16
17
17
17
17
18
17
17
17
17
15
15
14
11
10
8
5
4
1
-1
-4
-6
-9
-11
-14
-17
-19
-22
-24
-25
-26
-26
-26
-27
-28
-27
-27
-26
-24
-23
-22
-19
-19
-16
-14
-12
-11
-10
-9
-7
-7
-4
-5
-5
-5
-4
-5
-6
-6
-7
-8
-9
-10
-10
-11
-13
-14
-14
-15
-15
-15
-16
-14
-15
-15
-14
-13
-12
-11
-10
-8
-6
-4
-2
0
2
4
7
9
11
13
16
18
20
22
25
26
27
29
30
31
31
32
32
32
32
30
30
28
27
24
23
21
19
17
14
13
11
10
9
6
5
3
3
0
0
0
0
0
0
0
0
0
0
0
0
0
0
0
0
0
0
0
0
0
0
0
0
0
0
0
0
0
0
0
0
0
0
0
0
0
0
0
0
0
0
0
0
0
0
0
0
0
0
0
0
0
0
0
0
0
0
0
0
0
0
0
0
0
0
0
0
0
0
0
0
0
0
0
0
0
0
0
0
0
0
0
0
0
0
0
0
0
0
0
0
0
0
0
0
0
0
0
0
0
0
0
0
0
0
0
0
0
0
0
0
0
0
0
0
0
0
0
0
0
0
0
0
0
0
0
0
0
0
0
0
0
0
0
0
0
0
0
0
0
0
0
0
0
0
0
0
0
0
0
0
0
0
0
0
0
0
0
0
0
0
0
0
0
0
0
0
0
0
0
0
0
0
0
0
0
0
0
0
0
0
0
0
0
0
0
0
0
0
0
0
0
0
0
0
0
0
