0
0
0
0
0
0
0
0
0
0
0
0
0
0
0
0
0
0
0
0
0
0
0
0
0
0
0
0
0
0
0
0
0
0
0
0
0
0
0
0
0
0
0
0
0
0
0
0
0
0
0
0
0
0
0
0
0
0
0
0
0
0
0
0
0
0
0
0
0
0
0
0
0
0
0
0
0
0
0
0
0
0
0
0
0
0
0
0
0
0
0
0
0
0
0
0
0
0
0
0
0
0
0
0
0
0
0
0
0
0
0
0
0
0
0
0
0
0
0
0
0
0
0
0
0
0
0
0
0
0
0
0
0
0
0
0
0
0
0
0
0
0
0
0
0
0
0
0
0
0
0
0
0
0
0
0
0
0
0
0
0
0
0
0
0
0
0
0
0
0
0
0
0
0
0
0
0
0
0
0
0
0
0
0
0
0
0
0
0
0
0
0
0
0
0
0
0
0
40
56
73
62
62
88
91
72
70
82
75
66
72
80
78
66
52
47
43
25
17
32
32
3
-9
0
-18
-46
-36
-16
-36
-53
-40
-42
-69
-69
-50
-54
-62
-55
-53
-56
-57
-56
-53
-42
-40
-45
-36
-26
-35
-38
-19
-13
-22
-10
1
-13
-18
-7
-6
-7
10
11
-4
-4
-3
-20
-15
9
7
-8
0
3
-27
-29
3
1
-14
4
12
-18
-27
-2
-1
-14
6
21
-5
-14
2
-9
-22
2
13
-4
-2
6
-15
-31
-10
0
-11
-1
16
-5
-28
-22
-13
-13
-4
10
9
1
-13
-25
-13
4
-1
4
29
19
-20
-10
22
5
-2
45
52
10
13
40
20
12
53
66
44
50
54
23
23
54
50
39
58
48
5
-2
16
7
-2
14
12
-15
-32
-35
-38
-33
-27
-29
-26
-28
-45
-52
-28
-8
-18
-18
7
5
-25
-12
31
31
9
31
51
19
-1
27
42
26
25
40
36
17
12
14
16
19
17
17
30
33
6
-7
22
30
-2
4
46
22
-37
-12
35
-15
-61
-4
20
-56
-73
1
-7
-84
-60
9
-24
-67
-15
19
-26
-39
14
30
3
14
48
41
21
34
54
51
45
47
55
62
47
36
55
61
29
33
65
49
23
44
49
18
10
25
14
-6
-9
-6
-20
-52
-66
-58
-77
-116
-98
-80
-129
-148
-111
-128
-162
-117
-84
-123
-115
-65
-73
-71
-12
-1
-15
24
37
9
59
113
65
49
98
73
21
54
77
34
12
14
-15
-36
-33
-52
-67
-53
-63
-87
-68
-56
-102
-112
-56
-43
-80
-48
5
-50
-118
-68
-16
-57
-63
1
-8
-87
-101
-58
-36
-34
-15
32
60
24
4
97
173
131
165
316
313
208
291
399
304
272
426
431
287
302
349
219
151
235
214
94
56
35
-53
-111
-108
-114
-149
-201
-240
-246
-264
-301
-297
-267
-274
-294
-277
-254
-281
-314
-273
-209
-213
-216
-168
-172
-226
-191
-115
-114
-123
-80
-71
-86
-62
-49
-58
-29
-11
-34
-8
42
13
-34
-3
20
-12
1
59
58
15
17
34
22
22
50
64
77
90
61
26
46
79
72
75
114
107
46
47
108
93
49
98
150
109
80
114
116
95
116
154
165
157
142
134
144
140
130
159
183
142
104
136
139
80
87
153
120
49
95
139
61
32
106
87
2
42
114
53
-12
29
32
-50
-50
29
8
-83
-72
-36
-112
-164
-77
-52
-155
-167
-96
-141
-207
-153
-130
-198
-192
-123
-160
-221
-191
-183
-229
-183
-106
-151
-200
-140
-118
-153
-93
-22
-48
-39
29
31
33
97
96
78
168
225
190
223
255
183
184
279
288
254
256
213
152
150
133
81
56
11
-71
-97
-100
-187
-271
-258
-260
-323
-325
-281
-318
-366
-315
-260
-276
-260
-197
-191
-199
-136
-99
-114
-64
-17
-57
-34
49
28
10
100
122
75
126
185
135
130
227
229
177
258
295
168
177
317
257
167
285
287
101
107
220
138
36
71
50
-54
-84
-73
-92
-89
-81
-92
-48
21
17
38
145
223
236
264
327
358
300
259
317
323
201
136
172
129
-3
-27
23
-55
-162
-107
-28
-90
-155
-91
-33
-77
-87
-18
-10
-81
-101
-64
-55
-98
-158
-190
-185
-220
-292
-257
-186
-268
-338
-226
-157
-222
-218
-120
-68
-75
-83
-47
3
-34
-95
-12
94
8
-98
-26
30
-67
-112
-41
-67
-185
-194
-154
-163
-176
-234
-254
-124
-82
-170
-79
69
-8
-62
99
163
39
68
212
149
30
79
100
22
22
79
52
-24
-56
-48
-45
-76
-107
-81
-85
-168
-200
-182
-227
-258
-224
-214
-230
-225
-223
-223
-205
-193
-176
-118
-81
-81
-43
-15
-20
36
83
69
91
131
144
166
183
190
201
217
225
207
226
291
269
234
307
327
255
266
336
323
276
309
348
284
219
252
251
179
205
240
140
123
199
113
54
162
135
32
89
108
23
22
33
-44
-77
-38
-73
-142
-111
-117
-252
-287
-201
-249
-334
-235
-183
-304
-299
-179
-198
-215
-114
-75
-93
-51
-2
-13
-25
41
96
72
74
100
68
53
94
108
74
80
106
17
-72
-35
-78
-170
-106
-103
-222
-211
-196
-277
-246
-180
-185
-109
-11
-19
-11
63
126
168
210
266
345
387
367
363
380
338
280
324
351
252
197
179
61
-17
17
16
-31
-45
-31
-41
-111
-129
-73
-79
-75
13
31
-23
-52
-99
-96
-16
-31
-82
-9
7
-106
-120
-50
-71
-125
-123
-87
-76
-123
-146
-134
-174
-218
-202
-183
-218
-279
-311
-353
-388
-361
-407
-497
-451
-426
-485
-437
-384
-380
-301
-278
-291
-170
-139
-237
-160
-40
-101
-110
-7
-5
-64
-51
11
5
-67
-14
73
2
10
121
61
3
85
81
19
22
32
61
96
92
74
53
51
18
17
188
295
214
300
484
422
362
534
601
489
496
572
498
382
355
302
186
136
129
38
-71
-79
-128
-274
-297
-240
-326
-435
-374
-331
-435
-417
-233
-201
-229
-80
6
-50
51
214
202
209
312
318
283
311
299
279
317
335
362
438
407
323
420
515
463
577
792
749
698
849
875
785
839
882
741
593
555
480
349
303
271
180
188
247
166
119
165
68
-2
124
108
-55
-44
-31
-163
-136
45
56
28
204
309
233
285
365
219
66
34
-94
-297
-375
-374
-441
-467
-388
-375
-398
-323
-282
-287
-240
-194
-145
-131
-200
-190
-151
-195
-159
-81
-75
-50
-36
-26
-1
-90
-160
-105
-139
-211
-231
-283
-315
-391
-517
-477
-461
-618
-625
-543
-640
-733
-705
-697
-710
-721
-708
-638
-601
-634
-629
-541
-475
-510
-473
-307
-322
-415
-254
-165
-264
-147
-14
-75
-24
38
-27
10
36
-52
9
113
37
13
96
39
-40
37
62
26
89
96
23
21
8
-40
-53
-46
-27
-44
-67
-25
-19
-29
2
6
51
78
-30
-37
22
-86
-101
19
-35
-109
-60
-72
-125
-105
-55
-31
-47
-37
-22
-84
-86
-17
-37
-8
88
65
26
48
58
66
16
17
135
53
-63
95
108
-44
50
148
99
82
55
77
118
37
45
151
103
35
85
116
118
124
109
154
186
49
3
155
112
-29
81
137
8
-18
36
81
85
7
64
209
90
-48
102
145
-28
21
189
116
22
40
23
25
5
-48
51
83
-79
-70
17
-80
-121
-46
9
52
48
77
179
152
82
169
259
211
179
277
305
165
162
264
141
57
197
155
34
108
74
-44
7
19
-39
-9
27
58
79
34
28
7
-100
-67
41
-45
-117
-31
-96
-258
-220
-192
-299
-257
-150
-207
-221
-149
-245
-391
-335
-248
-287
-260
-128
-143
-260
-240
-212
-268
-232
-173
-167
-96
-91
-186
-169
-130
-137
-87
-41
60
184
128
125
253
167
122
331
380
329
429
495
502
526
544
589
497
228
47
-147
-495
-732
-897
-1130
-1207
-1163
-1153
-1019
-820
-675
-414
-81
197
388
465
593
717
678
769
978
961
977
1103
976
847
879
734
588
637
576
414
414
438
288
202
262
220
142
125
51
36
10
-125
-47
87
-27
-14
75
-148
-296
-198
-307
-470
-434
-459
-566
-595
-543
-463
-432
-389
-250
-121
-67
-52
-53
-39
-82
-205
-163
41
49
-115
-99
17
-51
-145
-55
-21
-204
-251
-140
-225
-381
-438
-457
-377
-281
-276
-146
69
52
-10
163
238
82
114
314
277
111
90
111
-25
-303
-462
-456
-607
-868
-892
-871
-1072
-1214
-1161
-1085
-1010
-861
-627
-409
-292
-234
-119
59
134
87
166
403
469
378
481
668
602
591
911
1078
952
1009
1188
1131
1048
1157
1267
1301
1269
1201
1242
1252
1118
1033
1020
941
783
647
583
402
90
-68
-101
-266
-531
-692
-696
-783
-1069
-1252
-1284
-1487
-1673
-1615
-1614
-1676
-1603
-1377
-964
-606
-498
-301
47
182
237
471
545
344
238
273
291
275
216
181
211
143
-43
-83
-12
-135
-192
106
382
475
669
1012
1272
1352
1510
1813
1896
1694
1564
1494
1237
944
823
752
476
140
47
-71
-304
-355
-371
-374
-181
-88
-138
-100
-178
-387
-414
-360
-391
-375
-315
-335
-393
-462
-585
-769
-922
-995
-1103
-1181
-1114
-1089
-1125
-1061
-917
-749
-585
-486
-432
-354
-305
-284
-224
-146
-137
-177
-68
65
-39
-143
-164
-283
-320
-274
-429
-720
-1017
-1308
-1473
-1486
-1447
-1375
-1174
-854
-515
-203
34
195
326
443
571
629
550
484
505
455
421
538
565
430
393
423
293
68
3
65
12
-72
-55
-71
-188
-363
-455
-364
-327
-456
-423
-216
-233
-354
-211
-29
-3
34
164
341
388
319
371
468
422
383
543
671
594
582
656
602
574
640
610
616
712
672
656
750
646
526
663
772
733
751
871
846
671
662
706
560
442
384
183
-50
-207
-392
-586
-706
-815
-876
-806
-747
-804
-842
-757
-676
-617
-411
-212
-195
-148
-39
14
93
180
214
319
451
464
442
447
440
422
410
484
562
511
482
493
420
362
330
293
336
378
329
258
201
144
92
55
67
102
88
70
78
37
-16
-25
-13
34
42
-59
-99
-33
-17
-30
5
-7
-54
-35
15
27
-4
-45
-49
-4
18
13
32
-20
-142
-97
40
68
75
47
-80
-136
-95
-22
78
65
-40
-35
30
44
65
86
50
-4
-1
112
213
145
4
-63
-55
34
156
180
100
-1
-81
-52
72
99
-6
-78
-79
-51
29
74
-15
-121
-149
-145
-60
56
15
-129
-204
-180
-112
-58
-12
-27
-138
-184
-114
-78
-88
-101
-162
-173
-77
4
8
-52
-153
-229
-212
-79
38
20
-49
-110
-181
-153
-21
22
-55
-115
-132
-139
-126
-99
-124
-222
-261
-148
-40
-32
-56
-157
-291
-256
-99
-5
20
-29
-167
-218
-126
-37
5
11
-52
-96
-46
28
51
-8
-101
-124
-81
-9
91
114
-21
-140
-59
107
191
199
152
36
-43
51
204
227
141
37
-21
24
116
151
127
62
-34
-49
69
173
144
46
-19
-3
67
149
206
168
46
-8
82
171
166
112
20
-50
-27
34
76
73
-14
-106
-97
-6
86
114
80
49
32
48
151
249
228
153
141
192
265
331
355
339
311
278
298
380
380
271
201
200
193
197
228
198
89
37
102
175
201
206
165
94
63
79
136
183
143
77
62
56
49
71
79
36
-41
-91
-66
-85
-198
-278
-330
-415
-439
-387
-376
-462
-596
-653
-604
-546
-516
-496
-506
-544
-557
-483
-377
-368
-418
-403
-376
-384
-361
-329
-350
-420
-470
-436
-355
-341
-404
-461
-489
-495
-452
-366
-349
-423
-460
-416
-369
-330
-294
-295
-304
-269
-186
-76
-24
-61
-111
-112
-49
53
139
169
124
47
40
122
215
257
222
154
141
184
218
213
145
59
43
103
187
237
165
-1
-83
-39
47
118
137
87
-2
-55
-5
79
65
-13
-37
0
45
81
72
-37
-173
-199
-120
-29
2
-66
-179
-258
-291
-245
-134
-93
-153
-175
-103
-26
6
28
38
29
81
232
383
430
377
310
322
400
486
588
692
692
613
582
599
618
641
657
665
685
707
734
778
809
813
863
999
1121
1110
972
766
518
296
174
128
74
-34
-229
-507
-794
-1025
-1211
-1330
-1347
-1303
-1264
-1253
-1277
-1361
-1484
-1539
-1436
-1203
-932
-715
-586
-526
-513
-525
-513
-423
-267
-83
121
307
390
323
163
40
39
154
313
428
428
299
78
-139
-267
-323
-342
-331
-305
-296
-336
-422
-511
-568
-552
-438
-274
-103
36
85
64
49
86
184
327
465
572
639
668
695
744
770
762
772
807
854
915
951
916
835
763
778
923
1122
1244
1242
1195
1217
1322
1451
1600
1795
1974
2097
2196
2097
1534
616
-158
-354
-29
343
416
113
-609
-1642
-2538
-2847
-2634
-2375
-2275
-2153
-2024
-2155
-2595
-3064
-3277
-3168
-2739
-1949
-1016
-472
-616
-1155
-1512
-1394
-883
-131
705
1344
1548
1373
1096
922
857
885
1133
1644
2160
2318
1991
1357
690
188
25
272
705
912
674
127
-457
-943
-1284
-1387
-1219
-934
-763
-845
-1203
-1780
-2366
-2608
-2320
-1678
-1068
-769
-845
-1166
-1462
-1474
-1129
-596
-115
201
365
379
262
117
90
249
575
990
1333
1403
1126
693
404
430
716
1052
1208
1084
750
363
118
109
234
374
501
572
519
357
202
160
271
553
961
1305
1406
1359
1383
1560
1863
2264
2696
3035
3204
3299
3338
3023
2177
1213
774
1027
1472
1558
1197
449
-677
-1852
-2489
-2390
-2029
-1988
-2234
-2410
-2559
-2952
-3508
-3834
-3737
-3387
-2894
-2188
-1503
-1348
-1805
-2294
-2207
-1542
-712
69
765
1189
1166
896
813
1050
1353
1603
1980
2495
2784
2556
1984
1462
1137
976
1029
1296
1490
1264
633
-35
-484
-773
-971
-997
-846
-728
-905
-1407
-2022
-2542
-2821
-2700
-2184
-1581
-1275
-1381
-1671
-1862
-1804
-1447
-871
-299
76
222
231
193
156
208
448
846
1260
1530
1565
1355
996
723
747
1016
1285
1346
1140
737
284
-21
-67
69
225
302
265
117
-84
-226
-212
-17
325
723
1044
1181
1168
1177
1368
1763
2305
2895
3354
3522
3482
3435
3262
2639
1708
1144
1336
1835
1914
1417
602
-454
-1656
-2504
-2517
-2002
-1815
-2220
-2675
-2877
-3181
-3756
-4142
-3936
-3411
-2970
-2501
-1898
-1593
-1958
-2532
-2462
-1619
-628
106
698
1152
1183
835
677
1051
1605
1940
2202
2615
2893
2611
1932
1422
1276
1255
1287
1493
1675
1367
530
-297
-692
-810
-926
-979
-888
-881
-1214
-1799
-2370
-2830
-3141
-3104
-2619
-1994
-1680
-1799
-2109
-2337
-2315
-1921
-1204
-488
-91
-17
-56
-73
-58
60
375
812
1193
1415
1470
1331
1013
722
722
1019
1330
1398
1179
782
330
-17
-108
37
220
258
146
-10
-164
-285
-283
-76
287
652
908
1058
1153
1267
1497
1925
2498
3034
3362
3487
3590
3705
3485
2664
1642
1177
1478
1910
1822
1236
401
-690
-1906
-2646
-2514
-2036
-2064
-2585
-2933
-3012
-3347
-3995
-4312
-3971
-3423
-3031
-2546
-1915
-1700
-2177
-2653
-2299
-1280
-357
254
824
1279
1247
885
866
1393
1939
2184
2447
2910
3098
2603
1829
1444
1466
1503
1515
1679
1729
1195
223
-494
-674
-709
-865
-947
-865
-955
-1407
-1930
-2269
-2567
-2895
-2941
-2522
-2004
-1836
-1982
-2136
-2184
-2111
-1766
-1126
-496
-197
-151
-77
68
165
277
541
889
1137
1253
1323
1302
1109
896
906
1125
1292
1233
1009
733
445
222
173
265
314
202
21
-94
-144
-163
-91
132
436
683
841
964
1107
1314
1625
2071
2616
3129
3463
3586
3650
3777
3715
3064
2014
1348
1518
2017
2014
1378
507
-502
-1684
-2597
-2673
-2172
-2038
-2584
-3125
-3250
-3441
-4044
-4521
-4272
-3594
-3113
-2758
-2223
-1863
-2176
-2737
-2552
-1475
-368
245
675
1135
1263
935
787
1299
2029
2377
2514
2856
3118
2732
1906
1445
1562
1729
1682
1689
1724
1264
246
-581
-707
-562
-683
-913
-928
-998
-1486
-2096
-2327
-2313
-2485
-2717
-2578
-2160
-1976
-2134
-2244
-2123
-1939
-1707
-1248
-678
-364
-369
-347
-103
174
343
533
798
969
968
961
1045
1081
990
941
1036
1117
1010
778
586
451
331
275
320
335
182
-61
-199
-174
-68
69
273
502
657
729
827
1028
1329
1703
2156
2695
3223
3567
3660
3653
3787
3967
3697
2793
1844
1570
1869
1948
1434
686
-69
-1059
-2181
-2763
-2533
-2244
-2636
-3315
-3529
-3473
-3821
-4433
-4504
-3919
-3397
-3188
-2785
-2139
-1949
-2399
-2582
-1799
-632
58
400
910
1380
1309
1003
1252
2003
2461
2451
2570
2962
2956
2268
1618
1589
1768
1605
1354
1406
1351
629
-373
-818
-719
-775
-1120
-1258
-1161
-1391
-2035
-2447
-2354
-2273
-2540
-2741
-2509
-2181
-2143
-2198
-2028
-1777
-1678
-1524
-1073
-565
-349
-324
-169
116
292
370
535
738
789
736
789
936
957
826
742
749
690
517
377
337
279
144
56
62
25
-138
-282
-257
-115
26
182
398
591
666
725
913
1235
1637
2107
2608
3037
3313
3468
3567
3670
3903
4186
4056
3195
2048
1444
1552
1675
1295
656
7
-889
-2067
-2899
-2914
-2676
-2965
-3533
-3664
-3487
-3727
-4380
-4623
-4171
-3642
-3342
-2837
-2040
-1661
-2037
-2347
-1757
-657
111
558
1161
1736
1720
1336
1425
2086
2567
2585
2690
3107
3188
2538
1796
1627
1733
1551
1276
1339
1372
731
-319
-922
-928
-962
-1254
-1363
-1214
-1360
-1972
-2456
-2409
-2238
-2371
-2544
-2393
-2136
-2107
-2133
-1892
-1518
-1329
-1223
-919
-501
-248
-150
49
361
563
614
683
800
823
758
777
921
1007
927
781
656
511
339
229
233
247
179
75
1
-71
-175
-245
-187
-31
142
324
535
730
861
976
1169
1469
1861
2316
2789
3228
3591
3847
3997
4147
4354
4344
3697
2543
1677
1661
2059
2008
1325
425
-560
-1767
-2852
-3135
-2698
-2501
-3026
-3654
-3829
-3950
-4487
-4954
-4637
-3806
-3246
-2986
-2534
-2042
-2133
-2594
-2384
-1186
95
743
1076
1500
1681
1352
1158
1765
2719
3145
3056
3078
3184
2790
1982
1570
1806
2031
1813
1504
1340
890
-75
-935
-1085
-842
-854
-1127
-1304
-1479
-1977
-2577
-2716
-2360
-2029
-2013
-2118
-2196
-2355
-2521
-2345
-1732
-1069
-719
-635
-604
-582
-545
-317
174
696
961
956
844
691
528
478
637
901
1050
995
785
465
103
-140
-132
60
215
200
46
-185
-438
-590
-515
-229
88
301
418
500
574
686
908
1263
1698
2146
2581
2956
3245
3495
3756
4031
4339
4631
4589
3825
2526
1543
1474
1901
1959
1393
521
-551
-1904
-3104
-3440
-3000
-2736
-3152
-3702
-3895
-4106
-4719
-5208
-4886
-4034
-3407
-3032
-2489
-1992
-2132
-2630
-2432
-1229
102
854
1285
1717
1812
1399
1188
1822
2813
3272
3206
3200
3225
2757
1938
1546
1767
1953
1744
1492
1350
833
-232
-1153
-1316
-1046
-983
-1156
-1298
-1564
-2201
-2865
-2960
-2517
-2104
-2007
-2064
-2178
-2429
-2643
-2429
-1747
-1034
-647
-522
-483
-504
-514
-306
192
733
1031
1063
950
752
538
462
627
907
1076
1030
797
441
63
-171
-147
51
213
207
45
-207
-464
-592
-484
-184
136
366
513
598
647
739
981
1382
1857
2339
2797
3193
3505
3753
3975
4216
4516
4757
4531
3555
2250
1506
1649
2023
1868
1159
203
-1012
-2434
-3414
-3366
-2771
-2681
-3279
-3843
-4061
-4401
-4976
-5107
-4431
-3583
-3170
-2895
-2367
-2001
-2260
-2559
-1955
-587
561
1106
1481
1806
1675
1233
1348
2314
3281
3491
3267
3166
2984
2363
1750
1779
2161
2128
1656
1307
1073
422
-577
-1163
-1060
-858
-1013
-1282
-1462
-1852
-2556
-3018
-2771
-2154
-1826
-1932
-2215
-2525
-2771
-2657
-1987
-1092
-554
-536
-719
-792
-689
-386
145
729
1052
1017
816
648
543
511
627
877
1079
1065
834
486
115
-156
-185
26
263
287
72
-241
-508
-621
-499
-185
130
290
328
366
468
643
915
1283
1681
2055
2417
2783
3145
3501
3846
4134
4370
4593
4641
4110
2928
1779
1472
1911
2201
1775
857
-276
-1671
-3036
-3575
-3052
-2405
-2621
-3459
-4084
-4411
-4865
-5239
-4862
-3871
-3184
-3089
-2959
-2522
-2340
-2612
-2510
-1434
-36
761
1026
1305
1484
1204
949
1548
2773
3524
3388
3004
2797
2439
1846
1645
2087
2449
2103
1421
991
607
-132
-861
-972
-674
-673
-1082
-1458
-1742
-2258
-2847
-2917
-2374
-1845
-1806
-2102
-2459
-2823
-3009
-2634
-1691
-793
-504
-732
-1033
-1138
-967
-449
324
942
1049
743
410
271
309
491
793
1055
1068
819
485
191
-30
-120
-7
215
310
155
-144
-424
-589
-575
-342
6
242
262
191
208
366
646
1030
1453
1806
2060
2310
2654
3100
3568
3943
4189
4393
4580
4452
3637
2367
1498
1570
2096
2196
1619
639
-665
-2245
-3440
-3456
-2580
-2084
-2619
-3556
-4199
-4686
-5186
-5171
-4279
-3235
-2931
-3117
-2996
-2611
-2572
-2696
-2123
-806
301
694
884
1220
1276
925
975
1977
3176
3551
3200
2853
2587
2071
1632
1919
2638
2753
2012
1203
790
367
-277
-602
-354
-173
-607
-1266
-1601
-1817
-2284
-2656
-2409
-1822
-1621
-1921
-2279
-2513
-2759
-2814
-2277
-1315
-634
-606
-907
-1107
-1104
-856
-245
565
1076
998
602
323
286
418
692
1041
1222
1053
685
388
239
167
169
270
355
258
4
-226
-340
-366
-304
-129
78
162
115
108
254
516
822
1154
1474
1711
1880
2127
2566
3173
3766
4142
4250
4243
4246
4060
3400
2482
1977
2148
2424
2141
1338
382
-717
-1992
-2874
-2745
-2031
-1875
-2651
-3615
-4177
-4547
-4849
-4596
-3654
-2868
-2938
-3355
-3280
-2827
-2589
-2398
-1632
-508
121
142
287
788
1073
994
1258
2188
3015
3043
2656
2504
2445
2111
1872
2254
2815
2649
1769
1020
730
460
75
1
240
114
-652
-1418
-1659
-1685
-1881
-2009
-1785
-1558
-1751
-2152
-2334
-2355
-2444
-2415
-1963
-1319
-997
-1083
-1239
-1256
-1159
-873
-287
378
685
536
258
157
253
477
802
1078
1075
777
456
339
377
420
429
398
257
5
-199
-225
-152
-128
-154
-152
-136
-170
-182
-45
215
464
663
869
1067
1200
1343
1652
2142
2688
3206
3644
3864
3815
3716
3759
3693
3171
2427
2081
2212
2203
1665
900
191
-689
-1787
-2462
-2272
-1829
-2040
-2857
-3545
-3903
-4257
-4496
-4115
-3291
-2894
-3197
-3479
-3212
-2784
-2586
-2261
-1464
-676
-450
-454
-55
572
822
810
1182
1926
2350
2250
2172
2353
2345
1984
1843
2221
2518
2174
1546
1219
1052
656
264
294
449
95
-663
-1145
-1199
-1285
-1534
-1579
-1391
-1454
-1890
-2169
-1981
-1712
-1749
-1891
-1838
-1707
-1674
-1556
-1182
-812
-751
-850
-757
-458
-166
80
354
551
516
364
358
527
670
690
672
650
559
413
316
283
209
68
-31
-21
20
1
-63
-128
-195
-234
-157
58
293
425
475
550
700
916
1195
1534
1867
2136
2401
2779
3236
3582
3721
3790
3873
3727
3105
2286
1874
2026
2217
1983
1422
719
-263
-1492
-2318
-2198
-1583
-1431
-1984
-2723
-3348
-3979
-4412
-4099
-3139
-2445
-2556
-2978
-3091
-2989
-2906
-2531
-1604
-658
-358
-499
-389
27
286
415
898
1681
2118
2005
1881
2037
2084
1825
1750
2164
2545
2332
1791
1460
1251
839
469
574
859
641
-69
-643
-868
-1093
-1358
-1303
-1002
-1039
-1549
-1975
-1966
-1814
-1757
-1614
-1356
-1365
-1738
-1966
-1682
-1169
-831
-647
-492
-500
-693
-701
-272
311
619
624
538
410
238
212
481
831
913
699
438
270
145
70
125
247
246
83
-70
-99
-84
-100
-90
-6
80
122
197
363
545
674
800
1006
1269
1541
1824
2128
2424
2697
2957
3200
3421
3609
3592
3110
2227
1511
1451
1846
2094
1906
1331
326
-1064
-2222
-2361
-1582
-895
-1022
-1768
-2702
-3672
-4381
-4222
-3134
-2045
-1865
-2437
-3013
-3289
-3322
-2914
-1894
-789
-391
-695
-963
-795
-452
-99
483
1240
1645
1484
1252
1379
1620
1633
1636
1931
2244
2137
1741
1492
1377
1081
728
728
988
948
450
-89
-420
-713
-987
-942
-608
-515
-935
-1484
-1743
-1769
-1715
-1488
-1133
-1059
-1476
-2002
-2152
-1903
-1479
-979
-525
-425
-779
-1178
-1146
-673
-69
437
722
629
185
-230
-220
185
640
895
893
643
232
-93
-98
163
415
475
361
163
-49
-180
-144
26
171
187
121
80
95
165
308
514
713
844
941
1083
1295
1541
1810
2121
2429
2633
2713
2760
2777
2610
2180
1722
1557
1679
1765
1600
1216
624
-207
-1042
-1406
-1159
-772
-787
-1261
-1930
-2631
-3200
-3294
-2753
-2014
-1737
-2063
-2587
-2945
-3037
-2755
-2025
-1153
-720
-909
-1279
-1341
-1047
-563
57
704
1052
920
622
603
901
1244
1504
1737
1860
1704
1373
1191
1251
1314
1220
1100
1050
922
616
301
147
52
-131
-299
-308
-299
-492
-802
-989
-1039
-1088
-1098
-978
-893
-1088
-1460
-1667
-1603
-1404
-1143
-842
-684
-836
-1119
-1172
-896
-471
-57
248
303
63
-223
-241
49
434
730
851
735
438
190
197
408
628
730
685
498
245
83
90
194
263
244
151
15
-96
-100
8
137
217
268
317
349
401
547
791
1040
1234
1420
1635
1827
1944
2014
2101
2188
2175
1989
1711
1507
1438
1394
1261
1049
774
363
-162
-571
-685
-637
-703
-948
-1264
-1607
-1970
-2209
-2157
-1895
-1718
-1783
-1978
-2135
-2190
-2118
-1858
-1453
-1115
-1010
-1065
-1059
-894
-621
-290
76
373
477
432
434
594
824
1015
1163
1265
1257
1134
1023
1034
1111
1133
1076
995
883
701
498
380
344
279
139
-1
-101
-230
-400
-517
-536
-556
-629
-680
-679
-739
-910
-1079
-1143
-1125
-1051
-894
-713
-659
-757
-854
-821
-667
-425
-127
112
155
35
-60
-6
167
391
610
725
660
488
378
401
495
570
579
476
264
51
-40
-10
34
19
-65
-199
-339
-409
-359
-231
-116
-65
-65
-79
-55
57
251
452
599
692
768
848
954
1104
1271
1395
1448
1470
1489
1467
1352
1161
981
879
848
828
762
601
304
-96
-450
-605
-557
-465
-493
-681
-987
-1333
-1586
-1609
-1408
-1160
-1067
-1180
-1405
-1597
-1647
-1489
-1170
-845
-685
-733
-871
-928
-809
-541
-213
61
180
126
15
4
155
395
614
744
747
634
493
454
537
652
704
659
530
351
193
135
172
216
194
101
-28
-150
-229
-232
-188
-159
-180
-233
-284
-317
-327
-326
-338
-386
-444
-449
-380
-284
-220
-207
-235
-279
-287
-209
-48
113
188
161
84
28
36
114
231
314
301
191
54
-25
-28
4
24
13
-42
-128
-186
-174
-120
-99
-125
-154
-169
-165
-124
-32
54
67
23
4
41
117
216
317
374
356
311
305
366
462
559
630
653
639
632
658
718
782
812
773
678
583
538
552
599
621
564
412
218
65
0
19
70
78
-16
-204
-405
-537
-564
-499
-403
-361
-429
-572
-705
-759
-714
-595
-462
-389
-411
-492
-548
-526
-427
-292
-172
-110
-119
-167
-188
-152
-72
2
37
26
-20
-75
-93
-56
5
48
62
55
40
33
58
115
181
224
239
246
256
278
309
346
378
390
375
349
339
346
351
342
314
257
163
63
10
12
33
42
22
-41
-142
-231
-249
-199
-122
-65
-55
-107
-192
-253
-250
-191
-111
-50
-39
-77
-131
-161
-156
-132
-100
-72
-66
-83
-99
-105
-114
-130
-142
-138
-126
-108
-90
-86
-106
-141
-162
-148
-107
-52
-8
7
-8
-24
-14
33
106
179
227
238
231
242
283
345
416
475
504
503
494
503
530
552
559
552
531
504
479
462
445
406
341
269
203
151
108
67
14
-60
-153
-240
-304
-340
-362
-386
-419
-468
-526
-572
-593
-582
-556
-539
-535
-540
-548
-549
-535
-495
-444
-406
-384
-362
-335
-302
-263
-215
-158
-111
-79
-49
-13
23
51
75
98
117
128
137
149
161
167
161
152
146
144
143
143
146
145
138
127
122
125
129
127
122
115
104
91
87
90
97
97
88
76
61
44
25
13
4
-9
-29
-55
-81
-109
-140
-169
-194
-215
-234
-253
-270
-284
-300
-316
-328
-334
-335
-331
-328
-322
-315
-309
-298
-281
-257
-226
-197
-171
-141
-109
-77
-41
1
45
84
121
154
184
212
238
262
287
307
323
333
339
341
337
332
326
317
305
291
271
248
222
196
171
149
128
106
84
62
40
19
2
-9
-20
-28
-35
-39
-44
-48
-47
-43
-39
-33
-26
-19
-13
-10
-7
-6
-4
-3
-3
-6
-8
-11
-18
-27
-37
-47
-59
-73
-86
-99
-112
-125
-134
-140
-145
-148
-152
-153
-151
-147
-141
-127
-113
-101
-87
-74
-59
-44
-26
-6
16
36
54
69
84
99
115
131
147
162
170
172
172
172
169
165
161
153
140
122
101
81
63
46
26
7
-14
-35
-56
-74
-86
-94
-101
-109
-117
-126
-131
-130
-123
-111
-99
-91
-86
-81
-74
-61
-43
-25
-8
3
9
12
18
28
42
54
62
63
58
50
44
43
43
46
42
34
19
3
-10
-16
-17
-16
-16
-19
-28
-34
-38
-33
-23
-10
4
13
18
21
25
37
51
69
83
93
97
95
95
96
101
106
109
107
100
89
76
66
60
54
47
38
25
8
-5
-16
-25
-32
-38
-44
-53
-61
-68
-70
-70
-67
-64
-61
-59
-58
-55
-50
-42
-34
-28
-21
-18
-15
-13
-10
-4
2
6
7
7
5
1
1
-1
-1
-3
-7
-15
-26
-34
-41
-46
-51
-58
-66
-76
-84
-90
-94
-93
-93
-93
-92
-91
-90
-83
-75
-64
-52
-41
-32
-24
-16
-7
4
16
25
34
37
37
36
37
37
39
37
34
25
16
5
-4
-10
-14
-18
-26
-35
-46
-55
-59
-60
-59
-58
-57
-60
-63
-63
-59
-49
-39
-28
-21
-18
-16
-8
2
15
27
38
44
47
47
48
52
57
62
62
59
51
42
34
29
24
21
15
7
-5
-17
-25
-30
-32
-35
-37
-41
-47
-50
-51
-48
-43
-36
-31
-28
-27
-25
-19
-10
0
8
15
18
19
22
27
35
41
47
49
48
45
43
42
43
43
42
37
29
21
14
8
6
3
1
-6
-12
-18
-24
-26
-24
-21
-18
-18
-18
-19
-18
-13
-6
1
7
12
14
16
17
21
28
35
41
44
43
39
36
36
37
37
36
33
25
16
7
1
-4
-6
-9
-14
-20
-27
-32
-32
-29
-24
-18
-14
-11
-7
-3
5
16
27
38
45
51
54
60
65
71
78
83
86
83
82
78
77
77
76
74
68
61
53
45
38
34
29
22
15
5
-4
-13
-17
-21
-25
-28
-31
-36
-39
-40
-40
-37
-34
-31
-27
-25
-22
-20
-14
-10
-5
-1
3
5
7
9
11
13
15
16
17
16
15
14
12
11
10
9
6
3
1
-2
-4
-6
-7
-8
-8
-9
-10
-10
-7
-6
-2
2
4
8
12
15
19
24
28
32
33
35
35
34
35
35
33
30
27
22
15
10
5
1
-6
-12
-20
-27
-35
-42
-47
-51
-55
-59
-62
-66
-68
-69
-68
-67
-63
-59
-56
-52
-47
-40
-33
-25
-17
-9
-2
5
12
18
25
31
36
39
42
43
44
44
43
42
39
36
32
27
21
16
9
4
-3
-8
-14
-21
-27
-32
-37
-42
-46
-49
-51
-52
-54
-54
-54
-53
-51
-47
-44
-41
-37
-34
-30
-25
-20
-16
-11
-8
-6
-4
-1
-1
2
3
3
2
1
0
-2
-5
-6
-8
-10
-11
-13
-15
-17
-17
-17
-15
-14
-11
-10
-8
-5
-2
2
6
11
15
19
22
25
28
31
33
36
37
37
35
34
33
32
28
25
21
15
10
4
-3
-9
-13
-20
-25
-31
-37
-42
-45
-49
-51
-52
-54
-52
-52
-50
-48
-44
-40
-34
-29
-23
-17
-11
-4
2
8
15
21
25
31
35
39
42
44
46
47
48
48
47
45
42
41
37
34
31
27
23
19
14
11
6
4
0
-2
-6
-8
-11
-12
-14
-15
-15
-16
-15
-15
-14
-14
-12
-10
-10
-7
-6
-4
-2
-2
0
1
2
3
4
5
5
4
4
4
4
3
1
1
0
-1
-2
-3
-3
-2
-2
-2
-2
0
1
2
4
6
9
11
14
16
18
22
24
28
29
32
33
34
36
37
38
38
38
37
35
33
30
28
24
22
18
13
8
4
-1
-7
-10
-15
-18
-22
-26
-30
-32
-33
-35
-36
-37
-37
-36
-35
-33
-31
-29
-25
-21
-19
-15
-12
-8
-4
0
4
6
10
13
15
17
20
21
22
22
22
21
22
21
19
18
17
13
12
9
7
5
2
1
-1
-3
-6
-7
-7
-9
-9
-10
-10
-11
-11
-11
-11
-12
-10
-10
-10
-11
-10
-10
-11
-11
-11
-12
-12
-13
-14
-16
-17
-18
-19
-20
-20
-22
-24
-24
-25
-25
-26
-26
-26
-24
-24
-23
-21
-21
-18
-17
-14
-13
-9
-8
-5
-3
-1
2
3
7
7
9
10
11
12
13
13
13
13
12
11
9
8
7
5
2
0
-2
-4
-6
-8
-11
-12
-14
-15
-17
-17
-18
-18
-19
-18
-18
-18
-18
-17
-16
-14
-13
-12
-10
-9
-8
-6
-5
-3
-2
-2
-1
-1
0
0
0
1
2
2
2
1
2
1
1
1
1
1
1
0
0
0
0
0
1
0
0
0
0
1
2
2
2
3
2
4
3
4
5
5
5
4
5
5
4
3
3
3
2
1
1
1
0
-1
-2
-2
-3
-4
-4
-4
-5
-5
-5
-5
-6
-6
-6
-5
-5
-4
-3
-3
-1
0
0
1
3
3
5
7
7
8
10
10
11
11
12
12
12
12
12
11
10
11
9
9
7
6
5
4
4
3
2
2
1
1
1
1
1
2
3
4
4
5
6
7
8
9
9
12
12
13
14
14
14
13
14
13
13
12
11
10
8
7
5
5
3
2
1
1
-1
-2
-2
-2
-3
-3
-3
-2
-1
-1
0
1
2
3
4
6
7
8
9
9
11
11
11
12
11
11
11
11
11
9
8
8
7
7
6
4
3
3
1
0
1
-1
-1
-2
-2
-2
-2
-3
-3
-3
-4
-4
-3
-2
-3
-3
-2
-2
-2
-2
-2
-2
-1
-1
-1
-1
-2
-2
-1
-2
-1
-2
-2
-3
-3
-3
-2
-3
-3
-3
-5
-3
-3
-4
-5
-4
-4
-3
-4
-3
-3
-3
-3
-3
-3
-2
-1
-1
0
0
0
0
0
0
0
1
2
2
2
0
1
1
1
1
0
0
0
0
-1
-2
-3
-3
-4
-5
-5
-5
-6
-6
-8
-8
-8
-8
-9
-9
-9
-10
-9
-9
-9
-8
-9
-8
-7
-7
-7
-6
-6
-5
-5
-4
-3
-3
-2
-2
-2
-1
-2
-1
0
0
-1
-1
0
-1
-1
-2
-2
-2
-2
-2
-3
-3
-3
-4
-3
-3
-3
-3
-3
-2
-3
-2
-2
-1
-1
-1
0
0
2
1
2
2
2
2
2
3
3
2
2
2
1
1
1
1
0
-1
-1
-2
-2
-2
-3
-2
-2
-2
-3
-2
-2
-2
-2
-1
-1
0
1
1
1
2
3
3
3
4
4
4
5
4
4
3
4
4
3
4
4
2
2
2
1
0
0
0
0
0
0
1
0
0
0
0
1
0
1
1
3
3
4
4
3
3
3
3
4
4
5
5
5
5
4
5
5
4
4
5
4
4
4
3
2
1
0
0
0
1
1
1
1
0
0
-2
-3
-4
-3
-2
-1
1
3
4
3
3
2
0
-1
-2
-1
1
5
8
11
13
14
11
9
6
3
2
3
6
9
13
15
14
12
9
4
-1
-4
-6
-5
-3
0
1
3
1
-2
-7
-12
-16
-18
-17
-15
-11
-6
-2
1
1
0
-3
-7
-7
-6
-5
0
6
12
17
19
19
14
11
7
2
-1
1
3
7
11
12
10
7
0
-7
-13
-17
-18
-16
-12
-5
-1
3
3
2
-1
-4
-6
-5
-4
0
4
8
11
11
10
7
3
-1
-5
-7
-9
-10
-11
-12
-12
-14
-16
-17
-18
-19
-18
-16
-14
-11
-9
-7
-4
-2
3
8
14
20
24
26
24
19
13
6
1
-1
-1
3
7
8
6
-3
-18
-36
-51
-61
-61
-51
-34
-15
3
12
13
6
-7
-17
-20
-15
-1
19
40
54
58
50
31
9
-13
-28
-32
-28
-15
-1
9
12
7
-6
-21
-37
-46
-47
-39
-25
-9
5
16
19
17
10
2
-7
-11
-10
-4
5
15
24
28
27
20
9
-3
-14
-20
-20
-15
-6
4
11
14
10
3
-7
-17
-23
-23
-16
-4
7
16
21
19
11
2
-6
-11
-12
-6
1
8
13
14
9
-1
-12
-21
-26
-25
-18
-8
1
7
6
0
-11
-23
-30
-29
-20
-4
14
29
35
29
16
0
-13
-21
-16
-2
16
32
40
33
17
-8
-31
-47
-49
-39
-18
8
30
42
45
35
17
0
-9
-7
5
26
50
70
79
76
62
40
15
-4
-12
-10
1
13
23
21
4
-28
-68
-110
-143
-159
-157
-140
-114
-88
-68
-57
-55
-54
-48
-30
4
49
100
143
171
178
165
137
104
78
61
57
60
67
66
50
22
-15
-51
-77
-83
-73
-50
-21
-1
7
0
-17
-35
-47
-48
-33
-10
12
27
35
32
23
12
0
-10
-14
-14
-11
-7
0
7
14
17
12
0
-20
-41
-54
-53
-37
-9
18
35
38
24
-5
-37
-57
-53
-25
17
63
94
97
76
38
0
-26
-30
-13
16
43
51
37
1
-43
-74
-81
-65
-31
12
42
51
37
9
-21
-32
-13
27
73
111
121
99
47
-11
-60
-84
-68
-16
45
86
95
63
-14
-103
-166
-188
-165
-96
-6
64
92
72
8
-76
-140
-152
-114
-35
58
135
169
150
85
1
-71
-104
-82
-17
55
109
132
114
63
2
-42
-62
-51
-4
56
100
117
100
51
-10
-56
-80
-86
-70
-29
18
48
54
31
-24
-87
-126
-139
-135
-97
-28
33
70
80
46
-25
-96
-147
-159
-120
-43
39
112
147
122
56
-24
-106
-159
-141
-64
20
96
165
187
138
51
-30
-101
-132
-84
7
79
126
149
113
31
-44
-103
-144
-124
-46
23
62
86
57
-15
-58
-63
-79
-81
-39
-3
5
24
29
-20
-65
-60
-36
-1
45
56
10
-34
-50
-59
-50
-7
43
70
77
59
-7
-88
-111
-70
-20
36
92
90
39
14
-3
-59
-98
-87
-75
-52
15
67
64
62
72
48
10
-3
-24
-46
-13
50
82
98
98
46
-31
-84
-115
-126
-100
-64
-30
8
39
41
37
45
28
-18
-41
-38
-41
-20
55
114
104
81
74
28
-50
-86
-89
-85
-23
74
113
116
124
77
-20
-66
-74
-101
-77
29
108
113
109
78
-28
-132
-149
-113
-72
-19
54
116
119
67
3
-59
-109
-96
-13
62
86
78
59
26
-18
-62
-89
-78
-55
-36
5
40
30
20
30
16
-2
11
-4
-26
27
105
121
138
162
81
-35
-37
-10
-42
-9
120
151
65
45
67
-33
-161
-144
-91
-123
-77
94
147
40
-16
-43
-177
-268
-189
-107
-68
53
166
123
23
-65
-206
-315
-276
-171
-64
88
197
161
73
-23
-160
-228
-149
-30
85
240
322
226
92
31
-39
-92
-1
179
289
339
421
472
415
347
367
395
371
375
418
400
314
228
150
42
-105
-274
-409
-463
-484
-495
-449
-384
-404
-472
-482
-499
-581
-600
-497
-382
-285
-175
-99
-105
-151
-197
-230
-217
-126
20
135
177
198
195
107
16
32
69
69
157
316
366
303
240
154
31
-37
11
122
187
192
224
239
125
7
49
109
68
129
324
377
296
327
352
189
64
105
80
-14
52
147
68
17
106
92
-66
-113
-71
-115
-131
0
80
6
-49
-68
-193
-294
-218
-165
-217
-162
-67
-151
-242
-182
-176
-243
-197
-130
-161
-172
-166
-232
-231
-123
-110
-147
-62
-27
-153
-183
-43
13
-19
56
124
-2
-147
-132
-89
-82
23
174
178
80
30
-5
-67
-38
108
209
235
278
270
152
56
17
-48
-47
64
101
69
129
155
16
-59
20
9
-82
-14
122
89
38
157
231
98
-5
19
-24
-90
12
114
65
74
161
109
38
86
28
-141
-110
42
59
69
173
171
36
-46
-40
-37
-75
-120
-92
10
48
-9
-23
-7
-142
-351
-379
-288
-268
-218
-81
-46
-139
-220
-275
-305
-267
-236
-237
-147
-20
-29
-78
-19
-15
-160
-222
-113
-42
-53
17
106
54
-21
4
-12
-98
-105
-64
-57
12
110
91
41
60
26
-78
-76
18
69
96
139
129
74
40
17
-19
-33
0
20
49
147
166
12
-50
41
11
-34
155
292
162
87
177
176
109
154
186
112
88
151
181
172
140
66
-14
-81
-117
-72
35
113
105
35
-65
-182
-249
-196
-111
-84
-70
-51
-43
-52
-102
-150
-157
-192
-221
-131
11
92
116
71
-11
-53
-88
-111
-32
62
44
43
97
55
-17
8
-9
-101
-113
-64
-19
61
131
128
57
-53
-101
-59
-40
-47
-12
-2
-41
-44
-60
-167
-249
-229
-222
-212
-108
-52
-137
-209
-257
-323
-268
-147
-134
-89
17
-57
-196
-93
49
20
102
301
252
123
250
340
231
254
363
300
274
401
418
335
332
314
229
187
170
144
140
120
76
35
-9
-26
-15
-54
-90
-32
35
72
177
306
353
365
387
395
412
435
404
360
333
216
67
65
43
-176
-334
-314
-413
-614
-615
-555
-702
-767
-538
-428
-544
-486
-353
-440
-455
-219
-103
-174
-121
9
3
-7
121
182
77
35
136
212
210
240
289
241
177
214
227
155
143
178
154
133
168
144
55
6
-32
-99
-94
-16
22
25
-2
-95
-166
-158
-158
-171
-74
53
14
-44
56
58
-95
-44
111
53
12
169
215
91
79
161
143
89
135
185
148
145
226
246
183
187
228
160
113
201
186
52
91
153
-20
-127
-36
-67
-186
-158
-134
-206
-222
-205
-231
-209
-172
-205
-192
-113
-122
-141
-63
-51
-138
-139
-84
-78
-66
-25
-8
-6
1
2
-7
-22
-39
-31
-11
-10
12
67
56
3
6
-40
-129
-53
80
40
-14
33
2
-88
-38
38
-13
-50
-56
-117
-67
50
-9
-38
71
-21
-184
-83
-24
-161
-110
57
-28
-156
-80
-104
-261
-217
-104
-138
-107
-18
-67
-98
-68
-181
-252
-100
-23
-99
-52
46
-39
-175
-132
-23
-56
-112
-22
72
43
14
36
4
-57
-20
69
92
94
97
39
8
89
115
38
52
117
44
5
135
159
39
57
139
108
95
127
116
98
81
49
78
127
89
55
115
113
-7
-39
22
15
21
140
203
113
-2
-49
-55
-51
-15
79
125
47
6
23
-67
-133
-41
-3
-43
36
94
12
-10
33
-28
-95
-56
-2
14
-6
-34
30
71
-46
-81
52
38
-87
-35
63
-10
-83
5
65
-25
-62
35
36
-92
-103
-1
-20
-97
-31
33
-58
-92
-14
-48
-126
-90
-59
-107
-123
-61
-9
-45
-54
33
1
-118
-62
21
-65
-65
87
107
14
30
70
-15
-81
-36
-15
-4
46
52
74
97
-44
-158
-87
-45
-39
62
144
133
50
-61
-60
-3
-10
35
125
116
65
24
-22
-17
18
21
42
83
92
18
-86
-60
31
-3
-25
78
90
-17
-34
7
-47
-128
-59
79
74
35
102
53
-115
-102
-37
-111
-66
88
78
50
109
37
-112
-99
0
-23
-71
56
153
22
-44
30
-43
-129
-80
-92
-56
93
68
-18
64
41
-128
-105
34
27
-8
46
50
-13
11
66
39
31
43
-48
-92
4
37
-4
76
153
14
-109
-4
35
-113
-84
87
45
-56
17
36
-59
-59
-40
-75
-42
-25
-78
-20
54
-9
4
104
43
-64
-47
-27
-25
42
106
84
28
-10
-31
-38
-16
12
8
14
56
32
-64
-63
25
13
-31
48
94
-8
-49
14
5
-8
56
76
46
24
-24
-56
-49
-26
9
14
28
86
44
-76
-76
1
3
-26
39
120
68
-28
-18
9
-35
-53
15
65
25
-1
41
40
-26
-43
14
40
-1
3
78
35
-81
-20
82
10
-17
83
65
-39
-49
-16
4
17
18
32
33
3
-16
-52
-74
-4
36
-9
8
54
2
-52
2
42
-19
-50
-4
21
20
30
14
-10
-19
-49
-36
61
58
-57
2
140
42
-48
62
25
-104
-7
116
92
63
12
-52
-73
-94
-34
64
25
-13
16
-42
-61
-30
-92
-63
49
2
-32
46
9
-80
-67
-32
-5
-3
-16
28
33
-30
-21
-3
-41
1
75
51
40
50
-37
-92
6
47
-32
4
84
-14
-96
-39
-58
-106
-39
16
36
81
20
-78
-40
-25
-73
16
122
62
-15
-28
-43
-48
-57
-52
26
54
-13
-24
3
-42
-90
-51
15
45
57
56
-2
-55
-45
-60
-60
66
140
35
-30
-7
-51
-70
-23
-17
52
126
33
1
52
-83
-159
1
40
-22
78
127
4
-64
-77
-92
-41
-21
-36
54
91
-4
-28
-26
-95
-116
-65
13
69
43
33
35
-34
-16
24
-80
-35
148
43
-92
94
154
-48
-43
69
-54
-153
-40
50
36
34
44
1
-83
-117
-61
3
7
10
22
-9
-36
-14
-7
6
45
-4
-78
2
92
9
-15
118
68
-96
-10
98
-13
-30
74
23
-54
26
44
-58
-8
90
-13
-27
125
21
-132
17
65
-89
7
168
21
-111
7
32
-102
-63
83
48
-41
19
70
4
-29
-4
-1
7
4
-13
36
76
18
-9
33
-10
-81
-36
14
10
30
-22
-81
19
60
-40
-15
39
-47
-92
-23
47
59
36
46
43
-6
-42
-43
13
30
-29
48
146
43
-3
39
-66
-133
-44
18
42
53
47
58
20
-58
-57
-36
-32
43
100
75
65
36
-42
-55
-38
-35
35
58
-24
23
90
-53
-102
41
5
-66
57
48
-68
1
23
-77
-21
65
10
-4
31
-8
-25
6
-19
-11
87
90
1
-20
-7
-20
-46
-55
37
109
9
-26
42
-23
-88
-27
-5
10
39
3
35
71
-51
-85
21
-15
-59
86
136
1
-34
13
-29
-41
22
41
48
28
-38
12
73
-24
-65
11
17
-9
18
38
1
-57
-30
11
-48
-24
81
-7
-92
54
70
-108
-61
86
-6
-69
53
43
-68
-44
0
-10
-1
-14
1
37
-45
-75
63
52
-91
-39
55
-3
-25
37
19
-80
-59
50
16
-31
57
20
-86
-8
47
-19
-46
-34
8
6
-54
26
89
-53
-91
20
5
-56
-14
45
39
3
15
29
9
11
-43
-107
-28
29
1
50
71
6
-27
-77
-84
4
-4
-44
42
87
19
-17
16
32
-34
-81
-28
14
33
80
89
45
-17
-58
-23
-8
-52
-32
28
41
35
29
10
-56
-105
-39
-4
-26
57
79
-35
-10
69
-28
-92
18
83
-14
-64
39
54
-57
-21
110
75
-49
-59
-1
-43
-93
17
85
9
13
48
-1
-13
-25
-59
-44
-38
1
97
75
25
57
-24
-138
-61
13
-37
-18
92
96
-5
-18
32
-25
-93
-31
34
21
16
48
76
28
-53
-25
7
-86
-89
46
33
-41
40
57
-57
-59
-14
-50
-42
3
16
35
33
25
33
-11
-42
17
19
-59
-11
85
10
-42
82
70
-106
-84
36
-44
-116
19
109
22
-5
43
-23
-95
-49
-3
27
66
49
25
16
-12
-24
-23
-13
24
8
-4
90
92
-38
-36
10
-84
-75
55
33
0
58
-5
-85
3
74
10
-42
11
44
-36
-64
42
54
-44
3
80
-33
-91
32
28
-31
80
111
4
5
24
-38
-29
24
9
-36
-22
32
2
-35
26
16
-72
-47
-5
-15
3
-32
-65
16
-3
-119
-31
96
-10
-75
68
96
-35
-34
39
25
7
8
25
75
4
-106
-8
84
-23
-53
75
86
-52
-101
-16
3
-71
-67
50
92
-15
-76
-10
-20
-60
29
69
17
40
23
-45
29
74
-43
-69
29
17
-58
-2
112
70
-63
-40
79
47
-83
-65
24
-28
-84
6
33
-50
-46
-31
-52
17
14
-102
-54
65
8
-44
39
88
-6
-98
-2
87
-31
-79
42
55
-5
42
84
20
-69
-94
-58
-27
-17
7
21
-7
-1
0
-80
-63
32
-39
-52
120
100
-25
47
79
-46
-79
6
37
-35
-45
44
11
-57
22
19
-70
-43
-40
-67
22
63
19
26
28
-2
-22
-31
3
24
-1
27
56
17
-31
-28
25
18
-43
13
41
-69
-79
-1
2
0
11
12
-12
-52
-16
14
-11
47
46
-56
-10
26
-68
-14
73
-25
-67
36
61
-21
-43
20
9
-55
14
91
11
-48
7
8
-58
-20
88
52
-46
7
31
-60
-27
48
-15
-16
59
16
-39
-7
-5
-49
-22
88
92
-23
-14
45
-31
-30
55
2
-26
19
-54
-75
37
43
13
56
7
-68
-17
27
4
8
26
24
30
34
10
-8
17
21
-37
-11
97
25
-127
-29
88
-35
-64
87
35
-142
-99
45
51
16
66
115
47
-48
-33
14
-8
-11
14
18
39
32
-13
-15
-37
-73
-22
29
43
51
-22
-88
-8
62
12
-19
23
-26
-123
-11
161
105
18
33
-38
-130
-57
57
30
-28
42
76
-31
-43
28
-33
-67
37
79
63
83
50
-25
-77
-86
6
57
-12
26
65
-71
-78
59
40
-26
-6
18
0
-63
-29
104
88
-8
-12
-9
-18
-22
-19
37
32
-19
32
26
-52
-19
-28
-71
43
57
-38
71
94
-105
-55
125
25
-89
2
48
-45
-90
-10
55
20
-17
-7
28
47
-4
-33
21
27
-21
-6
62
65
-36
-136
-141
-74
0
24
36
81
54
-39
-18
48
-9
-76
-10
85
72
16
25
44
-31
-146
-106
48
35
-55
42
97
-32
-52
6
-50
-52
19
-14
-24
76
77
-36
-21
69
15
-49
26
36
-45
-11
40
-26
-43
32
29
-68
-99
-11
16
-71
-19
137
80
-57
-23
5
-48
-44
-12
6
53
73
17
-8
25
-25
-111
-30
75
31
13
54
6
-66
-69
-30
2
9
28
26
-37
-38
6
-34
-58
-1
20
5
5
-16
-29
-13
-12
-17
-6
41
107
77
11
36
8
-106
-95
25
62
5
6
52
-41
-114
19
24
-97
2
80
-21
-17
48
46
41
-19
-56
8
-11
-87
-30
77
73
24
33
17
-77
-90
-44
-66
5
134
45
-52
30
2
-104
-40
22
-31
-18
54
53
18
22
5
-44
-44
-7
2
-2
-4
1
-3
-10
38
79
34
-15
-55
-98
-57
16
64
99
68
17
-21
-102
-95
-2
-13
27
152
70
-20
97
40
-143
-22
96
-61
-59
117
45
-112
-54
30
-21
-60
10
36
-32
-14
58
20
8
66
7
-71
-14
27
11
25
31
4
-35
-54
-12
43
60
53
7
-44
-46
-59
-50
31
60
28
28
22
-11
-36
-50
-15
40
58
90
94
-10
-67
-25
-39
-60
22
72
33
2
-12
-6
-25
-83
-36
39
-32
-38
70
29
-40
20
44
3
-10
11
32
-14
-26
83
83
-28
-1
19
-89
-91
-6
-6
3
52
14
-49
-22
5
-23
2
36
-22
-29
29
11
19
73
21
-34
0
-2
-57
-47
49
51
-78
-27
132
-7
-186
-34
86
-36
-56
115
135
-54
-85
90
60
-96
0
96
-42
-73
46
21
-70
-27
32
-29
-71
14
35
-55
-39
20
-17
-10
35
15
-6
-18
-28
2
-13
-39
29
65
-2
-35
7
9
-48
-43
24
11
-28
14
27
-34
-47
-9
14
20
-4
-12
7
-30
-58
10
36
-24
-9
60
20
-43
18
46
-50
-45
76
77
-4
5
21
-58
-93
-8
14
-39
6
21
-70
-24
72
-17
-75
10
6
-66
-38
53
93
50
-26
-64
-53
-36
-45
-12
82
89
8
-18
-31
-68
-78
-89
-12
147
82
-72
11
20
-154
-101
86
90
38
53
50
-4
-53
-28
21
19
27
33
15
46
38
-57
-55
14
-4
4
55
15
-43
-44
-60
-35
69
81
-42
-96
-30
-24
-56
45
141
32
-100
-76
-22
-14
-14
-16
25
56
-35
-86
-5
-48
-160
-25
141
64
-19
6
-58
-117
-3
85
34
18
54
12
-30
3
4
-38
-20
20
9
12
27
-21
-68
-28
31
28
17
37
32
-16
-48
-25
21
17
-12
37
78
-9
-70
-26
-6
-16
17
46
30
-16
-29
-7
-15
-36
-26
-9
-3
3
6
-31
-66
-10
34
-13
15
77
-14
-93
-40
-23
-21
51
74
48
65
44
-20
-28
-4
-6
29
110
132
71
38
31
-34
-90
-61
-3
26
41
97
135
30
-66
-25
-33
-95
-27
83
101
77
57
26
-18
-50
-45
-41
-39
4
28
-5
-2
22
-43
-93
-35
-27
-96
-93
-13
62
78
48
46
40
-41
-103
-42
43
49
54
108
96
2
-51
-44
-39
-30
29
62
32
43
43
-36
-51
-7
-18
-6
26
24
31
16
-23
8
45
14
-5
30
61
41
13
37
28
-18
56
157
96
45
73
-1
-62
18
48
5
-5
-20
-3
54
28
-73
-127
-128
-117
-39
104
148
83
49
17
-24
9
29
-17
8
123
156
88
74
57
-86
-179
-91
2
-5
-9
59
78
-17
-40
36
15
-34
26
98
134
145
118
133
142
28
-45
25
36
-39
-26
48
26
-86
-133
-101
-140
-237
-231
-128
-92
-162
-183
-139
-196
-268
-197
-141
-160
-159
-170
-173
-120
-104
-152
-183
-141
-104
-176
-189
-50
-42
-183
-150
-4
-16
-99
-60
6
-38
-92
-17
116
136
37
-17
12
15
-6
16
38
21
-50
-131
-94
-8
-58
-139
-102
-35
5
35
60
140
190
136
174
326
338
206
167
251
282
245
300
367
302
250
265
285
347
364
338
424
497
441
362
253
136
95
68
44
58
36
-71
-184
-195
-147
-199
-278
-201
-91
-121
-171
-137
-119
-181
-233
-195
-145
-153
-151
-112
-96
-88
-75
-108
-88
28
51
-7
76
173
92
33
107
120
32
-15
27
78
75
60
65
32
-43
-127
-162
-102
-92
-174
-140
-58
-133
-213
-210
-269
-352
-350
-289
-226
-201
-212
-246
-267
-260
-288
-298
-208
-167
-193
-133
-81
-102
-88
-95
-119
-36
8
-61
-22
80
14
-59
60
140
51
19
56
28
1
15
44
88
62
-6
23
79
45
-6
25
78
62
70
165
185
96
71
93
79
89
107
71
64
117
122
77
80
76
-17
-67
38
129
86
64
119
101
33
26
63
77
45
40
138
214
156
88
113
147
98
52
114
165
124
136
213
200
132
74
35
55
93
79
88
148
130
36
-10
3
-11
-71
-90
-26
19
-22
-50
-31
-83
-198
-222
-160
-137
-170
-212
-234
-223
-241
-289
-290
-292
-355
-393
-341
-226
-156
-193
-207
-113
-57
-65
-1
113
148
152
257
410
473
462
449
429
423
454
494
534
557
521
484
472
421
378
380
325
263
317
344
238
191
233
187
91
84
98
57
28
36
24
0
-7
-18
-16
-4
-68
-148
-119
-91
-125
-119
-87
-120
-142
-103
-81
-122
-185
-217
-205
-145
-80
-75
-94
-97
-146
-215
-188
-125
-143
-169
-84
22
17
-41
-52
-72
-134
-152
-83
-15
-20
-82
-150
-190
-201
-226
-284
-312
-312
-346
-360
-287
-235
-276
-328
-332
-276
-186
-157
-154
-78
-22
-46
23
179
203
122
98
130
161
203
239
268
289
266
229
233
233
160
57
63
164
180
92
32
-28
-144
-210
-174
-131
-159
-226
-255
-251
-245
-251
-293
-331
-305
-288
-324
-324
-289
-317
-373
-341
-269
-303
-381
-375
-363
-416
-432
-395
-405
-455
-461
-438
-449
-463
-422
-370
-348
-290
-167
-63
1
90
178
225
277
350
414
471
505
521
550
556
528
516
482
367
278
290
285
215
175
127
-28
-172
-181
-182
-242
-256
-261
-353
-427
-381
-344
-386
-369
-248
-198
-229
-164
-60
-82
-103
31
171
192
191
212
187
140
172
268
323
301
249
197
151
145
203
270
293
279
272
273
251
243
298
332
295
312
383
367
316
350
375
312
281
326
335
288
274
287
252
201
200
203
167
149
159
141
109
102
97
83
88
112
109
76
52
32
6
9
41
45
34
40
18
-31
-44
-37
-43
-20
28
40
5
-30
-56
-92
-99
-45
6
11
-4
-31
-52
-58
-67
-69
-60
-78
-91
-47
1
-1
-31
-67
-122
-163
-147
-80
-26
-11
-3
3
-28
-58
-39
-2
21
72
155
199
197
212
231
191
144
162
174
134
141
195
179
115
82
26
-77
-143
-167
-184
-175
-152
-174
-239
-313
-399
-474
-503
-504
-505
-491
-491
-508
-477
-446
-479
-496
-468
-457
-436
-349
-243
-187
-173
-152
-131
-125
-97
-53
-34
-24
-10
-16
-4
49
68
29
1
-16
-67
-100
-67
-28
-25
-16
3
-12
-45
-68
-101
-122
-81
-11
28
62
101
94
49
45
89
119
129
174
246
267
234
217
212
175
133
143
173
149
91
66
66
59
49
39
6
-29
-52
-72
-63
-29
-19
-31
-25
-7
-20
-68
-114
-118
-82
-50
-21
19
20
-42
-85
-77
-72
-90
-86
-61
-51
-44
-14
-3
-42
-90
-113
-124
-121
-86
-32
-2
-4
-16
-36
-67
-96
-116
-110
-68
-4
50
72
59
23
-21
-56
-45
14
63
85
113
134
117
81
54
43
41
47
71
105
116
108
100
77
39
14
7
2
12
44
76
82
72
60
44
16
-14
-27
-14
9
29
44
39
5
-38
-78
-104
-90
-61
-63
-62
-23
-5
-34
-52
-55
-82
-95
-64
-33
-17
0
8
11
29
39
14
-14
-11
13
47
100
136
120
79
49
35
39
50
67
85
90
81
79
80
70
52
54
81
99
98
105
126
131
117
107
107
101
80
64
78
99
86
56
45
42
18
-8
3
30
28
19
39
50
32
10
8
7
12
29
43
50
52
39
20
19
29
36
43
58
71
73
65
57
69
87
90
92
107
97
67
66
92
97
83
80
75
50
21
13
19
20
20
26
31
21
-7
-38
-44
-30
-18
-8
7
0
-35
-63
-60
-41
-22
-13
-14
-22
-37
-47
-30
6
25
11
-5
-10
-20
-35
-27
-4
11
20
33
41
25
-11
-42
-45
-24
5
26
34
26
4
-24
-33
-17
-8
-13
-4
30
49
44
40
41
24
0
1
13
7
-7
-12
-12
-6
1
-15
-43
-61
-72
-79
-59
-16
7
0
-9
-12
-21
-33
-27
-8
13
32
46
45
30
5
-27
-41
-21
8
15
14
10
-16
-55
-71
-60
-44
-35
-20
-2
6
-3
-21
-29
-25
-15
6
44
78
69
38
22
18
18
29
45
43
30
18
8
-6
-12
-21
-37
-38
-17
-7
-22
-33
-34
-35
-28
1
29
32
17
6
9
19
28
30
25
16
2
-11
-17
-24
-46
-73
-85
-81
-71
-61
-60
-69
-83
-95
-93
-80
-64
-55
-47
-32
-19
-16
-25
-36
-51
-61
-49
-23
-1
-1
-19
-40
-57
-72
-73
-57
-41
-33
-22
-13
-15
-28
-47
-61
-54
-30
-9
-3
-2
-20
-55
-75
-64
-46
-43
-39
-33
-35
-41
-35
-26
-21
-18
-19
-18
-5
4
-5
-13
-8
-4
-16
-26
-27
-39
-57
-52
-23
0
-4
-23
-41
-54
-56
-38
-6
24
36
33
32
33
30
17
15
34
64
90
108
116
102
63
26
11
20
32
47
71
88
79
47
16
-7
-27
-30
-3
35
58
58
50
33
6
-20
-27
-19
-7
11
33
49
46
23
-10
-37
-50
-47
-32
-7
14
18
5
-9
-23
-40
-49
-45
-28
-9
4
14
12
-4
-27
-44
-48
-39
-21
-5
7
9
4
-4
-10
-14
-20
-24
-19
-7
8
24
35
31
10
-10
-19
-15
-1
24
48
62
58
40
19
2
-12
-14
4
29
45
46
37
23
1
-15
-15
-6
2
6
14
21
21
12
-4
-25
-44
-55
-53
-35
-11
7
7
-8
-30
-55
-75
-76
-54
-23
2
14
10
-14
-49
-71
-69
-48
-17
11
25
20
1
-20
-30
-26
-14
2
16
22
19
9
-4
-16
-21
-16
-9
-2
3
0
-10
-16
-17
-17
-14
-5
-2
-6
-7
-6
-6
-4
2
9
13
16
18
21
19
18
20
25
28
27
25
19
10
3
1
4
2
-6
-12
-22
-28
-26
-17
-6
-2
-7
-18
-30
-36
-32
-18
2
22
27
18
3
-13
-24
-20
-2
24
43
46
34
10
-18
-37
-36
-20
1
14
15
4
-21
-46
-59
-56
-44
-23
-5
6
5
-7
-23
-33
-32
-21
-4
12
19
18
9
1
-6
-6
-6
-5
0
2
0
-3
-3
-4
-5
-5
-4
-3
-5
-7
-2
6
17
25
32
28
18
6
1
5
15
27
39
41
34
19
4
-7
-5
7
22
34
37
26
8
-9
-17
-15
-4
9
22
29
27
21
15
10
12
17
26
34
40
43
39
36
33
29
24
19
18
20
25
31
34
36
31
21
11
1
-4
-5
-1
8
18
26
25
16
4
-10
-17
-15
-2
18
38
49
47
32
8
-14
-23
-17
4
29
49
56
42
20
-6
-24
-28
-18
3
25
38
39
26
6
-12
-25
-25
-13
4
19
27
26
17
1
-14
-23
-25
-18
-7
3
10
12
8
1
-6
-9
-9
-6
-1
6
10
12
14
12
7
2
-3
-7
-7
-3
5
14
22
23
16
2
-11
-21
-22
-15
-1
13
18
15
2
-14
-29
-35
-28
-14
3
13
15
8
-5
-20
-28
-29
-21
-11
-1
7
8
3
-5
-12
-18
-19
-16
-10
-3
1
4
3
-3
-9
-16
-20
-21
-19
-14
-10
-6
-5
-8
-15
-22
-26
-29
-28
-23
-16
-11
-8
-9
-12
-14
-16
-16
-13
-9
-6
-4
-1
0
2
2
2
0
-2
-6
-8
-7
-4
1
6
7
4
-4
-12
-20
-23
-20
-13
-6
-1
2
-3
-12
-21
-27
-29
-24
-16
-6
-3
-4
-11
-18
-25
-27
-25
-20
-14
-8
-6
-7
-10
-13
-16
-15
-14
-11
-9
-7
-5
-3
-1
1
2
0
-1
-3
-4
-3
0
3
6
7
5
0
-5
-11
-14
-13
-9
-4
-1
-1
-5
-11
-14
-15
-13
-7
-1
4
7
5
4
3
2
3
6
8
10
8
6
6
5
4
5
5
5
3
1
-2
-2
-2
-2
0
3
3
3
1
1
2
2
6
9
12
14
16
16
15
11
7
4
4
4
4
4
3
2
0
-2
-4
-5
-7
-7
-5
-3
-1
0
1
0
-2
-4
-6
-6
-4
0
5
9
10
9
5
-2
-5
-4
-1
5
10
13
12
7
2
-2
-2
2
11
19
25
26
24
19
14
15
16
21
29
34
36
35
31
26
24
23
23
27
30
31
30
27
24
19
15
14
14
16
18
19
20
19
16
12
8
5
2
2
2
3
4
2
-1
-4
-9
-12
-14
-13
-11
-7
-4
-4
-5
-9
-12
-15
-15
-15
-11
-7
-4
-3
-4
-6
-9
-14
-14
-13
-10
-5
-3
-5
-7
-12
-18
-21
-21
-19
-14
-10
-7
-7
-11
-14
-16
-17
-15
-11
-7
-5
-6
-7
-11
-14
-14
-13
-13
-11
-12
-11
-12
-13
-15
-15
-15
-15
-15
-16
-16
-17
-17
-16
-16
-16
-17
-19
-21
-23
-22
-21
-19
-17
-16
-15
-17
-19
-21
-20
-19
-17
-14
-13
-12
-13
-16
-19
-19
-18
-15
-13
-9
-8
-8
-9
-12
-14
-14
-13
-12
-10
-10
-10
-12
-14
-16
-16
-14
-11
-9
-8
-7
-8
-9
-9
-9
-6
-5
-4
-3
-5
-5
-6
-5
-3
-1
0
1
0
0
0
0
1
3
4
4
3
2
-1
-2
-2
-2
-1
0
1
-1
-2
-4
-5
-5
-5
-4
-2
-2
-3
-4
-5
-6
-6
-5
-3
-3
-1
-2
-2
-3
-2
-2
-2
-1
-1
-2
-3
-3
-5
-5
-4
-4
-4
-5
-6
-7
-7
-7
-6
-5
-5
-3
-4
-5
-6
-5
-4
-3
-1
1
2
2
3
3
3
4
6
8
10
11
11
11
10
11
11
13
14
15
16
17
18
19
20
22
22
23
25
26
27
28
29
32
33
35
35
35
36
35
35
36
36
36
35
34
31
28
26
23
20
18
15
12
9
5
1
-2
-7
-11
-13
-16
-20
-22
-25
-27
-28
-31
-30
-31
-29
-28
-27
-25
-23
-20
-16
-13
-10
-5
-1
4
8
14
19
24
29
34
37
41
44
47
50
52
55
57
59
59
59
61
60
61
61
61
61
60
60
58
56
55
52
51
49
47
47
45
43
41
39
37
35
34
32
29
28
26
23
20
18
15
12
11
9
8
6
6
4
2
1
0
-2
-2
-2
-2
-3
-4
-4
-4
-4
-3
-2
-1
1
1
3
4
6
9
10
13
15
17
20
22
25
28
29
32
35
36
36
36
36
35
34
32
29
25
21
17
9
3
-4
-11
-18
-27
-34
-41
-49
-58
-65
-72
-79
-84
-90
-94
-98
-100
-102
-104
-105
-104
-104
-102
-99
-97
-94
-90
-87
-84
-81
-78
-75
-71
-67
-64
-61
-58
-55
-52
-48
-46
-43
-41
-37
-33
-30
-27
-24
-20
-18
-15
-10
-6
-2
3
8
12
17
20
24
28
31
35
39
42
44
46
46
48
49
50
50
50
50
49
47
46
43
42
39
37
34
31
28
24
21
18
16
11
9
4
1
0
0
0
0
0
0
0
0
0
0
0
0
0
0
0
0
0
0
0
0
0
0
0
0
0
0
0
0
0
0
0
0
0
0
0
0
0
0
0
0
0
0
0
0
0
0
0
0
0
0
0
0
0
0
0
0
0
0
0
0
0
0
0
0
0
0
0
0
0
0
0
0
0
0
0
0
0
0
0
0
0
0
0
0
0
0
0
0
0
0
0
0
0
0
0
0
0
0
0
0
0
0
0
0
0
0
0
0
0
0
0
0
0
0
0
0
0
0
0
0
0
0
0
0
0
0
0
0
0
0
0
0
0
0
0
0
0
0
0
0
0
0
0
0
0
0
0
0
0
0
0
0
0
0
0
0
0
0
0
0
0
0
0
0
0
0
0
0
0
0
0
0
0
0
0
0
0
0
0
0
0
0
0
0
0
0
0
0
0
0
0
0
0
0
0
0
0
0
