0
0
0
0
0
0
0
0
0
0
0
0
0
0
0
0
0
0
0
0
0
0
0
0
0
0
0
0
0
0
0
0
0
0
0
0
0
0
0
0
0
0
0
0
0
0
0
0
0
0
0
0
0
0
0
0
0
0
0
0
0
0
0
0
0
0
0
0
0
0
0
0
0
0
0
0
0
0
0
0
0
0
0
0
0
0
0
0
0
0
0
0
0
0
0
0
0
0
0
0
0
0
0
0
0
0
0
0
0
0
0
0
0
0
0
0
0
0
0
0
0
0
0
0
0
0
0
0
0
0
0
0
0
0
0
0
0
0
0
0
0
0
0
0
0
0
0
0
0
0
0
0
0
0
0
0
0
0
0
0
0
0
0
0
0
0
0
0
0
0
0
0
0
0
0
0
0
0
0
0
0
0
0
0
0
0
0
0
0
0
0
0
0
0
0
0
0
0
-76
-89
-97
-102
-102
-100
-93
-85
-76
-67
-57
-47
-39
-32
-25
-19
-13
-4
5
19
35
50
64
75
83
87
85
81
76
69
61
55
48
44
42
40
37
35
30
25
12
0
-11
-25
-35
-43
-47
-46
-44
-40
-33
-28
-23
-18
-15
-14
-13
-11
-9
-6
-1
8
18
28
37
45
50
54
54
51
47
40
33
24
16
8
1
-7
-15
-23
-29
-36
-44
-49
-54
-58
-62
-63
-62
-59
-58
-54
-47
-42
-34
-28
-19
-11
-3
4
12
19
24
30
35
38
41
44
46
48
50
53
53
51
45
40
31
21
8
-5
-17
-30
-39
-50
-59
-67
-74
-83
-94
-102
-113
-124
-133
-141
-146
-146
-144
-137
-127
-115
-103
-90
-79
-69
-61
-54
-46
-38
-29
-19
-7
6
19
32
45
54
60
62
62
62
59
59
60
63
71
82
96
112
127
142
155
166
173
179
182
184
189
194
202
213
227
242
259
276
289
301
309
313
312
307
302
295
289
285
281
278
277
275
270
261
247
226
200
169
134
96
57
21
-11
-42
-69
-94
-118
-143
-170
-199
-232
-267
-301
-332
-360
-381
-395
-397
-390
-374
-354
-328
-300
-273
-247
-223
-201
-181
-158
-132
-103
-68
-31
8
45
77
104
119
123
115
96
70
39
7
-21
-44
-62
-74
-80
-84
-89
-97
-112
-133
-159
-190
-220
-249
-268
-278
-277
-263
-240
-210
-173
-137
-103
-71
-48
-28
-11
2
16
33
53
78
106
135
162
186
202
210
209
201
185
164
143
122
106
96
93
97
108
123
143
167
193
221
249
278
308
339
373
409
448
489
534
582
632
680
726
768
799
816
813
789
738
659
553
424
275
115
-49
-211
-362
-499
-618
-716
-798
-865
-923
-976
-1029
-1081
-1132
-1178
-1216
-1239
-1243
-1220
-1168
-1088
-980
-849
-706
-556
-407
-268
-141
-28
70
155
231
302
374
447
522
598
670
734
783
812
821
803
761
699
620
531
439
347
261
181
105
32
-39
-118
-204
-301
-406
-516
-628
-732
-823
-892
-934
-947
-929
-884
-814
-730
-640
-548
-468
-399
-341
-299
-266
-240
-214
-183
-146
-97
-38
25
92
155
210
252
276
281
267
235
193
141
87
36
-11
-48
-78
-100
-114
-124
-133
-143
-154
-167
-178
-186
-191
-181
-159
-119
-62
14
102
200
305
406
500
586
660
718
766
806
844
882
924
973
1025
1073
1114
1138
1136
1099
1020
897
730
527
297
53
-190
-425
-635
-813
-955
-1063
-1141
-1196
-1239
-1279
-1321
-1368
-1418
-1470
-1516
-1546
-1553
-1527
-1459
-1351
-1206
-1029
-829
-621
-413
-213
-34
119
246
350
435
507
573
642
714
788
864
937
1003
1054
1082
1081
1048
984
892
777
647
508
367
231
104
-10
-114
-210
-302
-391
-482
-574
-667
-759
-843
-916
-972
-1004
-1012
-991
-941
-870
-781
-679
-575
-474
-380
-298
-231
-177
-133
-94
-57
-16
32
84
146
213
280
343
396
433
453
449
424
382
326
256
185
113
50
-2
-40
-64
-74
-73
-61
-43
-18
11
45
85
131
184
246
315
394
480
572
668
763
856
948
1036
1121
1199
1269
1332
1381
1417
1435
1428
1392
1322
1218
1076
902
702
481
249
17
-207
-414
-596
-754
-886
-993
-1082
-1155
-1220
-1281
-1336
-1387
-1434
-1469
-1486
-1481
-1448
-1383
-1284
-1155
-1000
-823
-635
-440
-250
-68
97
245
375
488
587
676
757
831
902
966
1026
1076
1115
1135
1135
1114
1069
1001
911
803
681
552
420
289
162
42
-68
-169
-266
-357
-444
-531
-614
-697
-775
-846
-905
-949
-971
-971
-946
-897
-827
-738
-637
-534
-432
-337
-256
-190
-140
-103
-75
-54
-30
-2
33
78
132
190
250
304
346
374
381
366
331
277
211
138
65
-1
-54
-94
-113
-115
-98
-67
-25
26
81
138
195
251
306
361
416
473
533
598
669
746
831
920
1015
1109
1200
1280
1345
1387
1400
1376
1316
1215
1075
901
698
479
250
23
-193
-392
-568
-718
-845
-950
-1040
-1121
-1196
-1269
-1343
-1415
-1482
-1538
-1577
-1592
-1577
-1528
-1443
-1323
-1174
-1002
-812
-617
-423
-239
-68
82
214
331
431
520
600
676
750
821
893
956
1012
1055
1082
1088
1072
1032
968
882
777
660
533
404
276
152
35
-73
-171
-262
-346
-428
-508
-587
-667
-746
-824
-893
-953
-999
-1025
-1027
-1006
-959
-889
-799
-697
-585
-476
-372
-282
-209
-152
-111
-85
-67
-53
-37
-14
18
61
113
172
229
281
322
347
353
336
300
248
185
116
50
-5
-47
-69
-69
-49
-7
53
126
206
288
366
438
502
554
600
640
677
717
764
821
890
972
1063
1159
1253
1334
1394
1423
1412
1355
1251
1101
910
689
448
199
-42
-266
-464
-630
-762
-864
-941
-1000
-1051
-1101
-1154
-1216
-1282
-1355
-1423
-1479
-1516
-1523
-1495
-1427
-1320
-1176
-1002
-805
-598
-389
-189
-8
151
286
395
482
550
608
661
712
766
824
887
950
1007
1057
1092
1105
1092
1053
986
892
776
645
504
361
221
92
-24
-125
-212
-285
-350
-410
-467
-527
-589
-656
-723
-787
-845
-888
-913
-914
-890
-840
-766
-674
-569
-458
-349
-249
-164
-97
-50
-19
-2
6
13
22
39
66
104
152
206
259
309
346
368
369
351
313
258
193
123
57
1
-38
-55
-50
-19
34
105
188
277
365
447
518
579
625
662
694
725
759
803
858
929
1012
1101
1190
1270
1330
1360
1350
1294
1188
1036
841
611
360
101
-153
-386
-594
-768
-903
-1001
-1070
-1115
-1147
-1173
-1203
-1241
-1287
-1343
-1402
-1457
-1500
-1522
-1512
-1467
-1381
-1257
-1098
-909
-705
-490
-278
-80
95
243
363
453
519
565
597
624
650
682
719
765
816
866
910
942
955
942
903
836
741
622
485
339
190
46
-88
-206
-307
-391
-462
-521
-571
-619
-666
-714
-763
-813
-860
-898
-923
-933
-923
-892
-841
-772
-689
-596
-501
-408
-324
-249
-188
-141
-103
-73
-49
-25
0
31
67
111
157
204
247
281
306
315
307
284
245
198
145
90
43
8
-11
-11
11
50
108
179
258
337
416
485
547
599
641
677
711
749
793
845
910
982
1059
1135
1201
1246
1264
1244
1183
1078
928
740
523
287
44
-191
-413
-607
-769
-898
-992
-1057
-1101
-1131
-1153
-1176
-1203
-1236
-1276
-1318
-1357
-1386
-1396
-1381
-1335
-1255
-1141
-994
-821
-629
-426
-222
-25
155
311
440
542
618
670
705
725
741
758
776
800
830
862
895
922
938
937
915
870
799
705
590
459
318
175
35
-98
-219
-326
-416
-492
-554
-604
-647
-683
-712
-738
-761
-775
-784
-784
-774
-754
-721
-677
-623
-560
-490
-416
-341
-269
-198
-133
-73
-18
31
77
118
156
192
225
253
278
297
310
315
313
302
283
259
230
200
173
150
133
127
134
152
182
223
274
330
391
451
511
566
618
668
715
763
814
868
928
993
1059
1122
1180
1223
1247
1242
1202
1127
1014
863
681
474
252
24
-199
-407
-594
-754
-885
-986
-1061
-1116
-1158
-1188
-1215
-1243
-1271
-1302
-1332
-1359
-1376
-1376
-1356
-1309
-1235
-1129
-998
-842
-667
-481
-290
-104
72
229
366
480
569
636
683
715
738
754
770
785
804
825
847
866
879
879
867
833
779
705
608
493
363
225
80
-64
-203
-330
-445
-543
-624
-688
-734
-765
-781
-788
-786
-775
-762
-744
-725
-702
-679
-653
-623
-591
-554
-511
-463
-408
-347
-281
-210
-137
-63
8
75
135
187
225
253
266
266
256
236
208
176
143
113
88
69
60
61
70
90
117
152
190
231
272
311
349
387
422
458
496
539
589
647
716
793
876
963
1047
1123
1185
1223
1232
1207
1143
1041
902
731
536
324
104
-112
-319
-508
-670
-807
-915
-1001
-1065
-1114
-1150
-1183
-1213
-1244
-1276
-1311
-1341
-1366
-1377
-1369
-1340
-1284
-1199
-1085
-947
-785
-606
-419
-232
-50
118
267
397
501
582
642
686
715
739
758
777
800
823
850
875
896
910
912
897
862
808
732
638
523
396
257
113
-31
-171
-300
-418
-520
-605
-671
-719
-751
-765
-766
-757
-740
-717
-692
-666
-637
-611
-584
-557
-527
-495
-456
-408
-354
-293
-222
-144
-61
22
105
182
250
308
349
375
384
379
360
330
293
252
211
176
147
129
120
124
138
162
194
233
273
313
351
387
419
448
477
503
535
573
619
676
745
824
912
1000
1086
1162
1219
1250
1248
1209
1129
1008
853
665
455
231
6
-212
-413
-589
-736
-854
-942
-1006
-1050
-1079
-1101
-1120
-1141
-1166
-1197
-1232
-1264
-1289
-1303
-1296
-1267
-1209
-1122
-1007
-865
-700
-520
-332
-144
36
201
345
468
563
635
686
717
736
747
755
764
776
791
808
829
847
858
858
845
812
759
685
589
476
347
207
62
-84
-225
-354
-470
-570
-650
-711
-752
-776
-784
-778
-762
-739
-712
-684
-657
-630
-607
-584
-561
-536
-506
-472
-429
-376
-311
-239
-157
-69
20
107
191
264
325
369
397
407
403
383
351
311
269
226
187
156
132
121
121
132
153
184
220
257
295
332
364
395
423
449
475
508
546
595
656
729
811
900
992
1080
1156
1210
1236
1226
1177
1088
957
789
592
374
146
-82
-300
-497
-670
-811
-921
-1003
-1059
-1095
-1119
-1136
-1155
-1176
-1202
-1235
-1271
-1306
-1334
-1348
-1345
-1316
-1259
-1172
-1053
-907
-739
-555
-363
-171
12
179
325
447
543
612
658
689
704
711
715
720
729
742
759
778
798
811
812
800
769
718
643
546
431
300
155
5
-146
-291
-424
-544
-644
-722
-778
-811
-825
-821
-806
-780
-748
-716
-685
-658
-637
-619
-605
-593
-576
-553
-524
-482
-428
-360
-280
-192
-95
1
95
182
255
313
352
373
373
356
326
286
239
193
149
113
88
75
76
90
116
152
194
238
283
326
365
397
426
449
473
498
527
568
619
683
761
851
949
1047
1141
1219
1273
1296
1281
1225
1125
981
802
594
368
134
-98
-315
-512
-677
-813
-914
-988
-1037
-1065
-1082
-1095
-1106
-1122
-1146
-1177
-1210
-1243
-1269
-1284
-1278
-1249
-1188
-1097
-974
-823
-649
-457
-255
-56
136
312
465
592
690
760
804
828
836
836
830
827
830
838
853
873
894
911
919
912
889
842
773
680
565
430
282
126
-31
-185
-329
-458
-566
-653
-716
-755
-775
-773
-759
-733
-700
-666
-634
-604
-580
-560
-545
-531
-517
-498
-472
-435
-386
-324
-249
-164
-72
25
122
212
289
352
397
422
428
414
383
340
290
234
180
133
94
68
55
57
70
95
128
166
209
252
290
326
357
386
413
441
474
517
569
634
713
803
901
1002
1096
1179
1240
1271
1265
1217
1126
990
817
609
382
141
-99
-330
-541
-723
-875
-994
-1078
-1138
-1174
-1194
-1204
-1214
-1226
-1243
-1267
-1296
-1325
-1351
-1365
-1362
-1337
-1284
-1200
-1086
-943
-774
-587
-387
-186
10
193
356
495
605
688
745
778
792
793
787
778
772
771
774
783
795
807
811
806
785
746
684
599
492
363
218
61
-100
-261
-413
-550
-671
-766
-837
-881
-901
-897
-876
-839
-794
-746
-698
-655
-619
-591
-572
-557
-545
-531
-512
-483
-441
-384
-312
-225
-126
-21
86
188
283
360
418
453
463
452
420
371
312
247
185
127
81
50
36
39
59
93
138
189
244
296
343
385
419
445
468
488
513
544
588
645
717
804
903
1007
1110
1203
1275
1319
1327
1291
1209
1081
913
709
478
231
-18
-259
-482
-677
-840
-969
-1064
-1126
-1163
-1180
-1188
-1190
-1195
-1205
-1223
-1249
-1277
-1306
-1328
-1336
-1325
-1288
-1220
-1121
-990
-832
-649
-450
-242
-36
160
341
497
626
723
792
832
849
850
838
821
804
792
787
789
798
811
824
830
825
802
760
693
600
484
347
196
32
-135
-297
-448
-582
-692
-777
-834
-861
-862
-842
-803
-752
-695
-638
-584
-540
-503
-479
-462
-451
-443
-431
-412
-380
-332
-269
-186
-90
19
134
250
358
453
529
579
605
602
574
525
457
379
298
219
148
93
57
42
46
70
110
161
219
280
337
388
432
467
493
515
535
557
590
634
693
769
858
957
1064
1166
1257
1326
1363
1362
1313
1217
1075
890
669
422
162
-98
-347
-578
-776
-942
-1068
-1159
-1219
-1251
-1266
-1269
-1268
-1269
-1277
-1291
-1314
-1343
-1369
-1391
-1399
-1386
-1347
-1280
-1180
-1047
-886
-702
-498
-285
-72
130
316
478
612
713
783
822
837
831
812
787
761
738
723
716
718
724
730
732
724
701
657
591
499
384
247
92
-76
-246
-413
-570
-708
-823
-908
-963
-986
-982
-951
-900
-836
-765
-692
-624
-567
-520
-487
-465
-452
-443
-433
-415
-386
-341
-277
-196
-96
19
137
259
377
479
562
621
652
656
630
582
516
439
358
277
207
151
114
96
98
119
154
202
256
312
367
417
458
491
517
538
556
575
600
636
683
746
821
908
1002
1094
1179
1245
1286
1290
1253
1172
1045
875
666
430
176
-84
-341
-580
-793
-973
-1118
-1224
-1296
-1336
-1353
-1353
-1344
-1332
-1324
-1322
-1327
-1338
-1353
-1367
-1372
-1364
-1335
-1280
-1199
-1086
-945
-777
-590
-388
-181
22
216
389
538
660
752
812
846
857
849
828
801
776
753
738
731
732
737
745
748
742
721
682
620
533
420
286
131
-36
-209
-383
-547
-693
-817
-912
-976
-1009
-1011
-985
-936
-871
-795
-718
-643
-577
-520
-476
-444
-423
-404
-385
-361
-327
-278
-213
-130
-29
83
205
329
445
550
638
701
737
744
723
679
612
531
443
353
270
201
147
115
104
115
146
192
249
312
375
433
484
524
554
574
589
602
618
642
678
728
794
871
962
1051
1136
1206
1253
1265
1239
1168
1054
896
702
478
236
-16
-264
-500
-711
-893
-1042
-1154
-1234
-1282
-1308
-1314
-1311
-1300
-1292
-1289
-1290
-1298
-1307
-1314
-1318
-1308
-1279
-1228
-1149
-1040
-903
-740
-554
-352
-141
69
271
457
620
755
857
928
968
979
969
942
903
859
818
782
752
732
720
713
706
697
677
643
592
518
422
301
161
2
-166
-339
-509
-669
-812
-931
-1021
-1082
-1110
-1107
-1077
-1027
-956
-877
-795
-714
-639
-577
-528
-488
-460
-437
-418
-394
-362
-317
-256
-179
-86
20
134
253
366
469
553
614
649
654
630
581
511
427
336
245
160
88
36
6
-3
9
41
89
147
212
279
342
400
447
486
517
542
564
589
617
656
705
765
836
916
997
1074
1140
1185
1202
1185
1127
1028
887
709
500
269
24
-219
-456
-673
-863
-1020
-1143
-1231
-1285
-1313
-1318
-1306
-1287
-1266
-1247
-1232
-1224
-1221
-1222
-1220
-1212
-1193
-1156
-1097
-1011
-899
-761
-596
-412
-214
-10
193
385
562
713
837
929
992
1021
1026
1007
973
929
881
837
795
763
738
720
705
689
669
636
589
523
435
325
193
45
-118
-290
-462
-630
-785
-921
-1032
-1116
-1168
-1190
-1182
-1149
-1092
-1021
-939
-854
-769
-691
-622
-565
-516
-476
-440
-407
-370
-325
-269
-200
-117
-22
83
193
303
409
501
578
631
658
660
635
587
519
435
346
255
170
96
40
3
-12
-6
22
66
123
189
257
324
385
438
483
519
548
571
593
620
651
694
745
808
879
954
1027
1089
1136
1159
1150
1103
1019
895
733
539
322
89
-149
-383
-602
-797
-963
-1095
-1193
-1257
-1291
-1300
-1291
-1269
-1240
-1212
-1187
-1167
-1154
-1145
-1137
-1128
-1108
-1076
-1025
-953
-853
-729
-579
-408
-222
-25
176
370
552
713
851
957
1033
1079
1096
1089
1061
1021
970
920
870
827
791
761
738
718
695
667
626
573
499
404
288
151
-3
-171
-348
-524
-694
-850
-983
-1089
-1165
-1206
-1213
-1188
-1136
-1060
-969
-870
-767
-670
-584
-510
-452
-407
-375
-350
-329
-303
-271
-226
-166
-88
2
107
220
334
444
542
620
676
704
701
669
612
533
436
333
229
132
50
-12
-50
-61
-46
-8
51
124
206
291
374
448
510
560
599
625
644
658
672
692
721
759
809
869
933
998
1057
1102
1125
1121
1079
1002
886
734
550
340
114
-121
-352
-571
-769
-937
-1074
-1176
-1243
-1278
-1285
-1272
-1245
-1209
-1171
-1135
-1104
-1079
-1061
-1046
-1032
-1012
-982
-935
-870
-780
-667
-532
-372
-197
-13
176
362
537
693
825
928
1002
1045
1059
1048
1015
968
911
849
788
732
682
641
606
575
547
518
480
431
369
288
189
71
-65
-215
-377
-543
-706
-863
-1004
-1123
-1215
-1276
-1305
-1301
-1267
-1204
-1122
-1023
-916
-808
-704
-609
-526
-460
-406
-365
-331
-304
-275
-243
-201
-147
-79
2
93
193
293
392
478
551
603
630
632
607
558
489
404
311
216
127
49
-12
-50
-66
-58
-28
22
87
162
241
319
392
457
510
553
586
610
632
654
680
711
753
803
862
924
986
1042
1083
1106
1099
1062
989
880
737
562
364
149
-74
-295
-506
-697
-863
-999
-1102
-1173
-1213
-1226
-1218
-1194
-1160
-1123
-1085
-1049
-1020
-998
-976
-955
-932
-899
-852
-790
-707
-602
-475
-329
-165
10
191
371
544
702
839
952
1036
1091
1118
1118
1095
1053
999
937
872
808
751
698
650
611
574
538
499
453
397
325
236
132
10
-125
-274
-428
-584
-733
-871
-988
-1082
-1149
-1184
-1186
-1159
-1103
-1026
-930
-824
-714
-606
-507
-419
-347
-289
-245
-211
-187
-163
-137
-103
-60
-5
64
145
236
331
423
510
584
639
673
679
660
615
550
465
368
267
168
78
2
-52
-83
-90
-72
-31
28
100
182
264
342
414
475
522
556
579
592
602
612
626
647
679
720
771
831
893
950
996
1024
1028
1001
940
845
713
552
365
159
-56
-272
-479
-668
-832
-968
-1071
-1142
-1182
-1194
-1184
-1157
-1120
-1080
-1038
-1001
-971
-946
-927
-911
-892
-867
-831
-781
-710
-618
-505
-373
-221
-58
113
285
448
599
732
839
919
970
994
990
963
919
862
798
731
665
604
550
503
461
425
390
355
315
267
207
133
46
-56
-172
-300
-435
-574
-711
-840
-958
-1057
-1132
-1183
-1205
-1200
-1168
-1113
-1036
-946
-846
-743
-642
-548
-464
-394
-335
-289
-253
-224
-198
-170
-139
-98
-48
12
83
163
245
329
406
473
526
560
571
558
524
467
394
309
218
126
40
-33
-89
-126
-140
-129
-95
-44
22
99
181
262
337
403
458
499
528
546
557
564
573
586
606
634
673
719
771
820
864
897
912
900
860
788
686
550
388
205
8
-196
-395
-583
-752
-896
-1011
-1094
-1145
-1167
-1163
-1138
-1099
-1051
-999
-949
-904
-866
-834
-807
-783
-757
-723
-680
-622
-548
-453
-339
-206
-59
98
261
421
573
712
831
926
994
1037
1052
1043
1011
964
906
839
770
704
640
585
535
492
454
418
380
340
292
234
165
84
-10
-115
-229
-349
-471
-592
-705
-807
-894
-963
-1009
-1031
-1029
-1005
-958
-896
-817
-730
-637
-545
-456
-377
-308
-251
-206
-172
-144
-122
-103
-81
-54
-18
25
78
140
210
280
352
418
475
517
542
549
536
503
452
389
314
236
155
82
20
-28
-57
-66
-57
-27
19
78
147
220
292
359
418
467
504
528
542
550
554
558
565
580
605
637
678
724
773
818
853
871
867
836
773
682
559
407
236
49
-145
-339
-522
-688
-830
-946
-1029
-1083
-1109
-1110
-1090
-1057
-1014
-971
-929
-893
-863
-841
-824
-810
-794
-773
-741
-694
-631
-545
-439
-315
-174
-20
138
297
449
586
706
804
873
915
932
924
895
848
791
728
662
598
539
487
443
404
371
339
308
272
232
182
124
53
-27
-117
-215
-316
-422
-523
-621
-710
-786
-849
-895
-922
-932
-923
-900
-859
-807
-744
-676
-606
-536
-467
-403
-346
-295
-250
-211
-177
-145
-113
-81
-45
-6
37
86
137
191
247
300
349
390
424
444
453
448
430
400
357
307
253
195
140
89
46
13
-9
-15
-10
7
36
75
119
167
215
261
303
339
368
392
408
420
429
439
451
468
489
515
547
583
620
654
682
699
699
679
636
570
478
362
227
75
-85
-252
-414
-567
-705
-822
-916
-985
-1030
-1051
-1051
-1036
-1008
-973
-936
-898
-864
-832
-808
-784
-760
-733
-700
-656
-600
-528
-438
-334
-213
-82
57
199
339
471
591
693
775
833
868
882
874
849
810
760
707
651
596
544
495
453
415
378
343
307
270
226
177
122
60
-8
-82
-160
-240
-323
-402
-477
-546
-607
-657
-696
-722
-734
-734
-721
-694
-657
-611
-557
-497
-434
-370
-308
-249
-192
-141
-95
-53
-16
18
49
81
113
146
183
220
261
304
345
387
422
452
478
490
492
482
461
427
383
331
274
214
155
101
55
18
-6
-17
-14
3
30
67
111
158
206
251
294
330
359
380
397
410
417
428
440
457
480
509
545
587
632
674
713
742
758
756
732
684
609
511
389
248
94
-70
-234
-393
-542
-676
-786
-874
-939
-978
-997
-998
-984
-960
-930
-898
-868
-842
-819
-800
-782
-763
-741
-709
-669
-612
-541
-453
-350
-231
-102
32
168
302
426
537
630
703
752
781
789
777
750
712
665
615
565
518
474
435
401
371
344
316
286
253
213
166
110
48
-20
-95
-173
-254
-333
-409
-480
-543
-599
-643
-678
-701
-711
-713
-701
-682
-654
-616
-575
-529
-479
-427
-374
-322
-271
-222
-175
-130
-90
-50
-14
22
55
88
121
153
184
213
241
269
292
313
328
336
339
332
319
295
266
229
186
140
93
45
2
-34
-64
-83
-93
-90
-77
-53
-21
20
65
113
161
207
249
284
312
335
351
364
376
386
398
412
434
460
492
527
566
603
636
662
674
669
646
599
528
435
320
186
39
-118
-277
-431
-576
-705
-815
-900
-964
-1003
-1019
-1018
-999
-971
-936
-898
-861
-827
-799
-773
-752
-731
-707
-678
-640
-590
-525
-443
-346
-234
-110
23
160
296
426
545
648
734
797
836
854
852
831
793
746
693
636
580
527
480
438
400
367
336
307
274
238
194
145
89
26
-43
-115
-188
-260
-328
-391
-445
-489
-524
-550
-564
-568
-564
-552
-533
-509
-480
-447
-412
-374
-334
-293
-251
-207
-164
-122
-82
-41
-2
35
70
102
133
161
187
210
230
249
266
277
288
294
299
297
292
282
267
247
222
193
160
123
85
46
10
-24
-53
-76
-89
-96
-93
-81
-60
-32
1
37
76
116
152
186
214
238
256
271
279
285
290
293
299
308
321
339
360
385
413
440
464
482
489
484
465
428
372
297
204
98
-22
-148
-276
-402
-519
-625
-715
-786
-838
-871
-884
-880
-863
-835
-801
-762
-723
-685
-651
-617
-587
-558
-526
-491
-450
-401
-342
-271
-188
-97
6
113
223
331
435
530
613
678
728
761
775
771
753
723
683
637
586
537
487
440
395
355
317
281
245
208
171
128
84
36
-15
-70
-126
-182
-236
-287
-336
-377
-413
-442
-463
-476
-481
-480
-472
-457
-437
-412
-381
-348
-311
-271
-230
-188
-147
-105
-66
-31
1
32
54
75
93
107
118
129
138
146
155
163
170
177
182
184
183
179
171
157
138
116
90
61
30
1
-28
-53
-75
-92
-104
-110
-110
-103
-93
-76
-57
-36
-13
12
33
55
74
92
107
119
128
134
140
143
147
151
158
165
175
190
207
228
252
277
305
329
352
369
379
381
371
348
314
267
205
133
52
-37
-129
-222
-311
-395
-470
-533
-584
-621
-645
-655
-656
-646
-629
-607
-583
-556
-530
-502
-476
-449
-423
-392
-357
-317
-273
-222
-163
-97
-25
49
127
203
276
345
406
457
496
523
539
541
534
517
492
461
426
390
354
318
283
252
221
191
163
134
106
77
45
12
-21
-58
-92
-130
-163
-196
-227
-255
-279
-299
-315
-328
-336
-340
-341
-338
-331
-321
-308
-291
-272
-251
-226
-201
-173
-145
-118
-89
-62
-35
-12
10
30
47
63
76
87
98
108
116
123
129
136
142
146
149
151
151
148
142
134
122
108
91
73
53
32
13
-5
-19
-31
-38
-40
-37
-29
-17
-1
19
40
63
87
109
130
149
165
180
191
200
206
213
219
224
230
237
245
255
266
278
293
311
327
343
359
373
383
390
393
388
376
356
329
290
242
186
123
54
-21
-96
-172
-246
-315
-375
-427
-469
-501
-520
-529
-530
-521
-506
-486
-462
-436
-412
-385
-359
-334
-308
-281
-251
-218
-182
-140
-94
-42
16
77
141
204
266
326
380
426
463
491
509
516
513
504
485
460
431
398
364
329
296
263
230
203
175
149
124
100
76
52
27
2
-24
-52
-81
-110
-140
-170
-199
-229
-256
-281
-302
-321
-335
-345
-349
-348
-342
-331
-317
-298
-278
-255
-234
-212
-191
-173
-158
-144
-135
-128
-122
-120
-117
-115
-112
-108
-102
-96
-87
-75
-65
-53
-41
-31
-22
-16
-13
-13
-17
-22
-31
-41
-52
-62
-70
-76
-79
-77
-72
-62
-49
-32
-14
5
26
45
62
76
89
98
103
107
109
110
109
110
111
113
118
124
129
137
146
154
160
166
169
172
173
174
174
174
175
176
181
186
194
204
211
219
223
221
215
200
177
146
104
55
0
-60
-123
-187
-246
-302
-349
-388
-417
-436
-442
-440
-431
-413
-391
-366
-338
-312
-287
-263
-243
-225
-207
-190
-174
-154
-134
-108
-77
-41
-2
41
87
136
182
227
267
300
326
344
351
351
340
323
300
273
244
212
182
156
131
113
99
86
78
70
65
59
52
43
31
16
-2
-23
-45
-70
-95
-120
-144
-166
-185
-202
-216
-225
-232
-234
-232
-229
-221
-213
-202
-188
-174
-159
-144
-129
-114
-101
-89
-77
-69
-59
-52
-45
-39
-31
-22
-12
0
14
31
47
66
83
99
114
127
134
139
141
138
132
123
113
102
91
83
75
70
69
70
74
79
86
95
101
109
113
116
117
116
111
106
99
90
81
72
65
59
53
50
50
51
54
58
65
72
79
87
95
102
110
116
122
128
136
143
151
160
170
182
193
205
216
223
228
228
220
206
184
154
114
69
17
-40
-100
-161
-220
-275
-322
-363
-393
-414
-427
-430
-425
-413
-397
-378
-357
-336
-317
-299
-284
-269
-257
-243
-229
-211
-190
-166
-136
-101
-63
-21
23
67
110
149
184
213
235
249
254
252
242
227
209
187
164
141
121
102
88
78
71
68
67
67
68
70
68
64
57
47
33
16
-5
-27
-51
-73
-97
-118
-136
-150
-161
-169
-173
-174
-173
-171
-167
-165
-160
-159
-158
-158
-160
-161
-163
-164
-164
-162
-156
-148
-136
-121
-103
-81
-56
-30
-3
25
51
76
100
119
137
150
160
166
168
169
168
165
160
154
149
143
136
130
124
120
114
107
100
93
84
72
61
47
34
19
4
-10
-24
-37
-48
-58
-66
-71
-74
-76
-75
-75
-73
-68
-65
-60
-56
-51
-46
-41
-35
-28
-22
-15
-8
1
8
16
25
34
42
51
59
69
77
87
98
108
117
126
134
140
144
144
139
130
115
95
70
42
8
-25
-62
-98
-130
-160
-185
-204
-218
-227
-228
-224
-217
-206
-192
-177
-162
-148
-135
-123
-112
-103
-94
-85
-76
-65
-51
-37
-17
3
25
50
75
100
124
145
164
178
190
196
199
197
193
185
178
169
160
153
148
146
144
146
149
153
157
160
163
162
160
153
144
130
114
96
77
55
35
14
-6
-23
-38
-50
-62
-71
-79
-87
-94
-101
-110
-117
-126
-135
-146
-155
-163
-171
-177
-182
-183
-182
-179
-172
-163
-151
-136
-121
-104
-87
-69
-52
-36
-19
-6
7
19
29
38
45
49
54
56
59
60
60
59
57
54
50
44
38
31
24
15
5
-5
-12
-22
-30
-37
-42
-47
-49
-49
-49
-48
-46
-43
-41
-38
-35
-33
-32
-30
-29
-27
-25
-23
-19
-16
-9
-1
8
18
30
41
52
63
73
81
87
91
95
95
96
96
95
95
97
100
103
108
114
121
127
132
136
137
135
128
119
105
86
64
38
11
-16
-43
-67
-90
-109
-125
-135
-142
-145
-145
-142
-138
-134
-129
-124
-123
-121
-122
-123
-125
-127
-127
-125
-121
-114
-104
-91
-74
-53
-32
-10
13
35
56
73
87
99
105
110
112
111
109
106
104
102
102
103
106
110
116
122
130
134
138
141
140
134
126
116
101
83
64
43
22
1
-20
-41
-58
-75
-89
-102
-113
-123
-131
-138
-145
-150
-156
-161
-165
-169
-170
-170
-169
-168
-162
-155
-146
-135
-123
-107
-92
-75
-59
-42
-25
-9
6
19
30
41
49
56
63
69
72
74
77
79
79
79
77
77
75
72
68
64
59
54
49
43
37
30
25
18
12
5
-1
-8
-13
-19
-25
-30
-35
-39
-42
-45
-46
-47
-48
-45
-42
-40
-34
-30
-24
-18
-11
-5
2
8
14
20
25
31
35
41
45
50
54
59
65
69
73
78
82
85
89
90
92
92
93
92
89
88
84
79
75
70
64
57
51
43
33
24
13
1
-9
-23
-35
-48
-61
-72
-83
-93
-101
-108
-114
-117
-118
-118
-116
-114
-108
-103
-98
-92
-85
-78
-72
-65
-58
-51
-44
-36
-30
-22
-14
-5
3
13
21
30
37
44
51
57
62
66
67
70
69
70
69
69
68
68
67
66
67
68
69
69
70
70
69
68
65
60
55
48
40
31
20
9
-1
-12
-22
-31
-38
-46
-51
-55
-58
-60
-62
-61
-62
-62
-62
-62
-62
-61
-61
-61
-60
-59
-55
-51
-46
-39
-32
-23
-14
-4
4
14
23
30
36
43
47
50
52
53
54
54
54
53
53
52
54
54
55
55
55
56
55
54
51
49
46
41
35
29
22
14
6
-2
-9
-16
-23
-30
-35
-40
-44
-47
-50
-53
-55
-55
-56
-56
-56
-55
-54
-52
-51
-48
-45
-42
-38
-35
-31
-26
-21
-16
-10
-6
-1
4
7
12
16
19
21
23
23
26
25
25
24
24
22
21
19
18
18
17
16
15
15
15
15
15
16
15
15
15
14
14
14
12
10
8
4
1
-4
-8
-11
-17
-21
-26
-31
-34
-38
-42
-45
-47
-50
-49
-50
-48
-47
-46
-44
-42
-39
-37
-33
-30
-27
-23
-21
-17
-14
-11
-7
-4
-2
0
4
5
7
8
10
10
10
11
10
8
8
6
5
3
0
-2
-4
-5
-7
-10
-13
-15
-17
-20
-22
-25
-28
-30
-33
-35
-37
-38
-40
-42
-43
-42
-43
-43
-44
-44
-43
-43
-41
-43
-42
-41
-40
-38
-36
-35
-32
-30
-27
-24
-22
-19
-16
-13
-10
-8
-4
-2
0
3
5
8
11
14
17
20
24
26
28
31
33
34
35
37
35
34
34
32
30
28
25
23
19
16
13
10
7
5
2
0
-1
-3
-4
-7
-8
-8
-9
-9
-8
-7
-6
-4
-2
0
3
5
8
10
14
16
18
21
23
25
26
28
29
29
31
32
33
34
36
37
39
40
41
42
44
44
44
44
43
43
41
39
37
34
32
29
26
23
22
18
16
14
13
11
11
10
9
8
7
6
7
6
5
4
5
5
5
6
6
7
8
10
12
14
15
16
18
19
18
18
17
16
13
11
9
7
4
2
-1
-4
-7
-8
-10
-11
-13
-15
-16
-16
-16
-16
-16
-17
-17
-17
-18
-18
-20
-20
-20
-22
-23
-24
-25
-26
-28
-29
-30
-31
-32
-34
-33
-32
-32
-32
-31
-30
-27
-25
-23
-20
-18
-14
-12
-9
-7
-4
-2
1
2
4
6
7
8
10
11
12
12
11
12
12
11
11
10
9
7
5
3
3
0
-3
-6
-8
-9
-12
-13
-14
-16
-17
-18
-19
-20
-21
-21
-22
-22
-22
-23
-23
-25
-26
-26
-25
-26
-26
-26
-25
-24
-23
-20
-18
-15
-12
-10
-7
-5
-2
0
1
4
5
7
9
9
10
12
13
13
15
17
18
20
20
21
23
23
24
25
25
25
26
24
24
23
21
20
19
17
15
14
12
11
10
8
8
8
5
5
4
4
3
1
1
0
1
0
1
1
0
1
1
1
2
4
4
5
7
8
10
10
12
12
13
14
14
14
13
14
14
12
12
11
10
9
8
8
7
6
5
5
4
3
3
2
1
1
0
-1
-3
-4
-4
-6
-7
-8
-9
-10
-11
-12
-13
-13
-13
-14
-14
-15
-16
-15
-16
-15
-16
-15
-15
-15
-16
0
0
0
0
0
0
0
0
0
0
0
0
0
0
0
0
0
0
0
0
0
0
0
0
0
0
0
0
0
0
0
0
0
0
0
0
0
0
0
0
0
0
0
0
0
0
0
0
0
0
0
0
0
0
0
0
0
0
0
0
0
0
0
0
0
0
0
0
0
0
0
0
0
0
0
0
0
0
0
0
0
0
0
0
0
0
0
0
0
0
0
0
0
0
0
0
0
0
0
0
0
0
0
0
0
0
0
0
0
0
0
0
0
0
0
0
0
0
0
0
0
0
0
0
0
0
0
0
0
0
0
0
0
0
0
0
0
0
0
0
0
0
0
0
0
0
0
0
0
0
0
0
0
0
0
0
0
0
0
0
0
0
0
0
0
0
0
0
0
0
0
0
0
0
0
0
0
0
0
0
0
0
0
0
0
0
0
0
0
0
0
0
0
0
0
0
0
0
