0
0
0
0
0
0
0
0
0
0
0
0
0
0
0
0
0
0
0
0
0
0
0
0
0
0
0
0
0
0
0
0
0
0
0
0
0
0
0
0
0
0
0
0
0
0
0
0
0
0
0
0
0
0
0
0
0
0
0
0
0
0
0
0
0
0
0
0
0
0
0
0
0
0
0
0
0
0
0
0
0
0
0
0
0
0
0
0
0
0
0
0
0
0
0
0
0
0
0
0
0
0
0
0
0
0
0
0
0
0
0
0
0
0
0
0
0
0
0
0
0
0
0
0
0
0
0
0
0
0
0
0
0
0
0
0
0
0
0
0
0
0
0
0
0
0
0
0
0
0
0
0
0
0
0
0
0
0
0
0
0
0
0
0
0
0
0
0
0
0
0
0
0
0
0
0
0
0
0
0
0
0
0
0
0
0
0
0
0
0
0
0
0
0
0
0
0
0
-42
-43
-43
-43
-42
-42
-41
-41
-40
-37
-36
-33
-31
-29
-27
-23
-20
-17
-12
-9
-4
-1
3
7
10
13
17
20
22
25
26
28
31
33
34
36
36
39
38
38
37
37
35
34
31
29
26
23
20
16
13
9
5
2
-1
-5
-8
-12
-15
-17
-21
-25
-29
-31
-36
-38
-42
-44
-45
-48
-48
-50
-51
-49
-49
-49
-47
-45
-44
-40
-38
-35
-31
-29
-25
-21
-17
-13
-8
-5
-1
2
5
9
12
15
18
21
22
22
26
27
29
31
32
34
35
38
39
38
40
39
40
39
39
37
36
38
37
36
35
35
37
37
37
39
39
41
42
43
43
45
45
45
46
47
48
48
48
48
48
47
46
41
39
34
28
22
14
4
-4
-15
-26
-37
-48
-58
-68
-76
-83
-90
-95
-99
-101
-103
-104
-104
-103
-102
-100
-97
-93
-90
-86
-81
-75
-68
-60
-51
-42
-33
-22
-12
-2
8
17
27
35
43
51
58
65
71
77
84
90
95
102
105
109
112
115
117
118
119
118
117
115
110
107
101
95
88
81
73
64
54
43
31
17
5
-8
-25
-40
-55
-70
-84
-99
-112
-123
-134
-143
-150
-155
-158
-158
-158
-155
-150
-144
-135
-126
-116
-103
-92
-79
-66
-50
-37
-23
-9
5
17
29
41
51
59
67
74
80
83
86
86
87
87
84
83
79
75
72
67
63
59
54
50
45
42
36
32
27
23
16
12
6
0
-5
-11
-18
-25
-32
-37
-43
-47
-51
-54
-55
-55
-54
-51
-48
-44
-39
-34
-28
-21
-16
-8
0
7
15
24
32
43
52
63
73
85
95
102
109
115
117
116
111
102
92
78
60
42
21
1
-19
-39
-57
-72
-86
-96
-106
-112
-117
-121
-125
-127
-129
-131
-133
-136
-135
-133
-131
-126
-120
-111
-100
-89
-75
-59
-45
-30
-17
-3
9
18
26
32
38
42
45
49
52
56
62
67
74
82
89
96
102
107
112
117
118
119
117
114
110
104
100
93
86
79
71
62
52
43
31
18
6
-8
-22
-36
-51
-65
-78
-90
-102
-111
-119
-125
-128
-132
-133
-133
-132
-129
-125
-122
-116
-110
-105
-97
-88
-79
-68
-57
-45
-31
-17
-4
10
23
36
48
59
67
76
81
86
91
92
94
94
94
93
92
89
85
82
79
73
70
66
59
53
47
41
34
25
17
8
0
-7
-14
-19
-25
-27
-28
-30
-28
-25
-21
-16
-11
-5
0
6
10
15
18
23
28
32
38
45
53
61
71
82
93
104
112
117
120
118
113
102
88
69
48
23
-1
-26
-51
-72
-91
-105
-118
-125
-130
-133
-135
-134
-134
-133
-132
-132
-133
-133
-130
-127
-122
-113
-102
-88
-73
-53
-33
-13
5
21
36
47
55
58
58
56
51
46
40
36
32
31
32
35
39
46
53
60
68
75
79
84
87
88
89
89
88
88
88
88
88
89
88
86
81
75
64
52
36
19
0
-22
-43
-65
-84
-101
-116
-129
-138
-143
-147
-149
-147
-147
-143
-140
-136
-132
-127
-121
-116
-108
-99
-89
-77
-66
-54
-40
-27
-13
-1
11
21
33
40
48
55
60
64
66
67
66
63
59
53
47
39
33
28
22
19
19
22
26
33
40
49
57
63
68
71
70
66
61
51
42
32
21
11
3
-2
-9
-10
-11
-9
-7
-6
-3
-1
2
4
4
5
8
13
19
28
41
56
74
94
114
132
147
158
164
161
151
132
106
74
38
-2
-42
-80
-115
-145
-168
-185
-196
-201
-202
-200
-196
-192
-188
-185
-183
-181
-177
-172
-163
-152
-133
-111
-83
-51
-16
19
53
87
114
135
148
154
154
145
129
112
93
73
55
40
28
20
17
18
20
25
29
34
37
40
39
37
34
32
31
29
31
35
41
49
59
68
77
85
88
86
80
68
52
31
7
-19
-46
-72
-98
-118
-135
-148
-155
-158
-158
-156
-150
-143
-137
-130
-122
-115
-108
-101
-93
-84
-74
-64
-52
-40
-26
-15
-4
7
15
22
28
32
35
38
42
45
48
53
59
63
69
72
76
77
76
74
69
63
56
49
44
37
33
29
28
29
29
30
29
29
26
24
19
14
9
2
-3
-7
-10
-12
-12
-8
-2
4
12
21
30
39
45
53
57
62
67
71
76
83
92
104
118
134
151
167
179
190
195
193
184
167
141
106
66
20
-26
-73
-119
-159
-193
-219
-241
-251
-258
-257
-254
-248
-241
-234
-227
-220
-211
-203
-191
-175
-155
-127
-96
-59
-20
23
64
102
137
164
180
190
191
182
166
146
121
97
72
52
35
24
18
17
20
26
32
41
48
53
56
55
53
50
45
41
38
37
38
42
49
56
65
74
80
82
79
72
57
38
13
-17
-50
-82
-115
-145
-169
-188
-201
-205
-204
-197
-186
-172
-157
-143
-129
-117
-109
-101
-94
-92
-87
-81
-75
-67
-56
-42
-28
-15
1
15
29
41
50
58
65
70
73
76
76
75
74
72
68
65
59
54
47
41
36
30
25
20
19
16
16
16
15
15
14
13
11
8
5
2
-2
-5
-6
-7
-5
-2
4
10
20
29
40
50
60
70
77
83
89
92
96
101
107
117
129
142
159
176
194
211
224
231
231
222
203
175
138
92
38
-18
-75
-132
-184
-227
-265
-292
-311
-321
-325
-322
-314
-304
-293
-280
-267
-253
-237
-219
-197
-172
-141
-105
-65
-23
21
64
103
139
167
186
197
199
191
176
153
127
99
71
47
27
11
2
-2
0
7
16
27
38
48
57
63
66
65
63
61
56
53
52
50
52
58
62
68
76
80
85
84
77
65
48
24
-6
-40
-76
-112
-149
-181
-207
-226
-238
-240
-235
-221
-202
-178
-154
-129
-106
-88
-74
-64
-59
-58
-59
-58
-58
-55
-47
-35
-19
0
22
45
67
88
104
117
123
125
123
117
107
96
86
75
67
60
56
52
50
48
45
44
40
37
34
29
24
21
18
16
15
16
16
16
17
18
19
22
23
26
30
35
42
49
59
70
81
91
100
109
117
123
128
134
141
149
160
173
187
204
219
234
242
245
238
220
191
151
99
38
-30
-100
-171
-238
-298
-346
-383
-405
-415
-415
-404
-385
-362
-336
-308
-282
-255
-229
-203
-175
-144
-110
-72
-29
16
64
111
153
191
219
237
244
239
223
199
167
131
94
58
26
-2
-23
-37
-46
-50
-48
-45
-40
-34
-28
-23
-17
-13
-8
-3
4
11
22
32
45
58
71
85
98
108
115
119
120
113
102
85
60
27
-10
-53
-99
-147
-192
-234
-269
-295
-308
-310
-301
-279
-249
-212
-172
-132
-94
-64
-40
-25
-17
-16
-18
-22
-26
-26
-20
-9
6
26
50
75
97
114
127
131
129
119
106
88
70
50
34
19
9
4
-1
-1
-2
-2
-2
-2
-2
-2
-1
0
4
10
17
27
38
50
61
69
77
83
88
90
93
95
100
106
115
124
137
150
163
175
187
198
206
213
222
232
244
256
270
286
299
308
308
298
274
232
173
97
6
-93
-199
-305
-402
-485
-552
-596
-619
-617
-596
-559
-510
-453
-396
-339
-289
-242
-200
-163
-126
-87
-45
1
53
111
170
228
279
320
349
359
355
329
291
239
179
116
54
1
-44
-78
-101
-111
-114
-110
-103
-95
-87
-83
-79
-77
-73
-67
-54
-36
-10
21
59
100
141
179
210
233
246
248
239
221
195
163
127
89
47
5
-41
-86
-136
-189
-242
-293
-341
-381
-411
-425
-423
-402
-363
-310
-245
-175
-102
-37
21
62
91
103
101
92
77
62
52
46
51
62
81
102
124
139
146
143
130
108
79
46
14
-15
-36
-51
-55
-53
-45
-34
-25
-15
-9
-7
-9
-11
-13
-13
-7
3
21
44
69
93
114
129
137
138
130
117
103
90
84
85
95
115
144
178
214
250
283
311
332
346
354
362
370
380
392
404
414
417
408
378
323
241
130
-9
-167
-335
-503
-659
-788
-884
-938
-946
-912
-840
-740
-623
-502
-385
-284
-198
-131
-81
-43
-10
26
70
129
202
285
371
450
514
554
563
536
473
378
257
121
-17
-143
-248
-326
-373
-391
-382
-352
-308
-262
-219
-184
-161
-144
-134
-122
-101
-66
-15
53
137
234
334
430
509
565
589
580
541
475
390
292
190
91
1
-79
-147
-207
-265
-327
-394
-470
-546
-622
-688
-738
-765
-758
-712
-628
-507
-361
-204
-49
90
203
281
321
320
287
227
157
87
33
-3
-16
-10
7
32
59
79
87
78
53
17
-25
-63
-88
-98
-90
-69
-36
2
43
80
109
127
134
132
128
128
136
155
184
221
257
291
315
325
320
299
267
225
183
149
128
130
155
198
258
325
395
457
516
570
619
658
683
694
690
669
621
542
422
254
36
-228
-513
-794
-1052
-1271
-1435
-1530
-1546
-1485
-1352
-1159
-926
-684
-460
-269
-108
25
133
219
290
354
420
490
572
668
761
823
836
792
693
545
360
146
-82
-309
-518
-687
-794
-831
-806
-738
-646
-544
-440
-338
-242
-157
-87
-33
17
71
148
256
388
530
662
771
850
891
889
838
734
583
395
195
4
-155
-276
-361
-416
-447
-456
-455
-454
-465
-497
-544
-601
-648
-668
-648
-581
-476
-337
-174
5
179
330
435
482
471
410
314
199
83
-28
-128
-207
-257
-273
-263
-243
-228
-222
-227
-239
-245
-237
-212
-176
-131
-68
11
101
192
269
319
335
316
276
230
187
150
118
99
95
105
131
166
203
225
224
199
158
111
67
31
14
16
37
76
137
227
340
466
587
692
773
828
863
896
936
979
1004
1001
974
929
858
744
572
322
-21
-459
-945
-1400
-1766
-2024
-2173
-2208
-2117
-1909
-1599
-1208
-766
-332
20
248
381
478
568
656
746
837
922
983
1024
1062
1092
1062
914
633
263
-144
-541
-886
-1146
-1313
-1401
-1421
-1351
-1178
-922
-634
-370
-162
-18
76
150
233
342
469
596
713
827
948
1063
1146
1157
1070
881
607
287
-34
-317
-546
-718
-832
-880
-849
-753
-617
-479
-371
-316
-322
-366
-413
-435
-421
-372
-293
-179
-41
108
246
347
384
340
225
67
-96
-239
-346
-408
-423
-398
-341
-264
-185
-126
-104
-126
-178
-240
-287
-304
-281
-220
-125
-3
129
253
353
408
413
370
297
217
150
105
82
81
105
143
180
201
202
179
134
74
25
5
15
48
102
176
262
344
408
460
505
550
594
639
692
750
802
843
894
975
1075
1157
1192
1181
1136
1040
873
628
300
-141
-712
-1351
-1920
-2305
-2496
-2530
-2417
-2156
-1790
-1388
-963
-499
-36
302
451
481
521
627
773
948
1155
1343
1415
1335
1177
999
763
390
-106
-616
-1057
-1398
-1602
-1620
-1465
-1242
-1041
-859
-642
-389
-161
8
134
239
328
422
565
789
1040
1229
1296
1251
1123
926
663
358
41
-270
-568
-818
-959
-963
-861
-724
-596
-487
-395
-328
-277
-220
-143
-69
-20
18
82
187
293
361
373
322
194
-1
-219
-403
-532
-619
-671
-667
-595
-471
-327
-191
-74
0
13
-26
-75
-96
-85
-63
-36
5
59
109
141
158
169
160
120
68
39
48
75
102
125
153
168
154
126
100
70
20
-40
-70
-47
16
98
194
303
399
459
486
509
527
517
480
457
486
563
654
749
842
916
947
953
990
1073
1155
1183
1165
1140
1098
977
744
410
-54
-697
-1472
-2180
-2618
-2747
-2660
-2419
-2022
-1523
-1052
-677
-331
36
332
435
389
386
540
791
1054
1318
1552
1628
1429
1012
550
117
-333
-827
-1264
-1536
-1638
-1613
-1458
-1172
-834
-582
-463
-401
-300
-150
20
212
449
707
930
1098
1233
1332
1335
1174
856
460
67
-276
-544
-706
-763
-762
-764
-779
-769
-711
-632
-567
-508
-426
-306
-150
53
309
568
735
744
601
365
83
-212
-472
-658
-761
-805
-803
-738
-614
-480
-395
-375
-387
-394
-368
-295
-166
5
169
274
305
284
229
148
41
-73
-158
-194
-176
-108
1
126
221
252
226
175
115
50
-12
-51
-59
-49
-32
0
52
99
111
92
77
94
139
201
288
394
494
552
565
551
517
456
371
293
260
286
364
484
629
773
889
973
1052
1144
1225
1262
1258
1250
1241
1180
1014
732
320
-268
-1039
-1858
-2486
-2765
-2720
-2469
-2081
-1588
-1087
-708
-469
-253
15
261
392
462
628
939
1284
1543
1680
1674
1442
944
291
-308
-746
-1063
-1309
-1454
-1466
-1382
-1265
-1125
-940
-742
-602
-525
-413
-175
183
590
980
1314
1534
1580
1449
1215
953
680
376
58
-220
-414
-533
-605
-644
-675
-727
-820
-917
-940
-836
-612
-317
2
302
541
693
766
781
735
605
376
77
-236
-515
-724
-842
-876
-854
-818
-784
-746
-682
-588
-471
-338
-194
-39
117
251
343
379
350
253
111
-30
-112
-116
-62
13
87
146
167
141
89
44
23
15
21
51
107
159
186
187
167
127
72
34
53
141
267
392
500
581
616
598
543
484
434
390
343
311
315
366
453
558
663
749
813
883
984
1107
1209
1283
1360
1444
1474
1367
1096
677
67
-783
-1771
-2592
-2971
-2891
-2538
-2064
-1514
-973
-619
-518
-500
-337
-27
268
488
757
1154
1547
1749
1722
1517
1127
508
-236
-859
-1191
-1275
-1262
-1225
-1167
-1125
-1155
-1232
-1244
-1122
-894
-611
-266
177
685
1147
1469
1616
1591
1392
1055
684
392
222
121
16
-119
-285
-486
-727
-966
-1136
-1204
-1178
-1063
-830
-479
-74
294
562
711
743
669
547
447
384
316
185
-15
-261
-526
-790
-1016
-1165
-1225
-1207
-1123
-958
-711
-417
-142
60
178
229
234
211
180
160
144
108
36
-46
-101
-121
-123
-119
-106
-77
-48
-28
0
52
111
142
134
113
101
90
78
77
100
135
163
200
267
366
469
549
604
631
622
574
510
454
408
358
299
252
247
294
388
512
638
748
843
944
1061
1178
1284
1401
1535
1615
1534
1244
793
228
-482
-1329
-2129
-2607
-2641
-2368
-1996
-1609
-1216
-893
-746
-722
-607
-257
241
709
1085
1409
1651
1693
1489
1124
695
215
-309
-774
-1044
-1105
-1081
-1092
-1164
-1268
-1379
-1456
-1414
-1179
-762
-254
256
717
1087
1326
1412
1378
1274
1141
987
821
663
515
352
134
-156
-491
-820
-1093
-1258
-1278
-1137
-877
-568
-269
-4
222
396
511
592
668
740
767
719
600
420
164
-182
-595
-994
-1302
-1471
-1488
-1361
-1134
-882
-670
-513
-375
-223
-53
124
295
431
497
476
379
235
76
-80
-205
-273
-267
-203
-112
-22
44
64
38
-6
-16
35
128
216
272
284
257
197
127
88
105
169
264
380
509
624
681
668
610
543
484
435
398
370
341
296
242
199
191
233
338
496
680
860
1015
1134
1208
1266
1353
1475
1545
1448
1140
656
21
-761
-1595
-2225
-2412
-2178
-1781
-1457
-1232
-1038
-889
-841
-809
-598
-122
473
974
1307
1505
1556
1384
985
501
79
-257
-552
-788
-901
-912
-960
-1148
-1420
-1627
-1674
-1546
-1254
-791
-214
346
759
992
1096
1124
1096
1036
997
1002
1007
935
754
484
148
-226
-600
-901
-1067
-1087
-999
-843
-649
-459
-310
-198
-85
67
254
441
602
721
765
684
459
137
-203
-497
-719
-864
-938
-964
-982
-1013
-1043
-1043
-991
-873
-683
-430
-156
74
215
266
250
192
117
61
53
91
146
182
182
140
63
-28
-95
-112
-83
-28
33
91
131
129
83
19
-16
6
77
176
283
379
448
487
504
515
533
551
566
577
582
565
502
394
273
179
131
134
184
279
396
508
600
674
740
800
870
991
1181
1381
1455
1301
936
442
-136
-799
-1450
-1862
-1859
-1525
-1160
-979
-953
-945
-918
-908
-855
-605
-104
485
936
1163
1210
1098
809
401
46
-125
-159
-208
-345
-524
-705
-920
-1194
-1454
-1571
-1495
-1262
-934
-536
-111
251
466
538
560
617
732
881
1036
1155
1176
1047
774
423
74
-218
-421
-520
-530
-499
-479
-499
-543
-580
-573
-488
-312
-67
198
443
625
704
642
447
188
-52
-234
-369
-473
-549
-609
-690
-817
-969
-1082
-1098
-1005
-821
-585
-341
-146
-43
-27
-54
-70
-54
-5
71
164
247
286
263
198
126
76
66
106
184
266
308
296
246
182
118
68
56
97
173
250
302
325
334
336
343
377
452
553
646
700
707
669
595
494
400
340
331
363
417
477
531
562
561
545
547
592
680
812
980
1137
1181
1030
699
274
-182
-663
-1113
-1378
-1323
-1021
-734
-674
-814
-963
-1002
-945
-816
-568
-155
325
679
792
706
530
331
130
-12
-33
48
108
25
-204
-494
-766
-989
-1150
-1210
-1134
-941
-701
-484
-323
-214
-147
-95
-18
124
345
611
847
981
978
862
685
501
343
234
184
171
155
90
-35
-197
-358
-486
-554
-545
-460
-328
-187
-75
-13
-9
-68
-165
-249
-262
-188
-72
7
-4
-115
-291
-480
-632
-702
-681
-593
-496
-436
-431
-483
-563
-624
-616
-513
-342
-161
-21
58
87
83
78
98
163
261
363
436
470
460
413
341
272
233
232
259
293
323
335
320
271
207
161
158
195
257
326
380
404
392
356
318
296
294
307
328
356
377
382
371
354
347
357
382
414
443
456
461
466
476
477
435
333
184
8
-169
-324
-418
-414
-327
-229
-195
-243
-333
-410
-447
-451
-428
-375
-296
-222
-183
-184
-212
-246
-275
-299
-306
-285
-239
-185
-148
-142
-162
-192
-221
-242
-262
-279
-287
-271
-224
-160
-111
-94
-110
-141
-155
-134
-79
-9
49
87
107
122
139
154
164
167
164
168
183
205
224
221
199
165
133
112
97
82
61
33
3
-27
-53
-80
-114
-155
-193
-217
-228
-236
-252
-277
-303
-322
-330
-333
-334
-335
-340
-347
-348
-336
-314
-291
-273
-259
-248
-230
-206
-172
-130
-86
-45
-9
25
58
87
113
143
175
208
235
254
266
274
281
287
294
300
302
302
305
313
318
321
320
320
324
327
333
340
345
347
342
338
338
344
354
369
386
403
420
435
447
451
450
451
453
454
446
419
374
312
251
212
201
206
196
154
82
3
-59
-103
-141
-196
-276
-363
-432
-466
-477
-500
-557
-638
-708
-729
-697
-639
-591
-566
-556
-532
-482
-420
-376
-368
-382
-382
-338
-254
-160
-94
-71
-75
-77
-53
-4
50
89
112
134
173
225
274
299
295
281
283
318
378
435
463
456
426
395
371
353
326
287
242
203
171
140
97
35
-46
-133
-208
-261
-294
-320
-353
-395
-436
-471
-494
-510
-521
-534
-545
-547
-537
-516
-494
-480
-473
-469
-454
-426
-381
-330
-281
-239
-202
-163
-117
-69
-22
22
64
110
160
211
254
285
307
328
355
388
423
454
474
481
478
475
470
464
458
450
443
435
427
417
403
389
373
362
356
355
357
365
374
385
393
399
400
396
387
366
326
263
191
129
94
81
70
36
-32
-120
-198
-246
-270
-298
-353
-434
-510
-552
-555
-546
-561
-612
-677
-715
-702
-652
-599
-580
-592
-601
-571
-497
-410
-351
-336
-339
-320
-256
-160
-70
-18
-4
2
34
96
165
207
211
196
193
227
286
337
353
336
310
305
330
366
387
382
355
335
333
342
340
307
250
189
147
129
118
88
28
-50
-126
-185
-230
-275
-336
-410
-475
-518
-534
-534
-537
-550
-570
-582
-570
-541
-507
-480
-459
-438
-406
-365
-320
-283
-256
-233
-202
-162
-112
-63
-17
25
66
115
167
219
265
305
342
379
412
440
461
475
490
508
528
546
558
560
553
540
528
513
496
480
466
459
453
445
432
414
398
389
387
393
397
399
400
405
407
390
345
272
197
145
132
143
136
85
-13
-124
-204
-241
-255
-286
-356
-448
-524
-552
-544
-542
-580
-655
-721
-728
-666
-573
-509
-506
-543
-567
-537
-458
-377
-331
-327
-325
-283
-192
-88
-15
-2
-21
-20
32
125
220
271
271
249
244
275
323
356
358
340
331
355
402
437
431
385
328
294
299
321
326
291
225
159
122
115
110
75
4
-79
-142
-170
-176
-200
-266
-360
-448
-498
-507
-505
-523
-572
-627
-656
-641
-601
-568
-562
-569
-563
-519
-445
-369
-317
-291
-271
-231
-166
-93
-34
3
27
60
111
171
220
250
271
298
339
392
435
461
468
469
478
495
513
524
525
521
519
521
519
507
484
457
437
424
417
410
397
382
369
358
353
347
342
337
336
334
324
294
241
173
114
74
56
41
5
-63
-151
-232
-288
-322
-357
-414
-491
-565
-608
-619
-620
-642
-692
-747
-770
-738
-664
-589
-551
-550
-560
-540
-480
-406
-351
-330
-323
-297
-227
-134
-55
-17
-16
-15
17
88
173
235
259
259
264
294
341
378
388
379
374
391
426
456
460
429
378
334
311
303
292
263
219
170
128
92
56
10
-46
-101
-144
-176
-204
-239
-284
-338
-390
-432
-460
-478
-494
-511
-532
-552
-567
-577
-580
-575
-563
-543
-511
-470
-424
-378
-334
-292
-246
-194
-133
-68
-6
51
101
147
190
232
273
316
360
402
441
474
497
510
519
525
531
537
542
545
545
547
543
534
519
499
480
465
458
450
438
420
395
369
353
343
341
337
328
317
308
305
304
289
250
191
127
78
59
54
39
-10
-93
-183
-250
-284
-302
-333
-395
-476
-543
-574
-577
-577
-605
-658
-704
-707
-659
-583
-526
-512
-525
-529
-493
-422
-345
-293
-273
-258
-218
-144
-60
3
28
30
44
90
160
222
254
253
240
246
277
317
347
354
352
357
378
408
427
420
390
354
331
322
317
302
267
219
169
124
84
44
1
-48
-99
-145
-190
-233
-276
-322
-367
-407
-439
-459
-469
-474
-481
-495
-513
-526
-530
-521
-502
-479
-459
-437
-409
-371
-327
-281
-239
-200
-158
-108
-47
12
64
105
139
177
222
272
320
358
387
409
431
453
471
480
481
476
475
478
482
482
474
459
444
432
424
415
402
386
369
357
349
341
330
317
306
302
305
310
311
307
301
295
284
260
218
163
111
77
59
43
8
-58
-143
-220
-270
-295
-322
-368
-435
-502
-547
-558
-557
-570
-606
-648
-664
-637
-578
-522
-499
-509
-522
-510
-459
-393
-342
-317
-306
-281
-229
-157
-97
-64
-56
-43
-5
56
122
163
173
168
169
191
226
257
270
272
275
293
319
337
335
313
287
268
267
271
267
244
206
166
129
98
64
22
-30
-84
-128
-167
-202
-244
-294
-347
-395
-427
-444
-456
-464
-478
-495
-507
-511
-507
-498
-485
-472
-452
-422
-385
-343
-304
-267
-230
-189
-141
-89
-35
13
60
103
145
187
230
269
305
339
372
402
426
446
456
465
469
469
465
461
455
450
443
435
424
411
397
383
370
358
345
337
328
321
314
304
295
290
290
294
299
302
299
295
290
280
259
225
182
141
113
97
79
41
-19
-93
-160
-208
-239
-269
-316
-377
-438
-480
-501
-510
-530
-562
-596
-606
-582
-536
-494
-474
-478
-484
-468
-426
-373
-328
-303
-285
-256
-207
-150
-102
-72
-55
-32
11
71
130
167
183
188
200
224
255
281
294
300
309
328
349
358
350
330
309
299
298
297
287
261
228
193
162
131
97
51
4
-38
-76
-112
-155
-207
-263
-316
-355
-382
-401
-419
-438
-456
-467
-473
-473
-468
-463
-452
-432
-406
-375
-342
-309
-276
-240
-199
-156
-108
-60
-12
35
79
120
156
190
225
261
295
328
355
375
393
408
421
431
436
435
431
427
423
420
413
401
386
370
358
349
340
329
317
304
294
285
281
276
271
265
262
262
265
267
266
264
260
254
241
216
183
143
108
82
58
29
-12
-68
-130
-188
-233
-270
-309
-356
-407
-454
-489
-512
-530
-551
-576
-596
-597
-576
-542
-513
-498
-493
-485
-467
-434
-394
-357
-326
-299
-264
-221
-176
-136
-105
-76
-42
5
59
108
143
165
178
196
219
245
268
285
296
308
321
330
329
316
297
279
270
266
259
241
210
174
137
104
75
43
4
-37
-79
-117
-154
-194
-241
-289
-334
-368
-390
-408
-424
-443
-463
-477
-482
-480
-469
-456
-443
-423
-397
-367
-333
-298
-264
-227
-186
-140
-90
-39
7
51
91
127
165
204
243
280
313
341
363
383
401
418
429
436
440
440
437
435
429
418
404
389
376
365
353
340
323
305
285
269
258
250
246
240
232
225
221
219
218
217
219
221
223
224
221
208
189
164
136
108
83
59
31
-5
-49
-100
-152
-201
-243
-280
-319
-357
-396
-430
-458
-481
-502
-520
-535
-541
-532
-513
-486
-466
-452
-443
-429
-406
-373
-337
-304
-274
-244
-211
-174
-134
-102
-74
-44
-9
32
76
117
146
165
181
200
226
253
276
291
302
311
322
328
327
318
304
290
280
274
262
243
211
172
136
105
77
48
15
-23
-63
-103
-141
-179
-220
-261
-298
-326
-345
-359
-373
-390
-408
-419
-421
-411
-395
-379
-360
-340
-312
-279
-244
-211
-180
-148
-109
-65
-18
25
62
93
124
156
192
227
257
282
304
324
346
366
381
391
397
401
405
409
409
405
393
378
363
349
337
325
312
296
277
257
238
221
205
193
185
178
173
168
164
157
153
151
155
161
169
177
181
182
176
164
144
120
96
74
57
37
10
-30
-78
-128
-171
-208
-243
-278
-314
-350
-380
-404
-423
-446
-470
-492
-500
-491
-469
-445
-430
-423
-419
-407
-384
-352
-320
-291
-266
-237
-201
-164
-133
-107
-87
-65
-35
4
46
80
102
116
128
146
167
190
209
225
240
255
269
278
276
267
254
247
244
242
234
216
189
157
125
95
65
33
-3
-42
-81
-117
-157
-200
-248
-293
-331
-358
-375
-387
-402
-418
-432
-439
-437
-429
-414
-397
-374
-348
-317
-284
-254
-227
-202
-171
-133
-88
-43
-4
29
58
86
117
147
177
206
231
257
281
304
324
335
345
351
359
369
379
385
384
375
362
347
333
320
307
295
281
265
249
230
211
188
166
150
139
136
136
135
132
128
125
125
130
140
152
166
181
195
205
205
196
177
153
134
120
110
96
70
33
-13
-59
-102
-140
-176
-215
-253
-289
-316
-340
-365
-394
-425
-449
-459
-451
-434
-414
-401
-396
-394
-387
-371
-347
-321
-295
-267
-239
-205
-172
-145
-125
-106
-86
-57
-20
19
53
77
91
103
116
134
156
180
205
226
246
264
278
284
282
278
274
275
277
279
270
249
217
181
148
119
91
60
23
-19
-61
-102
-142
-182
-224
-264
-296
-315
-325
-332
-339
-353
-369
-378
-376
-363
-344
-326
-312
-296
-280
-258
-235
-210
-189
-166
-138
-104
-67
-29
3
30
55
83
115
151
184
213
239
261
283
303
320
333
344
354
365
373
376
374
365
354
340
327
313
297
277
256
236
216
198
181
161
141
121
104
93
85
80
78
77
80
86
92
103
116
131
146
162
178
193
203
210
207
196
176
155
137
122
106
83
50
9
-33
-71
-104
-139
-176
-216
-255
-287
-312
-332
-355
-381
-405
-416
-415
-402
-387
-380
-379
-378
-371
-355
-333
-312
-294
-277
-255
-227
-198
-171
-152
-136
-119
-92
-60
-25
2
24
40
56
75
98
120
140
160
182
205
228
242
250
252
252
252
253
251
248
240
228
209
185
156
122
91
62
33
2
-33
-74
-114
-151
-185
-217
-248
-278
-304
-324
-336
-346
-358
-373
-389
-397
-393
-378
-361
-345
-333
-319
-301
-276
-247
-219
-192
-165
-134
-98
-60
-25
5
29
53
81
114
148
178
202
221
237
253
267
279
288
295
300
305
309
309
306
297
287
276
263
252
240
223
204
185
164
147
131
117
105
93
82
72
64
60
61
65
72
80
90
101
113
127
143
157
171
185
200
214
224
225
215
198
178
161
150
135
114
84
48
10
-25
-58
-91
-127
-165
-200
-227
-250
-272
-298
-327
-355
-373
-379
-374
-366
-361
-361
-362
-359
-350
-337
-319
-302
-283
-261
-236
-210
-185
-165
-147
-127
-101
-71
-38
-7
21
44
65
86
109
131
153
175
196
218
240
258
269
272
274
274
272
271
269
260
247
231
211
190
166
137
106
72
40
6
-25
-56
-89
-122
-155
-187
-213
-236
-256
-272
-286
-299
-307
-314
-317
-317
-312
-305
-296
-282
-266
-248
-229
-209
-189
-167
-143
-117
-89
-61
-34
-8
15
39
62
86
111
137
162
185
206
223
237
249
258
266
275
284
290
293
294
289
283
275
266
256
247
234
220
205
189
170
151
130
113
99
89
82
75
68
58
52
48
47
53
62
73
83
94
106
119
130
144
157
170
184
199
210
214
212
202
187
172
156
140
121
100
73
43
8
-26
-62
-96
-128
-159
-187
-214
-241
-267
-291
-315
-334
-348
-357
-358
-357
-353
-351
-348
-345
-339
-330
-317
-300
-281
-259
-239
-217
-196
-176
-155
-134
-110
-84
-56
-28
-3
20
40
60
79
98
118
139
158
176
192
203
211
215
218
218
217
215
211
203
194
181
164
145
124
101
77
50
24
-2
-29
-59
-89
-120
-148
-174
-199
-220
-242
-260
-278
-293
-303
-312
-320
-326
-330
-328
-323
-315
-308
-299
-289
-277
-263
-245
-225
-204
-182
-159
-135
-109
-83
-56
-30
-4
21
47
76
100
127
149
171
190
207
224
237
249
258
266
270
273
273
270
265
259
251
242
233
222
210
196
182
167
152
137
123
110
98
88
80
72
65
59
53
51
51
55
60
65
70
77
84
93
102
110
121
132
144
155
163
168
167
164
158
149
141
130
118
102
85
63
41
15
-11
-35
-59
-82
-104
-128
-151
-174
-195
-214
-230
-243
-254
-262
-265
-267
-268
-270
-271
-271
-266
-260
-251
-241
-229
-219
-207
-193
-177
-161
-144
-126
-105
-84
-61
-38
-15
7
30
52
78
101
126
149
169
188
205
221
238
253
262
267
268
267
266
264
259
250
237
220
202
183
160
129
95
59
30
6
-16
-43
-78
-115
-148
-176
-197
-216
-237
-258
-276
-290
-298
-305
-314
-324
-329
-325
-313
-295
-281
-270
-261
-249
-230
-204
-173
-144
-113
-82
-50
-17
14
44
73
103
135
168
200
228
251
267
278
289
298
308
315
320
322
319
310
298
284
266
251
233
214
197
181
163
140
115
89
65
46
29
13
-2
-18
-33
-47
-57
-65
-70
-71
-70
-65
-58
-50
-42
-34
-23
-11
5
22
39
55
69
83
95
104
112
119
126
132
134
129
120
111
101
91
78
63
43
24
2
-19
-40
-65
-90
-116
-139
-159
-177
-197
-217
-238
-256
-268
-276
-282
-290
-295
-300
-300
-298
-294
-289
-282
-274
-261
-246
-228
-211
-193
-173
-153
-130
-105
-78
-51
-24
2
27
52
77
101
125
147
165
182
196
209
218
226
230
230
227
223
217
209
198
180
162
142
121
101
76
50
22
-8
-36
-62
-88
-115
-142
-168
-192
-215
-236
-256
-275
-290
-303
-311
-317
-320
-323
-321
-318
-311
-299
-283
-267
-247
-225
-201
-178
-151
-123
-94
-63
-31
1
31
62
91
119
146
173
197
220
241
260
275
285
293
296
298
298
296
290
283
273
261
246
229
211
190
171
151
133
113
94
72
51
31
12
-5
-20
-34
-45
-56
-62
-69
-74
-77
-77
-73
-67
-59
-50
-39
-29
-15
0
18
36
55
75
96
116
137
155
172
188
202
217
230
239
244
245
240
232
222
210
196
178
159
135
108
81
53
24
-5
-36
-68
-97
-124
-149
-176
-200
-223
-245
-263
-275
-283
-291
-296
-302
-304
-303
-297
-290
-282
-272
-259
-244
-227
-207
-188
-167
-146
-123
-97
-71
-43
-15
12
36
62
89
114
140
162
183
201
216
231
244
253
261
265
267
266
262
256
246
235
221
202
182
161
138
111
83
51
19
-10
-38
-65
-93
-120
-149
-177
-201
-222
-241
-258
-273
-287
-297
-304
-310
-313
-315
-313
-308
-297
-282
-266
-246
-228
-208
-186
-161
-133
-104
-74
-44
-15
14
42
70
96
121
145
168
190
209
226
239
249
255
258
262
261
259
254
245
235
221
206
190
172
155
136
116
98
78
59
40
20
1
-19
-35
-51
-64
-76
-87
-97
-104
-110
-113
-114
-114
-111
-104
-96
-87
-75
-63
-51
-37
-23
-6
13
32
52
72
91
111
130
148
166
183
197
210
220
228
234
237
234
226
216
205
191
176
158
136
109
82
54
26
-3
-33
-63
-93
-121
-148
-174
-199
-225
-248
-268
-284
-296
-306
-315
-322
-329
-330
-328
-323
-316
-306
-295
-281
-264
-245
-224
-203
-182
-158
-132
-104
-76
-47
-19
8
33
60
85
110
133
154
173
191
206
219
229
237
242
244
244
242
239
232
223
210
195
177
157
135
112
88
62
35
7
-19
-47
-73
-98
-124
-145
-167
-185
-201
-214
-227
-238
-246
-251
-255
-253
-250
-246
-239
-230
-219
-207
-193
-177
-159
-141
-121
-99
-77
-54
-31
-8
14
38
59
82
103
123
141
158
172
184
195
203
208
211
212
211
208
203
195
185
172
158
143
128
111
94
76
58
40
22
6
-11
-26
-41
-53
-64
-74
-82
-88
-93
-97
-97
-95
-94
-88
-81
-74
-65
-55
-43
-31
-19
-4
11
26
41
58
74
90
105
120
133
148
161
175
187
199
207
216
223
228
232
234
233
231
227
220
211
199
183
167
150
130
109
88
65
41
15
-9
-34
-58
-83
-107
-129
-149
-169
-185
-202
-216
-228
-238
-245
-249
-250
-249
-247
-243
-235
-227
-215
-203
-189
-173
-156
-138
-118
-98
-78
-59
-38
-19
1
21
40
58
76
92
106
119
132
142
150
157
162
166
168
168
164
160
153
145
136
126
114
100
85
69
51
32
15
-3
-22
-40
-58
-76
-92
-109
-124
-136
-149
-158
-167
-174
-180
-183
-186
-186
-185
-184
-181
-175
-169
-160
-151
-142
-134
-122
-110
-97
-83
-71
-58
-43
-29
-14
-1
12
25
36
47
60
70
80
90
96
102
107
112
114
117
117
117
116
112
107
103
95
88
80
71
63
53
45
34
25
16
7
-2
-10
-19
-26
-32
-38
-42
-47
-51
-54
-56
-57
-56
-56
-53
-51
-47
-43
-37
-32
-26
-19
-11
-3
5
13
21
29
38
45
52
58
67
72
78
84
90
95
99
103
107
108
112
115
116
117
118
117
116
114
112
107
104
99
94
88
82
74
64
53
42
31
20
8
-3
-16
-28
-41
-54
-65
-77
-88
-99
-108
-115
-124
-130
-137
-144
-146
-150
-152
-152
-151
-149
-147
-144
-139
-134
-128
-121
-112
-104
-95
-86
-76
-66
-56
-47
-37
-27
-17
-7
4
13
22
30
39
49
55
63
70
76
82
85
88
91
91
89
88
83
79
74
68
60
51
42
31
21
10
-3
-14
-26
-38
-51
-61
-73
-84
-92
-102
-110
-118
-124
-129
-132
-134
-136
-136
-133
-131
-126
-121
-113
-106
-95
-85
-74
-62
-50
-37
-24
-11
3
16
30
42
55
65
76
88
96
105
113
118
124
129
133
135
136
135
134
133
129
124
121
114
107
98
90
81
72
62
51
42
33
23
15
5
-2
-10
-17
-22
-28
-31
-35
-39
-40
-42
-42
-42
-40
-37
-35
-30
-26
-21
-14
-9
-1
6
14
22
31
40
48
56
64
71
79
85
93
98
102
106
109
112
113
115
115
114
114
111
107
105
101
95
91
84
77
69
61
52
44
34
25
16
7
-2
-13
-22
-31
-42
-50
-57
-65
-72
-80
-85
-91
-95
-101
-104
-108
-110
-111
-112
-112
-111
-110
-109
-106
-103
-98
-92
-87
-81
-74
-68
-60
-53
-44
-38
-30
-23
-16
-9
-3
3
8
12
17
19
23
24
26
27
27
25
24
21
18
15
11
8
3
-3
-8
-15
-21
-28
-34
-40
-45
-52
-56
-62
-69
-74
-79
-83
-86
-89
-92
-94
-96
-96
-97
-96
-95
-93
-91
-87
-82
-77
-72
-66
-60
-53
-46
-38
-30
-21
-12
-5
3
11
17
25
32
38
44
48
52
56
59
61
62
64
64
64
62
62
59
57
54
50
47
42
37
31
26
21
16
10
5
-1
-5
-10
-15
-19
-23
-27
-29
-31
-32
-32
-32
-32
-31
-30
-28
-26
-21
-18
-14
-10
-6
-1
5
10
16
22
27
32
37
42
47
52
56
59
63
66
68
69
71
71
70
69
69
67
64
62
58
55
52
47
43
39
35
32
27
23
19
16
13
10
7
5
2
-1
-1
-2
-3
-3
-3
-2
-1
0
1
4
6
8
11
14
16
18
20
22
24
24
27
28
28
27
27
26
26
23
21
19
17
15
11
9
5
3
-1
-3
-6
-9
-13
-16
-19
-22
-25
-28
-29
-32
-34
-35
-36
-37
-37
-37
-36
-35
-35
-32
-30
-29
-26
-23
-20
-17
-15
-11
-7
-4
-1
2
5
7
10
12
14
16
19
20
21
23
23
23
23
23
21
21
19
17
16
14
10
8
5
1
-1
-5
-7
-10
-13
-15
-18
-20
-22
-24
-25
-26
-28
-28
-28
-28
-28
-27
-27
-25
-23
-22
-20
-17
-16
-13
-11
-8
-5
-2
0
2
6
8
11
13
16
17
19
21
22
23
24
25
26
25
26
25
24
24
23
21
20
19
17
15
13
10
8
6
4
2
-2
-4
-6
-8
-10
-12
-13
-15
-17
-17
-19
-20
-20
-19
-20
-20
-21
-20
-19
-18
-17
-17
-15
-14
-12
-11
-9
-9
-8
-6
-5
-3
-3
-2
-1
-1
1
1
2
2
2
3
3
3
2
3
2
1
2
1
1
1
1
0
0
-1
-1
-3
-2
-3
-3
-4
-5
-5
-6
-6
-7
-7
-8
-8
-8
-8
-8
-8
-9
-9
-9
-9
-9
-9
-10
-10
-11
-10
-11
-11
-12
-13
-13
-14
-15
-15
-16
-16
-17
-18
-18
-18
-18
-19
-19
-19
-19
-19
-19
-19
-19
-18
-17
-17
-17
-15
-15
-14
-13
-11
-10
-8
-7
-5
-4
-2
-1
1
3
4
5
7
8
10
11
12
12
14
14
14
15
15
15
15
15
14
14
14
13
12
12
11
9
8
8
6
5
3
3
2
0
-2
-2
-3
-5
-6
-7
-8
-9
-9
-9
-9
-10
-9
-9
-9
-9
-8
-7
-7
-5
-5
-3
-2
-1
0
1
4
6
6
9
9
11
13
15
17
18
19
21
22
0
0
0
0
0
0
0
0
0
0
0
0
0
0
0
0
0
0
0
0
0
0
0
0
0
0
0
0
0
0
0
0
0
0
0
0
0
0
0
0
0
0
0
0
0
0
0
0
0
0
0
0
0
0
0
0
0
0
0
0
0
0
0
0
0
0
0
0
0
0
0
0
0
0
0
0
0
0
0
0
0
0
0
0
0
0
0
0
0
0
0
0
0
0
0
0
0
0
0
0
0
0
0
0
0
0
0
0
0
0
0
0
0
0
0
0
0
0
0
0
0
0
0
0
0
0
0
0
0
0
0
0
0
0
0
0
0
0
0
0
0
0
0
0
0
0
0
0
0
0
0
0
0
0
0
0
0
0
0
0
0
0
0
0
0
0
0
0
0
0
0
0
0
0
0
0
0
0
0
0
0
0
0
0
0
0
0
0
0
0
0
0
0
0
0
0
0
0
