0
0
0
0
0
0
0
0
0
0
0
0
0
0
0
0
0
0
0
0
0
0
0
0
0
0
0
0
0
0
0
0
0
0
0
0
0
0
0
0
0
0
0
0
0
0
0
0
0
0
0
0
0
0
0
0
0
0
0
0
0
0
0
0
0
0
0
0
0
0
0
0
0
0
0
0
0
0
0
0
0
0
0
0
0
0
0
0
0
0
0
0
0
0
0
0
0
0
0
0
0
0
0
0
0
0
0
0
0
0
0
0
0
0
0
0
0
0
0
0
0
0
0
0
0
0
0
0
0
0
0
0
0
0
0
0
0
0
0
0
0
0
0
0
0
0
0
0
0
0
0
0
0
0
0
0
0
0
0
0
0
0
0
0
0
0
0
0
0
0
0
0
0
0
0
0
0
0
0
0
0
0
0
0
0
0
0
0
0
0
0
0
0
0
0
0
0
0
-78
-78
-78
-78
-81
-82
-84
-85
-86
-87
-87
-84
-83
-82
-81
-81
-80
-78
-75
-73
-72
-69
-68
-69
-68
-67
-66
-65
-62
-57
-54
-48
-43
-39
-36
-31
-28
-25
-24
-22
-17
-10
-2
10
19
29
34
34
35
35
33
36
39
45
53
62
76
92
112
136
159
181
203
222
238
254
269
286
307
335
367
407
450
493
534
575
613
653
695
738
783
826
861
883
881
835
732
552
282
-74
-504
-971
-1429
-1831
-2132
-2305
-2339
-2233
-2000
-1666
-1256
-805
-356
52
386
627
779
859
893
910
930
958
986
1001
995
954
873
744
565
331
42
-286
-628
-947
-1205
-1377
-1445
-1411
-1289
-1100
-872
-618
-357
-109
117
299
433
524
581
620
653
687
720
738
727
679
590
464
304
121
-80
-292
-506
-708
-882
-1012
-1086
-1101
-1062
-982
-871
-741
-599
-447
-289
-129
25
166
288
388
464
517
545
545
513
441
334
201
56
-86
-214
-319
-399
-457
-495
-510
-502
-470
-419
-352
-275
-190
-93
19
149
301
462
622
769
898
1012
1117
1214
1296
1350
1364
1336
1279
1220
1194
1217
1292
1403
1523
1628
1707
1743
1722
1608
1350
898
231
-617
-1560
-2469
-3217
-3711
-3911
-3838
-3545
-3086
-2496
-1805
-1049
-277
430
991
1351
1503
1501
1433
1387
1410
1498
1600
1654
1619
1481
1251
952
590
158
-357
-941
-1551
-2097
-2491
-2665
-2597
-2324
-1911
-1434
-951
-489
-62
324
652
895
1036
1080
1063
1033
1041
1109
1219
1326
1374
1322
1159
901
580
223
-152
-535
-913
-1257
-1530
-1687
-1703
-1582
-1361
-1095
-840
-628
-466
-339
-222
-105
16
130
228
311
385
462
540
603
624
570
431
213
-49
-308
-532
-697
-800
-858
-885
-892
-875
-826
-746
-642
-531
-422
-319
-212
-86
75
273
493
700
862
964
1011
1012
984
933
862
766
644
512
402
349
368
450
556
653
719
759
804
903
1087
1346
1622
1850
2003
2090
2142
2194
2240
2217
2004
1468
560
-643
-1944
-3117
-3980
-4438
-4507
-4287
-3902
-3425
-2845
-2111
-1224
-261
638
1332
1735
1845
1760
1649
1652
1805
2030
2195
2193
1984
1589
1070
503
-71
-663
-1309
-2004
-2669
-3173
-3401
-3303
-2902
-2294
-1605
-956
-410
47
459
848
1188
1436
1570
1592
1538
1468
1445
1486
1552
1550
1398
1067
588
23
-546
-1048
-1447
-1744
-1957
-2086
-2098
-1955
-1652
-1227
-751
-317
3
168
204
186
187
245
351
470
570
630
643
608
540
448
298
66
-255
-622
-967
-1227
-1367
-1376
-1270
-1094
-908
-752
-627
-515
-409
-317
-242
-172
-93
10
149
333
556
785
963
1050
1042
962
836
683
533
406
309
233
177
157
195
283
395
509
617
725
828
942
1108
1366
1704
2042
2298
2451
2528
2565
2585
2604
2589
2409
1856
806
-657
-2270
-3726
-4795
-5341
-5344
-4928
-4315
-3676
-3001
-2178
-1159
-38
1008
1833
2343
2514
2416
2245
2217
2402
2666
2803
2677
2259
1577
703
-240
-1119
-1888
-2579
-3223
-3754
-4028
-3940
-3492
-2747
-1817
-847
-6
605
1014
1334
1644
1923
2120
2229
2256
2204
2067
1887
1715
1534
1231
714
17
-749
-1481
-2108
-2556
-2737
-2650
-2387
-2044
-1634
-1119
-534
39
535
941
1246
1410
1431
1377
1325
1280
1170
952
649
298
-79
-460
-797
-1060
-1268
-1462
-1632
-1710
-1643
-1440
-1144
-814
-502
-270
-146
-102
-74
-21
43
93
120
133
148
171
224
329
466
578
623
593
521
434
346
268
209
161
102
28
-27
-28
32
134
259
404
565
734
921
1149
1412
1665
1877
2061
2244
2406
2483
2477
2443
2417
2386
2338
2266
2082
1563
503
-1060
-2825
-4422
-5587
-6159
-6061
-5371
-4376
-3372
-2440
-1446
-297
900
1945
2700
3126
3207
2978
2632
2440
2523
2715
2737
2414
1742
782
-388
-1614
-2679
-3453
-3975
-4333
-4504
-4353
-3798
-2902
-1801
-616
516
1412
1936
2133
2202
2295
2415
2489
2488
2427
2273
1965
1505
977
436
-172
-933
-1792
-2578
-3137
-3422
-3427
-3111
-2479
-1663
-858
-170
427
961
1383
1642
1757
1791
1763
1650
1480
1330
1236
1115
835
329
-373
-1185
-1996
-2670
-3076
-3153
-2942
-2541
-2018
-1409
-738
-69
518
942
1142
1097
841
478
133
-94
-182
-164
-89
-10
26
4
-60
-126
-172
-197
-201
-174
-103
14
151
276
356
368
303
183
66
15
60
203
418
682
963
1232
1484
1716
1887
1937
1861
1738
1665
1669
1720
1809
1964
2164
2327
2412
2441
2358
1915
845
-848
-2812
-4597
-5874
-6434
-6166
-5160
-3801
-2540
-1554
-702
199
1128
1921
2484
2804
2867
2679
2392
2280
2471
2774
2830
2412
1523
283
-1159
-2584
-3703
-4335
-4526
-4445
-4160
-3601
-2724
-1631
-494
565
1454
2046
2255
2176
2058
2100
2284
2477
2577
2536
2287
1766
1008
155
-681
-1492
-2291
-3000
-3463
-3575
-3332
-2780
-1979
-1031
-108
620
1104
1398
1571
1657
1678
1675
1673
1659
1597
1475
1305
1071
717
188
-525
-1356
-2181
-2860
-3258
-3292
-2967
-2372
-1634
-874
-171
418
857
1126
1209
1112
872
565
271
56
-64
-112
-131
-162
-226
-334
-462
-580
-651
-648
-556
-375
-120
168
430
614
686
641
503
317
141
29
13
113
321
595
880
1118
1276
1347
1339
1282
1202
1100
985
917
996
1264
1647
2017
2305
2500
2588
2551
2452
2365
2187
1589
316
-1502
-3403
-4941
-5860
-6012
-5368
-4171
-2923
-2013
-1410
-799
10
921
1752
2418
2874
3043
2921
2711
2680
2838
2883
2496
1605
359
-1059
-2467
-3610
-4243
-4342
-4113
-3764
-3305
-2639
-1766
-817
86
893
1543
1934
2051
2061
2181
2457
2729
2822
2667
2254
1562
630
-389
-1304
-2042
-2629
-3074
-3299
-3225
-2861
-2283
-1561
-760
14
628
1020
1241
1390
1513
1612
1696
1769
1791
1686
1417
1019
538
-3
-598
-1224
-1838
-2387
-2802
-2998
-2900
-2505
-1900
-1208
-534
38
462
728
884
965
965
852
637
375
117
-125
-341
-513
-638
-732
-808
-855
-847
-771
-631
-436
-193
81
350
562
678
686
600
451
279
140
72
82
156
278
445
632
794
891
925
922
912
905
897
885
887
960
1164
1501
1885
2211
2433
2551
2554
2457
2349
2277
2038
1254
-243
-2169
-4018
-5405
-6118
-6003
-5080
-3722
-2494
-1680
-1102
-446
376
1225
1972
2587
3002
3119
2984
2837
2865
2946
2740
2032
877
-528
-2001
-3324
-4217
-4524
-4349
-3945
-3452
-2827
-2019
-1099
-191
637
1355
1885
2158
2240
2334
2570
2862
3004
2873
2453
1746
775
-338
-1383
-2200
-2775
-3147
-3307
-3201
-2821
-2236
-1546
-812
-86
552
1013
1302
1512
1713
1892
2012
2075
2072
1936
1606
1090
470
-185
-854
-1510
-2098
-2558
-2840
-2918
-2758
-2357
-1765
-1085
-419
159
604
910
1093
1176
1154
1018
782
492
189
-106
-377
-612
-804
-963
-1081
-1136
-1107
-978
-739
-408
-33
323
606
776
825
769
646
500
357
247
185
170
197
281
441
656
862
998
1045
1009
928
853
827
852
912
1022
1226
1534
1882
2172
2375
2524
2623
2631
2560
2496
2401
1966
851
-919
-2900
-4605
-5767
-6232
-5862
-4750
-3365
-2247
-1556
-1040
-413
366
1179
1939
2611
3107
3316
3259
3138
3119
3099
2779
1966
738
-697
-2160
-3463
-4350
-4646
-4430
-3957
-3411
-2795
-2052
-1216
-386
387
1095
1701
2126
2359
2521
2759
3060
3250
3164
2758
2062
1102
-40
-1176
-2108
-2766
-3181
-3384
-3351
-3069
-2583
-1967
-1286
-589
71
633
1066
1395
1699
2014
2278
2415
2415
2283
1980
1471
815
109
-582
-1244
-1849
-2361
-2742
-2946
-2944
-2733
-2341
-1811
-1208
-613
-90
353
726
1017
1213
1314
1294
1131
830
461
87
-267
-588
-851
-1045
-1166
-1215
-1184
-1078
-910
-704
-472
-230
7
232
430
573
635
623
566
491
435
419
446
495
542
596
658
711
738
737
717
675
639
643
685
739
808
949
1214
1587
1975
2270
2425
2474
2465
2411
2355
2373
2368
1950
750
-1147
-3208
-4919
-6024
-6351
-5764
-4453
-3007
-1974
-1409
-985
-417
316
1128
1948
2692
3219
3419
3352
3235
3204
3104
2641
1679
355
-1116
-2557
-3752
-4439
-4501
-4122
-3603
-3077
-2496
-1809
-1061
-312
426
1143
1769
2223
2512
2753
3040
3322
3407
3150
2546
1653
533
-688
-1785
-2574
-3037
-3253
-3260
-3064
-2705
-2241
-1700
-1091
-445
186
751
1219
1618
2007
2374
2628
2702
2610
2358
1896
1222
442
-318
-1020
-1671
-2238
-2672
-2919
-2944
-2758
-2411
-1960
-1445
-915
-437
-16
405
846
1235
1485
1558
1452
1167
752
308
-77
-382
-632
-843
-1014
-1123
-1140
-1058
-892
-680
-455
-248
-82
52
189
342
490
601
667
695
683
650
631
641
672
706
737
761
764
748
722
690
663
675
736
803
845
910
1084
1388
1755
2088
2310
2407
2424
2408
2369
2341
2366
2261
1593
97
-1920
-3834
-5241
-6013
-6006
-5125
-3700
-2396
-1618
-1221
-826
-257
453
1250
2087
2849
3368
3556
3506
3400
3279
2957
2204
1027
-363
-1764
-3026
-3940
-4286
-4086
-3624
-3159
-2722
-2223
-1646
-1018
-331
426
1199
1872
2371
2724
3021
3300
3460
3336
2855
2079
1086
-51
-1170
-2053
-2600
-2873
-2971
-2918
-2731
-2457
-2119
-1696
-1178
-587
38
650
1218
1743
2225
2594
2761
2720
2507
2106
1487
735
-3
-646
-1205
-1670
-2033
-2328
-2583
-2757
-2778
-2609
-2251
-1729
-1097
-446
155
665
1063
1341
1505
1539
1401
1093
678
239
-170
-519
-780
-954
-1076
-1175
-1246
-1270
-1217
-1065
-803
-458
-82
265
534
695
751
743
712
670
626
591
572
554
539
551
606
680
730
737
703
651
621
644
708
794
919
1113
1385
1693
1967
2146
2246
2346
2465
2539
2554
2548
2360
1556
-86
-2161
-4000
-5250
-5865
-5724
-4755
-3367
-2269
-1789
-1656
-1457
-1022
-325
649
1801
2870
3596
3887
3854
3680
3422
2946
2104
953
-315
-1563
-2686
-3479
-3748
-3586
-3310
-3124
-2984
-2773
-2441
-1939
-1196
-238
778
1661
2316
2758
3067
3299
3411
3302
2923
2308
1491
518
-465
-1265
-1826
-2227
-2528
-2712
-2789
-2792
-2681
-2378
-1872
-1232
-527
178
826
1407
1924
2328
2548
2593
2512
2277
1844
1280
710
172
-366
-898
-1397
-1884
-2366
-2749
-2919
-2847
-2565
-2104
-1524
-922
-369
113
523
863
1132
1313
1354
1228
973
649
284
-86
-426
-718
-972
-1167
-1256
-1222
-1089
-888
-633
-356
-98
120
305
455
570
654
712
725
688
624
566
532
528
573
664
749
783
779
772
770
790
856
952
1029
1082
1178
1360
1613
1888
2124
2274
2362
2430
2448
2392
2326
2209
1687
390
-1498
-3317
-4583
-5238
-5263
-4556
-3354
-2306
-1892
-1956
-2028
-1812
-1218
-203
1159
2560
3596
4049
3988
3653
3231
2735
2083
1268
385
-515
-1413
-2191
-2670
-2851
-2946
-3119
-3305
-3354
-3192
-2773
-2021
-968
174
1136
1789
2170
2385
2546
2716
2866
2920
2798
2436
1806
981
119
-661
-1338
-1903
-2313
-2563
-2698
-2717
-2563
-2228
-1777
-1278
-770
-274
206
695
1191
1643
2014
2290
2416
2312
1994
1566
1105
614
110
-394
-937
-1533
-2086
-2453
-2591
-2543
-2355
-2060
-1718
-1385
-1050
-667
-219
259
696
998
1105
1018
794
512
255
74
-51
-182
-355
-544
-713
-837
-878
-791
-582
-317
-68
124
250
312
343
377
420
453
458
443
416
403
437
520
619
710
791
870
942
1018
1126
1258
1389
1503
1619
1751
1888
1994
2039
2057
2114
2202
2225
2153
2041
1736
829
-819
-2691
-4061
-4686
-4760
-4366
-3520
-2598
-2159
-2297
-2552
-2490
-2034
-1197
70
1617
3003
3802
3926
3587
3060
2507
1974
1473
1026
602
80
-599
-1328
-1970
-2551
-3144
-3640
-3826
-3635
-3177
-2506
-1634
-701
52
521
807
1059
1370
1792
2317
2836
3183
3220
2891
2225
1366
498
-266
-882
-1308
-1542
-1692
-1873
-2074
-2218
-2289
-2291
-2147
-1791
-1257
-626
41
665
1150
1470
1667
1761
1741
1659
1588
1521
1385
1151
783
217
-531
-1288
-1868
-2228
-2407
-2401
-2204
-1890
-1572
-1304
-1079
-853
-603
-311
18
361
659
824
797
607
336
44
-216
-373
-371
-255
-140
-86
-73
-77
-84
-68
9
147
301
413
447
389
259
109
-1
-26
48
200
380
546
693
834
959
1075
1224
1434
1667
1860
1987
2068
2137
2213
2276
2301
2301
2314
2302
2204
2067
1920
1464
261
-1594
-3321
-4236
-4366
-4103
-3599
-2941
-2534
-2712
-3190
-3336
-2896
-2032
-862
630
2202
3345
3738
3500
2983
2476
2127
1978
1988
2021
1845
1257
271
-864
-1912
-2794
-3438
-3673
-3433
-2931
-2448
-2063
-1729
-1469
-1305
-1095
-642
83
955
1832
2590
3086
3212
2984
2522
1986
1521
1196
968
752
485
101
-468
-1190
-1885
-2376
-2605
-2575
-2281
-1801
-1308
-940
-703
-548
-419
-232
101
564
1049
1465
1751
1810
1580
1135
651
270
28
-105
-202
-347
-580
-872
-1167
-1400
-1519
-1494
-1350
-1146
-927
-734
-602
-544
-508
-435
-311
-172
-60
25
102
189
274
342
389
419
442
463
500
546
582
587
555
487
381
241
98
-5
-52
-41
11
89
183
281
377
487
645
875
1169
1501
1819
2063
2205
2294
2385
2448
2438
2405
2420
2425
2335
2189
1943
1235
-225
-2040
-3337
-3705
-3505
-3224
-2994
-2887
-3142
-3740
-4168
-3948
-3134
-2044
-786
600
1813
2450
2458
2171
1971
2037
2350
2781
3126
3150
2671
1704
500
-587
-1394
-1940
-2236
-2249
-2105
-2079
-2308
-2646
-2892
-2956
-2760
-2192
-1292
-317
475
1018
1335
1464
1489
1562
1769
2079
2394
2579
2494
2092
1468
768
103
-429
-742
-864
-952
-1115
-1346
-1621
-1920
-2154
-2187
-1981
-1614
-1175
-735
-388
-194
-95
2
134
300
520
790
1031
1137
1064
828
498
188
-3
-64
-67
-95
-215
-454
-771
-1074
-1279
-1358
-1318
-1183
-1009
-880
-833
-828
-798
-681
-451
-127
214
483
643
713
739
773
858
992
1120
1182
1163
1068
900
689
503
383
322
303
311
311
270
208
212
337
578
889
1221
1510
1716
1853
1951
2029
2130
2290
2456
2551
2577
2448
1848
555
-1022
-2069
-2231
-1949
-1810
-1970
-2376
-3058
-3874
-4352
-4137
-3396
-2513
-1614
-678
114
482
453
383
620
1249
2111
2933
3443
3447
2927
2078
1237
679
435
327
207
25
-307
-903
-1698
-2422
-2828
-2868
-2602
-2109
-1565
-1210
-1129
-1173
-1129
-885
-426
211
918
1525
1898
2004
1904
1719
1574
1534
1582
1658
1663
1473
1015
382
-224
-660
-905
-1013
-1045
-1090
-1220
-1440
-1688
-1888
-1985
-1940
-1729
-1368
-932
-553
-346
-297
-263
-115
151
471
780
1022
1129
1068
899
706
530
371
235
127
8
-193
-488
-809
-1068
-1218
-1269
-1240
-1143
-1014
-894
-796
-682
-518
-299
-42
240
525
774
955
1084
1193
1297
1377
1427
1447
1439
1403
1341
1268
1195
1128
1070
1030
1023
1044
1072
1098
1135
1181
1201
1206
1239
1297
1356
1459
1597
1482
727
-538
-1549
-1701
-1257
-927
-1037
-1448
-2035
-2745
-3276
-3241
-2687
-2041
-1525
-1043
-600
-432
-589
-729
-469
229
1098
1831
2218
2176
1781
1270
924
892
1074
1218
1157
892
461
-143
-834
-1376
-1569
-1474
-1291
-1159
-1155
-1344
-1665
-1889
-1802
-1410
-887
-388
-3
206
240
203
241
434
768
1158
1479
1628
1567
1335
1028
768
650
656
668
587
372
17
-419
-796
-1012
-1124
-1244
-1360
-1404
-1424
-1515
-1645
-1675
-1555
-1360
-1150
-909
-652
-449
-322
-190
12
252
451
579
647
654
594
494
413
372
328
218
44
-157
-358
-531
-620
-608
-547
-515
-538
-584
-603
-566
-456
-263
-15
220
388
495
572
647
757
934
1173
1413
1582
1646
1625
1572
1554
1612
1736
1891
2031
2096
2017
1794
1551
1427
1425
1476
1565
1592
1206
166
-1136
-1893
-1780
-1319
-1186
-1493
-1991
-2573
-3187
-3531
-3321
-2701
-2057
-1537
-1084
-801
-854
-1069
-973
-321
657
1537
2043
2123
1871
1498
1257
1303
1589
1896
1993
1786
1321
696
10
-563
-827
-770
-636
-686
-980
-1434
-1932
-2291
-2323
-1996
-1510
-1101
-859
-766
-778
-794
-650
-262
296
857
1266
1425
1344
1162
1063
1141
1359
1602
1727
1623
1289
835
405
98
-52
-78
-98
-273
-696
-1274
-1761
-1945
-1822
-1578
-1413
-1397
-1476
-1576
-1615
-1493
-1161
-699
-280
-13
99
104
67
97
286
606
896
994
869
615
348
162
102
165
272
300
167
-108
-405
-596
-618
-488
-282
-109
-59
-133
-231
-252
-152
59
336
609
813
918
967
1023
1127
1293
1514
1751
1948
2055
2080
2071
2070
2064
2038
2020
2024
2003
1941
1876
1729
1201
182
-860
-1247
-940
-634
-886
-1554
-2236
-2816
-3286
-3431
-3122
-2620
-2269
-2077
-1912
-1845
-1959
-1990
-1542
-612
365
987
1183
1113
978
967
1210
1674
2158
2429
2383
2072
1621
1148
760
580
626
716
577
109
-546
-1169
-1609
-1782
-1681
-1456
-1345
-1458
-1699
-1911
-1994
-1879
-1517
-975
-446
-110
-3
-19
-7
158
522
1007
1446
1687
1679
1491
1262
1113
1094
1167
1215
1100
766
301
-141
-472
-704
-858
-950
-1049
-1257
-1565
-1838
-1947
-1882
-1704
-1473
-1267
-1162
-1150
-1119
-959
-679
-357
-66
153
277
299
267
268
347
484
618
705
712
621
450
282
202
217
271
297
265
171
33
-91
-142
-102
-12
85
166
236
296
349
422
544
716
911
1108
1298
1476
1623
1743
1849
1925
1960
1994
2066
2131
2141
2137
2108
1800
1006
48
-416
-206
98
-107
-760
-1455
-2049
-2577
-2880
-2771
-2435
-2236
-2243
-2277
-2340
-2526
-2657
-2354
-1565
-701
-174
-31
-74
-113
-6
353
941
1559
1955
2029
1868
1629
1408
1281
1328
1548
1751
1671
1236
632
97
-263
-420
-386
-305
-400
-759
-1234
-1628
-1850
-1884
-1715
-1410
-1147
-1078
-1178
-1290
-1264
-1027
-595
-84
339
550
560
508
536
686
914
1169
1386
1458
1293
946
616
444
405
403
378
260
-41
-515
-962
-1181
-1169
-1067
-1001
-1023
-1152
-1360
-1519
-1492
-1276
-987
-741
-586
-520
-527
-546
-467
-238
69
326
461
491
470
441
459
567
738
872
890
813
702
604
545
543
587
617
577
479
385
346
366
430
516
594
641
669
734
859
1022
1182
1330
1446
1487
1468
1474
1562
1693
1812
1890
1790
1300
506
-71
-27
366
463
34
-611
-1183
-1681
-2057
-2111
-1854
-1618
-1630
-1791
-1978
-2231
-2481
-2417
-1870
-1122
-622
-527
-658
-790
-772
-501
32
659
1117
1257
1145
955
830
836
1011
1333
1638
1692
1404
936
539
345
336
452
574
511
164
-335
-749
-957
-990
-898
-749
-685
-829
-1137
-1414
-1499
-1356
-1046
-686
-431
-374
-474
-580
-537
-297
60
409
665
784
724
478
190
100
314
666
872
750
328
-192
-544
-568
-347
-140
-144
-363
-687
-997
-1190
-1189
-1006
-754
-589
-604
-782
-995
-1077
-924
-588
-242
-56
-76
-194
-250
-156
71
346
569
680
661
572
516
566
712
886
1003
1009
906
766
696
755
911
1056
1101
1042
961
944
1018
1155
1303
1393
1404
1367
1331
1312
1326
1395
1454
1297
806
212
-77
14
134
-34
-430
-846
-1239
-1614
-1839
-1815
-1689
-1665
-1736
-1789
-1861
-2016
-2108
-1911
-1450
-1009
-790
-748
-751
-713
-561
-239
199
581
780
815
787
764
778
864
1043
1248
1336
1221
957
686
508
440
465
524
501
300
-31
-339
-514
-567
-546
-487
-452
-527
-724
-941
-1048
-1012
-870
-686
-523
-461
-527
-632
-638
-502
-309
-153
-37
68
134
119
66
68
151
258
337
366
320
193
53
6
47
69
-3
-121
-217
-291
-366
-428
-459
-490
-549
-610
-635
-630
-629
-627
-592
-534
-497
-486
-451
-355
-229
-123
-43
26
91
152
235
358
498
607
671
712
752
790
833
904
1000
1079
1109
1095
1080
1088
1130
1208
1296
1349
1349
1325
1300
1278
1270
1290
1329
1347
1326
1249
1042
649
206
-27
40
163
48
-340
-814
-1222
-1516
-1640
-1582
-1470
-1478
-1626
-1793
-1913
-1994
-1985
-1780
-1403
-1047
-875
-869
-894
-834
-629
-272
158
504
662
663
629
664
785
967
1162
1314
1350
1234
1019
828
738
738
773
773
681
448
127
-150
-291
-319
-317
-339
-415
-569
-777
-951
-1008
-946
-830
-719
-657
-665
-726
-770
-734
-611
-453
-305
-193
-129
-127
-161
-167
-92
44
165
211
182
114
50
26
55
107
121
70
-16
-94
-151
-198
-237
-259
-284
-332
-403
-461
-478
-470
-453
-438
-436
-448
-460
-438
-365
-260
-169
-109
-72
-33
28
125
261
408
527
597
635
676
747
852
977
1100
1193
1231
1240
1254
1302
1370
1444
1516
1565
1562
1500
1419
1364
1339
1318
1285
1195
978
622
250
25
-35
-75
-233
-513
-852
-1193
-1469
-1601
-1592
-1556
-1603
-1716
-1825
-1904
-1951
-1912
-1733
-1469
-1235
-1096
-1023
-961
-856
-662
-352
11
305
458
506
542
627
766
945
1124
1246
1254
1153
1014
906
855
840
838
808
698
487
232
26
-88
-135
-164
-215
-321
-496
-693
-834
-874
-841
-796
-774
-786
-830
-877
-876
-796
-668
-558
-501
-463
-403
-322
-245
-173
-90
-4
59
91
106
115
121
141
182
215
192
106
14
-33
-42
-42
-60
-117
-214
-330
-410
-421
-391
-369
-380
-414
-454
-483
-479
-428
-341
-256
-202
-172
-141
-96
-25
81
212
341
436
498
552
623
724
847
971
1077
1140
1171
1208
1280
1379
1475
1550
1599
1622
1613
1580
1550
1540
1529
1501
1442
1322
1097
773
447
233
146
78
-81
-359
-718
-1084
-1366
-1492
-1488
-1470
-1536
-1678
-1827
-1934
-1973
-1913
-1747
-1530
-1345
-1230
-1163
-1096
-985
-789
-497
-163
117
279
346
398
504
681
900
1107
1238
1255
1185
1095
1043
1038
1056
1061
1015
888
683
459
279
170
109
51
-36
-180
-374
-569
-703
-744
-723
-694
-699
-751
-831
-900
-907
-830
-706
-602
-554
-544
-532
-497
-430
-328
-202
-96
-37
-21
-17
-3
30
91
168
224
211
135
51
7
9
28
28
-16
-110
-228
-312
-336
-314
-298
-312
-354
-409
-456
-467
-428
-351
-275
-229
-212
-200
-172
-110
-5
134
268
364
422
466
526
621
746
886
1013
1099
1142
1173
1228
1316
1413
1499
1561
1593
1594
1574
1551
1537
1528
1501
1451
1358
1188
932
641
404
254
144
4
-215
-520
-871
-1187
-1386
-1452
-1461
-1509
-1626
-1780
-1920
-2001
-1982
-1856
-1673
-1513
-1408
-1342
-1274
-1168
-1001
-765
-481
-219
-31
82
167
269
414
606
815
984
1062
1049
998
969
987
1035
1077
1072
989
835
656
510
413
348
284
195
61
-121
-321
-484
-577
-613
-631
-665
-730
-819
-913
-971
-961
-889
-797
-716
-664
-643
-659
-688
-669
-554
-367
-189
-97
-110
-187
-253
-224
-76
123
250
228
86
-61
-125
-80
32
124
118
-6
-186
-320
-351
-296
-219
-184
-221
-323
-432
-482
-441
-339
-237
-178
-174
-203
-222
-187
-82
68
213
309
350
366
398
480
620
791
941
1026
1053
1063
1110
1213
1352
1489
1583
1615
1589
1545
1523
1535
1560
1564
1520
1405
1204
942
683
488
362
253
100
-134
-446
-789
-1084
-1266
-1338
-1370
-1441
-1580
-1757
-1920
-2013
-1996
-1874
-1704
-1564
-1489
-1453
-1402
-1295
-1105
-839
-547
-300
-137
-42
37
153
328
547
767
930
993
972
928
916
958
1036
1106
1117
1039
887
718
590
527
502
472
398
260
69
-127
-274
-344
-362
-376
-426
-520
-640
-755
-826
-830
-782
-721
-680
-668
-684
-716
-745
-730
-644
-505
-364
-273
-256
-294
-339
-322
-208
-29
125
175
114
-4
-89
-89
-1
117
172
114
-30
-179
-253
-233
-162
-100
-108
-193
-308
-383
-372
-293
-198
-139
-135
-166
-191
-166
-72
60
189
279
325
354
395
468
581
722
854
950
1008
1045
1090
1161
1258
1370
1476
1544
1561
1535
1499
1478
1482
1494
1483
1406
1240
1002
752
548
411
308
182
-15
-293
-615
-912
-1116
-1210
-1247
-1300
-1411
-1576
-1751
-1876
-1897
-1813
-1672
-1543
-1468
-1438
-1415
-1351
-1209
-987
-726
-483
-306
-191
-106
-7
141
338
556
742
851
882
868
853
870
930
1006
1054
1032
936
795
659
564
519
500
467
383
239
63
-96
-205
-257
-275
-293
-345
-440
-561
-668
-724
-722
-683
-639
-620
-642
-693
-739
-742
-692
-608
-523
-461
-431
-429
-432
-412
-357
-273
-187
-120
-83
-78
-97
-113
-106
-75
-36
-9
-15
-56
-116
-173
-201
-196
-174
-164
-180
-222
-270
-298
-289
-245
-187
-144
-126
-121
-111
-74
-8
82
175
254
309
353
405
475
562
659
753
832
890
937
989
1056
1136
1220
1295
1352
1379
1376
1359
1344
1339
1339
1326
1270
1155
975
763
564
409
295
186
37
-177
-445
-725
-957
-1097
-1158
-1192
-1258
-1379
-1537
-1686
-1764
-1738
-1629
-1496
-1398
-1357
-1352
-1330
-1248
-1084
-859
-625
-438
-315
-237
-155
-35
135
335
525
666
737
758
766
793
847
920
979
995
956
871
768
680
621
585
552
496
405
279
138
14
-75
-130
-164
-201
-258
-341
-434
-513
-558
-569
-557
-544
-539
-549
-565
-572
-572
-563
-555
-540
-505
-446
-375
-318
-294
-308
-337
-337
-283
-176
-64
-4
-21
-98
-179
-209
-163
-66
19
34
-33
-143
-231
-249
-192
-102
-35
-33
-92
-166
-201
-168
-81
18
84
103
89
81
112
191
297
394
460
497
522
558
616
693
778
850
904
949
992
1041
1095
1151
1206
1252
1284
1297
1293
1277
1252
1219
1178
1116
1018
879
711
540
385
250
123
-17
-190
-396
-617
-811
-953
-1044
-1104
-1162
-1244
-1349
-1458
-1530
-1539
-1483
-1389
-1294
-1223
-1181
-1148
-1090
-982
-822
-637
-461
-318
-212
-125
-36
82
229
383
519
614
668
699
727
764
811
853
873
859
816
759
702
649
600
543
473
388
294
202
118
41
-31
-103
-173
-241
-303
-355
-400
-442
-483
-518
-540
-549
-549
-548
-553
-564
-577
-578
-555
-510
-454
-410
-386
-380
-377
-366
-331
-274
-213
-168
-149
-155
-169
-175
-162
-134
-99
-75
-73
-86
-108
-125
-127
-117
-98
-82
-75
-77
-82
-83
-77
-60
-35
-4
28
58
86
120
153
193
239
293
351
404
454
500
542
586
636
692
751
808
858
898
933
965
998
1033
1063
1083
1085
1068
1037
995
942
877
795
690
570
442
314
188
57
-82
-237
-403
-567
-708
-823
-912
-993
-1077
-1169
-1259
-1330
-1362
-1351
-1309
-1256
-1206
-1166
-1124
-1070
-982
-864
-727
-587
-463
-356
-259
-158
-48
75
199
309
398
467
522
572
620
668
702
721
720
704
681
656
632
602
560
504
435
363
296
238
182
127
66
-6
-77
-140
-195
-240
-279
-318
-358
-394
-423
-442
-459
-479
-501
-518
-523
-509
-480
-445
-419
-409
-410
-408
-385
-340
-284
-233
-204
-198
-205
-206
-189
-156
-118
-91
-83
-89
-101
-104
-97
-84
-73
-71
-73
-76
-72
-58
-41
-26
-18
-11
0
22
56
93
127
155
178
203
233
275
322
370
412
447
479
513
553
597
642
684
719
748
778
810
845
881
911
929
932
923
909
894
876
850
808
741
650
542
429
323
222
124
19
-102
-238
-379
-511
-625
-718
-796
-863
-932
-998
-1055
-1098
-1120
-1117
-1096
-1061
-1016
-964
-903
-835
-758
-674
-584
-489
-389
-287
-182
-82
11
96
172
244
312
378
441
497
544
574
591
593
589
583
577
569
556
531
494
444
389
336
288
246
205
159
106
47
-12
-66
-111
-152
-188
-226
-266
-301
-330
-352
-370
-389
-410
-431
-442
-439
-422
-397
-376
-364
-364
-364
-355
-330
-292
-251
-219
-202
-198
-199
-190
-171
-145
-121
-103
-95
-95
-95
-93
-88
-82
-76
-72
-66
-58
-52
-47
-44
-44
-37
-25
-3
22
44
59
69
82
101
138
182
225
262
286
301
322
352
398
450
499
536
560
574
590
614
648
690
729
756
770
768
757
743
730
715
695
661
611
541
456
362
265
170
76
-18
-116
-219
-327
-431
-530
-621
-702
-775
-838
-892
-935
-965
-984
-992
-990
-980
-958
-923
-874
-809
-737
-662
-588
-512
-433
-348
-259
-166
-76
7
82
147
210
270
326
375
417
445
462
473
478
481
478
472
457
435
406
372
337
303
268
232
193
149
104
58
18
-18
-52
-85
-121
-160
-199
-236
-261
-275
-283
-293
-312
-337
-366
-385
-386
-368
-339
-310
-296
-297
-305
-310
-299
-269
-225
-184
-155
-142
-144
-150
-150
-138
-116
-91
-70
-58
-58
-64
-71
-73
-68
-59
-45
-30
-19
-10
-4
-1
4
12
27
47
73
101
128
150
166
183
200
223
253
287
319
348
370
390
411
435
460
488
514
535
557
579
606
634
661
683
696
701
699
695
690
683
668
641
600
542
470
392
308
224
140
55
-31
-118
-211
-306
-400
-490
-574
-645
-706
-754
-791
-821
-843
-858
-865
-863
-846
-815
-771
-714
-649
-580
-510
-441
-368
-294
-217
-136
-57
20
95
162
223
277
325
364
398
425
445
461
470
475
475
466
450
427
399
368
337
308
274
238
198
156
111
67
27
-8
-41
-73
-106
-140
-173
-202
-222
-235
-240
-246
-255
-268
-286
-300
-302
-291
-270
-248
-231
-224
-227
-231
-230
-219
-201
-181
-165
-155
-150
-149
-147
-143
-140
-138
-136
-132
-122
-110
-97
-92
-92
-100
-106
-105
-92
-71
-46
-25
-13
-6
-3
7
24
47
73
99
123
146
169
192
212
227
238
251
264
285
311
340
365
380
386
385
386
394
414
442
473
500
518
523
520
512
507
506
509
510
505
487
454
405
342
271
196
124
54
-12
-78
-149
-229
-317
-409
-498
-578
-643
-692
-727
-755
-779
-800
-816
-826
-824
-809
-780
-738
-682
-619
-552
-483
-415
-350
-286
-219
-150
-75
4
78
145
201
244
276
301
322
343
363
378
390
390
380
361
337
310
282
255
230
204
177
149
117
82
47
15
-16
-42
-65
-83
-99
-116
-132
-150
-165
-177
-185
-189
-191
-193
-195
-200
-201
-200
-196
-187
-178
-172
-168
-166
-164
-160
-153
-145
-140
-134
-132
-131
-129
-126
-120
-113
-108
-103
-100
-96
-93
-90
-81
-72
-60
-45
-33
-23
-15
-10
-3
8
22
42
65
85
103
118
128
142
158
179
202
226
247
263
276
287
297
308
321
333
348
360
374
387
398
409
419
428
441
455
469
481
488
491
487
480
470
455
439
412
377
335
286
231
174
114
50
-19
-90
-165
-238
-308
-370
-426
-477
-525
-569
-608
-639
-661
-671
-670
-658
-636
-610
-578
-543
-502
-454
-401
-344
-281
-218
-156
-94
-37
14
63
105
143
179
210
237
258
273
280
281
277
269
259
246
234
219
202
182
162
138
112
88
65
45
29
13
-2
-16
-34
-50
-65
-80
-92
-101
-106
-109
-109
-109
-113
-120
-128
-138
-147
-148
-145
-137
-129
-128
-131
-137
-147
-154
-153
-148
-142
-135
-133
-133
-135
-138
-142
-142
-141
-136
-130
-123
-115
-111
-110
-109
-109
-104
-96
-80
-62
-45
-32
-26
-22
-15
-4
14
40
62
81
94
104
115
126
140
158
175
189
200
210
219
230
243
254
264
272
280
289
301
312
323
333
340
349
360
373
387
399
404
401
396
390
386
382
374
355
324
279
229
174
120
69
16
-40
-100
-166
-232
-292
-350
-399
-443
-485
-523
-554
-575
-586
-588
-583
-570
-556
-536
-509
-475
-435
-386
-336
-285
-237
-190
-141
-91
-39
8
51
85
110
130
149
169
190
207
216
215
204
187
172
160
153
147
136
120
98
72
48
30
17
6
-4
-16
-30
-42
-56
-67
-76
-86
-95
-104
-108
-108
-106
-106
-111
-123
-139
-156
-165
-166
-158
-148
-142
-144
-157
-174
-189
-196
-192
-180
-167
-159
-158
-165
-174
-182
-184
-179
-169
-157
-148
-143
-140
-141
-139
-133
-120
-101
-79
-57
-39
-26
-15
-5
9
30
54
81
104
121
133
143
153
167
184
201
214
225
234
243
252
265
276
282
289
292
295
303
316
326
334
338
338
337
338
343
354
364
373
374
369
361
352
344
338
331
320
298
265
224
176
127
79
31
-18
-70
-124
-181
-235
-284
-329
-367
-403
-437
-471
-500
-519
-527
-523
-509
-491
-473
-454
-435
-411
-377
-337
-289
-239
-190
-145
-102
-61
-21
17
54
85
111
134
157
181
203
221
230
228
217
202
191
187
189
192
189
176
154
128
104
87
80
78
77
71
58
41
25
10
-4
-11
-19
-22
-23
-23
-23
-26
-36
-54
-74
-91
-98
-94
-81
-68
-63
-70
-88
-109
-124
-125
-113
-96
-84
-80
-88
-101
-113
-118
-116
-107
-97
-91
-89
-88
-88
-86
-83
-76
-67
-56
-42
-30
-22
-17
-16
-16
-15
-6
10
30
47
54
54
50
50
60
78
102
123
135
137
132
130
134
147
165
183
194
199
199
199
200
207
215
224
229
230
228
229
233
239
248
253
255
250
243
238
238
243
248
244
223
187
137
83
35
-2
-31
-59
-97
-144
-201
-258
-305
-340
-362
-377
-390
-407
-424
-436
-439
-432
-415
-396
-375
-358
-339
-312
-279
-236
-189
-143
-104
-71
-45
-22
2
30
58
85
108
124
134
135
131
122
114
108
107
111
118
119
110
87
56
24
3
-2
7
23
34
31
14
-10
-29
-40
-39
-30
-18
-12
-14
-22
-31
-42
-54
-67
-80
-92
-99
-99
-96
-92
-91
-96
-109
-121
-132
-136
-135
-129
-121
-114
-106
-100
-98
-99
-102
-104
-102
-92
-76
-58
-43
-35
-34
-37
-35
-26
-13
0
8
5
-2
-7
-3
14
35
53
60
52
35
21
22
40
72
104
127
135
129
119
113
114
126
141
155
161
162
161
163
168
176
184
189
183
175
167
163
165
175
190
204
211
210
200
186
172
166
167
179
197
212
219
210
180
138
86
39
1
-24
-36
-46
-60
-82
-115
-156
-198
-233
-259
-275
-278
-274
-262
-247
-234
-225
-223
-225
-227
-222
-204
-173
-127
-79
-36
-7
8
13
15
23
39
62
89
113
129
139
140
138
134
127
120
111
104
98
97
96
93
83
66
46
26
12
6
8
14
19
18
15
10
5
2
-1
-6
-15
-29
-44
-53
-56
-56
-55
-57
-64
-73
-84
-91
-93
-91
-87
-82
-77
-71
-63
-52
-42
-37
-38
-42
-45
-44
-35
-20
-4
7
10
4
-4
-9
-7
2
16
28
32
32
29
29
32
39
45
49
46
41
37
39
48
61
75
86
91
89
85
82
81
87
101
119
137
151
153
146
131
114
102
101
115
136
156
167
162
141
110
83
66
65
81
105
127
142
139
124
100
77
60
53
59
74
89
100
98
78
38
-11
-64
-107
-133
-140
-134
-125
-128
-150
-185
-228
-268
-293
-302
-298
-286
-272
-258
-248
-239
-234
-229
-226
-220
-206
-183
-152
-118
-90
-71
-66
-69
-72
-68
-56
-35
-16
-3
2
-3
-10
-19
-23
-22
-16
-6
4
12
16
11
1
-15
-31
-43
-40
-27
-9
9
19
13
-5
-31
-57
-75
-81
-72
-60
-45
-37
-39
-51
-69
-90
-110
-122
-124
-115
-98
-77
-58
-49
-50
-63
-79
-92
-91
-78
-55
-30
-9
0
0
-8
-17
-21
-24
-26
-25
-23
-19
-8
2
12
16
12
1
-14
-25
-27
-17
1
20
34
39
38
31
25
23
28
40
54
69
82
88
89
84
78
76
79
89
101
112
116
114
107
99
96
99
109
121
129
126
114
97
80
72
75
86
99
111
111
102
88
73
60
57
62
77
92
104
104
88
54
14
-26
-54
-61
-53
-37
-26
-32
-57
-92
-127
-149
-153
-142
-124
-108
-98
-96
-96
-97
-95
-96
-94
-94
-91
-79
-62
-38
-18
-6
-2
-10
-19
-23
-18
-8
6
14
18
17
15
15
18
20
16
8
-2
-7
-6
5
21
35
41
37
26
10
-4
-7
-3
7
18
27
30
25
16
1
-13
-23
-28
-26
-21
-14
-10
-12
-19
-31
-44
-56
-61
-60
-54
-42
-29
-20
-13
-13
-16
-22
-24
-24
-18
-10
1
12
18
20
18
13
5
0
-6
-2
6
19
34
45
49
48
41
36
35
40
50
62
71
76
76
75
75
78
83
86
88
88
85
82
83
90
95
98
96
89
76
63
54
49
49
54
59
58
56
52
48
43
38
35
31
26
21
18
17
20
23
28
26
17
2
-18
-39
-53
-58
-55
-47
-43
-47
-59
-80
-100
-115
-119
-118
-112
-105
-101
-100
-101
-104
-107
-112
-119
-121
-118
-110
-93
-74
-59
-52
-58
-70
-81
-86
-78
-63
-45
-29
-23
-27
-36
-46
-52
-53
-47
-39
-28
-21
-17
-17
-20
-26
-31
-35
-36
-33
-28
-25
-23
-25
-30
-36
-40
-43
-45
-45
-46
-45
-42
-41
-40
-41
-44
-49
-54
-54
-53
-47
-41
-35
-32
-32
-34
-36
-36
-33
-29
-25
-19
-14
-10
-5
-3
-3
-3
-5
-5
-1
7
18
30
37
37
34
27
22
25
33
48
64
76
84
82
77
70
66
65
70
83
99
114
124
127
121
110
98
91
94
102
116
127
131
124
112
97
85
80
84
93
101
106
106
101
93
84
78
78
82
87
91
91
89
81
72
67
66
69
75
81
84
79
65
48
30
15
10
11
17
21
20
13
-1
-16
-28
-37
-40
-40
-38
-34
-30
-30
-30
-35
-44
-55
-67
-72
-70
-61
-48
-36
-31
-35
-45
-57
-67
-69
-64
-54
-43
-39
-39
-44
-52
-58
-60
-58
-55
-52
-51
-52
-55
-58
-59
-58
-57
-54
-50
-50
-49
-47
-48
-47
-45
-42
-39
-33
-27
-24
-22
-22
-23
-23
-23
-19
-15
-8
-6
-7
-9
-11
-10
-7
-1
4
8
11
10
7
7
7
9
13
19
26
33
37
39
38
37
36
38
42
48
59
65
68
66
61
56
52
51
57
63
69
72
70
65
60
56
55
57
63
68
72
72
68
63
57
53
52
56
60
66
69
68
62
53
43
38
35
37
42
45
49
44
39
29
17
7
1
-1
0
3
7
8
6
2
-6
-16
-26
-36
-43
-46
-44
-40
-35
-33
-38
-46
-58
-70
-76
-77
-71
-62
-55
-54
-58
-66
-74
-80
-82
-83
-82
-81
-82
-79
-75
-73
-71
-70
-72
-76
-80
-81
-78
-73
-68
-66
-66
-70
-74
-76
-75
-73
-69
-66
-66
-67
-69
-70
-70
-66
-64
-61
-61
-64
-66
-69
-71
-68
-63
-57
-50
-45
-45
-46
-50
-53
-52
-47
-40
-30
-24
-21
-21
-23
-26
-28
-25
-20
-13
-8
-3
-1
0
0
-2
-5
-5
-4
-1
4
9
12
15
15
12
11
10
14
16
22
26
30
32
34
34
34
35
36
39
40
44
47
46
48
49
48
48
50
53
59
63
66
68
67
66
65
63
63
65
69
72
73
74
73
70
69
68
68
67
67
69
67
66
63
60
59
58
54
52
50
48
46
46
47
46
44
42
37
32
25
21
17
13
11
12
12
11
8
5
-1
-7
-14
-18
-21
-19
-17
-17
-19
-25
-34
-42
-49
-53
-52
-48
-45
-42
-43
-47
-51
-56
-57
-58
-58
-58
-57
-57
-58
-60
-62
-65
-64
-63
-62
-59
-57
-56
-57
-57
-57
-55
-53
-51
-49
-47
-45
-45
-46
-46
-45
-42
-38
-35
-31
-29
-28
-27
-26
-24
-22
-20
-17
-15
-13
-11
-10
-8
-6
-5
-3
-1
1
4
7
12
13
13
15
16
19
21
23
25
25
25
23
22
23
25
28
30
30
32
31
30
31
29
29
29
29
29
27
28
27
26
27
26
25
25
26
27
30
30
30
29
27
26
27
27
26
25
24
21
18
17
17
18
19
19
18
15
14
11
9
7
5
3
3
3
3
3
2
-1
-2
-4
-5
-4
-2
0
-1
-3
-5
-5
-7
-8
-8
-9
-10
-13
-14
-17
-17
-19
-19
-18
-20
-23
-26
-29
-33
-34
-35
-36
-36
-37
-39
-42
-43
-46
-49
-51
-52
-53
-53
-52
-53
-56
-58
-62
-64
-66
-65
-66
-64
-64
-62
-61
-61
-63
-63
-63
-64
-62
-59
-56
-52
-50
-49
-49
-50
-50
-49
-46
-44
-40
-36
-34
-33
-33
-32
-31
-28
-25
-21
-18
-14
-13
-12
-11
-11
-9
-4
-1
3
5
6
8
7
9
12
14
17
21
21
21
21
20
19
18
19
21
21
22
23
24
24
22
22
23
24
25
27
27
26
27
29
27
29
30
31
33
35
37
38
38
37
39
39
41
43
44
45
45
44
42
42
41
42
42
44
45
46
48
49
51
49
50
49
52
53
56
59
60
61
61
61
61
63
63
63
65
62
60
59
59
60
61
60
59
58
56
56
57
59
60
63
65
66
66
67
67
68
70
72
75
77
80
82
84
84
85
87
88
89
90
90
89
87
85
83
82
80
78
76
71
67
60
54
49
44
37
32
25
16
7
-1
-10
-18
-25
-31
-36
-42
-50
-59
-66
-72
-74
-73
-70
-65
-59
-56
-51
-46
-41
-33
-22
-11
-1
8
13
18
18
18
16
15
15
14
12
10
4
-6
-17
-31
-43
-53
-61
-66
-70
-72
-74
-76
-74
-68
-59
-46
-30
-11
8
29
53
74
97
119
141
162
179
194
206
212
212
207
199
184
166
144
118
89
57
26
-4
-31
-55
-76
-97
-116
-134
-155
-172
-189
-204
-218
-234
-250
-265
-281
-297
-310
-321
-330
-335
-338
-336
-330
-320
-308
-291
-273
-252
-229
-205
-177
-145
-112
-78
-44
-9
26
60
93
126
157
185
212
237
260
282
302
320
332
342
347
348
347
343
335
323
309
292
272
250
229
211
196
189
191
203
225
260
303
354
411
470
529
580
622
652
669
672
661
638
604
562
515
462
411
358
307
259
213
168
125
84
45
8
-25
-57
-87
-109
-126
-140
-150
-156
-161
-164
-163
-157
-150
-135
-121
-104
-87
-70
-56
-42
-33
-23
-17
-17
-21
-36
-64
-106
-164
-237
-321
-412
-506
-597
-684
-762
-828
-878
-911
-921
-911
-879
-828
-758
-676
-587
-493
-400
-312
-232
-163
-106
-62
-28
-4
14
30
50
76
114
165
227
299
374
448
517
576
617
639
641
619
577
513
437
348
255
160
70
-15
-93
-162
-227
-285
-342
-392
-436
-467
-485
-484
-460
-415
-345
-258
-160
-57
42
131
200
242
258
246
207
147
76
-1
-71
-133
-181
-212
-226
-224
-208
-180
-142
-97
-50
-2
48
93
135
169
191
204
203
187
158
118
66
7
-57
-126
-196
-258
-312
-353
-375
-380
-369
-345
-312
-271
-227
-180
-131
-81
-35
9
44
70
87
91
84
66
35
-7
-57
-115
-174
-230
-279
-318
-343
-362
-373
-384
-390
-396
-398
-395
-388
-375
-361
-347
-332
-318
-302
-282
-258
-229
-200
-174
-153
-140
-133
-129
-126
-126
-137
-178
-261
-395
-576
-784
-986
-1146
-1234
-1234
-1148
-989
-789
-570
-358
-168
-6
127
230
310
369
410
439
458
471
482
492
503
512
517
515
506
489
468
449
431
417
403
392
379
365
352
343
338
336
335
333
327
319
311
308
311
321
339
360
380
393
398
394
379
354
316
267
207
137
59
-22
-98
-167
-220
-254
-265
-254
-229
-189
-148
-109
-78
-58
-50
-50
-60
-73
-88
-108
-126
-145
-162
-175
-185
-192
-192
-189
-186
-185
-187
-196
-211
-231
-256
-283
-309
-334
-358
-379
-395
-404
-406
-400
-390
-379
-368
-363
-364
-372
-385
-403
-421
-437
-452
-463
-469
-473
-471
-462
-445
-419
-384
-345
-298
-249
-200
-152
-105
-59
-17
23
56
83
100
106
104
93
78
61
43
28
15
5
-4
-14
-24
-36
-49
-61
-71
-77
-80
-79
-74
-67
-57
-43
-29
-16
-3
12
27
41
57
75
90
105
117
125
131
135
140
145
152
158
161
158
146
123
90
49
2
-47
-90
-128
-152
-163
-158
-136
-99
-47
14
80
148
215
275
333
385
435
484
533
581
631
677
720
755
779
789
783
761
721
669
606
537
467
400
341
292
252
222
204
193
190
190
195
202
213
223
233
241
246
248
247
242
235
224
210
195
177
158
139
123
110
101
94
90
88
86
82
78
71
57
40
18
-8
-39
-70
-101
-131
-159
-181
-197
-203
-199
-190
-174
-156
-137
-118
-101
-81
-62
-43
-24
-3
16
32
45
55
60
61
62
61
59
56
51
47
39
32
23
19
20
24
34
49
61
71
75
68
47
12
-36
-99
-172
-251
-330
-402
-461
-507
-536
-551
-553
-548
-537
-525
-512
-499
-483
-461
-436
-406
-368
-326
-282
-237
-192
-149
-107
-66
-23
18
60
99
137
171
201
224
244
258
265
268
267
261
253
239
224
207
191
175
161
151
142
136
132
133
133
139
148
159
170
184
197
211
225
240
257
275
296
319
341
358
370
374
369
355
332
301
263
220
173
129
87
47
13
-18
-45
-66
-81
-90
-93
-89
-78
-66
-50
-34
-20
-8
1
7
9
10
7
3
-1
-8
-18
-32
-48
-66
-81
-95
-105
-110
-110
-108
-103
-98
-96
-95
-97
-101
-109
-118
-126
-133
-138
-141
-141
-138
-135
-127
-118
-111
-104
-98
-97
-97
-101
-107
-114
-120
-126
-134
-142
-151
-163
-176
-188
-200
-209
-211
-209
-200
-186
-166
-145
-124
-103
-83
-68
-59
-56
-61
-77
-105
-147
-202
-267
-336
-401
-455
-490
-497
-474
-422
-346
-256
-161
-74
-6
37
54
44
14
-30
-78
-124
-160
-183
-187
-175
-148
-109
-64
-18
24
58
83
94
95
85
70
54
37
26
23
27
41
59
78
99
116
133
156
193
247
327
436
568
712
854
976
1065
1113
1117
1085
1032
971
918
883
867
866
870
870
857
825
774
706
629
543
451
353
244
124
-9
-154
-305
-448
-576
-679
-753
-795
-808
-799
-772
-732
-678
-608
-517
-403
-266
-110
53
213
355
468
543
578
580
551
506
452
398
348
304
265
232
207
192
192
216
265
338
426
512
579
608
586
506
374
207
28
-136
-262
-333
-341
-288
-188
-57
85
218
324
389
405
365
273
136
-32
-214
-392
-545
-659
-728
-744
-716
-654
-569
-475
-383
-302
-233
-179
-137
-104
-79
-58
-39
-24
-12
-7
-8
-19
-41
-75
-121
-178
-241
-311
-381
-452
-518
-578
-631
-675
-709
-734
-750
-763
-774
-782
-791
-799
-809
-817
-823
-825
-824
-817
-804
-783
-756
-722
-684
-647
-611
-581
-559
-545
-534
-526
-511
-486
-446
-386
-309
-217
-113
-8
94
187
264
323
364
389
402
408
409
407
405
404
404
401
399
396
388
380
367
350
330
305
277
250
226
201
183
170
158
154
152
152
157
166
178
191
204
217
229
238
245
252
258
263
263
252
226
181
114
25
-84
-206
-335
-459
-570
-660
-720
-751
-755
-733
-693
-641
-584
-524
-465
-398
-322
-232
-125
0
140
285
422
544
641
704
734
733
705
657
595
523
445
365
285
209
137
74
22
-15
-38
-47
-40
-22
7
40
75
108
131
145
146
132
105
64
16
-40
-96
-151
-197
-232
-252
-257
-244
-217
-176
-126
-69
-8
52
108
157
196
219
226
211
179
130
64
-11
-93
-176
-258
-335
-405
-468
-524
-574
-618
-655
-684
-700
-705
-692
-662
-618
-561
-499
-434
-371
-313
-261
-213
-166
-121
-74
-24
24
71
111
140
156
157
143
115
76
30
-18
-57
-83
-90
-75
-35
25
101
189
280
367
444
506
545
556
533
474
377
248
97
-64
-218
-348
-438
-477
-462
-394
-284
-145
10
165
310
431
531
603
651
677
686
680
664
641
611
578
543
506
471
436
402
369
334
297
256
209
157
101
43
-14
-71
-123
-170
-212
-250
-283
-310
-331
-347
-354
-353
-338
-315
-284
-245
-203
-160
-119
-83
-51
-26
-2
20
42
64
89
111
131
149
161
167
169
166
159
151
143
135
127
119
113
107
101
94
87
78
65
48
25
-2
-33
-68
-106
-141
-171
-193
-198
-186
-154
-96
-23
65
156
240
303
336
334
296
228
140
47
-39
-106
-146
-154
-131
-82
-15
63
142
218
285
338
379
407
422
431
438
445
454
471
492
519
551
584
620
655
688
716
740
754
760
754
735
701
651
587
508
417
316
206
92
-20
-130
-238
-334
-425
-506
-577
-642
-695
-738
-768
-786
-787
-774
-748
-711
-666
-620
-574
-532
-495
-464
-433
-405
-374
-338
-298
-259
-222
-193
-176
-174
-188
-215
-251
-293
-335
-372
-404
-426
-437
-437
-422
-391
-343
-279
-197
-103
-4
94
181
249
295
310
297
253
186
98
-5
-119
-239
-355
-462
-554
-623
-663
-671
-647
-590
-505
-398
-274
-143
-9
123
247
363
468
562
642
707
758
790
806
805
786
754
708
652
587
516
440
360
279
200
128
64
9
-30
-61
-81
-92
-99
-101
-103
-103
-103
-101
-93
-83
-69
-51
-32
-14
4
14
21
22
19
16
16
22
37
62
96
134
172
206
227
230
214
175
116
39
-50
-143
-235
-315
-377
-413
-420
-394
-338
-256
-157
-49
55
145
212
252
259
234
181
108
23
-66
-149
-219
-271
-304
-316
-311
-291
-260
-222
-183
-147
-118
-95
-86
-86
-95
-108
-120
-127
-122
-103
-69
-20
37
100
162
217
260
289
304
305
295
277
255
233
213
200
193
192
199
211
228
244
259
272
279
282
279
272
262
247
235
223
212
205
201
197
194
190
182
171
156
137
114
90
64
39
17
-2
-16
-27
-34
-37
-36
-35
-31
-26
-23
-21
-21
-25
-32
-43
-55
-68
-80
-89
-96
-99
-101
-101
-99
-98
-97
-96
-99
-100
-104
-106
-110
-116
-124
-135
-148
-161
-178
-194
-213
-231
-248
-265
-281
-297
-310
-319
-327
-331
-331
-326
-318
-307
-292
-275
-256
-238
-218
-198
-179
-163
-147
-137
-132
-130
-133
-140
-149
-157
-163
-168
-170
-170
-169
-169
-172
-175
-179
-183
-188
-191
-190
-187
-181
-173
-163
-150
-137
-123
-109
-93
-75
-59
-39
-18
3
24
46
67
89
108
126
140
155
166
174
180
183
183
181
174
165
153
136
120
102
83
63
47
34
23
15
11
11
13
19
23
30
35
39
40
41
41
42
43
49
60
73
89
106
120
127
124
108
76
30
-27
-95
-166
-234
-297
-348
-385
-406
-412
-402
-378
-344
-303
-251
-194
-134
-71
-8
53
110
162
203
233
250
254
246
225
198
163
125
89
55
26
4
-10
-17
-16
-8
5
23
43
64
85
104
119
131
138
139
136
128
116
102
84
65
43
22
2
-18
-36
-51
-65
-75
-82
-88
-89
-85
-81
-73
-62
-48
-32
-15
3
21
39
55
71
84
97
107
115
124
131
138
145
150
156
160
164
167
169
172
172
173
175
178
179
179
179
177
174
167
160
149
136
124
112
101
90
81
72
64
58
54
49
46
46
45
45
46
47
51
54
57
59
61
65
68
72
76
82
87
94
102
110
118
125
133
138
142
146
146
144
141
134
126
115
103
90
77
63
48
34
19
3
-12
-29
-48
-67
-87
-106
-127
-145
-162
-176
-188
-198
-205
-209
-210
-210
-206
-200
-193
-184
-174
-162
-150
-136
-122
-108
-91
-76
-60
-44
-30
-20
-11
-8
-9
-15
-24
-37
-53
-66
-79
-90
-97
-102
-104
-102
-101
-97
-94
-92
-89
-89
-89
-88
-89
-89
-89
-90
-92
-96
-99
-104
-110
-118
-126
-136
-146
-157
-166
-176
-183
-188
-191
-190
-186
-180
-171
-161
-147
-135
-122
-110
-99
-92
-85
-81
-77
-76
-75
-74
-73
-70
-65
-58
-50
-39
-25
-10
8
28
49
71
92
114
132
147
159
168
171
171
166
158
146
131
114
96
76
56
37
20
4
-8
-16
-20
-21
-18
-11
-1
7
15
20
19
15
6
-9
-26
-46
-66
-85
-101
-114
-124
-130
-131
-129
-124
-117
-106
-92
-78
-61
-44
-27
-10
4
18
30
40
50
57
62
68
72
76
76
75
70
61
47
29
7
-17
-45
-73
-100
-124
-141
-155
-160
-159
-149
-132
-109
-81
-48
-14
19
50
80
106
126
144
156
167
174
180
184
188
189
191
190
186
179
169
156
140
121
99
76
54
31
12
-6
-19
-28
-32
-31
-25
-15
1
16
35
53
72
90
106
119
132
142
152
160
168
175
183
193
203
214
226
241
255
269
284
297
310
319
327
332
332
329
322
309
291
267
240
205
166
125
79
33
-12
-58
-99
-137
-170
-197
-219
-233
-241
-245
-243
-237
-226
-212
-196
-176
-154
-133
-111
-87
-66
-46
-28
-12
-1
9
15
17
15
12
8
1
-4
-10
-15
-17
-18
-15
-8
0
9
24
39
54
71
86
103
116
129
139
146
151
154
152
150
146
139
132
125
117
111
105
102
102
105
112
121
134
151
169
191
214
236
258
277
296
313
325
335
341
344
342
339
334
325
315
305
293
281
268
255
243
233
220
210
201
191
183
175
167
160
154
148
139
131
122
112
100
86
69
52
31
9
-14
-39
-65
-91
-117
-143
-166
-189
-209
-230
-249
-268
-284
-302
-320
-336
-354
-370
-384
-396
-404
-406
-405
-399
-388
-373
-353
-330
-307
-281
-256
-231
-208
-188
-168
-152
-138
-126
-116
-108
-102
-96
-90
-83
-77
-71
-65
-58
-50
-43
-35
-25
-18
-9
1
9
17
22
25
24
18
7
-11
-32
-59
-92
-125
-160
-195
-227
-257
-281
-300
-314
-319
-321
-318
-311
-299
-287
-273
-258
-243
-228
-215
-201
-187
-175
-164
-154
-144
-136
-126
-119
-112
-105
-97
-89
-80
-72
-62
-52
-40
-29
-17
-5
7
18
29
37
45
50
52
52
47
39
29
14
-3
-24
-48
-74
-100
-127
-154
-178
-200
-218
-232
-242
-246
-247
-243
-236
-228
-218
-204
-192
-179
-166
-154
-141
-130
-120
-110
-103
-94
-89
-85
-83
-80
-79
-79
-77
-73
-67
-58
-44
-26
-2
23
54
86
119
153
183
211
234
252
266
273
275
271
263
251
235
216
193
169
141
114
86
57
32
7
-13
-32
-47
-55
-60
-59
-53
-43
-28
-11
9
31
54
77
98
116
132
145
153
157
157
153
147
138
128
119
109
101
95
91
91
94
101
108
120
132
145
160
173
188
200
212
220
228
232
236
236
234
230
225
215
206
194
180
166
152
136
121
107
93
81
70
60
51
44
38
30
24
16
8
-1
-12
-24
-34
-49
-61
-75
-88
-98
-109
-117
-123
-128
-132
-131
-131
-130
-126
-122
-118
-115
-111
-109
-109
-109
-110
-114
-120
-128
-135
-145
-157
-167
-179
-189
-199
-205
-209
-211
-208
-200
-191
-176
-159
-139
-118
-95
-74
-53
-35
-21
-10
-3
3
2
-1
-6
-14
-23
-34
-46
-58
-70
-82
-92
-103
-111
-116
-120
-122
-119
-115
-107
-97
-83
-68
-53
-36
-21
-7
7
18
28
38
46
55
63
72
83
94
106
119
133
147
158
169
177
183
186
186
185
183
182
181
182
187
193
203
214
225
236
245
249
250
245
233
214
191
163
131
97
62
26
-8
-40
-71
-99
-125
-151
-172
-196
-217
-236
-255
-272
-286
-295
-303
-308
-308
-303
-294
-282
-265
-247
-230
-210
-191
-172
-156
-142
-129
-121
-113
-106
-101
-98
-94
-93
-93
-91
-91
-92
-94
-98
-102
-110
-118
-127
-137
-147
-155
-164
-170
-173
-173
-169
-163
-153
-139
-123
-106
-87
-67
-48
-29
-12
4
19
34
48
62
74
85
96
105
111
114
111
104
90
70
45
16
-20
-56
-95
-132
-167
-198
-222
-241
-254
-260
-262
-258
-249
-237
-224
-209
-194
-180
-164
-150
-137
-123
-111
-98
-86
-76
-65
-55
-45
-37
-28
-21
-13
-5
4
12
23
33
43
57
69
81
95
109
122
135
149
162
176
190
204
217
230
241
253
263
270
276
280
281
280
278
272
266
259
250
242
234
226
217
212
205
199
193
187
183
178
173
168
164
160
156
153
150
148
146
145
144
145
146
146
145
145
146
145
145
143
143
142
140
139
137
134
133
130
126
122
116
111
104
97
89
82
76
70
65
61
58
56
55
55
57
57
58
57
57
56
52
50
45
40
35
28
21
15
7
-1
-8
-16
-23
-31
-38
-46
-53
-58
-63
-66
-68
-68
-66
-63
-58
-51
-42
-32
-20
-6
8
21
38
53
67
82
96
108
117
125
130
130
129
123
113
103
86
68
48
26
2
-21
-44
-66
-88
-107
-123
-137
-149
-156
-163
-165
-165
-165
-162
-155
-149
-142
-132
-123
-114
-103
-92
-83
-72
-63
-54
-46
-39
-33
-28
-25
-23
-21
-20
-19
-20
-20
-20
-22
-21
-20
-19
-18
-15
-12
-9
-6
-2
4
6
12
19
24
31
36
40
46
49
51
51
48
41
33
21
6
-12
-30
-52
-73
-94
-114
-132
-148
-161
-172
-180
-184
-185
-185
-181
-178
-173
-166
-161
-154
-148
-143
-137
-134
-130
-127
-125
-123
-120
-118
-115
-112
-107
-103
-95
-88
-79
-68
-57
-45
-32
-19
-7
8
20
33
43
53
63
71
77
82
87
90
92
94
94
93
92
89
86
84
80
76
72
69
64
62
58
55
53
51
49
46
46
45
43
42
40
39
37
35
34
33
30
28
28
25
23
23
20
18
16
12
11
9
7
4
2
-1
-2
-5
-7
-10
-11
-15
-17
-21
-24
-27
-30
-34
-38
-42
-46
-50
-55
-58
-63
-66
-69
-72
-74
-75
-78
-80
-80
-82
-82
-83
-82
-80
-79
-77
-74
-71
-67
-63
-59
-55
-50
-46
-39
-36
-30
-26
-22
-18
-14
-10
-7
-3
-1
2
6
8
11
14
16
19
22
24
27
32
36
40
44
49
54
58
65
69
72
77
80
84
86
88
90
92
93
95
95
94
94
94
93
92
90
86
84
80
77
73
69
65
60
55
53
49
45
42
37
36
32
30
25
23
22
20
18
18
17
17
17
18
19
19
20
21
22
24
24
25
27
29
29
31
33
35
37
39
40
42
43
43
44
45
45
45
46
46
46
47
48
49
50
51
53
53
54
55
56
57
57
58
59
61
62
64
63
65
66
66
66
66
65
63
62
59
55
51
46
41
35
29
21
13
5
-4
-13
-22
-30
-38
-46
-52
-56
-59
-60
-59
-57
-52
-46
-40
-32
-23
-14
-5
3
13
21
28
35
42
47
52
54
55
54
54
50
45
39
31
22
13
2
-9
-20
-32
-43
-52
-63
-72
-81
-88
-94
-100
-104
-108
-111
-114
-116
-117
-117
-117
-118
-118
-117
-118
-117
-118
-118
-119
-119
-119
-119
-120
-120
-121
-122
-122
-122
-122
-122
-122
-122
-122
-120
-119
-118
-117
-116
-113
-112
-110
-106
-104
-100
-95
-91
-87
-82
-77
-70
-66
-60
-53
-47
-40
-34
-27
-20
-14
-8
-2
4
10
16
20
26
29
34
37
40
43
46
48
51
52
54
55
55
55
55
55
54
51
48
46
43
40
37
33
29
24
20
16
14
10
6
3
1
-1
-5
-6
-8
-11
-11
-13
-13
-15
-16
-16
-16
-15
-14
-14
-13
-13
-12
-11
-9
-9
-7
-5
-4
-3
-1
2
4
6
9
11
13
14
17
18
18
19
20
20
20
19
20
20
19
18
18
18
17
16
15
15
14
13
13
13
13
13
14
13
15
16
16
17
19
19
20
22
23
24
26
26
29
31
31
33
35
37
38
39
41
42
43
43
46
45
44
45
45
44
44
45
45
45
45
45
44
43
43
42
41
40
40
39
37
37
37
35
34
34
33
32
31
30
30
29
29
29
28
28
29
29
30
30
31
31
31
31
32
32
32
32
32
32
33
32
31
31
30
29
29
27
25
25
22
23
21
20
18
17
15
16
15
15
14
14
13
13
14
14
13
14
14
14
13
14
15
15
14
14
15
15
15
14
13
13
13
11
10
10
9
8
7
7
5
4
2
0
0
-2
-4
-5
-7
-8
-9
-12
-13
-14
-15
-16
-16
-16
-17
-16
-17
-17
-17
-16
-16
-15
-15
-15
-14
-16
-15
-16
-17
-19
-20
-22
-24
-27
-28
-32
-34
-38
-40
-43
-45
-46
-49
-51
-53
-54
-54
-56
-57
-57
-57
-57
-57
-55
-55
-53
-53
-51
-51
-50
-49
-48
-48
-47
-47
-46
-46
-45
-46
-45
-45
-45
-44
-44
-41
-40
-38
-37
-34
-33
-30
-27
-25
-22
-21
-18
-16
-14
-12
-12
-11
-10
-9
-10
-9
-10
-9
-9
-10
-11
-10
-10
-10
-10
-10
-9
-8
-7
-6
-5
-4
-1
0
2
5
7
9
12
14
17
18
18
22
23
23
24
24
25
25
25
25
25
24
23
22
22
20
20
18
16
15
14
12
11
9
7
5
4
3
1
0
-2
-3
-4
-5
-6
-8
-8
-9
-11
-12
-12
-13
-14
-15
-15
-15
-15
-14
-14
-14
-14
-12
-11
-9
-8
-7
-7
-5
-4
-4
-2
-2
-1
-1
-1
-2
-1
-1
-1
-2
-2
-3
-3
-4
-5
-5
-5
-6
-7
-6
-7
-7
-6
-6
-6
-6
-6
-6
-5
-6
-6
-5
-5
-5
-5
-5
-5
-6
-6
-6
-5
-5
-5
-4
-3
-1
-1
1
2
3
5
6
7
10
10
11
14
14
16
17
18
19
18
19
20
20
21
20
20
20
21
21
22
22
20
21
20
21
21
21
21
21
21
21
21
20
19
19
19
18
16
15
15
13
11
11
8
8
7
5
4
3
1
1
0
-1
0
-2
-3
-3
-4
-5
-5
-5
-5
-6
-7
-8
-7
-9
-10
-10
-11
-11
-13
-13
-14
-13
-14
-15
-15
-16
-17
-17
-17
-18
-18
-18
-19
-18
-19
-19
-20
-18
-18
-19
-18
-18
-20
-19
-18
-18
-18
-18
-18
-17
-17
-16
-17
-15
-16
-15
-15
-14
-14
-13
-12
-11
-10
-10
-9
-8
-7
-7
-6
-5
-5
-4
-3
-4
-3
-2
-1
-1
-2
-1
-1
0
0
0
0
1
0
1
2
2
2
3
3
4
4
4
5
5
6
6
5
6
7
6
6
6
6
6
6
7
8
6
7
7
7
7
6
6
6
7
7
7
7
6
6
7
6
8
7
7
6
6
7
6
6
5
6
4
4
4
3
3
3
2
1
1
0
0
-1
-2
-2
-3
-4
-4
-5
-6
-6
-8
-7
-9
-9
-9
-10
-10
-10
-11
-12
-13
-14
-14
-13
-14
-14
-15
-15
-14
-14
-15
-15
-15
-15
-15
-15
-14
-15
-14
-14
-14
-14
-13
-14
-12
-12
-11
-11
-11
-9
-8
-8
-7
-6
-5
-4
-3
-3
-2
0
1
2
3
5
5
7
8
8
9
10
12
13
14
15
16
17
17
18
20
20
21
21
22
24
24
24
25
25
26
26
27
26
26
28
27
27
28
26
26
27
25
24
24
22
23
22
21
20
19
17
17
14
13
13
11
10
8
6
5
4
2
1
-1
-2
-4
-5
-6
-7
-8
-9
-9
-11
-13
-12
-13
-13
-14
-13
-13
-14
-14
-13
-14
-13
-13
-12
-12
-11
-11
-11
-10
-10
-9
-9
-8
-7
-6
-6
-5
-4
-4
-3
-2
-1
0
0
0
1
2
3
4
5
5
6
6
6
7
8
8
8
9
9
10
9
10
11
11
11
10
11
11
10
10
10
10
9
9
9
8
8
7
7
6
7
5
4
4
4
3
3
2
2
1
0
0
0
-1
-1
-1
-2
-3
-3
-4
-5
-5
-6
-5
-6
-6
-7
-8
-8
-9
-9
-9
-10
-10
-11
-11
-12
-13
-13
-13
-14
-14
-15
-15
-15
-16
-15
-17
-17
-16
-17
-18
-17
-18
-18
-18
-18
-18
-16
-17
-17
-17
-15
-16
-14
-15
-14
-13
-13
-12
-11
-10
-10
-9
-7
-7
-5
-4
0
0
0
0
0
0
0
0
0
0
0
0
0
0
0
0
0
0
0
0
0
0
0
0
0
0
0
0
0
0
0
0
0
0
0
0
0
0
0
0
0
0
0
0
0
0
0
0
0
0
0
0
0
0
0
0
0
0
0
0
0
0
0
0
0
0
0
0
0
0
0
0
0
0
0
0
0
0
0
0
0
0
0
0
0
0
0
0
0
0
0
0
0
0
0
0
0
0
0
0
0
0
0
0
0
0
0
0
0
0
0
0
0
0
0
0
0
0
0
0
0
0
0
0
0
0
0
0
0
0
0
0
0
0
0
0
0
0
0
0
0
0
0
0
0
0
0
0
0
0
0
0
0
0
0
0
0
0
0
0
0
0
0
0
0
0
0
0
0
0
0
0
0
0
0
0
0
0
0
0
0
0
0
0
0
0
0
0
0
0
0
0
0
0
0
0
0
0
