0
0
0
0
0
0
0
0
0
0
0
0
0
0
0
0
0
0
0
0
0
0
0
0
0
0
0
0
0
0
0
0
0
0
0
0
0
0
0
0
0
0
0
0
0
0
0
0
0
0
0
0
0
0
0
0
0
0
0
0
0
0
0
0
0
0
0
0
0
0
0
0
0
0
0
0
0
0
0
0
0
0
0
0
0
0
0
0
0
0
0
0
0
0
0
0
0
0
0
0
0
0
0
0
0
0
0
0
0
0
0
0
0
0
0
0
0
0
0
0
0
0
0
0
0
0
0
0
0
0
0
0
0
0
0
0
0
0
0
0
0
0
0
0
0
0
0
0
0
0
0
0
0
0
0
0
0
0
0
0
0
0
0
0
0
0
0
0
0
0
0
0
0
0
0
0
0
0
0
0
0
0
0
0
0
0
0
0
0
0
0
0
0
0
0
0
0
0
-20
-24
-29
-33
-36
-40
-44
-48
-51
-54
-57
-59
-62
-62
-63
-64
-65
-64
-63
-60
-58
-55
-52
-49
-43
-38
-34
-28
-22
-16
-10
-3
3
8
16
22
28
34
40
44
48
52
54
57
59
60
60
61
59
57
54
51
46
42
36
30
23
17
10
3
-5
-14
-21
-29
-37
-43
-52
-59
-63
-71
-75
-79
-84
-86
-87
-89
-90
-88
-88
-84
-80
-77
-71
-65
-58
-50
-43
-33
-23
-15
-5
5
14
24
34
43
52
60
68
75
82
88
93
97
101
104
107
107
110
110
109
109
109
107
106
104
102
100
98
96
95
92
90
88
85
83
80
78
74
71
67
63
58
54
48
41
35
26
19
10
-1
-12
-22
-34
-46
-57
-70
-82
-94
-107
-118
-130
-140
-151
-159
-166
-172
-177
-181
-183
-183
-181
-178
-174
-166
-158
-150
-138
-126
-112
-97
-81
-64
-47
-28
-10
9
28
48
65
83
100
117
133
148
161
173
183
192
199
206
208
211
211
207
203
198
189
178
167
153
139
122
104
84
64
43
21
-1
-25
-48
-70
-93
-113
-136
-156
-174
-192
-208
-222
-235
-245
-253
-258
-262
-264
-262
-258
-252
-244
-233
-221
-208
-191
-173
-154
-133
-112
-90
-67
-43
-21
3
24
48
69
89
108
126
143
157
170
182
190
198
204
207
208
207
204
200
194
187
177
166
153
141
127
111
96
80
65
49
34
19
5
-8
-20
-30
-41
-48
-54
-60
-62
-64
-63
-60
-58
-52
-44
-37
-27
-16
-6
6
17
30
41
54
65
76
84
92
99
104
109
108
108
106
101
95
86
76
64
50
35
19
2
-17
-35
-54
-75
-93
-111
-129
-146
-161
-176
-188
-199
-207
-215
-218
-221
-221
-219
-214
-207
-198
-188
-175
-160
-144
-128
-110
-90
-70
-49
-28
-7
13
33
52
71
88
106
121
133
147
158
166
174
178
182
183
184
180
176
170
163
152
142
129
116
101
85
68
50
32
14
-4
-22
-40
-59
-75
-93
-107
-122
-134
-145
-155
-164
-171
-175
-178
-179
-179
-176
-172
-165
-158
-149
-138
-126
-113
-99
-84
-69
-53
-36
-18
-2
14
31
46
61
76
90
102
113
124
133
140
146
151
154
155
156
154
152
149
143
137
130
121
112
102
93
81
71
60
49
38
28
20
10
3
-5
-11
-15
-19
-21
-22
-22
-20
-19
-14
-9
-3
4
12
21
30
38
47
56
66
74
81
88
95
99
102
104
104
103
99
95
88
80
71
59
47
33
18
2
-13
-29
-46
-63
-78
-95
-110
-123
-136
-148
-159
-168
-174
-179
-183
-185
-185
-182
-179
-173
-166
-157
-147
-136
-125
-111
-98
-84
-69
-55
-40
-25
-10
4
17
30
43
54
66
76
84
91
99
103
108
113
114
115
115
115
113
111
105
101
95
88
80
72
63
52
42
31
20
8
-4
-16
-28
-40
-52
-64
-75
-87
-97
-106
-116
-122
-128
-134
-138
-141
-142
-141
-141
-138
-134
-129
-121
-112
-104
-94
-83
-70
-57
-44
-31
-17
-3
12
26
39
53
66
77
89
99
108
117
123
129
133
137
140
140
140
137
135
130
126
121
113
106
99
90
82
73
63
54
45
36
28
20
12
6
-1
-6
-11
-15
-19
-21
-22
-24
-23
-22
-21
-19
-17
-14
-10
-6
-3
1
5
9
12
15
18
21
23
24
24
24
22
22
19
16
11
6
2
-5
-12
-19
-27
-35
-42
-50
-59
-66
-73
-81
-87
-92
-98
-102
-105
-107
-110
-111
-110
-109
-106
-103
-99
-96
-89
-84
-77
-70
-63
-55
-49
-40
-32
-25
-17
-10
-3
4
10
16
22
26
31
35
38
42
45
47
49
51
51
53
53
51
50
50
48
46
45
42
38
35
32
28
23
19
14
9
5
-1
-6
-12
-16
-22
-27
-32
-36
-41
-45
-47
-50
-53
-55
-56
-57
-57
-56
-54
-52
-49
-45
-41
-36
-31
-24
-18
-11
-4
4
12
19
27
35
42
50
55
63
69
75
80
84
89
92
94
95
97
95
95
94
92
89
86
82
77
72
67
61
55
49
43
38
32
27
22
18
14
10
7
4
2
-1
-1
-1
-1
0
0
1
3
5
7
9
12
14
15
18
20
21
21
21
22
21
20
17
15
12
9
5
1
-5
-10
-15
-21
-27
-34
-39
-45
-50
-56
-62
-66
-70
-73
-76
-78
-80
-81
-80
-80
-79
-78
-76
-72
-68
-65
-61
-56
-52
-46
-42
-36
-31
-25
-19
-14
-10
-4
0
3
9
12
15
20
23
25
28
31
32
33
34
35
35
36
35
34
34
32
30
28
24
22
19
16
12
7
4
0
-5
-10
-15
-20
-24
-28
-33
-38
-42
-45
-48
-52
-54
-57
-58
-59
-59
-59
-59
-58
-56
-55
-51
-48
-43
-39
-35
-30
-25
-20
-14
-9
-3
3
7
13
18
23
28
33
37
40
43
46
49
51
52
53
55
54
54
54
52
50
50
48
46
44
41
38
36
33
29
27
25
21
19
16
14
12
10
8
7
6
5
3
2
2
3
2
2
2
3
3
4
5
5
5
6
6
7
6
7
7
6
6
6
5
4
3
1
1
0
-2
-5
-6
-8
-11
-12
-13
-15
-17
-18
-19
-21
-22
-23
-23
-24
-26
-26
-25
-25
-26
-26
-25
-25
-25
-23
-23
-23
-22
-22
-21
-21
-20
-20
-20
-19
-19
-18
-18
-18
-17
-16
-16
-16
-14
-13
-13
-12
-10
-10
-8
-8
-7
-5
-4
-3
-2
-1
1
0
1
2
3
3
2
2
2
0
1
1
-1
-2
-3
-3
-5
-6
-7
-7
-9
-9
-10
-9
-11
-11
-10
-10
-9
-9
-7
-6
-5
-4
-1
0
2
4
7
9
10
12
15
18
19
22
24
26
28
30
32
33
35
37
38
38
40
42
42
43
42
43
44
44
43
43
44
42
43
43
41
41
40
39
37
36
35
34
32
30
29
28
25
24
21
20
18
17
14
12
10
9
7
6
4
3
1
-1
-2
-3
-5
-6
-6
-8
-9
-10
-12
-13
-12
-13
-15
-15
-16
-16
-17
-18
-18
-19
-20
-21
-21
-22
-22
-22
-23
-23
-24
-23
-24
-24
-25
-25
-25
-25
-25
-26
-25
-26
-25
-25
-25
-26
-25
-24
-24
-25
-23
-23
-23
-22
-22
-22
-21
-20
-20
-20
-18
-17
-17
-18
-16
-14
-15
-13
-12
-11
-11
-10
-8
-8
-7
-5
-3
-4
-3
-1
0
0
0
3
2
1
3
4
3
3
5
6
3
3
5
4
1
3
4
1
-1
1
0
-1
-1
0
-3
-4
-3
-3
-3
-4
-4
-4
-3
-3
-4
-2
0
-2
-1
2
2
1
6
7
5
6
12
11
8
12
17
15
12
17
20
15
16
21
19
17
17
21
17
14
17
18
14
11
13
13
9
6
10
8
2
2
5
0
-3
0
1
-5
-5
-1
-3
-8
-4
-1
-5
-5
0
1
-3
-1
3
2
1
3
7
5
4
7
9
8
7
10
11
7
8
10
9
5
6
7
4
1
2
1
-1
-5
-4
-5
-9
-11
-10
-10
-16
-17
-14
-17
-20
-19
-16
-18
-22
-19
-15
-19
-20
-15
-13
-18
-15
-10
-11
-11
-10
-5
-7
-8
-3
-2
-4
-3
0
0
-2
1
2
1
-1
2
3
0
0
2
1
0
0
1
1
1
0
0
1
0
0
0
1
1
1
2
3
2
2
4
3
2
4
6
4
3
6
7
4
5
8
6
4
7
7
6
6
8
8
6
8
9
8
7
10
11
8
9
12
10
10
12
13
10
13
15
13
11
14
14
12
12
14
11
9
11
10
7
8
9
6
5
5
4
4
2
2
2
1
-1
0
3
0
-4
3
5
0
-2
7
7
1
5
12
9
3
11
19
11
9
19
21
12
14
25
20
12
21
24
14
12
21
17
6
12
15
5
-1
4
4
-9
-10
-5
-13
-22
-18
-18
-29
-33
-29
-34
-40
-40
-39
-44
-48
-46
-49
-50
-48
-51
-51
-48
-49
-51
-46
-42
-47
-44
-33
-37
-43
-29
-21
-36
-32
-9
-15
-31
-12
7
-15
-23
9
12
-19
-7
25
9
-16
12
31
0
-11
25
26
-10
0
31
9
-17
10
26
-8
-15
16
10
-23
-9
14
-12
-26
0
2
-27
-21
4
-15
-33
-7
-1
-28
-21
6
-15
-28
2
6
-23
-6
20
-6
-15
25
20
-15
15
44
3
-4
50
38
-11
27
65
13
-6
55
51
-9
16
65
20
-15
34
48
-7
-8
40
22
-21
1
31
-2
-27
9
22
-20
-24
18
10
-29
-8
28
0
-24
16
34
-3
-3
41
37
4
24
57
36
18
49
64
36
36
62
58
35
44
60
43
30
42
42
21
17
24
13
-3
-1
-2
-16
-27
-24
-30
-45
-51
-48
-53
-64
-65
-59
-64
-73
-71
-63
-68
-73
-65
-56
-60
-62
-50
-43
-47
-45
-31
-24
-28
-24
-11
-9
-12
-6
3
3
3
10
14
12
14
15
15
20
21
16
21
25
13
11
25
19
4
18
28
3
-2
22
12
-11
7
22
-6
-13
16
5
-25
-2
17
-17
-21
15
2
-31
-5
15
-22
-25
17
9
-26
-5
19
-15
-29
11
17
-13
-2
24
4
-17
1
15
0
1
21
20
4
2
13
10
6
16
27
22
16
19
20
15
13
24
33
30
25
30
34
23
22
44
53
36
40
62
50
34
59
83
65
58
88
93
70
79
108
105
90
105
120
112
102
107
113
103
94
99
105
89
63
49
37
12
-1
3
-9
-44
-78
-108
-138
-159
-168
-175
-192
-221
-253
-276
-288
-297
-299
-294
-291
-297
-295
-285
-275
-266
-244
-214
-183
-150
-115
-85
-61
-40
-7
38
84
126
162
181
187
200
223
250
276
299
299
277
256
243
230
225
234
223
178
135
103
62
30
32
36
4
-39
-63
-93
-135
-144
-114
-107
-131
-139
-138
-162
-184
-164
-128
-118
-116
-96
-88
-107
-120
-100
-72
-54
-35
-17
-20
-41
-58
-46
-16
8
16
20
18
-6
-23
6
47
48
40
59
59
31
41
84
90
72
91
113
97
89
111
113
97
108
130
128
112
99
87
78
86
101
108
91
52
16
14
31
49
66
67
30
-14
-21
5
36
67
94
93
65
49
58
80
104
131
155
162
145
115
89
66
56
67
93
101
63
-8
-87
-148
-170
-147
-109
-106
-164
-263
-355
-396
-381
-328
-277
-276
-334
-406
-443
-424
-364
-292
-244
-236
-248
-251
-222
-167
-104
-50
-6
32
68
103
137
163
188
223
268
313
348
352
327
296
289
307
336
354
336
269
181
120
110
129
142
122
50
-59
-150
-175
-146
-107
-100
-143
-227
-301
-326
-294
-236
-193
-199
-240
-274
-277
-253
-207
-157
-132
-134
-135
-119
-94
-67
-41
-12
15
27
35
57
78
81
95
126
140
128
125
140
145
147
164
178
164
140
132
135
137
144
159
160
139
112
96
90
92
112
134
130
106
80
68
72
92
118
124
105
90
95
113
129
141
141
130
129
165
211
234
235
235
227
223
246
280
303
312
320
305
256
193
146
131
151
187
183
91
-61
-200
-264
-232
-150
-111
-189
-370
-557
-643
-602
-487
-399
-423
-562
-722
-787
-726
-595
-479
-446
-498
-574
-586
-501
-369
-255
-192
-174
-167
-132
-50
51
132
185
224
264
311
358
398
423
438
461
496
514
496
456
415
391
394
410
386
297
184
101
69
75
85
39
-86
-232
-315
-316
-276
-254
-296
-408
-535
-591
-551
-472
-429
-450
-516
-584
-601
-533
-423
-352
-334
-338
-341
-322
-255
-146
-55
-8
21
41
51
78
142
216
262
285
285
263
245
262
305
334
341
323
289
256
244
259
279
280
262
238
211
193
196
213
227
229
222
211
204
212
232
246
258
270
276
278
280
280
283
298
322
331
325
322
326
343
361
357
322
292
311
370
407
377
269
132
67
126
245
282
163
-64
-274
-348
-261
-116
-76
-229
-499
-718
-766
-657
-508
-461
-584
-798
-952
-953
-824
-675
-611
-668
-779
-834
-775
-636
-497
-418
-405
-418
-399
-324
-212
-101
-18
32
65
99
141
194
254
321
381
421
430
416
398
396
425
475
502
472
395
309
253
244
268
271
208
89
-27
-97
-117
-108
-113
-169
-274
-375
-426
-421
-395
-382
-406
-468
-528
-542
-502
-437
-388
-377
-397
-412
-378
-293
-198
-130
-102
-94
-72
-8
88
170
214
231
248
281
330
385
416
421
427
450
474
476
455
433
428
453
487
483
418
333
295
329
393
414
357
250
180
201
281
343
322
235
160
173
263
348
356
297
235
234
304
394
435
421
394
382
384
398
421
454
492
519
499
404
281
224
285
407
457
341
108
-94
-150
-70
44
61
-89
-350
-562
-605
-508
-407
-422
-560
-746
-877
-889
-799
-700
-680
-747
-840
-887
-853
-755
-644
-573
-557
-569
-566
-522
-429
-308
-196
-129
-110
-107
-85
-21
77
187
263
277
250
226
245
302
375
426
419
357
286
255
273
309
317
272
182
88
32
19
17
-6
-74
-171
-257
-308
-330
-347
-377
-423
-479
-525
-551
-559
-559
-550
-534
-526
-530
-530
-505
-454
-392
-334
-295
-271
-241
-184
-103
-23
35
67
87
122
189
271
327
343
339
349
379
417
452
469
462
437
419
421
430
429
413
391
371
351
335
321
306
292
283
277
264
249
246
254
262
267
269
269
277
299
323
333
351
390
423
414
382
367
396
459
522
538
470
339
232
248
384
503
449
223
-6
-85
-14
98
135
33
-185
-402
-480
-405
-308
-321
-450
-606
-707
-725
-694
-659
-649
-674
-721
-767
-778
-736
-669
-602
-553
-531
-536
-539
-497
-389
-260
-173
-149
-159
-149
-93
11
128
210
229
205
195
233
309
383
423
419
384
347
338
360
388
388
351
295
236
187
150
131
114
76
4
-86
-167
-214
-233
-243
-276
-347
-433
-494
-509
-492
-474
-481
-518
-562
-574
-529
-462
-417
-399
-388
-365
-320
-253
-173
-106
-62
-23
28
85
139
194
254
310
348
368
384
410
444
476
503
511
495
470
467
491
509
493
453
417
406
414
421
410
373
321
291
308
348
362
325
269
241
264
313
344
332
299
285
316
370
386
341
289
305
385
452
441
352
233
166
221
360
427
307
76
-75
-59
43
98
46
-94
-261
-377
-389
-327
-295
-364
-492
-586
-612
-616
-631
-638
-619
-615
-656
-708
-721
-684
-620
-555
-516
-521
-551
-553
-483
-363
-259
-223
-238
-247
-207
-124
-24
59
100
98
92
119
180
245
296
322
322
303
289
301
333
358
348
307
258
222
200
182
164
131
69
-9
-73
-108
-133
-169
-219
-279
-349
-406
-433
-438
-452
-480
-510
-538
-555
-547
-517
-485
-469
-463
-449
-408
-351
-296
-254
-210
-158
-108
-61
-5
63
118
151
184
236
289
327
354
379
409
435
450
457
468
474
469
463
470
471
438
396
387
405
401
360
311
283
280
291
302
289
243
194
192
243
293
280
224
203
250
310
310
259
229
252
306
354
355
280
159
103
186
321
339
187
-11
-96
-45
36
47
-25
-149
-279
-359
-354
-303
-298
-379
-484
-547
-568
-581
-594
-584
-566
-581
-635
-678
-672
-618
-555
-512
-501
-516
-528
-504
-427
-323
-245
-226
-243
-239
-185
-95
-7
55
80
82
85
117
181
250
293
299
289
284
291
310
334
352
346
310
263
234
232
232
203
155
104
52
-2
-41
-58
-81
-138
-217
-275
-301
-320
-348
-376
-398
-433
-476
-487
-458
-430
-432
-442
-432
-403
-366
-318
-263
-220
-200
-172
-108
-26
28
61
105
165
216
252
292
343
386
411
433
465
488
493
494
520
545
534
499
487
507
514
492
461
440
422
402
396
403
392
356
324
321
327
323
316
322
320
300
284
305
344
347
298
250
267
326
356
334
284
209
136
141
248
321
218
15
-97
-57
22
26
-43
-141
-241
-319
-338
-307
-297
-359
-451
-505
-510
-524
-562
-573
-544
-531
-571
-621
-629
-593
-546
-500
-473
-481
-505
-494
-428
-339
-270
-244
-250
-249
-205
-129
-54
1
29
40
50
79
129
182
220
239
243
239
236
246
273
299
301
269
221
186
181
195
198
163
93
18
-33
-46
-38
-52
-114
-208
-287
-320
-315
-308
-336
-402
-469
-499
-488
-467
-457
-463
-475
-489
-483
-442
-376
-328
-306
-293
-268
-221
-156
-85
-24
25
59
78
104
169
253
305
316
320
339
366
395
419
441
449
436
409
397
416
434
423
395
369
344
324
326
343
336
294
266
272
282
265
249
263
278
268
251
262
280
273
255
255
273
278
263
260
275
250
158
95
149
249
230
76
-61
-85
-46
-24
-43
-97
-195
-310
-373
-350
-304
-323
-406
-484
-522
-541
-558
-550
-518
-507
-544
-600
-614
-575
-517
-471
-445
-442
-453
-452
-408
-328
-249
-202
-196
-197
-180
-126
-53
19
68
82
76
90
136
194
238
264
272
266
260
269
293
321
327
302
263
234
223
221
218
195
143
76
21
-4
-9
-27
-80
-156
-222
-260
-273
-283
-313
-360
-402
-429
-440
-439
-430
-421
-424
-432
-428
-398
-346
-296
-267
-249
-221
-173
-115
-52
4
43
76
120
171
214
252
296
341
370
377
380
399
440
476
477
449
424
427
449
460
453
435
406
366
350
376
405
384
333
307
316
328
330
329
326
319
310
312
342
377
371
322
296
330
379
384
365
350
318
251
203
234
306
309
195
47
-25
-12
17
10
-36
-121
-237
-338
-367
-324
-298
-354
-451
-522
-555
-571
-567
-536
-514
-537
-594
-625
-602
-543
-489
-454
-438
-438
-444
-423
-351
-255
-187
-171
-181
-172
-122
-45
32
87
109
108
111
143
200
257
290
296
284
274
280
297
314
324
312
278
233
194
178
180
175
132
50
-30
-73
-76
-76
-114
-196
-284
-340
-351
-344
-354
-395
-452
-494
-504
-491
-466
-446
-442
-455
-460
-430
-368
-308
-268
-238
-211
-177
-125
-56
20
79
111
130
160
211
277
332
364
371
367
373
405
446
463
449
430
417
407
405
413
415
391
361
350
342
325
312
321
339
346
319
276
266
308
358
367
349
339
342
345
345
350
355
364
379
382
344
259
168
154
241
323
259
50
-135
-162
-81
-31
-69
-181
-337
-481
-541
-497
-425
-440
-563
-700
-763
-758
-735
-709
-673
-668
-731
-804
-795
-700
-606
-557
-538
-529
-525
-511
-445
-325
-209
-156
-168
-176
-133
-47
46
132
195
207
174
165
228
329
399
406
379
352
336
340
364
401
412
364
275
204
190
203
191
139
63
-19
-93
-143
-162
-179
-226
-307
-390
-445
-466
-467
-475
-500
-541
-582
-599
-577
-532
-494
-480
-478
-467
-435
-375
-293
-213
-158
-129
-106
-61
25
130
217
257
256
267
323
413
482
503
493
486
498
524
550
564
554
526
504
497
498
491
473
457
451
440
407
379
398
449
467
429
383
380
419
467
509
531
521
482
441
437
486
554
589
569
487
354
233
230
372
495
405
118
-139
-197
-99
-2
-16
-153
-372
-579
-669
-608
-491
-468
-597
-781
-892
-902
-854
-779
-705
-695
-775
-872
-874
-768
-634
-540
-498
-493
-505
-501
-427
-279
-119
-36
-43
-68
-41
48
166
282
362
370
327
308
363
463
540
564
543
500
450
427
448
497
517
462
348
236
175
169
184
168
81
-67
-212
-287
-282
-259
-287
-395
-539
-648
-665
-615
-575
-599
-680
-758
-782
-733
-646
-574
-556
-580
-591
-544
-439
-323
-234
-183
-154
-123
-64
38
160
255
300
308
324
371
445
518
565
578
563
541
539
563
593
601
578
540
502
482
482
493
490
459
412
378
384
431
473
457
394
358
389
458
516
553
563
534
473
441
482
568
634
647
591
451
253
137
244
487
556
271
-166
-399
-322
-139
-62
-150
-385
-703
-946
-946
-745
-590
-677
-934
-1147
-1210
-1163
-1063
-937
-861
-918
-1068
-1141
-1041
-844
-687
-607
-568
-553
-557
-526
-391
-177
4
67
48
33
74
171
312
461
555
542
458
410
461
582
689
717
650
531
438
426
485
535
498
370
217
101
48
36
26
-35
-168
-328
-448
-501
-506
-519
-577
-681
-776
-825
-835
-830
-818
-800
-798
-821
-839
-810
-725
-620
-549
-519
-490
-426
-326
-217
-110
-14
58
112
169
248
341
428
495
530
540
551
584
630
665
677
657
621
591
592
614
625
606
559
505
473
479
502
509
491
473
474
487
491
494
522
581
640
670
694
728
742
716
703
755
841
889
879
812
654
426
306
451
708
711
319
-175
-396
-297
-129
-85
-191
-442
-814
-1135
-1164
-924
-720
-807
-1104
-1357
-1443
-1394
-1261
-1085
-969
-1016
-1176
-1250
-1115
-867
-661
-539
-459
-424
-434
-400
-221
67
305
379
339
309
355
476
657
838
928
878
758
694
745
854
935
936
855
718
583
512
508
512
463
347
188
21
-111
-175
-206
-273
-401
-542
-653
-737
-806
-853
-878
-903
-934
-962
-986
-1011
-1013
-956
-852
-771
-755
-760
-719
-621
-502
-386
-274
-179
-128
-96
-21
122
278
377
408
419
440
484
554
632
680
671
621
574
563
591
622
620
579
523
480
461
465
473
464
431
396
383
398
426
450
459
457
466
511
589
669
727
768
820
880
911
908
912
952
1013
1070
1087
990
722
411
317
521
756
661
191
-354
-650
-632
-448
-312
-386
-740
-1251
-1637
-1670
-1397
-1112
-1085
-1359
-1745
-1981
-1914
-1595
-1252
-1101
-1183
-1354
-1420
-1266
-936
-586
-363
-303
-326
-307
-157
102
367
544
618
639
666
723
811
912
1000
1054
1066
1037
979
908
845
808
800
798
747
604
393
186
46
-6
-17
-71
-225
-456
-686
-849
-922
-920
-901
-933
-1040
-1187
-1305
-1332
-1249
-1110
-1007
-997
-1053
-1093
-1048
-915
-743
-599
-511
-472
-447
-394
-277
-104
68
189
251
279
317
389
485
574
629
643
629
596
567
560
571
575
555
515
475
442
414
400
407
431
447
432
395
369
378
417
467
517
553
565
562
573
626
733
870
994
1068
1100
1107
1110
1127
1179
1260
1335
1371
1324
1127
773
410
291
495
760
691
169
-513
-951
-987
-777
-575
-568
-832
-1317
-1811
-2033
-1864
-1477
-1213
-1288
-1618
-1936
-2015
-1812
-1456
-1142
-1002
-1018
-1060
-996
-798
-530
-266
-46
116
238
360
502
642
743
812
906
1055
1210
1277
1223
1105
1016
1009
1067
1130
1121
996
782
562
417
366
361
317
181
-35
-264
-441
-549
-620
-683
-755
-839
-942
-1062
-1176
-1232
-1204
-1124
-1060
-1047
-1069
-1072
-1023
-937
-835
-726
-611
-510
-444
-413
-372
-280
-141
2
110
172
210
246
290
346
416
493
555
572
538
480
435
425
444
468
465
426
371
332
326
350
383
412
439
466
483
499
525
564
597
616
636
672
711
726
712
693
695
716
741
765
800
848
882
873
813
734
680
684
734
784
776
669
446
141
-135
-229
-84
150
202
-79
-569
-963
-1046
-854
-610
-521
-651
-911
-1154
-1267
-1231
-1115
-1009
-969
-981
-994
-961
-877
-773
-698
-658
-597
-452
-217
21
156
140
46
-9
66
262
468
556
468
283
135
113
198
290
303
234
146
93
86
96
93
67
30
5
5
26
47
43
3
-59
-103
-104
-60
-7
12
-30
-112
-182
-197
-164
-124
-121
-168
-242
-298
-307
-275
-244
-260
-325
-399
-433
-411
-366
-347
-378
-441
-479
-458
-386
-316
-300
-338
-385
-389
-327
-229
-143
-110
-123
-140
-110
-28
72
140
158
151
159
202
271
333
358
343
313
305
333
379
410
412
382
349
332
335
343
335
310
282
265
261
260
249
226
201
182
170
160
150
142
144
157
179
200
211
210
207
207
219
250
302
363
413
415
346
221
98
52
116
241
323
282
114
-90
-228
-253
-196
-143
-162
-258
-377
-457
-482
-488
-527
-617
-711
-741
-672
-539
-426
-408
-479
-569
-583
-475
-281
-88
32
53
23
0
23
86
154
192
198
195
207
232
244
218
157
95
76
116
199
273
285
219
108
19
-5
34
91
122
111
67
16
-38
-93
-148
-186
-187
-149
-105
-95
-141
-227
-303
-326
-293
-235
-200
-212
-249
-279
-288
-284
-282
-283
-273
-239
-183
-127
-95
-97
-116
-121
-93
-32
42
108
149
162
156
148
160
205
269
322
338
330
328
353
392
413
406
381
361
357
374
402
427
429
401
349
292
251
236
253
286
315
326
312
275
224
181
173
206
267
325
365
393
419
438
432
400
368
378
449
558
649
664
569
379
155
-21
-76
-2
128
195
108
-125
-402
-604
-670
-637
-589
-592
-642
-694
-710
-707
-736
-829
-954
-1024
-961
-761
-504
-315
-267
-345
-454
-485
-391
-203
2
156
241
276
288
291
280
249
213
204
244
329
421
466
431
321
177
54
-2
14
78
144
159
108
0
-126
-225
-274
-278
-256
-239
-243
-271
-321
-382
-445
-492
-509
-485
-430
-367
-322
-308
-323
-349
-374
-383
-366
-318
-250
-190
-163
-174
-204
-222
-212
-183
-151
-115
-67
-12
29
33
10
0
31
97
154
176
174
177
200
225
219
184
157
180
265
364
412
382
303
241
239
291
353
392
403
400
394
380
349
312
293
305
342
388
428
462
494
527
555
581
607
645
698
760
816
858
880
882
863
804
669
436
141
-115
-226
-172
-49
-26
-211
-561
-917
-1123
-1137
-1057
-1017
-1075
-1175
-1217
-1159
-1052
-998
-1050
-1158
-1205
-1093
-824
-496
-238
-115
-106
-122
-85
31
192
347
464
552
631
711
773
782
722
610
490
412
392
417
447
434
356
215
47
-103
-201
-242
-241
-233
-246
-287
-343
-394
-429
-455
-486
-529
-567
-571
-523
-434
-349
-317
-347
-402
-423
-374
-274
-176
-132
-143
-165
-156
-111
-66
-70
-133
-217
-263
-242
-176
-117
-99
-119
-143
-144
-120
-87
-61
-44
-29
-3
36
89
151
208
240
245
238
247
289
355
428
489
539
585
632
670
679
651
605
574
589
649
717
748
724
660
595
563
577
633
713
798
877
941
987
1024
1053
1074
1088
1113
1165
1238
1280
1190
885
392
-139
-513
-614
-501
-368
-403
-660
-1028
-1336
-1489
-1526
-1566
-1685
-1832
-1874
-1715
-1394
-1074
-919
-976
-1138
-1218
-1093
-778
-394
-75
130
260
389
554
724
843
877
854
839
887
1004
1140
1223
1189
1030
783
520
307
171
98
42
-41
-163
-302
-424
-519
-605
-712
-849
-984
-1066
-1055
-958
-820
-693
-615
-590
-598
-617
-619
-583
-499
-379
-250
-132
-37
43
109
146
127
45
-77
-180
-213
-177
-120
-103
-161
-269
-379
-454
-496
-526
-559
-577
-550
-469
-357
-261
-218
-227
-251
-248
-196
-103
5
114
220
330
441
545
629
691
738
782
830
889
950
1000
1024
1015
975
922
877
848
835
827
827
849
901
975
1043
1078
1082
1093
1147
1253
1375
1472
1526
1528
1435
1160
638
-72
-769
-1211
-1302
-1165
-1053
-1150
-1429
-1707
-1839
-1849
-1891
-2085
-2375
-2555
-2443
-2028
-1492
-1063
-855
-813
-797
-695
-499
-272
-66
118
320
578
886
1200
1458
1596
1582
1434
1223
1051
978
995
1021
963
794
562
346
179
20
-197
-494
-817
-1058
-1153
-1119
-1041
-1007
-1050
-1128
-1178
-1167
-1100
-1003
-902
-795
-663
-498
-302
-104
63
166
193
165
128
125
165
215
226
175
80
-12
-81
-139
-234
-385
-567
-714
-780
-768
-727
-710
-728
-746
-725
-656
-568
-499
-459
-420
-342
-206
-28
157
316
443
547
647
753
863
964
1036
1076
1092
1115
1163
1224
1260
1234
1146
1032
955
937
952
959
928
883
874
926
1018
1100
1146
1182
1244
1354
1494
1631
1741
1798
1732
1444
885
142
-570
-1043
-1230
-1268
-1352
-1541
-1731
-1780
-1673
-1563
-1624
-1883
-2191
-2345
-2245
-1952
-1599
-1273
-985
-702
-407
-113
155
380
545
640
688
749
902
1171
1484
1701
1736
1619
1462
1361
1296
1168
902
539
198
-19
-115
-178
-298
-500
-735
-947
-1104
-1214
-1299
-1371
-1426
-1453
-1426
-1324
-1139
-906
-682
-510
-393
-287
-148
24
181
273
289
266
265
314
388
431
403
306
181
68
-29
-134
-278
-460
-646
-788
-859
-874
-870
-881
-909
-932
-918
-848
-735
-613
-501
-400
-279
-119
71
258
406
508
590
683
794
909
998
1048
1063
1066
1074
1096
1117
1114
1071
995
913
858
831
813
777
720
670
667
722
816
907
977
1049
1159
1315
1488
1628
1707
1742
1730
1617
1309
769
89
-551
-1019
-1325
-1570
-1823
-2044
-2132
-2068
-1943
-1876
-1915
-2005
-2080
-2106
-2083
-1995
-1815
-1545
-1236
-935
-631
-275
139
528
786
884
904
962
1094
1238
1319
1322
1301
1303
1317
1302
1223
1071
848
562
241
-63
-308
-500
-682
-880
-1068
-1190
-1219
-1191
-1167
-1176
-1204
-1209
-1167
-1080
-961
-821
-659
-479
-284
-77
129
302
410
436
401
351
322
308
279
215
130
52
-7
-68
-160
-291
-449
-608
-750
-868
-957
-1015
-1046
-1047
-1012
-929
-796
-636
-483
-357
-244
-124
11
149
267
374
479
594
713
827
934
1024
1081
1100
1098
1098
1102
1087
1034
955
882
833
796
756
714
683
667
664
681
736
833
948
1057
1172
1332
1531
1716
1838
1901
1922
1847
1565
1028
350
-281
-762
-1159
-1565
-1963
-2231
-2287
-2194
-2066
-1959
-1855
-1749
-1692
-1702
-1716
-1645
-1497
-1357
-1256
-1122
-844
-420
41
429
732
994
1228
1407
1512
1554
1547
1475
1332
1160
1037
980
931
814
622
415
244
93
-87
-321
-581
-829
-1042
-1210
-1318
-1361
-1358
-1328
-1274
-1170
-1003
-805
-628
-493
-379
-254
-109
42
182
294
369
413
455
507
552
551
487
379
257
135
4
-147
-322
-511
-694
-846
-945
-994
-1018
-1035
-1043
-1017
-940
-824
-694
-573
-463
-351
-225
-83
61
198
325
441
553
664
777
883
966
1011
1028
1041
1061
1078
1072
1029
968
904
845
780
705
632
577
544
530
542
595
689
802
924
1063
1241
1461
1673
1825
1907
1956
1963
1836
1471
882
223
-356
-847
-1330
-1816
-2208
-2410
-2440
-2376
-2241
-2021
-1773
-1606
-1547
-1498
-1371
-1216
-1144
-1154
-1130
-978
-723
-419
-72
322
710
1023
1268
1505
1728
1840
1781
1598
1387
1185
974
744
524
320
115
-78
-216
-287
-348
-466
-640
-816
-951
-1065
-1174
-1273
-1343
-1377
-1366
-1283
-1105
-864
-621
-411
-213
2
217
388
490
533
531
489
423
361
313
246
141
28
-56
-116
-196
-317
-459
-603
-751
-902
-1031
-1114
-1171
-1221
-1234
-1163
-1016
-847
-688
-518
-325
-137
19
152
281
389
453
494
560
655
736
790
845
924
1002
1049
1066
1067
1046
979
880
787
705
615
513
436
413
435
475
541
668
842
1022
1189
1379
1606
1808
1924
1977
1998
1928
1628
1075
434
-126
-623
-1174
-1764
-2224
-2453
-2529
-2548
-2463
-2209
-1888
-1668
-1550
-1389
-1131
-926
-890
-931
-895
-774
-650
-507
-245
127
475
749
1044
1423
1771
1932
1916
1836
1719
1503
1191
873
593
295
-45
-334
-481
-529
-587
-676
-737
-753
-773
-821
-871
-909
-974
-1077
-1150
-1122
-1008
-871
-727
-539
-290
-11
270
538
766
905
931
889
823
730
571
348
114
-81
-235
-364
-465
-533
-589
-657
-727
-773
-798
-845
-934
-1032
-1091
-1101
-1078
-1026
-925
-773
-590
-393
-170
76
304
475
596
705
803
861
868
853
842
828
804
787
795
807
799
778
772
779
764
714
652
600
553
512
491
505
553
636
771
959
1180
1421
1676
1918
2101
2206
2243
2162
1860
1308
649
43
-523
-1161
-1840
-2371
-2653
-2774
-2823
-2728
-2422
-2028
-1731
-1515
-1226
-862
-616
-588
-642
-620
-556
-540
-503
-316
-9
275
519
854
1311
1725
1951
2031
2065
2029
1835
1508
1151
791
370
-93
-480
-714
-850
-969
-1059
-1061
-989
-902
-830
-757
-701
-708
-776
-846
-869
-863
-858
-837
-751
-584
-357
-90
205
498
744
916
1027
1085
1069
952
737
473
206
-53
-308
-541
-725
-862
-959
-1013
-1015
-976
-937
-915
-898
-863
-812
-772
-748
-714
-655
-575
-477
-344
-177
-1
161
321
490
655
774
841
875
888
875
834
786
740
690
633
583
560
556
549
530
516
522
546
569
578
593
643
737
853
976
1133
1342
1560
1720
1827
1916
1930
1732
1284
733
225
-282
-909
-1603
-2166
-2505
-2729
-2895
-2888
-2629
-2259
-1965
-1711
-1335
-864
-518
-392
-342
-243
-166
-204
-257
-181
-16
100
188
408
792
1171
1416
1588
1765
1884
1840
1658
1434
1162
767
275
-176
-511
-781
-1041
-1242
-1319
-1285
-1200
-1073
-894
-702
-565
-492
-435
-369
-337
-367
-425
-451
-429
-370
-262
-96
111
316
504
689
864
978
988
895
738
535
284
-6
-304
-583
-828
-1034
-1173
-1226
-1210
-1160
-1088
-983
-842
-696
-573
-475
-393
-326
-278
-236
-177
-102
-29
44
147
290
443
576
687
790
874
922
936
932
904
838
747
659
591
531
473
428
413
427
461
509
567
639
733
857
996
1137
1286
1462
1642
1776
1855
1897
1864
1650
1226
716
239
-239
-827
-1483
-2023
-2363
-2594
-2774
-2809
-2610
-2298
-2038
-1793
-1417
-934
-555
-377
-264
-101
36
45
6
62
184
246
278
434
751
1068
1266
1415
1602
1763
1787
1681
1529
1324
995
557
133
-211
-531
-863
-1151
-1312
-1354
-1328
-1243
-1087
-889
-705
-544
-380
-218
-111
-75
-77
-73
-58
-34
18
106
215
332
463
613
748
821
817
755
649
490
273
22
-249
-521
-776
-983
-1122
-1197
-1220
-1198
-1128
-1012
-876
-737
-608
-496
-406
-338
-281
-223
-163
-99
-30
58
169
300
436
562
675
770
844
888
902
883
827
743
649
559
470
387
319
278
266
282
331
409
494
578
686
839
1008
1153
1282
1435
1602
1721
1781
1808
1783
1601
1220
753
324
-102
-646
-1282
-1828
-2195
-2467
-2700
-2800
-2682
-2446
-2239
-2027
-1672
-1191
-786
-560
-398
-187
1
63
58
106
192
215
197
287
525
772
927
1053
1237
1431
1530
1519
1463
1352
1122
780
423
106
-215
-582
-938
-1199
-1354
-1433
-1442
-1365
-1221
-1056
-874
-657
-417
-210
-79
-4
47
81
92
88
87
95
106
132
192
285
381
450
488
502
497
455
359
210
22
-190
-417
-641
-840
-1006
-1137
-1227
-1256
-1217
-1122
-991
-839
-668
-483
-307
-147
-4
117
205
259
300
344
381
404
419
447
490
537
582
627
668
696
710
715
712
691
651
603
560
525
498
479
467
472
516
613
744
884
1037
1221
1421
1593
1716
1793
1787
1620
1273
839
412
-50
-624
-1267
-1825
-2222
-2515
-2739
-2809
-2673
-2424
-2175
-1887
-1460
-943
-517
-256
-61
146
299
321
274
257
248
182
107
149
326
517
661
815
1041
1279
1433
1501
1514
1452
1262
960
628
302
-57
-464
-858
-1157
-1352
-1462
-1491
-1428
-1287
-1097
-871
-601
-312
-67
106
215
286
321
307
255
184
110
41
-4
-1
52
131
208
280
363
446
491
475
398
275
108
-99
-326
-552
-763
-955
-1111
-1198
-1209
-1159
-1061
-918
-730
-516
-301
-94
97
256
369
442
491
522
519
486
451
432
430
437
456
490
538
590
643
698
747
771
772
759
747
729
695
649
612
610
651
714
795
910
1064
1236
1387
1518
1624
1652
1524
1237
879
506
71
-488
-1109
-1652
-2071
-2414
-2684
-2794
-2706
-2514
-2304
-2019
-1579
-1057
-618
-316
-57
212
405
460
440
426
389
279
156
141
238
346
421
536
740
971
1144
1257
1338
1352
1242
1028
779
511
180
-221
-626
-964
-1220
-1410
-1521
-1535
-1464
-1327
-1125
-853
-545
-259
-23
169
323
419
452
432
374
276
153
36
-40
-77
-92
-89
-52
19
108
188
241
261
239
167
49
-105
-286
-486
-695
-887
-1035
-1130
-1171
-1159
-1088
-961
-789
-588
-370
-155
42
206
337
437
502
525
507
469
426
390
359
337
328
338
371
418
475
539
603
659
702
740
771
784
773
755
759
787
819
855
917
1021
1139
1240
1326
1395
1391
1251
993
698
382
-21
-542
-1086
-1546
-1918
-2249
-2504
-2594
-2523
-2387
-2217
-1928
-1492
-1018
-635
-331
-24
273
468
539
563
576
529
403
291
274
315
335
347
431
597
770
898
1006
1100
1129
1057
915
747
539
247
-107
-459
-759
-1013
-1226
-1371
-1431
-1412
-1322
-1153
-909
-631
-362
-119
104
300
441
517
534
497
414
300
187
95
24
-33
-70
-66
-16
58
129
180
212
216
184
109
-4
-150
-321
-504
-675
-811
-907
-963
-973
-933
-835
-689
-514
-326
-135
44
201
330
429
495
518
503
466
426
388
355
324
307
312
343
394
453
522
594
658
709
754
793
813
805
782
773
787
805
823
863
944
1040
1123
1195
1259
1267
1160
948
693
416
62
-397
-886
-1316
-1674
-1995
-2248
-2363
-2335
-2235
-2091
-1840
-1453
-1021
-650
-340
-29
272
487
590
638
660
622
507
393
349
349
332
314
358
481
620
734
839
938
991
962
873
757
596
358
52
-261
-543
-795
-1017
-1187
-1285
-1307
-1259
-1132
-929
-683
-431
-191
42
261
438
546
590
582
525
425
305
187
83
-13
-95
-140
-131
-85
-34
11
56
94
108
83
24
-66
-185
-331
-480
-609
-715
-799
-852
-857
-807
-710
-581
-426
-250
-73
93
244
373
469
523
534
519
491
450
396
339
292
262
255
269
305
353
411
473
539
608
670
713
730
732
739
757
773
784
806
850
913
971
1021
1063
1063
975
797
580
346
52
-333
-761
-1155
-1489
-1791
-2049
-2198
-2218
-2168
-2076
-1892
-1579
-1198
-850
-552
-249
59
300
445
530
589
594
514
414
362
351
323
282
287
363
465
551
635
723
784
778
720
636
520
338
91
-177
-430
-664
-879
-1056
-1174
-1228
-1222
-1146
-996
-796
-572
-349
-125
97
292
439
529
567
555
498
411
311
208
106
5
-71
-108
-108
-89
-66
-42
-16
1
-1
-26
-77
-158
-262
-379
-486
-579
-660
-721
-748
-731
-675
-587
-468
-326
-172
-22
117
251
367
448
488
503
501
485
446
394
344
303
271
254
257
281
315
358
412
481
556
621
666
695
722
755
791
817
840
873
918
969
1012
1048
1067
1029
910
729
525
293
-1
-366
-746
-1087
-1387
-1658
-1866
-1969
-1981
-1944
-1852
-1654
-1355
-1027
-733
-459
-174
95
294
422
515
572
561
491
426
404
390
354
322
342
408
485
556
633
706
742
723
676
609
496
318
92
-141
-363
-574
-767
-916
-1016
-1066
-1062
-990
-854
-685
-508
-331
-145
37
191
305
381
422
428
403
362
323
281
230
177
142
131
129
123
110
96
75
39
-13
-73
-143
-228
-323
-409
-476
-525
-562
-582
-570
-529
-470
-395
-303
-200
-98
-9
73
152
218
262
285
300
313
315
305
298
291
286
280
283
297
320
340
364
398
441
483
521
554
584
611
641
681
723
762
807
863
927
979
1012
1019
985
883
721
520
290
11
-323
-671
-989
-1265
-1507
-1697
-1801
-1820
-1780
-1688
-1513
-1260
-975
-709
-461
-208
30
212
328
406
448
439
382
318
280
253
219
196
215
275
347
419
492
564
606
605
571
509
412
260
70
-127
-321
-508
-682
-821
-915
-964
-968
-916
-811
-674
-527
-372
-207
-47
88
192
271
320
337
325
302
276
239
191
146
112
89
66
43
23
0
-32
-79
-129
-181
-242
-312
-384
-445
-488
-518
-535
-530
-501
-454
-393
-318
-231
-140
-51
26
97
162
211
242
257
265
265
258
246
232
222
215
212
216
230
248
266
287
316
350
385
420
453
483
509
543
591
644
696
749
814
884
944
983
1001
979
898
752
561
344
92
-208
-531
-833
-1095
-1320
-1494
-1596
-1615
-1576
-1492
-1348
-1131
-871
-618
-386
-165
44
211
323
393
430
419
359
280
215
168
121
75
55
72
114
167
230
298
350
372
365
340
291
203
76
-71
-220
-358
-482
-577
-635
-655
-637
-574
-466
-325
-174
-25
118
252
361
439
486
502
481
427
359
285
208
122
37
-37
-96
-143
-182
-209
-231
-257
-285
-314
-336
-360
-393
-427
-452
-464
-462
-450
-421
-372
-312
-243
-161
-71
17
95
162
218
265
296
307
304
289
263
233
201
173
147
122
103
96
101
115
133
159
193
233
276
320
370
419
462
502
542
584
632
683
738
797
856
914
959
982
979
940
855
714
521
294
43
-232
-519
-794
-1037
-1234
-1381
-1465
-1471
-1407
-1296
-1141
-940
-696
-440
-204
6
193
341
439
487
499
475
407
305
198
103
23
-51
-112
-148
-154
-136
-102
-54
-1
35
53
54
43
15
-40
-119
-203
-284
-349
-392
-405
-385
-338
-260
-151
-19
123
257
376
473
540
575
575
542
473
373
259
141
27
-82
-183
-268
-334
-378
-406
-418
-421
-423
-425
-425
-424
-419
-417
-421
-422
-417
-400
-370
-329
-278
-220
-152
-78
-1
73
140
192
226
241
243
228
199
156
104
52
4
-35
-67
-86
-94
-88
-66
-31
13
66
124
186
248
311
372
425
470
509
543
575
608
643
681
721
763
806
842
864
864
834
769
659
499
298
68
-183
-449
-716
-960
-1165
-1326
-1427
-1456
-1408
-1301
-1149
-953
-715
-452
-192
45
253
421
539
603
623
604
538
426
288
148
22
-91
-194
-268
-314
-329
-315
-273
-212
-146
-95
-57
-25
-2
-1
-24
-64
-107
-143
-164
-162
-135
-86
-17
75
191
322
449
555
634
684
700
683
631
545
427
282
130
-17
-149
-264
-363
-443
-494
-517
-513
-488
-450
-409
-370
-334
-301
-270
-249
-238
-236
-234
-228
-215
-192
-163
-125
-82
-33
21
75
121
156
175
181
175
153
120
74
22
-31
-78
-115
-140
-152
-149
-133
-98
-48
14
80
150
219
285
347
401
444
477
498
512
520
523
522
521
525
538
560
586
613
638
656
662
649
609
533
413
252
65
-138
-353
-573
-785
-973
-1119
-1209
-1234
-1195
-1099
-963
-790
-581
-342
-99
121
305
445
542
591
597
559
476
350
197
43
-96
-215
-319
-403
-456
-472
-450
-395
-318
-235
-159
-90
-28
28
65
76
64
37
12
-4
-7
6
32
71
129
205
296
385
456
504
526
522
496
443
362
256
134
9
-107
-208
-293
-363
-415
-448
-453
-438
-409
-372
-336
-303
-271
-243
-217
-201
-196
-201
-208
-210
-206
-196
-183
-165
-141
-110
-70
-28
10
40
61
72
78
74
60
36
5
-24
-50
-69
-78
-74
-61
-36
-1
47
102
160
215
265
312
354
388
412
426
430
428
421
412
401
388
373
363
361
370
387
409
431
449
464
471
463
432
367
267
138
-9
-169
-336
-504
-664
-803
-905
-958
-960
-916
-836
-727
-589
-427
-249
-74
80
203
289
343
368
362
320
244
142
27
-84
-181
-262
-330
-380
-407
-400
-363
-301
-227
-155
-85
-20
41
92
124
137
130
114
98
89
86
89
101
120
152
194
241
285
315
329
326
307
274
227
167
96
17
-60
-130
-187
-230
-263
-287
-303
-304
-293
-277
-258
-241
-230
-221
-214
-206
-199
-198
-203
-207
-207
-200
-187
-170
-150
-130
-106
-78
-46
-17
5
20
29
36
36
33
24
14
3
-4
-5
-1
11
28
53
82
119
158
195
231
262
290
311
329
338
340
339
332
322
313
302
290
279
271
265
267
273
287
304
322
337
350
357
353
332
290
224
134
28
-90
-212
-334
-454
-562
-646
-697
-711
-692
-642
-570
-477
-364
-237
-108
10
109
182
231
256
258
235
186
114
30
-54
-132
-198
-252
-292
-313
-311
-284
-235
-175
-109
-44
18
76
126
159
177
181
172
160
148
138
133
131
138
153
176
201
224
243
250
246
230
203
163
114
58
-1
-60
-112
-157
-191
-213
-225
-226
-220
-206
-189
-168
-151
-137
-130
-130
-133
-140
-151
-163
-175
-185
-188
-185
-173
-154
-130
-100
-68
-35
-4
25
47
62
68
69
61
49
33
18
4
-7
-11
-7
5
27
56
91
129
165
200
231
254
270
277
276
267
255
241
225
210
194
179
169
164
160
159
158
158
161
169
179
188
194
198
199
195
185
165
130
80
22
-45
-114
-184
-253
-319
-374
-412
-429
-423
-400
-363
-314
-255
-189
-118
-52
4
45
72
84
85
73
49
14
-29
-75
-117
-153
-181
-202
-213
-214
-202
-177
-144
-105
-64
-26
12
47
75
97
111
116
118
115
111
108
105
102
101
100
102
103
101
94
82
67
47
26
1
-24
-49
-72
-93
-107
-117
-124
-128
-130
-130
-129
-130
-130
-135
-141
-149
-156
-162
-167
-170
-168
-162
-151
-137
-117
-98
-76
-55
-37
-20
-8
1
5
6
4
1
-4
-8
-11
-12
-9
-3
8
23
40
60
82
105
127
147
164
177
186
189
188
182
173
161
148
134
120
110
100
93
90
88
88
87
89
90
89
88
86
83
79
78
78
79
83
86
89
90
90
84
72
54
30
1
-32
-67
-102
-135
-163
-184
-195
-197
-187
-171
-147
-119
-85
-52
-21
6
26
41
45
42
32
15
-7
-33
-59
-83
-103
-116
-124
-123
-117
-103
-82
-58
-33
-7
15
35
49
58
60
57
50
40
28
15
6
-2
-5
-5
0
7
20
31
41
50
57
58
58
51
41
28
12
-5
-21
-37
-51
-62
-71
-78
-81
-81
-79
-78
-73
-69
-64
-60
-54
-50
-47
-45
-42
-40
-38
-35
-33
-31
-28
-25
-20
-16
-11
-6
0
5
13
20
28
37
45
56
65
74
84
94
101
107
113
115
118
118
118
114
113
109
106
103
100
98
96
97
95
96
96
97
96
95
92
89
86
82
78
75
72
70
70
69
70
71
71
68
64
56
45
30
12
-9
-32
-56
-79
-100
-117
-128
-135
-136
-130
-119
-103
-86
-67
-48
-33
-21
-13
-10
-12
-19
-31
-44
-60
-73
-86
-97
-103
-105
-102
-95
-85
-69
-53
-36
-20
-5
5
14
17
18
14
8
1
-7
-15
-22
-25
-26
-22
-16
-8
2
14
22
33
38
41
40
34
23
9
-7
-25
-44
-62
-77
-91
-101
-107
-109
-108
-104
-98
-91
-82
-75
-67
-62
-58
-57
-57
-59
-61
-65
-68
-71
-71
-71
-68
-62
-56
-47
-37
-26
-15
-3
7
18
27
34
40
46
50
55
58
63
67
71
77
82
88
93
99
103
108
110
113
114
115
115
114
112
109
105
102
98
94
90
86
82
77
72
67
61
55
48
41
33
26
17
7
-3
-14
-25
-37
-46
-57
-66
-75
-81
-85
-89
-89
-88
-84
-79
-72
-65
-57
-52
-46
-41
-39
-39
-40
-43
-46
-51
-56
-60
-63
-64
-65
-62
-58
-51
-42
-33
-24
-12
-1
8
17
23
29
32
35
35
32
30
28
24
21
19
16
13
12
10
9
9
7
6
3
1
-2
-5
-11
-16
-21
-27
-32
-36
-39
-44
-45
-47
-47
-45
-44
-42
-39
-35
-32
-30
-28
-27
-26
-25
-26
-26
-28
-29
-32
-34
-35
-35
-35
-33
-30
-27
-19
-11
-4
5
16
26
37
46
55
62
69
74
78
80
81
82
82
81
81
80
81
81
82
83
86
88
89
90
89
89
88
86
84
80
76
72
67
62
57
52
48
45
42
39
37
35
34
31
30
27
25
21
17
13
8
4
-1
-6
-11
-16
-20
-22
-24
-26
-27
-28
-28
-29
-29
-30
-30
-32
-34
-37
-39
-43
-45
-47
-48
-50
-50
-49
-47
-44
-41
-36
-32
-27
-23
-19
-16
-13
-12
-11
-11
-13
-15
-18
-20
-25
-28
-31
-33
-35
-36
-37
-37
-34
-34
-31
-29
-26
-22
-20
-16
-13
-11
-9
-7
-7
-7
-8
-9
-12
-15
-18
-21
-25
-28
-32
-34
-36
-38
-39
-39
-39
-39
-38
-35
-34
-31
-27
-25
-23
-20
-17
-14
-12
-9
-6
-3
1
3
6
9
13
16
20
23
27
29
31
34
35
35
36
36
35
34
33
32
31
30
29
29
29
28
29
30
31
32
34
35
35
36
36
35
36
33
33
31
28
25
21
19
16
12
8
6
2
0
-3
-4
-6
-8
-10
-12
-13
-15
-17
-19
-21
-23
-24
-27
-30
-32
-33
-34
-35
-37
-37
-38
-39
-38
-37
-37
-35
-35
-34
-33
-32
-32
-32
-32
-32
-33
-34
-34
-36
-37
-37
-36
-35
-34
-32
-30
-27
-23
-20
-17
-13
-10
-7
-6
-4
-4
-2
-3
-4
-5
-7
-8
-9
-9
-10
-11
-10
-10
-8
-6
-5
-3
-3
0
2
2
3
3
3
4
4
5
3
5
7
8
9
12
13
15
19
20
22
25
27
28
29
30
29
29
29
29
28
28
28
28
28
30
30
32
32
34
36
38
39
40
42
42
42
42
42
41
40
0
0
0
0
0
0
0
0
0
0
0
0
0
0
0
0
0
0
0
0
0
0
0
0
0
0
0
0
0
0
0
0
0
0
0
0
0
0
0
0
0
0
0
0
0
0
0
0
0
0
0
0
0
0
0
0
0
0
0
0
0
0
0
0
0
0
0
0
0
0
0
0
0
0
0
0
0
0
0
0
0
0
0
0
0
0
0
0
0
0
0
0
0
0
0
0
0
0
0
0
0
0
0
0
0
0
0
0
0
0
0
0
0
0
0
0
0
0
0
0
0
0
0
0
0
0
0
0
0
0
0
0
0
0
0
0
0
0
0
0
0
0
0
0
0
0
0
0
0
0
0
0
0
0
0
0
0
0
0
0
0
0
0
0
0
0
0
0
0
0
0
0
0
0
0
0
0
0
0
0
0
0
0
0
0
0
0
0
0
0
0
0
0
0
0
0
0
0
