0
0
0
0
0
0
0
0
0
0
0
0
0
0
0
0
0
0
0
0
0
0
0
0
0
0
0
0
0
0
0
0
0
0
0
0
0
0
0
0
0
0
0
0
0
0
0
0
0
0
0
0
0
0
0
0
0
0
0
0
0
0
0
0
0
0
0
0
0
0
0
0
0
0
0
0
0
0
0
0
0
0
0
0
0
0
0
0
0
0
0
0
0
0
0
0
0
0
0
0
0
0
0
0
0
0
0
0
0
0
0
0
0
0
0
0
0
0
0
0
0
0
0
0
0
0
0
0
0
0
0
0
0
0
0
0
0
0
0
0
0
0
0
0
0
0
0
0
0
0
0
0
0
0
0
0
0
0
0
0
0
0
0
0
0
0
0
0
0
0
0
0
0
0
0
0
0
0
0
0
0
0
0
0
0
0
0
0
0
0
0
0
0
0
0
0
0
0
32
47
58
65
68
66
60
49
37
26
20
17
17
21
24
29
30
30
28
25
19
11
0
-15
-31
-48
-63
-72
-76
-69
-55
-35
-16
-2
8
13
13
13
17
26
39
56
76
89
96
94
85
72
57
39
22
5
-13
-31
-47
-62
-71
-76
-75
-69
-59
-51
-40
-31
-24
-16
-10
-7
-4
-6
-8
-8
-5
3
17
36
57
75
82
79
65
41
13
-14
-38
-57
-67
-73
-76
-75
-71
-65
-59
-52
-49
-53
-63
-75
-87
-95
-95
-86
-70
-47
-25
-3
18
39
62
87
112
133
148
150
142
126
109
95
90
90
94
99
99
95
85
74
62
46
27
-4
-49
-106
-163
-211
-239
-240
-213
-168
-117
-72
-40
-20
-5
11
40
75
113
138
143
127
92
48
8
-17
-27
-23
-10
4
17
27
32
38
47
52
55
52
47
40
30
24
21
18
9
-9
-34
-66
-95
-119
-133
-138
-134
-122
-110
-95
-82
-67
-51
-37
-25
-18
-16
-19
-19
-17
-13
-7
-2
-5
-15
-30
-45
-50
-44
-20
15
53
87
111
124
129
133
143
157
173
187
194
186
163
130
92
55
21
-6
-30
-50
-67
-82
-91
-93
-88
-82
-70
-62
-55
-51
-49
-44
-36
-23
-8
10
23
32
32
25
16
4
-5
-8
-2
6
17
30
40
43
42
35
24
11
-3
-18
-31
-51
-73
-99
-123
-144
-156
-156
-143
-121
-92
-62
-35
-11
6
19
30
36
39
39
34
28
21
15
12
14
21
28
34
36
35
30
28
27
30
40
54
69
84
95
98
94
82
60
35
8
-15
-31
-44
-50
-52
-53
-51
-47
-42
-29
-8
18
47
75
93
98
83
57
21
-18
-53
-81
-99
-108
-110
-110
-107
-105
-103
-96
-87
-77
-64
-53
-45
-44
-48
-56
-70
-86
-99
-106
-109
-101
-83
-57
-22
18
61
105
147
183
213
234
246
249
241
225
202
171
134
96
55
17
-20
-52
-81
-105
-123
-134
-137
-136
-128
-117
-105
-88
-73
-57
-38
-17
4
24
39
47
46
35
17
-2
-23
-43
-55
-62
-65
-62
-54
-44
-27
-9
11
31
48
58
61
54
41
24
6
-10
-23
-34
-42
-45
-42
-33
-17
7
35
67
98
121
140
150
152
148
140
126
111
92
72
51
31
12
-1
-8
-7
1
14
29
43
54
59
57
52
42
31
23
15
10
8
6
5
10
16
28
48
71
97
119
134
141
137
124
109
91
75
63
50
38
22
2
-21
-51
-87
-126
-167
-211
-255
-296
-331
-359
-376
-383
-379
-367
-353
-337
-323
-310
-300
-291
-281
-269
-254
-234
-211
-182
-150
-115
-81
-46
-14
13
33
45
50
43
28
3
-27
-62
-96
-124
-144
-149
-143
-124
-97
-67
-32
3
38
77
117
159
202
246
287
323
353
375
386
390
387
380
374
367
369
382
404
437
477
525
576
627
680
733
783
829
873
908
934
952
962
968
969
971
968
960
939
897
826
719
572
385
158
-104
-393
-699
-1013
-1315
-1595
-1835
-2023
-2144
-2195
-2174
-2081
-1925
-1713
-1459
-1176
-878
-578
-291
-30
196
382
526
629
694
730
740
735
720
700
683
673
672
676
683
689
683
660
614
541
437
302
138
-54
-270
-504
-748
-992
-1223
-1432
-1604
-1729
-1799
-1814
-1768
-1667
-1513
-1315
-1080
-821
-552
-287
-41
177
358
494
585
631
635
600
538
457
364
269
184
113
63
31
17
16
19
24
25
19
5
-21
-58
-104
-155
-211
-264
-307
-335
-343
-328
-288
-223
-132
-19
114
265
432
605
779
943
1088
1210
1300
1357
1381
1379
1353
1310
1255
1202
1162
1144
1160
1216
1319
1461
1627
1799
1951
2055
2076
1990
1784
1452
993
416
-255
-987
-1745
-2491
-3183
-3773
-4227
-4522
-4645
-4581
-4332
-3919
-3374
-2730
-2020
-1283
-569
86
657
1125
1470
1685
1781
1782
1705
1571
1403
1233
1085
972
902
885
920
995
1089
1181
1261
1303
1282
1181
991
714
355
-75
-554
-1053
-1543
-1994
-2377
-2665
-2831
-2868
-2769
-2541
-2193
-1743
-1222
-666
-108
421
888
1265
1533
1687
1725
1652
1475
1225
922
594
263
-45
-311
-519
-663
-740
-754
-711
-630
-526
-415
-309
-221
-167
-151
-171
-226
-309
-415
-528
-637
-734
-807
-844
-834
-775
-667
-516
-325
-102
136
379
621
847
1050
1216
1341
1419
1451
1427
1361
1257
1129
989
848
717
610
532
486
479
516
596
713
862
1038
1236
1443
1653
1855
2050
2224
2361
2449
2474
2421
2274
2017
1658
1203
663
51
-607
-1281
-1943
-2566
-3123
-3581
-3912
-4109
-4169
-4089
-3869
-3530
-3101
-2609
-2073
-1521
-984
-486
-43
340
652
886
1047
1152
1217
1245
1248
1244
1249
1266
1292
1327
1377
1432
1470
1478
1451
1381
1253
1056
791
470
100
-315
-761
-1210
-1641
-2037
-2382
-2650
-2818
-2874
-2821
-2658
-2382
-2006
-1554
-1056
-535
-17
464
876
1202
1432
1562
1585
1505
1343
1126
865
578
290
24
-201
-386
-525
-611
-641
-630
-596
-545
-482
-416
-369
-349
-354
-374
-416
-482
-557
-621
-666
-694
-694
-650
-553
-411
-235
-19
234
507
782
1044
1294
1517
1699
1829
1907
1938
1920
1851
1738
1602
1451
1295
1146
1019
934
903
932
1025
1189
1427
1721
2037
2345
2618
2818
2894
2807
2547
2119
1522
761
-126
-1078
-2038
-2970
-3830
-4546
-5068
-5377
-5479
-5362
-5016
-4470
-3783
-3003
-2153
-1272
-428
320
956
1475
1852
2061
2119
2066
1934
1731
1482
1237
1037
892
799
772
825
942
1083
1220
1339
1420
1426
1326
1114
799
388
-118
-695
-1302
-1893
-2442
-2922
-3295
-3523
-3586
-3490
-3242
-2838
-2292
-1639
-933
-209
506
1169
1725
2140
2410
2537
2508
2320
1999
1596
1139
640
132
-333
-720
-1024
-1251
-1384
-1408
-1337
-1215
-1064
-880
-681
-507
-393
-329
-305
-328
-420
-562
-708
-840
-964
-1073
-1126
-1092
-986
-829
-613
-322
22
372
706
1031
1338
1585
1744
1822
1839
1785
1643
1428
1181
926
663
403
179
23
-57
-76
-35
86
293
553
833
1129
1458
1800
2116
2394
2653
2907
3116
3235
3268
3238
3118
2850
2423
1895
1298
600
-208
-1054
-1851
-2594
-3310
-3955
-4432
-4716
-4867
-4908
-4779
-4445
-3986
-3484
-2929
-2280
-1584
-942
-386
140
645
1056
1332
1526
1700
1837
1884
1869
1868
1897
1909
1883
1864
1879
1893
1848
1751
1633
1488
1265
948
568
162
-276
-768
-1287
-1772
-2192
-2557
-2870
-3089
-3166
-3110
-2962
-2726
-2365
-1885
-1350
-814
-270
297
828
1253
1566
1807
1972
2005
1894
1701
1474
1191
830
442
101
-193
-478
-738
-919
-1007
-1053
-1086
-1080
-1017
-933
-876
-846
-811
-775
-775
-814
-859
-885
-904
-922
-919
-864
-753
-608
-432
-213
49
332
611
877
1132
1368
1554
1677
1744
1762
1727
1628
1476
1306
1127
937
749
591
480
412
392
432
531
681
876
1118
1404
1715
2036
2374
2719
3021
3246
3392
3453
3372
3102
2663
2109
1435
613
-322
-1260
-2143
-2993
-3804
-4472
-4912
-5156
-5270
-5226
-4946
-4456
-3880
-3275
-2591
-1815
-1061
-426
116
631
1079
1370
1509
1597
1679
1696
1621
1531
1509
1531
1533
1529
1581
1689
1773
1784
1754
1706
1598
1364
1012
604
157
-358
-942
-1530
-2056
-2513
-2920
-3241
-3413
-3416
-3292
-3070
-2724
-2238
-1656
-1052
-454
155
750
1257
1632
1896
2078
2143
2052
1836
1566
1262
897
482
88
-237
-513
-769
-973
-1078
-1102
-1106
-1105
-1062
-971
-893
-870
-874
-868
-873
-934
-1032
-1105
-1142
-1174
-1206
-1185
-1076
-911
-725
-499
-206
129
452
754
1050
1337
1566
1708
1788
1829
1809
1700
1523
1328
1130
908
671
468
334
254
203
205
302
484
692
902
1158
1482
1818
2108
2373
2675
2991
3220
3326
3376
3397
3283
2940
2430
1867
1238
433
-519
-1450
-2264
-3046
-3849
-4535
-4946
-5134
-5246
-5263
-5025
-4523
-3942
-3396
-2782
-2009
-1211
-567
-51
483
1022
1401
1573
1688
1851
1973
1944
1845
1826
1885
1898
1835
1805
1867
1922
1864
1728
1605
1474
1224
824
368
-71
-536
-1090
-1676
-2178
-2568
-2908
-3210
-3379
-3354
-3185
-2954
-2641
-2181
-1596
-993
-424
148
741
1278
1679
1960
2172
2303
2281
2105
1853
1573
1238
821
381
-5
-336
-652
-945
-1155
-1266
-1331
-1389
-1408
-1361
-1283
-1235
-1218
-1186
-1140
-1123
-1147
-1167
-1154
-1124
-1104
-1058
-942
-761
-558
-334
-57
272
609
914
1199
1476
1705
1846
1906
1920
1885
1767
1567
1337
1109
876
626
394
227
134
84
72
135
297
518
746
980
1266
1599
1921
2187
2437
2726
3009
3196
3276
3323
3339
3212
2863
2372
1847
1249
466
-463
-1353
-2132
-2902
-3709
-4393
-4797
-5001
-5159
-5223
-5011
-4526
-3984
-3484
-2896
-2123
-1319
-679
-156
414
994
1396
1580
1725
1935
2082
2056
1949
1934
1993
1982
1884
1828
1865
1884
1786
1628
1499
1369
1119
726
296
-110
-544
-1065
-1616
-2088
-2464
-2803
-3106
-3283
-3279
-3148
-2958
-2684
-2258
-1710
-1137
-589
-23
571
1113
1531
1845
2109
2290
2316
2195
2005
1783
1484
1085
659
273
-86
-456
-811
-1082
-1267
-1423
-1565
-1648
-1646
-1610
-1592
-1577
-1525
-1445
-1391
-1364
-1320
-1240
-1157
-1091
-1003
-851
-656
-457
-247
12
317
618
885
1140
1399
1616
1752
1820
1856
1851
1765
1593
1389
1184
961
704
453
261
131
33
-32
-22
87
263
461
672
929
1246
1580
1884
2164
2474
2811
3099
3283
3409
3519
3543
3353
2947
2458
1932
1259
365
-612
-1491
-2296
-3155
-4010
-4634
-4963
-5178
-5378
-5389
-5045
-4490
-3969
-3467
-2785
-1932
-1159
-580
-30
607
1169
1467
1606
1802
2040
2126
2032
1953
1999
2052
1997
1919
1945
2020
2000
1872
1750
1658
1487
1156
721
285
-152
-664
-1247
-1804
-2269
-2671
-3046
-3337
-3452
-3394
-3254
-3056
-2722
-2215
-1622
-1052
-494
115
739
1255
1628
1940
2217
2366
2323
2165
2001
1810
1487
1066
674
355
37
-325
-651
-867
-1023
-1200
-1375
-1465
-1479
-1507
-1589
-1655
-1649
-1618
-1625
-1647
-1615
-1524
-1427
-1331
-1179
-950
-691
-441
-177
142
500
829
1109
1367
1610
1801
1907
1944
1938
1882
1741
1532
1304
1080
836
567
316
130
7
-79
-121
-87
25
184
375
615
889
1160
1422
1697
1991
2270
2526
2787
3054
3266
3395
3484
3535
3435
3102
2614
2086
1466
635
-357
-1309
-2163
-3038
-3947
-4678
-5084
-5315
-5538
-5627
-5349
-4766
-4169
-3631
-2950
-2057
-1186
-525
51
714
1336
1684
1799
1936
2158
2270
2167
2017
1994
2038
2003
1921
1920
2004
2030
1933
1806
1720
1598
1316
876
390
-87
-604
-1203
-1820
-2360
-2812
-3213
-3541
-3699
-3653
-3479
-3241
-2894
-2369
-1714
-1050
-423
207
846
1396
1786
2065
2280
2382
2293
2051
1775
1500
1157
726
302
-24
-287
-548
-779
-901
-928
-957
-1016
-1041
-997
-964
-1023
-1136
-1224
-1288
-1388
-1527
-1627
-1646
-1623
-1584
-1483
-1263
-957
-635
-306
79
513
922
1255
1532
1781
1961
2022
1982
1897
1775
1577
1302
1016
766
536
298
91
-27
-50
-32
11
116
311
557
803
1033
1263
1501
1730
1933
2110
2283
2476
2670
2821
2924
3024
3132
3138
2925
2538
2107
1632
966
76
-860
-1702
-2530
-3449
-4300
-4851
-5142
-5401
-5630
-5558
-5080
-4454
-3905
-3309
-2472
-1518
-728
-111
548
1256
1755
1939
2031
2220
2387
2328
2115
1982
1967
1920
1791
1707
1740
1775
1697
1561
1475
1402
1200
821
362
-87
-558
-1117
-1727
-2287
-2758
-3173
-3529
-3741
-3743
-3585
-3353
-3032
-2537
-1872
-1163
-501
141
810
1431
1894
2206
2449
2611
2598
2395
2119
1857
1552
1125
642
230
-91
-407
-738
-994
-1135
-1234
-1361
-1468
-1483
-1447
-1465
-1546
-1604
-1595
-1586
-1624
-1661
-1628
-1537
-1439
-1317
-1107
-808
-490
-189
143
539
940
1269
1525
1751
1945
2043
2021
1935
1822
1651
1392
1089
815
578
329
76
-104
-171
-167
-146
-83
67
294
549
800
1054
1314
1565
1801
2028
2248
2474
2712
2941
3119
3253
3392
3507
3458
3161
2703
2215
1636
817
-200
-1196
-2087
-3008
-3992
-4801
-5243
-5477
-5721
-5853
-5587
-4948
-4273
-3696
-2997
-2052
-1108
-407
171
845
1499
1850
1920
2013
2235
2357
2240
2065
2045
2113
2089
2002
2017
2123
2137
1989
1812
1695
1521
1146
598
29
-515
-1104
-1769
-2412
-2938
-3353
-3704
-3951
-3984
-3786
-3461
-3093
-2626
-1977
-1211
-475
172
792
1404
1907
2217
2393
2515
2539
2372
2053
1730
1459
1148
748
352
71
-127
-338
-553
-694
-762
-857
-1016
-1161
-1246
-1343
-1530
-1756
-1929
-2028
-2116
-2201
-2209
-2100
-1918
-1696
-1396
-988
-524
-83
326
748
1177
1533
1767
1904
1986
2000
1908
1732
1528
1315
1069
789
538
363
234
105
-5
-29
37
134
226
344
512
695
854
1007
1176
1337
1452
1557
1707
1908
2130
2376
2672
2986
3263
3503
3729
3841
3688
3266
2713
2078
1228
104
-1105
-2211
-3257
-4345
-5330
-5941
-6186
-6318
-6387
-6127
-5408
-4497
-3680
-2881
-1893
-823
26
618
1182
1766
2126
2139
2043
2083
2162
2070
1859
1773
1866
1963
1983
2049
2219
2347
2281
2082
1878
1638
1208
546
-215
-950
-1670
-2419
-3137
-3707
-4094
-4342
-4456
-4351
-3975
-3411
-2791
-2141
-1385
-528
305
999
1560
2041
2402
2564
2549
2457
2317
2055
1655
1238
916
655
368
67
-152
-285
-409
-566
-698
-778
-891
-1106
-1364
-1568
-1725
-1921
-2162
-2342
-2398
-2376
-2314
-2160
-1862
-1474
-1081
-676
-197
333
804
1163
1456
1725
1912
1965
1923
1850
1736
1526
1250
1001
817
640
433
246
143
108
92
101
173
302
429
534
662
846
1052
1211
1308
1407
1566
1767
1956
2149
2421
2785
3140
3410
3651
3927
4104
3958
3468
2854
2217
1366
159
-1194
-2385
-3414
-4491
-5545
-6221
-6406
-6400
-6399
-6160
-5410
-4364
-3440
-2674
-1770
-698
200
744
1171
1676
2061
2092
1945
1957
2126
2176
2050
2012
2203
2439
2528
2563
2686
2787
2639
2240
1796
1373
802
-31
-981
-1827
-2538
-3218
-3860
-4306
-4470
-4438
-4307
-4009
-3443
-2678
-1914
-1232
-537
232
962
1503
1865
2161
2389
2455
2359
2234
2151
2012
1730
1406
1178
1024
800
473
155
-101
-382
-755
-1138
-1434
-1696
-2024
-2376
-2610
-2684
-2705
-2736
-2693
-2498
-2194
-1871
-1517
-1070
-563
-109
268
646
1057
1408
1621
1737
1838
1908
1875
1755
1618
1488
1300
1035
778
600
464
294
100
-39
-88
-93
-87
-49
52
190
325
475
687
956
1211
1399
1575
1821
2130
2426
2696
3026
3441
3824
4082
4276
4491
4579
4273
3567
2743
1936
925
-465
-1979
-3246
-4272
-5319
-6325
-6890
-6888
-6680
-6527
-6172
-5292
-4106
-3096
-2328
-1473
-460
361
815
1162
1629
2007
2042
1927
2037
2371
2598
2623
2705
2993
3272
3321
3231
3180
3064
2634
1886
1080
358
-413
-1376
-2408
-3266
-3877
-4343
-4698
-4822
-4646
-4278
-3858
-3350
-2641
-1785
-997
-392
134
702
1230
1575
1773
1970
2177
2268
2219
2195
2293
2385
2300
2086
1909
1775
1519
1070
541
17
-570
-1277
-1998
-2582
-3040
-3476
-3874
-4080
-4024
-3801
-3510
-3121
-2574
-1934
-1318
-746
-155
433
901
1183
1363
1540
1682
1714
1655
1595
1566
1507
1402
1309
1266
1208
1060
863
700
576
417
190
-54
-252
-409
-536
-609
-591
-499
-368
-183
106
511
968
1401
1798
2201
2627
3031
3373
3684
4019
4345
4548
4610
4653
4724
4609
4051
3121
2150
1243
144
-1310
-2820
-4013
-4952
-5920
-6825
-7236
-7054
-6711
-6490
-6097
-5179
-3963
-2949
-2191
-1348
-364
408
831
1222
1810
2324
2466
2446
2682
3158
3495
3570
3647
3862
3975
3770
3389
3050
2658
1946
915
-140
-1027
-1840
-2718
-3578
-4220
-4595
-4795
-4852
-4674
-4230
-3660
-3128
-2608
-1960
-1194
-503
-16
375
821
1277
1607
1843
2150
2541
2829
2925
2987
3156
3309
3213
2863
2441
1999
1403
597
-263
-1047
-1824
-2677
-3481
-4012
-4246
-4357
-4420
-4313
-3936
-3390
-2834
-2274
-1637
-970
-424
-39
307
695
1034
1207
1262
1338
1476
1590
1638
1691
1785
1839
1765
1611
1474
1337
1082
674
232
-126
-422
-720
-997
-1164
-1210
-1189
-1094
-859
-485
-78
282
644
1084
1569
2005
2351
2649
2922
3141
3292
3426
3612
3866
4121
4293
4373
4463
4608
4620
4187
3255
2130
1051
-128
-1653
-3362
-4809
-5862
-6789
-7667
-8115
-7854
-7191
-6582
-5967
-4948
-3550
-2256
-1316
-473
453
1195
1507
1653
2023
2513
2722
2641
2704
3121
3615
3880
4000
4162
4248
4011
3457
2822
2170
1308
128
-1179
-2328
-3244
-4022
-4682
-5115
-5239
-5115
-4840
-4406
-3750
-2929
-2151
-1551
-1058
-528
29
468
753
1007
1324
1655
1951
2308
2800
3303
3607
3691
3712
3715
3532
3023
2268
1426
514
-519
-1590
-2514
-3231
-3846
-4399
-4749
-4766
-4516
-4169
-3786
-3304
-2721
-2139
-1621
-1116
-583
-99
235
464
720
1053
1371
1588
1730
1867
1989
2040
2013
1955
1863
1657
1302
880
499
162
-200
-591
-932
-1162
-1300
-1378
-1372
-1248
-1034
-791
-530
-202
200
630
1035
1418
1798
2177
2525
2823
3079
3303
3490
3623
3730
3882
4116
4343
4444
4445
4460
4434
4058
3140
1894
677
-514
-1974
-3702
-5244
-6270
-6971
-7627
-8044
-7822
-7027
-6142
-5369
-4418
-3122
-1828
-906
-230
504
1214
1570
1624
1802
2282
2748
2942
3065
3434
3983
4380
4507
4499
4400
4030
3279
2306
1314
304
-846
-2101
-3242
-4080
-4610
-4931
-5068
-4954
-4579
-4055
-3517
-2967
-2338
-1674
-1137
-803
-551
-235
141
489
840
1304
1887
2463
2981
3527
4128
4594
4704
4468
4051
3519
2768
1739
554
-624
-1733
-2769
-3647
-4250
-4571
-4711
-4722
-4551
-4162
-3643
-3119
-2642
-2180
-1726
-1318
-970
-627
-243
157
521
846
1189
1576
1959
2263
2446
2514
2475
2320
2061
1744
1390
978
478
-55
-523
-872
-1128
-1330
-1473
-1533
-1512
-1425
-1262
-1007
-680
-337
1
353
753
1190
1626
2028
2395
2734
3036
3287
3480
3634
3763
3855
3913
3975
4083
4193
4236
4222
4172
3949
3299
2165
821
-444
-1694
-3159
-4762
-6090
-6894
-7337
-7616
-7597
-7045
-6072
-5042
-4080
-3033
-1855
-790
-38
495
974
1363
1562
1682
1946
2402
2882
3264
3606
3990
4381
4661
4727
4498
3934
3074
2029
898
-271
-1445
-2553
-3523
-4296
-4796
-4951
-4788
-4434
-4005
-3517
-2963
-2402
-1921
-1527
-1175
-859
-608
-409
-164
221
759
1408
2112
2817
3479
4051
4495
4752
4743
4409
3760
2858
1802
695
-381
-1403
-2362
-3217
-3873
-4251
-4367
-4301
-4123
-3858
-3523
-3160
-2794
-2428
-2062
-1714
-1386
-1048
-662
-222
248
732
1216
1661
2025
2291
2454
2513
2448
2242
1914
1498
1040
590
188
-170
-505
-827
-1101
-1285
-1367
-1373
-1348
-1318
-1277
-1188
-1020
-750
-390
17
429
834
1260
1725
2196
2622
2975
3249
3442
3543
3568
3573
3583
3600
3635
3706
3791
3838
3849
3850
3717
3176
2089
674
-707
-1973
-3317
-4787
-6084
-6907
-7289
-7421
-7288
-6703
-5688
-4551
-3544
-2641
-1716
-812
-98
366
677
932
1160
1383
1682
2145
2769
3434
3978
4320
4516
4651
4663
4359
3619
2550
1358
149
-1058
-2183
-3078
-3701
-4133
-4418
-4466
-4198
-3700
-3176
-2751
-2408
-2100
-1839
-1664
-1537
-1359
-1070
-696
-280
205
847
1676
2597
3439
4090
4535
4769
4749
4439
3881
3144
2230
1124
-84
-1191
-2034
-2628
-3088
-3460
-3677
-3689
-3549
-3367
-3184
-2979
-2754
-2561
-2425
-2285
-2047
-1673
-1208
-710
-185
385
984
1550
2021
2378
2606
2670
2529
2212
1820
1443
1091
715
305
-75
-364
-557
-706
-849
-987
-1111
-1229
-1332
-1378
-1329
-1191
-1007
-782
-486
-79
428
969
1476
1922
2300
2607
2824
2958
3046
3124
3176
3158
3066
2975
2962
3045
3184
3332
3465
3563
3602
3522
3197
2469
1309
-105
-1517
-2828
-4086
-5268
-6172
-6617
-6655
-6451
-6046
-5339
-4320
-3212
-2269
-1561
-996
-505
-114
149
337
540
822
1185
1627
2174
2843
3572
4192
4530
4547
4341
3978
3404
2529
1407
234
-835
-1759
-2540
-3109
-3388
-3402
-3267
-3075
-2834
-2536
-2230
-2007
-1911
-1905
-1919
-1905
-1839
-1679
-1350
-801
-71
727
1510
2270
3021
3711
4201
4388
4268
3904
3348
2640
1834
1005
205
-552
-1250
-1835
-2249
-2487
-2613
-2709
-2806
-2893
-2958
-3008
-3049
-3051
-2958
-2748
-2450
-2088
-1647
-1088
-423
273
906
1427
1816
2063
2158
2117
1974
1761
1489
1170
847
575
387
261
149
13
-149
-323
-510
-717
-944
-1160
-1331
-1425
-1425
-1317
-1092
-753
-327
145
628
1091
1497
1826
2070
2241
2351
2412
2436
2456
2495
2564
2663
2783
2912
3037
3156
3278
3409
3535
3630
3625
3378
2721
1614
218
-1208
-2502
-3646
-4638
-5375
-5756
-5803
-5639
-5337
-4851
-4143
-3296
-2485
-1858
-1439
-1173
-989
-844
-696
-480
-123
408
1065
1763
2448
3098
3668
4056
4171
4019
3671
3168
2484
1606
613
-339
-1113
-1652
-1975
-2122
-2128
-2042
-1933
-1874
-1898
-1985
-2082
-2176
-2284
-2412
-2520
-2537
-2411
-2118
-1638
-960
-122
777
1604
2267
2738
3031
3155
3098
2865
2497
2069
1643
1252
893
560
249
-46
-340
-637
-941
-1258
-1596
-1955
-2316
-2642
-2893
-3037
-3049
-2915
-2633
-2225
-1729
-1197
-680
-218
173
497
756
938
1031
1045
1013
972
937
916
910
917
935
948
933
864
730
531
282
3
-275
-512
-681
-768
-780
-712
-557
-322
-36
255
517
732
904
1037
1125
1164
1164
1148
1138
1144
1158
1173
1191
1211
1220
1206
1163
1095
1018
939
860
790
743
742
797
907
1047
1182
1255
1214
1023
686
236
-285
-832
-1340
-1736
-1959
-1990
-1851
-1594
-1267
-930
-642
-456
-389
-426
-535
-669
-790
-873
-900
-857
-742
-569
-363
-147
58
239
371
431
412
327
193
30
-144
-302
-413
-453
-406
-276
-83
147
379
584
738
817
809
716
556
356
140
-66
-236
-339
-359
-299
-178
-21
148
304
416
461
429
329
177
-5
-200
-381
-517
-585
-578
-506
-384
-233
-71
78
189
243
228
153
30
-119
-266
-383
-452
-463
-422
-334
-215
-87
31
120
161
147
82
-28
-164
-312
-452
-560
-622
-624
-571
-474
-346
-204
-70
40
112
141
123
64
-20
-112
-196
-261
-294
-288
-243
-167
-71
32
133
218
274
296
281
238
174
105
39
-15
-49
-63
-58
-33
8
56
108
153
188
211
219
219
211
201
197
199
208
225
248
281
320
360
396
428
457
483
508
525
537
535
517
480
416
322
206
72
-71
-212
-342
-446
-510
-532
-521
-490
-453
-423
-411
-424
-460
-508
-555
-589
-594
-564
-494
-393
-269
-139
-21
73
132
155
145
109
58
-3
-70
-124
-160
-174
-163
-132
-83
-24
36
91
128
148
148
128
90
42
-1
-35
-52
-46
-20
23
79
138
197
244
274
280
263
217
147
63
-29
-116
-194
-255
-295
-312
-305
-282
-249
-217
-190
-173
-169
-180
-203
-229
-251
-264
-268
-257
-230
-190
-135
-76
-11
49
100
133
145
136
118
95
72
54
47
51
64
82
99
114
121
110
75
23
-29
-72
-100
-113
-108
-83
-44
1
42
82
120
157
187
210
231
255
284
316
350
385
429
475
521
566
607
649
694
740
790
841
884
913
922
916
904
894
892
904
944
1013
1099
1171
1190
1119
933
623
204
-279
-779
-1230
-1578
-1787
-1847
-1778
-1625
-1438
-1264
-1129
-1044
-1004
-993
-988
-974
-934
-863
-760
-621
-437
-208
68
383
714
1025
1270
1409
1421
1314
1111
856
587
351
175
70
30
29
41
38
4
-65
-163
-284
-424
-574
-729
-874
-993
-1066
-1075
-1011
-871
-666
-421
-171
48
205
277
265
189
86
-14
-84
-113
-101
-50
24
103
168
208
213
184
117
13
-121
-276
-436
-577
-680
-720
-688
-589
-444
-278
-119
7
87
116
100
54
0
-44
-69
-75
-68
-52
-30
4
48
99
156
206
238
245
228
194
155
128
126
156
216
288
362
421
460
483
500
524
559
603
648
682
706
722
737
761
803
868
953
1046
1128
1184
1213
1224
1240
1288
1384
1517
1647
1708
1632
1367
904
281
-430
-1139
-1752
-2189
-2417
-2448
-2336
-2151
-1954
-1779
-1637
-1521
-1416
-1313
-1211
-1117
-1032
-958
-875
-753
-558
-265
133
611
1112
1558
1872
2003
1940
1717
1396
1049
730
475
297
183
109
47
-21
-100
-185
-269
-351
-442
-557
-708
-897
-1104
-1293
-1418
-1435
-1326
-1089
-759
-379
-1
323
560
698
749
740
696
635
559
467
357
226
84
-54
-174
-263
-323
-362
-398
-455
-544
-672
-827
-983
-1109
-1174
-1161
-1071
-924
-743
-557
-383
-234
-112
-9
81
170
259
344
421
484
527
551
560
562
560
554
539
507
452
375
280
180
87
21
-6
18
91
204
334
463
567
637
673
684
689
701
726
767
818
870
909
922
910
878
844
817
809
818
835
847
837
802
743
678
629
622
675
790
950
1108
1202
1168
968
594
76
-522
-1124
-1643
-2010
-2178
-2153
-1973
-1701
-1409
-1157
-981
-893
-883
-926
-988
-1044
-1070
-1055
-992
-877
-708
-492
-231
65
369
647
861
971
960
827
597
307
10
-245
-416
-475
-423
-282
-91
105
263
356
368
301
172
8
-160
-307
-407
-448
-423
-340
-205
-40
139
313
458
558
600
575
490
358
198
37
-105
-203
-246
-229
-163
-68
24
94
119
88
4
-117
-256
-388
-491
-545
-543
-486
-386
-260
-126
-8
83
133
140
103
31
-63
-164
-255
-319
-350
-340
-293
-212
-110
-8
78
135
156
139
89
17
-66
-142
-197
-222
-214
-173
-107
-28
51
118
162
176
162
122
64
-2
-58
-100
-118
-115
-90
-54
-13
23
45
47
29
-6
-56
-111
-162
-205
-231
-238
-223
-187
-136
-79
-22
29
63
80
80
65
39
16
1
1
22
62
115
173
218
238
222
166
73
-52
-193
-330
-448
-530
-566
-560
-516
-450
-376
-316
-281
-281
-316
-379
-456
-530
-588
-612
-598
-544
-457
-348
-236
-133
-54
-9
1
-21
-72
-137
-206
-263
-300
-309
-287
-238
-168
-91
-19
39
73
78
58
16
-36
-89
-132
-157
-158
-137
-95
-38
23
83
130
157
161
143
105
55
1
-47
-81
-97
-90
-64
-22
26
69
101
114
102
67
10
-58
-130
-194
-239
-256
-243
-201
-136
-56
22
88
130
139
112
55
-22
-107
-185
-242
-271
-266
-232
-174
-104
-36
18
52
63
46
13
-33
-82
-124
-150
-154
-136
-94
-37
28
91
141
172
181
166
134
93
53
21
5
8
29
64
108
150
187
208
211
195
162
118
73
34
9
0
12
41
79
121
159
186
199
199
185
165
141
117
100
89
92
104
126
156
187
215
233
239
232
211
182
152
127
109
107
116
137
164
196
224
243
252
246
226
193
150
103
54
9
-29
-59
-80
-92
-97
-99
-99
-102
-110
-121
-137
-156
-174
-186
-188
-179
-157
-124
-84
-39
3
39
66
85
95
99
99
98
97
99
100
103
107
112
117
123
127
133
135
131
124
110
90
66
45
29
22
25
33
42
38
15
-31
-105
-197
-290
-374
-428
-442
-410
-342
-250
-151
-66
-5
21
15
-17
-66
-119
-167
-200
-215
-208
-179
-131
-66
9
88
157
209
237
237
209
162
107
51
10
-15
-18
-8
13
33
50
58
56
49
36
24
10
1
-4
-3
6
25
54
90
131
167
192
202
196
178
157
142
143
163
199
242
286
315
330
329
318
303
295
296
305
320
337
350
359
366
373
383
396
408
418
425
429
438
457
493
543
598
636
637
576
444
243
-5
-266
-505
-684
-782
-795
-734
-627
-504
-395
-316
-277
-274
-300
-339
-379
-413
-430
-424
-389
-321
-216
-79
79
241
385
486
533
516
449
344
229
125
54
22
30
66
116
162
193
201
184
145
88
20
-55
-130
-197
-248
-273
-267
-227
-157
-67
29
115
176
201
185
130
43
-59
-166
-263
-336
-382
-394
-374
-328
-264
-190
-123
-67
-34
-29
-49
-91
-149
-208
-257
-284
-284
-252
-192
-111
-24
56
120
154
164
146
116
82
53
37
35
43
58
70
78
75
63
42
18
-9
-35
-55
-64
-58
-33
11
74
149
228
300
355
391
409
413
414
423
446
487
544
609
674
724
756
759
736
688
623
548
474
403
344
300
270
253
246
243
244
241
232
220
206
195
189
196
214
240
267
281
269
227
146
31
-103
-238
-349
-419
-438
-406
-338
-254
-179
-138
-141
-193
-286
-403
-524
-630
-708
-747
-748
-711
-644
-550
-440
-321
-206
-102
-22
25
36
10
-45
-120
-196
-260
-298
-305
-285
-243
-194
-153
-129
-128
-140
-156
-157
-129
-62
47
183
331
466
567
617
611
549
442
306
156
8
-133
-264
-378
-478
-563
-633
-687
-723
-743
-748
-743
-732
-721
-711
-705
-703
-700
-693
-676
-648
-609
-562
-512
-465
-429
-406
-397
-397
-399
-398
-386
-363
-330
-290
-248
-212
-183
-163
-152
-143
-137
-130
-121
-107
-93
-75
-56
-34
-10
16
40
61
76
81
80
71
59
45
35
30
32
38
45
53
60
68
75
83
94
107
122
139
155
173
192
212
233
257
280
302
323
337
345
347
344
337
331
325
321
322
325
329
333
336
335
333
328
322
312
303
292
281
270
259
249
242
238
233
230
224
213
197
175
150
121
91
62
34
7
-20
-48
-78
-109
-140
-169
-195
-216
-231
-242
-249
-255
-261
-268
-276
-284
-291
-293
-289
-282
-269
-254
-240
-228
-219
-214
-214
-217
-219
-221
-221
-215
-206
-192
-175
-156
-138
-123
-114
-111
-118
-130
-146
-165
-180
-189
-191
-187
-176
-163
-152
-143
-140
-140
-145
-149
-155
-157
-156
-151
-143
-133
-123
-114
-106
-100
-95
-92
-92
-92
-93
-93
-93
-93
-90
-87
-80
-72
-60
-47
-30
-13
5
22
36
48
55
58
57
53
51
51
56
69
87
110
137
163
185
201
206
203
192
174
153
131
109
89
73
62
57
58
67
82
102
122
135
139
131
109
81
53
32
24
34
57
89
121
146
157
153
139
122
107
99
99
106
116
123
125
124
122
124
132
147
165
182
193
193
182
162
137
114
95
88
91
99
111
123
133
140
140
137
127
114
97
76
57
43
35
38
54
76
102
128
145
151
143
125
97
67
42
24
15
15
24
37
53
68
77
80
70
48
11
-36
-89
-143
-184
-208
-212
-195
-162
-122
-84
-56
-44
-45
-58
-77
-94
-106
-110
-105
-91
-70
-46
-18
11
37
60
73
79
71
52
25
-5
-32
-54
-65
-67
-61
-49
-36
-29
-25
-33
-50
-73
-101
-129
-152
-165
-165
-149
-118
-77
-30
20
62
96
118
128
129
125
116
107
100
95
95
101
113
130
151
173
190
200
195
179
151
118
87
66
59
67
88
117
146
171
187
193
191
187
184
186
197
214
234
255
271
279
280
275
270
269
277
294
318
347
377
409
447
495
560
644
745
848
931
975
954
861
697
480
243
21
-151
-250
-263
-194
-59
121
320
513
683
823
930
1011
1076
1136
1192
1246
1284
1285
1229
1099
886
597
256
-103
-444
-732
-953
-1103
-1192
-1239
-1265
-1279
-1280
-1260
-1208
-1117
-986
-831
-672
-536
-441
-398
-407
-454
-520
-587
-636
-663
-664
-644
-615
-585
-564
-558
-575
-614
-670
-740
-811
-868
-897
-886
-832
-734
-602
-449
-298
-165
-66
-11
-3
-39
-108
-196
-289
-377
-445
-492
-511
-508
-486
-453
-414
-375
-340
-312
-288
-266
-241
-209
-167
-114
-52
12
75
126
161
178
177
165
148
133
125
127
135
151
168
189
209
226
236
236
220
182
122
44
-48
-137
-213
-263
-284
-275
-245
-205
-169
-143
-133
-136
-148
-155
-152
-129
-86
-23
55
141
221
287
328
339
321
282
232
186
160
157
178
216
256
278
271
221
127
2
-141
-285
-408
-493
-530
-519
-466
-383
-283
-180
-86
-3
68
129
182
233
279
325
364
396
418
434
443
451
459
469
481
491
498
498
492
483
471
459
448
435
421
401
381
356
328
298
262
218
163
95
11
-84
-182
-275
-356
-418
-459
-480
-488
-490
-492
-496
-505
-515
-524
-528
-525
-514
-489
-455
-408
-352
-287
-223
-164
-116
-81
-62
-55
-56
-58
-56
-47
-28
-5
21
49
74
94
107
113
113
105
93
78
66
54
47
47
54
67
84
104
127
151
177
201
220
231
233
224
208
190
177
173
181
202
229
257
278
289
287
275
256
238
225
216
217
225
233
243
248
247
241
231
221
209
200
194
189
184
177
166
155
147
143
146
155
167
178
182
174
154
125
95
71
60
64
79
98
117
125
124
114
100
87
79
79
86
93
102
111
120
129
139
151
160
163
157
143
122
97
78
63
55
51
49
42
31
17
3
-9
-12
-10
-6
-3
-5
-16
-33
-52
-69
-76
-72
-61
-43
-26
-15
-12
-18
-31
-47
-64
-79
-88
-91
-91
-85
-78
-70
-61
-59
-60
-66
-76
-88
-101
-111
-116
-118
-115
-109
-103
-99
-99
-102
-108
-116
-125
-133
-139
-141
-141
-139
-135
-132
-128
-124
-118
-112
-109
-106
-107
-114
-127
-145
-163
-179
-190
-196
-194
-190
-183
-181
-183
-190
-201
-211
-221
-226
-229
-231
-231
-232
-232
-234
-232
-231
-229
-227
-229
-232
-237
-239
-238
-232
-221
-208
-195
-185
-183
-186
-194
-201
-209
-210
-209
-202
-193
-183
-171
-159
-145
-129
-114
-98
-86
-75
-69
-63
-56
-51
-44
-35
-27
-19
-12
-3
5
15
25
36
48
57
65
75
85
99
116
139
163
187
208
225
238
248
254
259
264
268
271
273
275
275
275
270
263
253
237
219
200
183
167
153
143
131
117
101
81
63
48
40
39
45
53
59
59
52
37
21
3
-10
-19
-23
-21
-19
-15
-15
-14
-15
-19
-23
-30
-38
-46
-58
-70
-78
-86
-87
-86
-79
-70
-63
-59
-59
-65
-74
-85
-94
-99
-99
-94
-87
-80
-78
-80
-88
-98
-110
-119
-126
-127
-128
-127
-126
-127
-128
-127
-124
-116
-103
-87
-71
-54
-40
-26
-11
3
20
36
52
63
70
75
78
84
93
107
124
141
158
167
172
170
165
158
151
147
146
149
156
164
174
185
194
200
203
203
200
194
189
184
182
180
180
180
177
173
168
159
148
136
124
111
99
92
86
84
85
87
88
86
82
75
64
53
43
34
28
22
21
20
21
23
24
27
26
25
21
14
7
2
-1
4
13
26
43
60
72
80
81
77
66
53
37
20
6
-6
-12
-14
-10
-4
4
7
9
4
-4
-18
-31
-42
-49
-50
-46
-38
-28
-17
-8
-2
1
1
-4
-11
-18
-27
-35
-40
-40
-35
-27
-15
-2
13
25
35
42
42
37
28
14
-4
-18
-30
-37
-36
-29
-17
-6
3
5
-1
-19
-45
-79
-113
-145
-171
-187
-192
-187
-174
-159
-144
-133
-131
-137
-151
-171
-194
-217
-237
-249
-256
-257
-251
-242
-230
-221
-214
-211
-212
-219
-229
-240
-249
-255
-253
-247
-233
-215
-196
-175
-156
-142
-130
-121
-115
-110
-107
-102
-94
-83
-69
-53
-36
-19
-4
6
12
13
11
6
3
3
7
15
26
41
54
64
71
73
71
66
60
54
48
43
41
39
38
42
48
56
64
70
77
79
78
74
69
66
63
66
69
76
84
93
101
107
114
117
118
116
111
101
92
81
71
65
64
66
73
80
86
91
90
87
80
70
60
51
45
45
48
57
70
83
99
112
123
130
134
130
124
113
98
83
70
58
53
52
57
64
72
79
81
82
77
72
70
74
82
100
126
160
201
248
300
354
406
455
493
519
528
518
488
440
379
304
221
135
48
-36
-116
-189
-255
-313
-362
-403
-439
-469
-494
-516
-533
-545
-550
-550
-542
-526
-504
-479
-452
-424
-396
-369
-345
-323
-304
-285
-266
-248
-228
-206
-182
-156
-127
-97
-66
-37
-10
12
29
43
52
60
67
73
82
90
99
106
113
116
115
114
110
106
102
96
90
84
75
66
53
41
27
12
-4
-21
-38
-53
-65
-75
-80
-82
-78
-70
-61
-50
-41
-32
-25
-20
-15
-11
-7
-2
5
13
24
35
46
55
61
66
68
69
69
69
71
74
80
89
99
110
121
130
136
137
135
131
125
121
121
124
130
140
152
163
171
175
174
168
157
143
128
114
103
95
91
92
96
101
107
109
108
102
91
76
60
42
26
13
6
2
3
7
10
15
18
16
10
1
-11
-24
-37
-46
-52
-55
-55
-52
-50
-50
-54
-60
-71
-85
-101
-117
-132
-142
-147
-147
-141
-132
-120
-109
-100
-95
-95
-100
-111
-122
-136
-146
-153
-156
-153
-148
-139
-130
-124
-121
-122
-126
-132
-140
-147
-153
-157
-156
-152
-146
-139
-130
-122
-115
-110
-105
-103
-100
-98
-96
-93
-89
-83
-77
-72
-65
-61
-58
-57
-57
-59
-59
-61
-58
-54
-49
-42
-34
-26
-19
-13
-10
-7
-6
-5
-5
-4
-3
0
5
10
16
23
30
34
39
42
44
45
46
48
51
54
59
64
69
74
78
81
82
83
82
81
84
84
88
92
97
101
104
105
103
100
97
91
87
82
78
77
78
79
84
88
94
97
99
96
92
86
78
71
65
64
66
71
79
88
95
100
104
104
101
96
90
82
75
69
65
62
61
60
60
59
57
54
49
43
36
30
24
21
18
16
15
14
13
13
11
9
8
5
2
-1
-3
-6
-8
-8
-9
-9
-9
-11
-15
-17
-21
-27
-32
-36
-40
-41
-43
-41
-37
-35
-34
-31
-32
-36
-41
-49
-56
-62
-66
-69
-69
-67
-61
-56
-49
-43
-39
-37
-36
-38
-41
-46
-50
-54
-56
-55
-55
-51
-45
-40
-32
-26
-23
-21
-22
-23
-25
-29
-32
-35
-36
-37
-36
-34
-32
-29
-26
-24
-22
-20
-19
-18
-17
-16
-15
-13
-13
-12
-13
-15
-16
-17
-17
-18
-18
-16
-13
-10
-7
-5
-3
-3
-4
-5
-8
-11
-14
-17
-18
-17
-17
-13
-10
-6
-3
0
1
1
1
-1
-3
-6
-9
-10
-10
-9
-7
-6
-4
-3
-1
-2
-3
-4
-6
-6
-7
-6
-4
-1
1
5
8
10
10
10
9
8
7
6
5
7
9
10
13
15
15
15
14
11
8
5
2
-2
-2
-3
-2
0
1
5
7
8
9
8
6
3
-1
-4
-8
-10
-13
-13
-14
-14
-13
-13
-12
-12
-10
-10
-9
-9
-9
-9
-10
-9
-9
-10
-10
-10
-9
-9
-9
-9
-9
-9
-10
-10
-10
-10
-10
-9
-10
-9
-9
-8
-7
-7
-5
-4
-3
-2
-1
-1
-1
-1
1
1
2
4
7
9
11
14
15
18
19
19
20
21
21
22
24
27
31
36
40
46
52
59
63
67
70
73
74
75
77
80
83
86
92
96
102
106
111
114
115
116
114
113
110
107
106
104
103
101
101
101
102
102
101
100
98
96
94
89
87
83
81
78
75
73
71
69
67
65
63
60
58
55
54
53
51
50
49
48
47
45
44
42
41
39
37
36
35
34
34
33
32
33
34
33
33
31
30
29
27
27
26
26
26
27
27
28
28
28
27
27
25
23
22
21
20
20
20
21
21
22
23
23
21
18
15
11
8
5
2
0
0
1
2
6
7
10
10
9
6
2
-2
-9
-15
-20
-23
-24
-26
-24
-22
-20
-18
-17
-17
-20
-23
-27
-33
-38
-43
-46
-48
-50
-48
-47
-45
-43
-41
-40
-41
-43
-44
-48
-51
-54
-57
-60
-61
-62
-62
-61
-61
-60
-60
-58
-58
-58
-58
-60
-61
-63
-65
-67
-69
-71
-72
-73
-73
-71
-69
-68
-66
-65
-65
-64
-65
-65
-67
-69
-71
-73
-75
-75
-76
-73
-71
-69
-68
-65
-63
-63
-63
-64
-65
-67
-70
-71
-73
-73
-72
-71
-69
-67
-65
-62
-61
-59
-59
-59
-60
-61
-62
-63
-65
-65
-64
-63
-62
-59
-56
-54
-52
-50
-50
-49
-49
-49
-50
-50
-52
-50
-51
-50
-48
-45
-44
-41
-38
-37
-36
-37
-36
-37
-38
-38
-38
-39
-38
-36
-34
-32
-30
-27
-26
-25
-24
-24
-24
-25
-27
-29
-29
-29
-29
-29
-28
-26
-25
-22
-20
-19
-18
-17
-18
-19
-21
-22
-24
-26
-28
-28
-29
-28
-28
-25
-23
-22
-20
-21
-21
-21
-22
-22
-23
-25
-26
-26
-26
-25
-24
-21
-20
-18
-15
-12
-11
-9
-9
-8
-8
-9
-8
-8
-8
-7
-6
-4
-2
1
4
6
9
10
13
14
14
15
13
14
14
12
13
13
14
14
16
17
19
21
22
22
24
23
23
23
22
21
21
20
20
20
20
20
22
23
25
26
28
29
31
32
32
32
32
32
31
32
31
31
33
33
35
37
38
39
41
41
41
40
39
38
37
36
34
35
34
34
34
34
34
34
33
31
31
31
28
25
24
22
19
17
13
12
10
8
6
4
2
0
-1
-2
-4
-6
-7
-10
-12
-16
-18
-22
-23
-26
-28
-28
-30
-30
-30
-30
-29
-30
-30
-30
-31
-33
-33
-35
-35
-36
-37
-36
-35
-35
-33
-30
-28
-26
-25
-24
-24
-24
-26
-27
-27
-28
-29
-28
-28
-27
-25
-24
-22
-20
-19
-18
-20
-20
-22
-24
-26
-27
-28
-29
-29
-29
-28
-27
-26
-26
-24
-25
-24
-25
-27
-28
-30
-32
-33
-34
-34
-33
-32
-32
-30
-30
-28
-27
-28
-28
-27
-28
-29
-30
-30
-30
-29
-27
-26
-23
-21
-18
-16
-13
-12
-10
-9
-7
-5
-3
0
2
4
8
10
14
18
22
25
29
32
35
38
40
43
43
45
47
48
50
51
51
52
52
53
53
52
50
50
48
45
42
40
35
30
26
20
15
9
4
-2
-8
-14
-19
-25
-30
-35
-41
-47
-53
-57
-62
-66
-69
-73
-75
-77
-78
-79
-78
-76
-76
-74
-70
-67
-63
-59
-54
-48
-43
-37
-31
-23
-17
-8
-1
8
16
24
33
41
49
55
63
70
77
83
89
95
100
106
110
115
119
123
127
130
132
135
136
136
136
135
135
133
132
130
127
125
123
119
116
114
110
106
101
96
92
86
81
76
70
65
59
53
48
44
40
34
30
24
21
16
11
7
4
-1
-4
-8
-11
-13
-15
-16
-17
-18
-19
-19
-19
-18
-19
-18
-17
-17
-15
-13
-12
-10
-7
-6
-2
0
3
7
9
13
15
18
22
24
26
28
31
31
34
35
37
38
38
39
39
40
39
39
37
37
36
34
32
30
28
25
23
20
16
15
12
10
6
4
2
-1
-2
-4
-7
-7
-9
-10
-12
-13
-13
-13
-13
-13
-13
-14
-13
-12
-12
-11
-10
-10
-9
-8
-7
-6
-5
-4
-4
-3
-1
-1
-1
-1
-1
0
-1
1
-2
-2
-2
-2
-3
-3
-4
-4
-5
-6
-8
-9
-11
-13
-14
-15
-18
-18
-20
-21
-22
-24
-25
-26
-27
-28
-29
-30
-32
-34
-35
-36
-37
-38
-38
-39
-40
-40
-40
-41
-41
-42
-41
-42
-44
-44
-44
-45
-46
-46
-47
-46
-47
-46
-48
-48
-48
-49
-49
-50
-50
-51
-51
-52
-53
-52
-54
-54
-54
-53
-54
-53
-53
-53
-52
-52
-51
-50
-50
-49
-47
-45
-44
-42
-41
-38
-36
-35
-33
-30
-28
-25
-23
-21
-18
-16
-14
-12
-10
-7
-6
-4
-3
0
0
1
2
2
2
3
3
3
3
2
1
2
1
0
-2
-2
-3
-5
-5
-7
-8
-8
-9
-9
-9
-10
-10
-10
-8
-9
-7
-6
-5
-3
-1
1
3
6
9
12
14
17
21
24
27
30
32
36
39
42
45
47
50
52
54
55
58
58
60
62
62
63
63
63
64
63
62
62
62
61
59
58
58
57
56
55
54
54
54
52
53
51
51
51
50
50
50
50
50
49
50
50
50
50
50
50
51
50
49
49
49
49
48
47
47
45
43
42
42
39
37
35
33
32
29
28
25
23
21
18
16
13
10
8
6
3
2
-1
-3
-6
-9
-11
-12
-15
-17
-19
-22
-24
-27
-28
-30
-32
-33
-35
-37
-40
-40
-42
-44
-45
-47
-48
-49
-50
-51
-51
-53
-54
-54
-54
-55
-54
-56
-55
-55
-56
-55
-54
-55
-54
-53
-53
-52
-51
-52
-50
-49
-49
-48
-46
-45
-45
-43
-43
-41
-39
-38
-37
-36
-34
-33
-32
-30
-29
-27
-26
-23
-22
-21
-20
-18
-18
-16
-15
-14
-14
-13
-11
-11
-11
-10
-11
-10
-10
-10
-10
-12
-11
-11
-13
-13
-14
-15
-15
-17
-17
-18
-19
-21
-21
-23
-24
-24
-26
-27
-28
-29
-30
-32
-33
-33
-34
-35
-36
-37
-39
-39
-41
-42
-42
-43
-45
-45
-46
-48
-47
-49
-47
-48
-48
-47
-46
-46
0
0
0
0
0
0
0
0
0
0
0
0
0
0
0
0
0
0
0
0
0
0
0
0
0
0
0
0
0
0
0
0
0
0
0
0
0
0
0
0
0
0
0
0
0
0
0
0
0
0
0
0
0
0
0
0
0
0
0
0
0
0
0
0
0
0
0
0
0
0
0
0
0
0
0
0
0
0
0
0
0
0
0
0
0
0
0
0
0
0
0
0
0
0
0
0
0
0
0
0
0
0
0
0
0
0
0
0
0
0
0
0
0
0
0
0
0
0
0
0
0
0
0
0
0
0
0
0
0
0
0
0
0
0
0
0
0
0
0
0
0
0
0
0
0
0
0
0
0
0
0
0
0
0
0
0
0
0
0
0
0
0
0
0
0
0
0
0
0
0
0
0
0
0
0
0
0
0
0
0
0
0
0
0
0
0
0
0
0
0
0
0
0
0
0
0
0
0
