0
0
0
0
0
0
0
0
0
0
0
0
0
0
0
0
0
0
0
0
0
0
0
0
0
0
0
0
0
0
0
0
0
0
0
0
0
0
0
0
0
0
0
0
0
0
0
0
0
0
0
0
0
0
0
0
0
0
0
0
0
0
0
0
0
0
0
0
0
0
0
0
0
0
0
0
0
0
0
0
0
0
0
0
0
0
0
0
0
0
0
0
0
0
0
0
0
0
0
0
0
0
0
0
0
0
0
0
0
0
0
0
0
0
0
0
0
0
0
0
0
0
0
0
0
0
0
0
0
0
0
0
0
0
0
0
0
0
0
0
0
0
0
0
0
0
0
0
0
0
0
0
0
0
0
0
0
0
0
0
0
0
0
0
0
0
0
0
0
0
0
0
0
0
0
0
0
0
0
0
0
0
0
0
0
0
0
0
0
0
0
0
0
0
0
0
0
0
-24
-19
-16
-11
-4
2
9
17
27
36
46
57
67
78
90
101
112
122
133
144
155
164
175
184
195
204
214
224
232
240
248
254
261
266
271
274
278
280
282
281
280
278
275
271
266
260
251
242
230
218
202
189
174
157
142
127
111
96
80
66
51
37
24
10
-4
-19
-37
-54
-73
-93
-113
-133
-151
-169
-186
-198
-208
-214
-219
-222
-218
-218
-213
-207
-201
-195
-191
-187
-185
-183
-183
-183
-186
-189
-192
-197
-202
-206
-210
-215
-218
-223
-225
-228
-231
-231
-231
-232
-231
-231
-229
-226
-222
-219
-214
-209
-204
-198
-194
-189
-184
-180
-178
-173
-172
-168
-166
-165
-163
-160
-158
-155
-153
-149
-146
-143
-140
-139
-136
-134
-132
-130
-126
-124
-119
-114
-109
-100
-92
-85
-77
-70
-62
-55
-49
-43
-37
-30
-20
-10
2
18
36
55
75
94
115
130
142
150
153
152
144
135
122
105
88
70
56
43
35
29
28
32
38
47
59
69
81
94
105
116
127
138
152
166
181
199
219
240
258
276
291
300
304
300
288
269
243
208
169
124
77
29
-19
-66
-113
-155
-195
-232
-268
-300
-330
-358
-382
-405
-424
-437
-448
-452
-451
-442
-426
-403
-375
-339
-299
-255
-209
-162
-114
-72
-32
4
34
60
81
99
114
126
135
143
150
156
160
164
164
164
160
152
140
127
111
93
72
53
36
18
6
-4
-14
-21
-24
-27
-28
-28
-28
-29
-30
-33
-36
-40
-44
-48
-52
-55
-59
-61
-60
-59
-56
-52
-46
-41
-36
-31
-31
-30
-32
-38
-47
-60
-76
-95
-116
-138
-161
-185
-207
-227
-246
-261
-271
-280
-284
-287
-287
-285
-282
-278
-274
-268
-263
-256
-248
-239
-230
-219
-205
-187
-167
-144
-117
-90
-60
-32
-4
23
48
68
85
98
109
116
123
125
126
125
125
126
127
128
130
133
135
135
134
130
126
119
111
103
94
83
74
65
57
50
45
41
39
37
35
33
28
25
17
10
0
-11
-21
-31
-39
-47
-51
-53
-52
-48
-42
-34
-24
-15
-6
2
9
13
17
19
20
20
19
18
19
20
22
26
31
36
43
50
56
61
65
69
69
68
66
64
58
53
46
39
32
27
21
16
11
7
3
0
-2
-7
-13
-18
-22
-26
-29
-32
-34
-35
-37
-37
-38
-37
-37
-35
-34
-31
-28
-25
-23
-21
-19
-18
-17
-14
-14
-11
-11
-10
-10
-11
-11
-12
-15
-17
-19
-24
-26
-29
-32
-36
-41
-46
-51
-57
-63
-71
-77
-84
-91
-96
-102
-108
-113
-115
-117
-118
-118
-115
-110
-106
-98
-91
-82
-72
-62
-53
-43
-33
-24
-15
-6
2
6
12
17
20
22
24
26
26
26
25
24
23
21
18
15
12
7
3
0
-3
-6
-6
-8
-8
-7
-7
-5
-2
1
4
7
11
14
17
18
18
17
13
10
8
4
1
-1
-4
-4
-4
-1
-1
4
9
12
16
20
23
25
28
26
25
23
18
14
8
3
0
-3
-4
-3
-3
0
3
6
11
16
19
22
23
23
22
20
17
13
11
8
5
2
1
2
4
6
8
11
14
17
18
19
19
17
17
16
14
13
12
12
13
15
21
26
33
39
47
55
60
66
70
72
72
72
70
67
63
59
55
52
49
46
44
43
43
44
46
47
50
52
54
56
56
57
57
57
57
56
55
53
52
50
49
47
45
43
43
41
41
42
42
42
43
44
44
45
45
45
45
44
42
40
38
36
33
31
29
25
24
23
22
22
22
24
24
24
24
24
23
22
20
17
15
11
7
3
1
-1
0
0
0
0
1
1
3
5
6
9
10
9
8
7
5
2
1
0
0
0
0
-3
-6
-10
-12
-14
-15
-15
-15
-15
-15
-16
-15
-13
-10
-4
3
9
14
17
19
18
16
15
13
11
9
6
2
-2
-6
-10
-13
-11
-7
0
8
17
24
28
30
32
31
33
33
30
26
22
16
8
2
-2
-2
0
5
12
18
22
22
22
22
23
23
27
28
30
30
31
30
30
34
40
49
59
70
81
89
95
99
101
102
103
102
102
99
94
88
81
73
67
63
60
60
57
56
52
47
41
34
27
19
14
8
1
-3
-9
-16
-25
-32
-38
-43
-47
-48
-48
-49
-53
-55
-60
-62
-65
-65
-64
-61
-59
-57
-55
-54
-54
-53
-51
-50
-46
-42
-41
-40
-41
-44
-46
-47
-48
-47
-44
-43
-42
-41
-39
-36
-33
-29
-23
-19
-16
-16
-16
-18
-21
-22
-23
-23
-24
-23
-25
-25
-27
-27
-25
-22
-17
-14
-9
-8
-9
-11
-15
-18
-21
-22
-23
-25
-26
-28
-27
-26
-24
-20
-12
-4
2
6
11
10
8
5
2
0
-2
-2
-3
-4
-6
-6
-7
-6
-3
0
5
9
12
13
13
11
6
2
-1
-2
-2
-2
0
2
4
7
8
11
13
14
14
14
12
9
4
0
-4
-7
-9
-11
-11
-8
-2
4
11
16
21
25
26
27
26
25
26
24
23
21
19
18
18
17
19
22
26
31
34
37
38
37
34
32
31
30
31
32
31
32
32
31
28
28
28
29
29
28
26
23
19
13
8
3
0
-2
-3
-2
-2
-2
-2
-3
-3
-1
0
0
0
0
0
-2
-4
-7
-10
-13
-15
-17
-18
-20
-20
-21
-23
-22
-20
-18
-18
-16
-13
-13
-12
-12
-12
-13
-13
-16
-19
-21
-22
-25
-23
-22
-21
-20
-20
-19
-17
-15
-15
-12
-9
-7
-6
-7
-8
-12
-17
-20
-22
-22
-21
-20
-18
-18
-16
-15
-15
-10
-7
-4
-1
1
0
-3
-8
-12
-15
-17
-16
-13
-10
-8
-7
-9
-12
-14
-16
-18
-19
-19
-19
-19
-20
-22
-24
-24
-21
-18
-13
-9
-6
-5
-6
-8
-10
-12
-15
-14
-15
-14
-16
-18
-22
-25
-27
-26
-21
-14
-7
0
5
8
8
7
4
1
-1
-5
-8
-11
-13
-14
-13
-11
-8
-4
2
7
12
14
16
14
13
10
5
0
-3
-7
-12
-15
-16
-17
-17
-16
-14
-14
-13
-9
-7
-4
-1
1
3
4
3
0
-4
-9
-12
-15
-16
-15
-11
-7
-2
1
4
7
10
11
10
9
8
5
2
-1
-5
-9
-11
-12
-14
-13
-14
-16
-16
-17
-16
-14
-11
-6
-2
4
9
12
16
17
20
21
21
19
18
16
13
11
10
8
8
8
9
8
7
7
4
4
3
3
3
1
-1
-7
-15
-21
-26
-30
-29
-28
-24
-22
-21
-21
-23
-26
-29
-30
-32
-34
-36
-39
-42
-48
-50
-49
-44
-37
-27
-15
-4
3
6
9
8
9
12
13
15
17
14
9
3
-5
-11
-16
-18
-16
-12
-8
-3
-1
2
5
8
13
18
24
29
31
30
29
28
25
27
28
32
37
39
40
40
38
37
34
33
34
34
35
34
33
33
32
35
39
45
53
62
68
72
74
75
74
72
70
67
62
55
50
43
38
35
35
36
38
38
37
31
26
21
17
16
17
21
24
25
25
22
19
15
13
12
12
14
15
14
14
13
10
8
6
3
2
-1
-3
-8
-15
-20
-26
-28
-30
-30
-31
-33
-38
-45
-53
-57
-58
-51
-41
-27
-13
-2
4
7
6
3
1
1
4
9
16
22
27
32
35
39
43
49
56
63
66
66
63
56
49
42
36
33
32
29
23
14
1
-15
-29
-39
-44
-45
-43
-40
-39
-43
-51
-64
-76
-86
-94
-95
-90
-79
-64
-51
-37
-25
-14
-5
4
13
21
23
20
12
-1
-17
-31
-40
-44
-43
-38
-31
-24
-19
-14
-9
-3
2
8
13
15
15
10
6
3
2
6
16
30
45
55
62
62
56
48
40
35
33
34
31
23
6
-20
-50
-78
-97
-106
-103
-88
-67
-48
-34
-29
-35
-47
-62
-75
-84
-89
-93
-100
-112
-130
-148
-163
-170
-168
-156
-135
-112
-90
-70
-56
-47
-43
-39
-37
-33
-27
-21
-16
-14
-9
-6
3
16
32
46
55
53
41
23
4
-14
-24
-26
-22
-14
-5
0
0
-5
-12
-16
-11
3
26
54
81
100
108
107
101
90
83
78
78
80
83
85
85
82
80
79
84
91
98
100
94
81
60
38
20
10
7
13
20
26
28
22
10
-6
-23
-35
-40
-38
-31
-24
-20
-18
-19
-23
-26
-27
-27
-26
-28
-31
-33
-36
-32
-22
-10
5
20
31
36
34
32
29
33
48
78
116
157
192
217
224
216
194
165
134
103
73
43
12
-21
-55
-87
-116
-138
-154
-162
-166
-166
-165
-163
-158
-148
-132
-109
-83
-57
-34
-17
-7
-3
3
13
29
53
80
107
126
130
120
92
54
9
-34
-71
-100
-117
-124
-122
-109
-87
-58
-22
16
52
83
107
120
125
126
124
121
118
114
109
100
88
72
56
42
33
31
35
43
50
53
47
32
8
-20
-49
-76
-97
-111
-116
-114
-104
-87
-66
-40
-12
16
39
57
69
73
72
64
53
42
29
18
11
5
6
11
19
29
38
46
50
45
36
20
1
-20
-39
-57
-72
-84
-94
-103
-109
-113
-114
-110
-100
-88
-73
-56
-42
-30
-20
-12
-6
0
5
12
17
20
22
21
17
8
-4
-20
-41
-66
-93
-121
-149
-174
-193
-205
-210
-209
-201
-187
-172
-153
-134
-111
-88
-64
-41
-22
-8
-1
-2
-11
-26
-43
-59
-74
-89
-102
-117
-131
-148
-166
-185
-203
-215
-224
-228
-226
-220
-211
-202
-193
-182
-171
-157
-141
-124
-103
-82
-59
-37
-17
0
15
27
38
46
53
58
64
69
75
82
89
99
110
121
131
141
150
159
168
178
191
209
230
251
273
289
300
301
292
277
254
226
198
170
145
122
101
81
63
48
34
22
15
9
7
6
6
8
10
14
19
26
36
42
47
46
41
32
19
3
-11
-24
-34
-42
-46
-48
-50
-50
-50
-50
-51
-50
-49
-50
-50
-50
-49
-48
-44
-38
-30
-20
-10
-1
7
14
19
22
24
27
30
33
35
37
37
36
33
31
26
24
22
18
16
13
11
10
9
11
14
16
18
21
22
22
21
20
17
14
10
4
-3
-9
-16
-25
-29
-30
-28
-22
-15
-6
3
10
14
19
21
23
25
25
28
31
34
36
36
35
35
33
31
29
23
18
11
1
-10
-25
-41
-59
-77
-93
-109
-120
-124
-121
-108
-82
-46
4
67
144
230
322
414
500
576
631
661
662
631
572
489
387
275
160
49
-50
-135
-208
-261
-297
-315
-312
-288
-243
-177
-100
-17
62
130
180
208
213
197
164
125
81
44
12
-9
-20
-19
-10
7
30
54
82
106
126
143
152
155
155
150
142
135
128
121
116
111
107
103
95
83
65
40
2
-50
-116
-198
-290
-392
-495
-594
-681
-750
-795
-814
-809
-782
-739
-684
-623
-564
-507
-454
-404
-359
-316
-270
-221
-169
-111
-51
10
66
115
153
177
189
183
165
136
100
64
31
6
-7
-10
-4
10
31
57
85
114
137
153
156
146
130
108
90
82
87
103
132
170
216
265
312
352
378
386
377
354
325
300
288
294
317
360
419
494
582
680
782
882
971
1042
1089
1103
1066
951
729
372
-130
-760
-1471
-2193
-2846
-3360
-3686
-3807
-3723
-3450
-3008
-2423
-1726
-964
-197
508
1087
1496
1724
1790
1734
1607
1447
1278
1105
931
756
585
424
275
124
-49
-271
-554
-890
-1242
-1567
-1809
-1928
-1912
-1759
-1495
-1140
-720
-253
234
708
1132
1461
1664
1727
1663
1505
1290
1054
815
581
348
116
-108
-317
-500
-655
-784
-907
-1034
-1158
-1262
-1312
-1283
-1162
-953
-682
-388
-103
154
382
574
727
836
890
885
822
722
611
514
436
368
293
193
63
-94
-258
-406
-524
-603
-646
-659
-637
-572
-463
-310
-126
67
252
411
539
648
746
840
926
1001
1059
1102
1136
1168
1196
1215
1208
1168
1100
1028
982
990
1061
1177
1326
1498
1694
1916
2150
2348
2416
2228
1670
716
-550
-1948
-3266
-4302
-4927
-5106
-4902
-4409
-3707
-2818
-1758
-572
649
1764
2623
3100
3157
2864
2384
1899
1523
1290
1162
1065
926
709
432
137
-149
-455
-837
-1332
-1921
-2531
-3034
-3301
-3232
-2808
-2104
-1251
-377
437
1147
1726
2168
2454
2560
2455
2134
1647
1097
596
227
19
-55
-55
-64
-143
-312
-545
-795
-1030
-1240
-1427
-1575
-1663
-1656
-1514
-1198
-707
-93
542
1091
1478
1669
1664
1493
1212
882
538
190
-153
-463
-708
-870
-951
-965
-927
-875
-847
-865
-909
-936
-917
-840
-707
-526
-318
-126
28
140
223
282
307
298
267
229
193
170
177
225
306
385
430
426
368
257
104
-70
-234
-364
-450
-482
-448
-341
-166
57
301
539
750
918
1044
1122
1169
1197
1217
1236
1266
1326
1428
1561
1691
1794
1872
1949
2036
2126
2184
2132
1828
1133
14
-1406
-2894
-4201
-5110
-5493
-5341
-4776
-3975
-3060
-2054
-943
235
1384
2379
3092
3417
3314
2881
2324
1852
1561
1418
1333
1206
940
478
-151
-838
-1469
-2016
-2515
-2976
-3355
-3568
-3549
-3226
-2550
-1552
-381
745
1659
2298
2671
2809
2756
2574
2309
1963
1516
993
477
62
-220
-401
-539
-686
-897
-1211
-1605
-1983
-2224
-2258
-2090
-1759
-1306
-769
-204
341
859
1352
1780
2045
2068
1843
1426
888
310
-209
-585
-805
-939
-1059
-1178
-1278
-1345
-1376
-1347
-1232
-1042
-834
-642
-460
-257
-32
185
364
490
535
465
280
39
-176
-307
-344
-293
-168
9
191
338
437
496
512
465
345
178
4
-152
-265
-309
-269
-145
32
226
413
582
730
864
985
1092
1185
1268
1331
1357
1359
1386
1481
1621
1754
1859
1956
2056
2134
2168
2148
1999
1542
620
-742
-2313
-3799
-4959
-5595
-5584
-4973
-4005
-2953
-1935
-914
137
1153
2042
2734
3156
3213
2890
2353
1867
1601
1533
1528
1462
1228
724
-71
-1039
-1965
-2693
-3208
-3546
-3690
-3595
-3245
-2655
-1836
-793
379
1468
2263
2684
2777
2629
2324
1962
1657
1444
1249
978
617
226
-152
-530
-918
-1293
-1640
-1978
-2310
-2547
-2561
-2275
-1722
-995
-178
635
1318
1763
1970
2010
1943
1767
1483
1133
769
413
73
-213
-392
-477
-570
-762
-1081
-1496
-1951
-2361
-2594
-2537
-2165
-1555
-830
-101
544
1036
1328
1423
1352
1142
803
360
-116
-528
-799
-895
-822
-615
-352
-136
-36
-54
-130
-203
-236
-215
-130
0
140
253
333
391
415
379
283
160
63
26
70
203
421
693
963
1180
1314
1359
1307
1162
953
765
697
782
984
1252
1563
1900
2208
2431
2559
2564
2292
1521
180
-1529
-3264
-4711
-5630
-5826
-5249
-4139
-2899
-1813
-898
-68
681
1303
1811
2228
2482
2451
2172
1880
1785
1879
1995
1975
1728
1153
183
-1084
-2350
-3320
-3883
-4082
-3964
-3535
-2840
-2005
-1125
-202
753
1617
2202
2429
2380
2190
1934
1677
1508
1484
1520
1432
1113
588
-54
-766
-1497
-2138
-2584
-2807
-2845
-2709
-2349
-1740
-946
-84
732
1407
1847
1990
1863
1590
1305
1080
919
800
706
600
428
168
-143
-455
-759
-1086
-1438
-1757
-1993
-2129
-2143
-1973
-1567
-971
-321
262
728
1035
1140
1044
839
634
464
285
84
-117
-292
-446
-577
-654
-642
-575
-511
-476
-441
-367
-241
-71
139
369
563
661
636
521
368
215
79
-13
-37
9
112
256
442
640
803
897
921
895
826
740
682
676
715
798
971
1264
1623
1928
2140
2290
2400
2442
2405
2323
2132
1601
520
-1033
-2722
-4198
-5226
-5629
-5291
-4334
-3143
-2096
-1282
-558
164
850
1467
2039
2532
2801
2759
2532
2360
2328
2301
2110
1680
987
-2
-1255
-2536
-3518
-4022
-4088
-3829
-3299
-2549
-1707
-908
-177
546
1247
1801
2109
2210
2216
2183
2102
2007
1938
1859
1624
1117
378
-468
-1313
-2087
-2680
-2981
-2958
-2689
-2268
-1728
-1072
-360
306
859
1281
1561
1669
1610
1468
1352
1305
1269
1187
1037
806
452
-45
-614
-1124
-1501
-1752
-1883
-1857
-1680
-1439
-1229
-1049
-833
-562
-275
0
272
520
671
677
593
517
478
425
309
132
-92
-366
-660
-880
-938
-832
-648
-458
-285
-132
-20
38
72
126
197
240
233
202
180
168
153
153
193
259
303
306
302
322
367
414
456
499
522
504
453
422
461
572
714
856
1011
1212
1455
1691
1875
2017
2152
2266
2315
2306
2252
2042
1419
217
-1415
-3108
-4537
-5480
-5749
-5241
-4144
-2908
-1903
-1159
-507
131
722
1281
1870
2440
2815
2903
2824
2762
2718
2520
2046
1308
347
-823
-2109
-3251
-3969
-4179
-3987
-3516
-2820
-1984
-1159
-464
111
647
1153
1567
1863
2102
2331
2509
2553
2431
2168
1757
1151
355
-526
-1362
-2080
-2639
-2961
-2967
-2673
-2188
-1621
-1034
-474
-8
334
612
900
1199
1460
1652
1792
1873
1839
1645
1315
900
406
-168
-774
-1306
-1682
-1881
-1923
-1827
-1617
-1360
-1129
-967
-851
-714
-500
-202
152
508
806
977
980
833
599
344
95
-150
-388
-591
-742
-824
-814
-709
-536
-365
-246
-180
-153
-149
-138
-84
35
192
333
426
468
456
399
322
269
264
301
356
414
473
526
557
557
525
474
414
357
328
369
493
665
840
1030
1284
1596
1881
2066
2179
2275
2342
2349
2328
2315
2154
1520
239
-1491
-3254
-4692
-5579
-5716
-5030
-3796
-2550
-1670
-1117
-654
-155
375
975
1708
2473
3023
3247
3268
3245
3142
2788
2104
1159
32
-1230
-2488
-3465
-3946
-3938
-3615
-3116
-2494
-1817
-1211
-732
-299
192
734
1249
1719
2191
2660
3000
3086
2895
2476
1847
1013
68
-813
-1516
-2032
-2376
-2525
-2460
-2237
-1945
-1619
-1266
-902
-557
-209
196
673
1177
1635
2000
2234
2285
2115
1746
1251
710
159
-375
-841
-1182
-1380
-1478
-1529
-1551
-1534
-1493
-1464
-1434
-1316
-1029
-588
-81
402
810
1078
1127
952
652
355
116
-84
-255
-377
-456
-529
-600
-640
-620
-574
-536
-512
-470
-396
-284
-131
69
289
462
531
493
393
278
190
159
206
315
438
529
577
599
598
559
488
422
388
377
393
471
620
776
889
1014
1242
1541
1780
1900
1973
2071
2152
2190
2263
2359
2185
1348
-215
-2126
-3890
-5176
-5757
-5458
-4366
-2985
-1928
-1415
-1209
-995
-649
-134
626
1608
2558
3183
3434
3494
3467
3234
2659
1766
686
-502
-1723
-2768
-3380
-3487
-3272
-2967
-2649
-2315
-2002
-1747
-1466
-1013
-360
375
1085
1761
2415
2954
3238
3205
2891
2341
1580
691
-155
-800
-1226
-1510
-1720
-1872
-1986
-2091
-2175
-2163
-1983
-1627
-1138
-561
78
736
1335
1792
2073
2180
2114
1873
1503
1089
706
357
33
-255
-499
-740
-1037
-1386
-1723
-1988
-2164
-2210
-2044
-1626
-1027
-390
179
620
884
930
790
590
439
353
292
222
138
9
-196
-449
-668
-789
-817
-777
-683
-541
-373
-208
-48
118
271
370
376
310
232
185
180
224
324
458
588
686
749
787
789
746
683
641
634
670
741
821
861
859
897
1076
1380
1693
1932
2106
2220
2242
2193
2182
2198
1945
1066
-454
-2223
-3775
-4820
-5166
-4693
-3577
-2380
-1675
-1552
-1650
-1596
-1251
-585
431
1670
2767
3396
3564
3517
3374
3030
2386
1525
581
-399
-1369
-2143
-2521
-2533
-2427
-2415
-2498
-2575
-2584
-2474
-2129
-1463
-550
398
1214
1871
2395
2757
2896
2818
2576
2201
1693
1089
515
69
-276
-618
-1008
-1427
-1842
-2229
-2508
-2557
-2315
-1836
-1237
-603
16
553
948
1196
1368
1514
1623
1669
1660
1608
1481
1229
863
439
-8
-486
-982
-1433
-1787
-2043
-2191
-2186
-1981
-1607
-1160
-713
-304
35
263
379
446
532
644
727
727
623
412
106
-250
-559
-739
-774
-705
-589
-464
-353
-270
-210
-137
-31
88
178
220
232
246
269
295
329
370
419
466
522
603
704
799
879
942
987
1007
1009
1002
971
922
926
1070
1345
1642
1864
2011
2095
2087
1983
1881
1826
1604
874
-448
-2019
-3374
-4239
-4519
-4161
-3275
-2303
-1777
-1846
-2153
-2233
-1874
-1088
72
1442
2642
3293
3355
3128
2876
2597
2175
1610
984
303
-464
-1214
-1736
-1963
-2071
-2262
-2559
-2836
-2985
-2948
-2639
-1980
-1052
-94
673
1211
1599
1892
2088
2193
2247
2247
2117
1812
1393
961
541
90
-413
-929
-1409
-1829
-2142
-2264
-2144
-1840
-1466
-1092
-742
-433
-185
26
273
605
986
1340
1609
1765
1771
1601
1286
911
550
221
-84
-389
-740
-1177
-1660
-2052
-2206
-2090
-1784
-1389
-984
-643
-423
-308
-197
3
285
562
742
772
635
352
15
-241
-339
-306
-236
-212
-255
-335
-405
-407
-303
-106
111
262
305
260
184
118
89
105
165
251
338
422
509
599
685
777
891
1018
1126
1204
1270
1322
1348
1372
1465
1642
1830
1945
1987
1984
1922
1799
1709
1702
1559
888
-428
-2005
-3277
-3957
-4068
-3702
-2982
-2229
-1870
-2045
-2419
-2526
-2145
-1308
-106
1285
2486
3089
3030
2660
2376
2271
2194
2032
1752
1295
586
-288
-1077
-1602
-1909
-2147
-2369
-2533
-2621
-2658
-2598
-2315
-1752
-1031
-335
248
756
1217
1602
1886
2095
2247
2288
2160
1891
1577
1258
901
472
8
-449
-896
-1321
-1655
-1818
-1811
-1708
-1557
-1364
-1149
-963
-814
-622
-306
123
573
961
1244
1413
1456
1388
1253
1088
896
670
398
61
-338
-749
-1081
-1280
-1360
-1367
-1332
-1273
-1207
-1142
-1046
-887
-676
-458
-264
-100
19
70
53
10
-8
23
91
174
241
268
251
222
221
262
317
351
339
281
188
81
-13
-81
-117
-113
-71
10
105
190
255
332
469
673
904
1117
1313
1501
1654
1743
1814
1938
2110
2252
2306
2285
2181
1960
1695
1553
1509
1191
207
-1334
-2807
-3650
-3802
-3548
-3144
-2754
-2577
-2726
-3001
-3011
-2561
-1777
-828
259
1407
2306
2639
2463
2155
2033
2125
2306
2456
2429
2032
1190
114
-841
-1484
-1855
-2070
-2178
-2231
-2329
-2528
-2730
-2754
-2501
-2012
-1369
-642
89
704
1112
1349
1538
1755
1976
2137
2212
2172
1979
1626
1174
722
301
-117
-525
-870
-1132
-1358
-1577
-1737
-1775
-1714
-1628
-1524
-1351
-1077
-741
-394
-46
290
564
733
825
909
998
1036
980
851
697
527
320
64
-223
-505
-744
-903
-971
-988
-1013
-1078
-1156
-1196
-1161
-1063
-925
-771
-619
-487
-388
-304
-196
-42
141
320
481
623
739
806
820
798
762
712
649
569
473
351
204
54
-53
-90
-77
-53
-44
-34
16
129
292
489
730
1022
1327
1570
1747
1926
2141
2347
2482
2550
2551
2428
2198
2029
1990
1773
922
-576
-2100
-2980
-3108
-2882
-2684
-2668
-2905
-3390
-3856
-3871
-3280
-2348
-1411
-532
339
1058
1402
1424
1464
1768
2263
2737
3055
3129
2835
2140
1253
498
19
-293
-591
-926
-1283
-1695
-2169
-2601
-2830
-2798
-2576
-2244
-1825
-1348
-899
-532
-195
207
690
1173
1582
1893
2090
2147
2082
1975
1874
1736
1500
1174
805
405
-37
-475
-824
-1061
-1243
-1421
-1589
-1712
-1774
-1755
-1633
-1403
-1110
-798
-492
-226
-56
7
51
206
514
887
1171
1248
1091
775
449
257
240
293
280
119
-173
-530
-873
-1123
-1231
-1206
-1115
-1040
-1032
-1086
-1143
-1113
-932
-612
-239
81
296
419
510
635
824
1044
1227
1311
1281
1158
993
840
736
682
654
612
521
371
203
91
68
113
206
365
574
758
864
967
1177
1482
1762
1965
2113
2189
2153
2099
2161
2188
1736
600
-766
-1634
-1747
-1510
-1442
-1731
-2321
-3086
-3765
-3962
-3494
-2658
-1921
-1449
-1087
-739
-481
-298
27
647
1419
2064
2440
2543
2374
1971
1545
1354
1426
1505
1324
845
204
-462
-1056
-1466
-1629
-1624
-1629
-1748
-1938
-2105
-2186
-2125
-1857
-1372
-788
-284
48
237
366
515
753
1117
1556
1915
2053
1958
1715
1426
1167
988
889
793
590
240
-213
-689
-1109
-1388
-1472
-1431
-1429
-1574
-1800
-1950
-1921
-1715
-1389
-1017
-680
-439
-272
-99
130
384
621
822
973
1036
972
811
625
461
326
208
85
-81
-322
-615
-876
-1032
-1066
-1018
-939
-871
-847
-855
-832
-712
-486
-209
62
291
471
600
707
835
996
1159
1284
1364
1403
1400
1362
1322
1296
1267
1228
1202
1201
1193
1154
1099
1055
1018
987
995
1053
1108
1147
1237
1323
1084
252
-899
-1660
-1600
-1027
-612
-734
-1325
-2138
-2873
-3150
-2746
-1910
-1192
-913
-927
-967
-962
-903
-634
-15
805
1463
1729
1635
1329
975
779
927
1355
1725
1694
1217
521
-124
-556
-702
-598
-419
-397
-653
-1096
-1536
-1824
-1875
-1652
-1218
-767
-514
-522
-655
-725
-603
-247
296
862
1226
1271
1097
911
863
976
1198
1422
1504
1344
981
557
200
-29
-116
-110
-156
-401
-834
-1287
-1579
-1659
-1580
-1422
-1272
-1220
-1272
-1327
-1252
-1019
-692
-350
-43
180
278
279
274
345
479
605
668
639
511
303
91
-39
-73
-69
-92
-153
-248
-377
-516
-593
-558
-441
-317
-227
-168
-136
-116
-52
108
342
568
736
861
964
1055
1152
1282
1430
1555
1645
1732
1817
1870
1885
1897
1905
1865
1780
1700
1620
1503
1402
1371
1229
614
-496
-1539
-1882
-1526
-1090
-1118
-1652
-2426
-3151
-3525
-3292
-2533
-1731
-1330
-1316
-1385
-1357
-1229
-922
-291
591
1374
1750
1707
1442
1162
1052
1257
1737
2169
2186
1707
983
335
-68
-209
-151
-47
-121
-492
-1061
-1596
-1918
-1970
-1781
-1440
-1121
-1019
-1172
-1395
-1450
-1225
-767
-199
316
614
631
496
447
624
979
1370
1660
1746
1575
1228
888
702
682
739
767
648
271
-329
-920
-1245
-1246
-1106
-1042
-1153
-1427
-1762
-1988
-1950
-1649
-1253
-953
-809
-776
-781
-744
-573
-236
170
470
565
499
380
301
315
432
586
648
534
299
81
-43
-86
-81
-58
-64
-149
-294
-403
-410
-340
-238
-127
-23
38
53
100
249
482
719
901
1023
1095
1147
1254
1461
1700
1877
1965
1997
1996
1969
1949
1959
1958
1923
1899
1834
1469
595
-500
-1170
-1101
-689
-607
-1127
-2009
-2888
-3476
-3558
-3104
-2434
-2023
-2039
-2238
-2324
-2226
-1948
-1396
-548
339
900
1016
882
774
878
1275
1910
2508
2707
2379
1757
1214
953
940
1037
1077
901
426
-249
-885
-1287
-1414
-1349
-1215
-1154
-1290
-1628
-1985
-2122
-1926
-1490
-1009
-646
-481
-494
-557
-469
-118
419
940
1276
1377
1298
1146
1061
1152
1383
1584
1607
1433
1123
724
272
-135
-350
-331
-238
-321
-705
-1281
-1782
-1976
-1815
-1464
-1187
-1166
-1374
-1609
-1655
-1432
-1016
-571
-242
-97
-98
-135
-89
95
384
675
856
849
682
492
418
495
634
718
669
484
235
39
-12
70
181
220
154
20
-110
-152
-54
153
363
489
523
512
526
640
886
1203
1464
1601
1652
1684
1725
1795
1913
2036
2090
2088
2105
2047
1636
806
-23
-309
-44
216
-24
-745
-1609
-2341
-2771
-2770
-2405
-2033
-2007
-2299
-2607
-2738
-2684
-2404
-1809
-1019
-402
-202
-294
-352
-170
277
935
1631
2080
2089
1774
1467
1394
1540
1766
1939
1926
1614
1041
437
39
-94
-83
-89
-222
-549
-1044
-1540
-1819
-1782
-1540
-1302
-1195
-1239
-1386
-1527
-1503
-1206
-710
-222
87
201
199
185
270
541
951
1308
1450
1386
1221
1008
766
589
591
731
784
564
104
-398
-764
-914
-872
-770
-787
-1008
-1329
-1558
-1596
-1483
-1291
-1083
-927
-881
-917
-913
-776
-523
-247
-20
131
184
168
180
312
530
709
764
717
633
560
535
589
682
721
643
498
372
303
283
316
383
430
407
348
324
359
443
573
744
903
994
1038
1107
1217
1330
1433
1525
1576
1587
1631
1704
1598
1095
375
-55
52
368
375
-72
-742
-1388
-1870
-2042
-1838
-1494
-1402
-1682
-2078
-2320
-2364
-2242
-1908
-1396
-955
-807
-898
-973
-867
-567
-89
494
971
1119
957
765
783
1030
1367
1655
1778
1645
1285
892
679
676
745
747
626
355
-63
-519
-826
-886
-791
-722
-773
-940
-1182
-1417
-1514
-1370
-1053
-754
-605
-589
-626
-639
-547
-277
124
470
600
545
457
427
456
538
682
819
811
609
329
115
18
0
3
-32
-173
-430
-696
-840
-838
-787
-770
-799
-858
-937
-991
-946
-792
-613
-500
-457
-432
-390
-315
-177
30
239
355
369
359
399
493
620
752
844
844
768
697
693
743
802
834
828
787
734
713
739
803
872
928
967
996
1041
1118
1201
1254
1262
1238
1212
1233
1329
1397
1224
723
134
-165
-69
138
111
-245
-786
-1328
-1705
-1779
-1567
-1312
-1278
-1488
-1753
-1916
-1938
-1793
-1451
-1016
-698
-621
-688
-718
-611
-348
58
511
819
847
681
550
602
812
1083
1305
1364
1200
898
646
565
622
700
714
616
377
35
-276
-424
-405
-333
-322
-417
-609
-847
-1028
-1051
-912
-720
-591
-568
-619
-684
-694
-584
-352
-107
39
61
25
6
40
139
282
399
414
328
218
151
132
137
146
134
50
-119
-307
-423
-439
-412
-406
-453
-552
-675
-761
-754
-662
-551
-491
-497
-531
-550
-514
-404
-241
-87
5
26
29
70
180
337
499
615
656
644
632
671
772
891
970
979
938
881
851
883
977
1087
1142
1119
1063
1041
1072
1136
1202
1232
1199
1133
1097
1088
984
692
300
26
-32
2
-70
-329
-720
-1136
-1459
-1587
-1529
-1435
-1461
-1619
-1795
-1901
-1914
-1824
-1615
-1329
-1083
-954
-909
-852
-715
-474
-138
229
504
611
591
580
663
837
1038
1196
1241
1143
951
778
705
713
722
676
547
334
74
-158
-285
-317
-325
-380
-498
-654
-817
-935
-954
-878
-768
-711
-720
-754
-765
-717
-596
-413
-232
-135
-141
-179
-154
-38
123
258
311
267
166
93
109
192
269
269
184
43
-110
-215
-236
-193
-158
-203
-330
-485
-607
-650
-604
-506
-433
-446
-536
-623
-640
-570
-436
-292
-190
-164
-190
-197
-128
18
190
337
425
453
459
492
587
728
865
946
964
947
945
980
1050
1131
1198
1232
1231
1216
1221
1262
1310
1330
1304
1244
1171
1119
1108
1092
968
667
277
-15
-110
-89
-128
-331
-687
-1090
-1407
-1531
-1464
-1349
-1345
-1483
-1667
-1785
-1796
-1696
-1497
-1253
-1053
-948
-904
-847
-726
-521
-233
98
369
498
512
515
595
766
977
1158
1231
1164
1009
868
817
838
864
832
719
526
286
71
-57
-103
-128
-195
-321
-489
-668
-802
-844
-800
-728
-702
-733
-789
-825
-802
-700
-536
-377
-299
-313
-345
-311
-186
-12
140
217
198
128
85
123
223
309
326
259
139
15
-65
-82
-58
-55
-114
-232
-366
-471
-517
-500
-452
-427
-454
-520
-575
-585
-533
-437
-333
-260
-234
-238
-221
-151
-31
112
234
312
348
375
432
538
672
791
864
891
903
932
993
1074
1154
1212
1235
1236
1246
1286
1345
1384
1379
1332
1265
1207
1182
1178
1132
958
646
303
60
-42
-86
-187
-409
-747
-1124
-1421
-1547
-1520
-1464
-1496
-1629
-1791
-1901
-1905
-1788
-1577
-1354
-1196
-1116
-1054
-948
-772
-533
-249
27
233
347
408
487
612
775
948
1087
1141
1093
986
897
868
880
887
844
726
535
318
142
45
-5
-62
-164
-308
-476
-635
-741
-772
-748
-727
-745
-794
-845
-866
-833
-740
-613
-515
-481
-486
-474
-407
-286
-148
-37
18
13
-9
3
72
167
237
251
204
119
28
-23
-17
15
21
-37
-147
-276
-376
-419
-402
-364
-355
-408
-494
-561
-574
-525
-440
-358
-313
-308
-312
-281
-191
-60
76
185
253
295
342
426
552
693
812
881
909
927
966
1039
1139
1239
1306
1324
1311
1304
1332
1387
1434
1443
1401
1323
1237
1177
1129
1040
853
586
320
128
11
-90
-241
-479
-790
-1100
-1313
-1384
-1373
-1384
-1476
-1630
-1778
-1851
-1813
-1673
-1491
-1345
-1272
-1230
-1155
-1006
-787
-528
-269
-59
83
188
305
461
642
818
964
1054
1083
1065
1040
1032
1036
1031
1002
932
813
655
491
357
261
181
85
-41
-196
-363
-508
-605
-645
-660
-686
-735
-796
-844
-860
-829
-751
-655
-576
-537
-522
-502
-450
-359
-234
-104
-11
27
24
17
45
115
203
274
286
235
143
60
24
35
59
53
-10
-121
-240
-323
-344
-320
-297
-308
-361
-435
-486
-483
-427
-342
-274
-249
-253
-257
-220
-129
1
132
230
282
311
357
446
578
721
840
911
940
957
995
1070
1172
1273
1344
1374
1375
1375
1394
1428
1453
1448
1408
1346
1280
1217
1134
993
767
494
247
79
-24
-122
-290
-558
-894
-1209
-1401
-1434
-1381
-1355
-1434
-1609
-1797
-1895
-1838
-1635
-1385
-1206
-1149
-1169
-1165
-1055
-817
-499
-195
8
92
118
176
321
540
770
943
1015
995
935
902
928
990
1036
1024
942
804
644
506
412
347
276
176
43
-111
-269
-407
-503
-557
-593
-631
-683
-744
-803
-845
-851
-812
-744
-679
-640
-623
-613
-586
-525
-426
-306
-202
-142
-117
-107
-82
-28
46
116
154
143
94
40
13
12
20
12
-28
-98
-180
-247
-281
-289
-291
-309
-345
-390
-426
-439
-419
-373
-325
-293
-274
-256
-220
-153
-62
47
150
231
291
349
420
513
623
733
828
897
946
987
1042
1114
1196
1270
1327
1365
1390
1399
1395
1379
1352
1324
1296
1260
1187
1049
833
572
331
153
41
-54
-195
-426
-737
-1060
-1305
-1417
-1419
-1394
-1421
-1537
-1708
-1856
-1895
-1788
-1577
-1357
-1211
-1156
-1144
-1099
-957
-709
-405
-133
45
133
182
259
397
588
785
929
986
968
926
901
912
940
958
937
863
747
620
506
412
327
239
145
40
-71
-189
-303
-406
-494
-564
-611
-634
-650
-672
-699
-725
-730
-707
-661
-600
-543
-508
-488
-461
-409
-330
-238
-156
-101
-75
-60
-38
6
67
118
141
128
87
43
14
5
6
-2
-38
-100
-169
-231
-269
-284
-289
-298
-316
-342
-360
-363
-348
-319
-282
-243
-197
-147
-87
-18
57
133
210
290
374
464
558
651
738
816
882
941
999
1063
1131
1197
1256
1302
1337
1359
1367
1360
1338
1306
1274
1243
1205
1138
1018
834
607
379
197
69
-30
-148
-329
-582
-869
-1124
-1287
-1349
-1349
-1351
-1404
-1515
-1645
-1734
-1722
-1609
-1433
-1262
-1137
-1062
-1005
-919
-771
-561
-328
-111
56
179
282
385
501
627
746
836
893
920
932
930
913
878
826
764
699
637
574
497
395
271
139
20
-70
-133
-184
-242
-325
-423
-515
-579
-602
-594
-578
-571
-583
-600
-600
-570
-513
-451
-405
-383
-373
-352
-305
-230
-151
-93
-71
-79
-90
-83
-47
3
39
40
-1
-62
-116
-144
-146
-139
-146
-176
-228
-283
-326
-346
-351
-351
-352
-354
-352
-342
-323
-302
-277
-250
-214
-159
-87
-4
73
137
186
231
287
362
453
546
625
683
723
758
797
846
900
951
994
1028
1056
1081
1105
1121
1125
1112
1087
1056
1025
995
953
882
769
609
420
230
68
-58
-162
-274
-420
-606
-815
-1008
-1152
-1233
-1269
-1290
-1322
-1375
-1437
-1480
-1479
-1425
-1334
-1224
-1116
-1012
-904
-782
-644
-495
-347
-206
-74
59
199
340
472
578
650
693
724
760
801
843
867
857
812
740
660
586
526
472
409
330
233
127
25
-64
-139
-204
-261
-320
-373
-420
-456
-479
-491
-498
-499
-496
-480
-453
-414
-371
-334
-309
-297
-287
-269
-234
-185
-131
-86
-61
-55
-60
-66
-60
-50
-40
-38
-51
-75
-104
-132
-157
-178
-198
-215
-227
-235
-238
-242
-248
-257
-260
-253
-228
-191
-149
-112
-82
-57
-29
15
74
143
209
265
310
351
398
454
513
567
609
641
670
703
747
796
840
870
881
880
881
893
923
964
1001
1020
1011
978
929
877
830
783
724
638
519
373
216
62
-76
-201
-320
-444
-577
-713
-842
-951
-1036
-1101
-1151
-1187
-1214
-1225
-1215
-1181
-1130
-1068
-1000
-923
-837
-732
-610
-475
-341
-216
-103
1
103
209
320
426
521
595
649
686
711
730
739
737
722
693
653
606
552
494
429
356
274
193
115
44
-19
-78
-136
-197
-254
-304
-342
-367
-382
-394
-401
-403
-397
-382
-359
-334
-316
-306
-299
-285
-260
-222
-178
-144
-127
-127
-134
-135
-123
-98
-72
-60
-67
-94
-126
-151
-163
-164
-163
-169
-184
-206
-228
-242
-248
-247
-241
-235
-226
-213
-194
-171
-144
-120
-95
-67
-33
7
51
96
139
179
217
256
293
330
364
398
430
463
496
527
552
573
590
608
629
656
685
712
736
755
770
781
790
794
789
776
752
717
674
617
543
445
328
197
63
-62
-176
-284
-394
-512
-636
-758
-870
-960
-1024
-1070
-1101
-1123
-1135
-1135
-1115
-1079
-1029
-966
-898
-822
-736
-639
-529
-413
-297
-187
-87
6
99
191
283
370
445
504
549
578
599
611
614
607
589
561
527
488
445
396
340
273
203
134
72
20
-27
-74
-123
-175
-225
-266
-295
-311
-320
-328
-339
-349
-351
-342
-320
-294
-275
-263
-262
-260
-248
-221
-184
-146
-119
-108
-111
-117
-117
-106
-90
-74
-66
-70
-83
-100
-117
-134
-150
-166
-179
-190
-193
-194
-193
-194
-199
-202
-198
-185
-164
-133
-104
-78
-56
-34
-7
23
57
93
129
165
203
241
278
312
338
357
373
393
419
448
479
506
524
536
546
560
581
606
632
652
670
685
702
720
731
731
716
690
654
618
578
531
468
385
279
161
43
-68
-167
-262
-358
-461
-566
-669
-757
-828
-885
-929
-965
-993
-1007
-1003
-978
-936
-884
-825
-766
-701
-625
-536
-433
-325
-217
-117
-25
62
147
233
315
388
448
494
526
551
571
582
585
575
553
517
476
433
389
343
294
241
183
124
69
16
-33
-79
-126
-170
-208
-236
-254
-266
-278
-289
-301
-307
-302
-285
-262
-240
-225
-217
-213
-205
-183
-148
-111
-78
-60
-56
-62
-67
-67
-63
-59
-60
-69
-85
-104
-123
-140
-162
-187
-212
-233
-247
-250
-247
-241
-239
-238
-236
-225
-205
-175
-141
-108
-81
-57
-32
-6
28
64
99
130
156
180
205
232
259
284
306
323
340
356
372
387
401
409
415
422
430
442
457
471
483
493
504
516
530
548
561
570
572
563
550
530
505
473
428
368
291
203
107
10
-87
-186
-284
-381
-479
-572
-657
-732
-796
-853
-900
-935
-957
-962
-948
-923
-885
-841
-791
-734
-668
-589
-501
-406
-310
-217
-129
-44
40
124
204
275
338
387
425
455
477
491
497
491
473
446
414
380
341
300
255
204
150
94
40
-8
-53
-96
-136
-176
-212
-240
-262
-277
-284
-288
-289
-286
-278
-263
-240
-215
-193
-173
-158
-143
-129
-111
-91
-72
-60
-53
-54
-57
-61
-64
-67
-74
-85
-99
-116
-131
-145
-158
-172
-186
-204
-218
-230
-237
-240
-239
-235
-227
-215
-195
-169
-142
-113
-88
-64
-38
-11
19
51
85
115
143
166
189
210
230
252
272
290
306
322
335
349
359
367
373
377
382
389
399
410
422
437
451
465
480
497
516
533
551
562
564
561
550
535
514
486
447
396
333
255
170
79
-11
-99
-188
-276
-361
-444
-521
-591
-652
-705
-749
-783
-805
-813
-806
-785
-751
-707
-655
-595
-530
-455
-378
-292
-203
-116
-32
48
125
198
264
325
378
419
449
469
478
479
473
461
440
413
379
340
298
254
208
161
113
66
19
-23
-60
-90
-117
-138
-156
-171
-182
-186
-185
-181
-172
-160
-146
-129
-111
-89
-67
-47
-31
-21
-16
-13
-13
-9
-9
-8
-11
-19
-31
-45
-59
-73
-85
-100
-116
-132
-148
-161
-172
-180
-188
-196
-202
-207
-208
-206
-199
-190
-182
-169
-156
-139
-119
-95
-70
-45
-22
-1
20
42
64
86
106
126
143
158
174
189
204
218
230
243
255
267
275
282
288
291
295
300
309
321
335
349
363
375
387
399
411
428
444
459
472
478
478
471
457
435
405
366
317
260
195
120
43
-39
-122
-206
-287
-367
-444
-516
-580
-639
-687
-725
-752
-769
-775
-770
-755
-727
-689
-642
-587
-527
-463
-394
-322
-248
-173
-100
-29
37
98
154
204
248
284
309
328
337
338
333
321
305
284
259
230
198
165
131
97
61
26
-9
-40
-68
-92
-111
-126
-139
-148
-155
-155
-151
-144
-133
-120
-106
-91
-76
-60
-41
-23
-9
3
9
12
11
5
0
-7
-18
-31
-45
-59
-72
-86
-99
-113
-129
-145
-161
-175
-189
-198
-204
-210
-213
-215
-214
-211
-206
-198
-189
-176
-163
-145
-123
-98
-71
-45
-18
5
29
53
74
96
113
129
142
153
166
179
192
203
212
219
224
230
236
244
250
255
261
265
271
279
287
296
306
315
328
345
363
385
407
425
441
454
463
470
475
474
467
453
430
398
358
308
249
182
109
30
-50
-128
-205
-277
-347
-412
-474
-530
-578
-617
-649
-669
-679
-679
-666
-643
-610
-568
-521
-467
-411
-351
-288
-222
-156
-90
-22
43
103
161
212
256
291
317
336
347
351
348
342
329
311
288
259
228
196
162
129
97
65
37
10
-15
-36
-55
-71
-84
-94
-101
-103
-102
-98
-91
-83
-74
-62
-52
-39
-28
-16
-6
1
5
8
9
8
5
0
-9
-21
-33
-49
-66
-82
-97
-113
-129
-144
-158
-172
-184
-195
-205
-214
-222
-227
-231
-231
-228
-224
-217
-207
-195
-178
-158
-136
-114
-91
-70
-49
-25
-2
21
43
62
78
92
103
113
123
130
136
142
147
152
160
166
172
178
183
187
194
201
206
212
214
220
223
229
237
247
260
274
286
300
312
327
339
353
363
370
373
368
359
344
323
296
260
217
166
107
42
-26
-96
-167
-234
-301
-363
-422
-476
-523
-563
-596
-620
-636
-644
-643
-632
-612
-582
-543
-499
-450
-397
-339
-281
-220
-159
-97
-39
16
70
118
161
196
226
247
260
268
268
264
255
242
223
201
176
149
121
92
65
39
15
-7
-29
-48
-65
-79
-91
-102
-110
-115
-117
-115
-110
-103
-94
-84
-73
-64
-54
-45
-38
-30
-24
-21
-18
-16
-16
-17
-21
-29
-40
-55
-69
-83
-95
-107
-115
-125
-135
-144
-153
-162
-168
-174
-180
-183
-183
-180
-176
-168
-159
-148
-137
-125
-111
-96
-78
-60
-41
-21
-2
17
34
50
65
79
91
103
111
118
124
130
136
142
147
153
157
164
171
179
188
196
204
208
213
215
217
220
223
226
231
236
243
251
259
269
279
288
296
305
314
322
331
336
338
336
329
316
296
268
235
195
149
98
42
-16
-75
-135
-191
-244
-292
-337
-377
-411
-440
-462
-477
-485
-484
-476
-459
-434
-402
-363
-319
-272
-222
-173
-123
-75
-25
22
66
108
146
179
208
230
248
260
265
265
258
246
232
216
196
177
155
132
110
88
68
48
30
13
-3
-16
-25
-33
-37
-39
-39
-38
-35
-32
-28
-21
-14
-9
-3
2
5
9
10
10
8
3
-6
-15
-27
-40
-54
-67
-80
-93
-102
-111
-116
-123
-129
-133
-138
-141
-145
-146
-147
-145
-143
-139
-134
-129
-122
-115
-106
-99
-90
-80
-71
-58
-45
-31
-18
-1
13
28
43
56
67
77
84
89
93
96
97
101
104
108
111
116
120
126
132
138
141
146
147
148
148
147
147
148
148
150
153
156
160
165
171
176
183
190
198
206
213
222
230
237
240
239
232
219
198
170
137
98
54
7
-43
-94
-145
-195
-243
-289
-330
-370
-406
-435
-458
-477
-487
-489
-485
-474
-455
-431
-401
-368
-329
-288
-244
-200
-156
-112
-69
-28
11
47
80
107
131
150
164
173
178
177
171
163
152
137
121
103
86
66
48
31
13
-2
-15
-28
-37
-43
-49
-52
-54
-54
-52
-51
-48
-44
-40
-37
-31
-27
-22
-20
-19
-19
-22
-26
-32
-40
-49
-58
-66
-74
-78
-83
-87
-89
-91
-92
-92
-92
-92
-92
-92
-91
-90
-88
-86
-82
-78
-74
-69
-64
-60
-55
-50
-44
-40
-34
-26
-19
-11
-1
10
21
32
43
51
59
67
75
83
90
98
105
112
119
126
132
139
145
149
153
156
159
160
162
163
164
163
162
160
159
158
158
158
160
165
171
177
183
188
193
199
203
209
215
220
225
231
233
232
226
213
195
168
135
98
57
15
-28
-73
-116
-157
-198
-236
-272
-304
-332
-356
-375
-388
-395
-395
-389
-375
-356
-332
-303
-270
-234
-196
-158
-117
-78
-40
-4
31
64
93
118
140
158
173
182
190
191
189
184
175
162
148
135
119
105
90
77
63
51
40
28
19
10
3
-1
-7
-10
-12
-14
-15
-15
-15
-15
-14
-14
-13
-13
-14
-20
-25
-36
-47
-59
-74
-86
-96
-104
-109
-113
-114
-114
-115
-114
-113
-112
-111
-109
-107
-102
-96
-90
-81
-73
-62
-53
-43
-33
-22
-13
-3
5
14
23
32
40
48
54
60
64
68
71
76
80
83
88
91
95
97
100
101
104
106
108
111
113
117
121
123
125
126
125
126
126
127
130
132
136
139
143
147
151
155
159
161
162
164
164
163
164
166
168
173
175
177
177
175
168
158
142
122
96
66
32
-5
-45
-87
-127
-169
-210
-246
-281
-310
-337
-358
-373
-384
-390
-390
-385
-375
-361
-341
-318
-293
-265
-237
-209
-181
-154
-128
-105
-84
-64
-46
-31
-17
-7
0
6
8
8
5
0
-5
-9
-15
-19
-22
-25
-24
-24
-20
-16
-7
0
11
20
30
39
45
50
50
48
43
35
23
9
-6
-26
-47
-70
-96
-122
-150
-176
-201
-225
-244
-259
-271
-278
-281
-282
-278
-272
-264
-254
-242
-230
-215
-202
-186
-169
-154
-139
-124
-109
-94
-81
-67
-53
-41
-28
-16
-6
3
10
16
21
25
31
37
44
56
70
86
105
123
145
165
185
204
224
243
262
279
297
314
328
339
347
351
350
346
340
332
322
310
296
282
264
248
228
210
191
173
157
143
132
123
118
114
113
113
115
118
122
126
129
132
133
131
123
110
91
67
36
3
-34
-73
-112
-149
-184
-214
-241
-265
-284
-302
-315
-326
-333
-338
-338
-338
-333
-326
-320
-310
-298
-287
-273
-258
-242
-226
-209
-192
-174
-157
-140
-123
-109
-94
-84
-75
-67
-63
-59
-57
-57
-56
-58
-57
-56
-53
-49
-43
-37
-31
-25
-18
-11
-5
-1
2
4
5
4
0
-5
-13
-23
-34
-45
-56
-66
-74
-80
-83
-85
-83
-81
-77
-74
-69
-65
-60
-56
-50
-41
-32
-21
-8
4
17
29
39
50
59
68
76
85
93
103
113
122
129
137
141
142
142
139
137
133
132
130
129
131
134
137
143
150
157
165
176
186
197
209
219
229
237
244
249
254
256
259
262
265
267
270
272
270
269
268
265
261
256
251
244
238
230
221
210
199
189
178
166
156
146
137
126
117
109
101
91
83
74
61
51
35
13
-13
-41
-73
-107
-142
-176
-207
-235
-258
-277
-292
-301
-307
-312
-313
-313
-310
-304
-296
-283
-268
-248
-227
-205
-182
-160
-136
-113
-90
-69
-50
-31
-15
0
12
20
26
29
29
26
22
17
9
0
-11
-22
-36
-48
-62
-75
-86
-96
-102
-109
-115
-122
-130
-140
-150
-163
-179
-193
-209
-222
-235
-243
-250
-252
-251
-249
-243
-236
-228
-219
-210
-202
-194
-188
-181
-176
-172
-167
-162
-156
-149
-142
-137
-131
-126
-123
-120
-117
-114
-108
-101
-89
-77
-60
-41
-19
4
27
51
75
102
126
153
180
207
234
260
286
311
332
351
367
379
385
388
386
380
372
362
352
343
335
329
325
323
322
321
322
322
321
319
318
315
313
310
307
302
297
292
285
275
265
255
242
230
216
201
188
176
164
154
145
137
127
119
112
104
94
83
69
51
30
6
-19
-47
-75
-102
-128
-152
-176
-198
-220
-239
-259
-276
-293
-309
-323
-334
-342
-345
-346
-340
-332
-321
-306
-289
-267
-245
-221
-197
-172
-151
-129
-110
-92
-77
-63
-51
-42
-34
-28
-24
-21
-20
-20
-21
-25
-29
-33
-36
-40
-41
-43
-44
-45
-48
-50
-52
-56
-61
-65
-69
-74
-77
-79
-81
-79
-77
-75
-72
-68
-65
-61
-58
-54
-52
-49
-47
-46
-44
-41
-39
-37
-34
-31
-28
-24
-19
-16
-10
-7
-4
-2
-2
-2
-3
-4
-6
-8
-9
-9
-7
-3
1
6
9
14
19
22
27
32
36
42
48
53
56
62
66
67
67
68
67
67
70
73
77
84
89
93
95
95
95
93
92
91
88
87
86
84
82
80
76
73
67
63
59
56
54
53
53
52
51
49
46
44
41
39
38
38
39
40
41
42
43
43
43
43
42
42
42
43
44
44
46
44
43
39
34
30
24
19
13
7
3
-1
-7
-11
-17
-23
-31
-37
-44
-52
-58
-65
-70
-75
-81
-87
-91
-97
-102
-106
-111
-114
-116
-116
-115
-114
-112
-109
-107
-104
-101
-96
-91
-86
-80
-76
-70
-66
-63
-60
-56
-52
-48
-46
-44
-41
-38
-37
-36
-35
-33
-32
-30
-27
-24
-21
-17
-14
-13
-14
-16
-17
-18
-18
-17
-15
-13
-11
-10
-9
-8
-8
-10
-10
-11
-11
-10
-8
-5
-2
1
4
7
9
11
14
15
16
18
18
16
12
9
5
3
1
2
3
5
9
13
17
21
24
27
30
34
37
43
47
49
52
53
51
50
49
47
45
44
44
43
44
44
45
47
49
51
53
54
58
59
60
61
60
59
57
55
55
55
58
59
57
57
55
52
48
44
38
33
27
23
19
16
13
11
8
5
1
-3
-7
-12
-15
-21
-26
-32
-40
-48
-55
-63
-70
-76
-81
-85
-88
-91
-91
-91
-90
-88
-86
-85
-84
-82
-80
-78
-76
-74
-74
-72
-72
-71
-70
-68
-66
-62
-57
-55
-48
-41
-37
-29
-23
-17
-13
-8
-3
1
3
7
11
13
14
16
16
17
16
14
12
10
8
7
6
6
5
5
5
4
5
4
4
5
7
8
12
18
22
29
37
41
44
47
48
48
46
45
43
41
38
35
35
34
33
33
31
29
26
25
23
23
22
23
24
24
27
28
31
33
34
37
37
39
42
44
47
48
51
52
53
54
54
55
58
62
66
71
77
82
86
90
94
97
100
102
101
100
96
92
87
80
72
61
50
37
24
11
-1
-12
-23
-30
-36
-41
-41
-40
-36
-29
-20
-8
4
17
30
43
56
68
79
89
95
101
105
108
108
107
102
96
88
78
65
49
32
15
-3
-20
-37
-54
-70
-85
-96
-105
-112
-117
-118
-120
-120
-120
-118
-116
-113
-111
-108
-106
-105
-104
-103
-103
-103
-104
-106
-108
-111
-112
-117
-119
-121
-124
-127
-130
-133
-135
-136
-137
-137
-138
-139
-140
-141
-142
-142
-143
-141
-141
-140
-139
-137
-135
-133
-131
-129
-128
-127
-126
-127
-125
-123
-121
-118
-114
-108
-104
-98
-91
-84
-77
-70
-63
-57
-54
-49
-46
-43
-40
-37
-35
-34
-33
-32
-33
-33
-36
-39
-42
-45
-49
-53
-56
-59
-61
-63
-65
-65
-65
-64
-64
-62
-60
-58
-56
-55
-53
-51
-50
-47
-45
-42
-35
-32
-27
-23
-17
-12
-7
-3
3
8
13
19
25
32
38
44
51
56
61
64
67
68
69
68
69
69
68
67
67
68
68
69
70
72
74
76
79
82
85
86
90
91
93
95
98
100
102
104
105
106
107
105
106
105
104
102
102
100
97
96
93
90
87
85
83
81
80
79
78
80
80
80
81
83
82
84
85
86
85
86
86
85
84
83
81
79
78
76
72
70
69
66
64
63
60
58
56
54
50
46
43
40
37
33
30
28
26
25
24
24
24
25
26
26
28
29
30
31
32
33
32
32
31
30
30
29
28
29
27
27
27
28
28
27
28
28
28
28
27
29
29
30
31
32
33
33
33
32
31
30
29
28
25
22
19
14
10
5
1
-3
-8
-10
-14
-16
-16
-16
-14
-11
-8
-3
1
6
11
16
20
23
25
27
27
26
25
24
22
20
20
20
19
18
18
17
15
11
8
3
-2
-5
-10
-15
-19
-24
-30
-35
-40
-44
-49
-53
-57
-59
-62
-64
-66
-66
-68
-68
-68
-68
-64
-61
-56
-51
-45
-38
-33
-27
-23
-17
-12
-8
-4
0
3
7
9
10
13
13
14
14
14
15
15
16
17
17
16
17
15
11
9
5
2
-2
-6
-9
-12
-15
-17
-20
-21
-23
-23
-24
-23
-22
-21
-21
-20
-20
-20
-21
-23
-23
-24
-24
-25
-25
-25
-25
-24
-24
-23
-21
-21
-20
-18
-16
-15
-14
-11
-10
-8
-7
-4
-3
-1
1
3
5
6
7
6
6
6
5
2
1
-2
-3
-5
-7
-9
-10
-11
-12
-12
-12
-11
-11
-10
-9
-9
-9
-10
-9
-11
-13
-15
-18
-19
-21
-23
-25
-26
-28
-29
-30
-31
-32
-32
-33
-34
-34
-34
-35
-36
-37
-39
-41
-43
-44
-45
-47
-48
-50
-50
-50
-51
-51
-51
-52
-51
-52
-53
-52
-51
-50
-49
-48
-46
-45
-44
-41
-39
-38
-36
-34
-31
-29
-26
-23
-20
-17
-15
-13
-12
-11
-11
-11
-10
-8
-8
-5
-3
-2
0
2
5
7
8
10
11
12
13
12
12
11
10
9
9
9
9
8
8
10
10
10
9
10
8
7
7
6
6
5
5
5
4
3
3
1
-2
-3
-4
-6
-7
-8
-7
-7
-6
-5
-3
-1
-1
2
2
2
2
2
1
-1
0
-2
-2
-1
0
0
2
2
2
3
3
3
2
1
0
0
-1
-1
0
1
4
8
12
15
19
22
24
24
23
21
18
14
12
8
6
5
4
3
4
3
3
3
2
1
0
-2
-4
-4
-5
-5
-4
-3
-2
0
1
1
2
2
3
3
1
1
0
0
1
2
3
7
12
16
20
25
27
30
31
31
32
31
32
33
35
37
40
42
44
46
48
49
49
49
50
49
47
46
45
45
44
42
41
39
37
34
31
28
22
17
12
6
1
-5
-9
-12
-15
-17
-18
-20
-21
-23
-24
-26
-29
-31
-33
-36
-40
-41
-42
-42
-40
-40
-39
-36
-35
-32
-32
-30
-29
-28
-27
-26
-24
-20
-16
-12
-5
1
7
14
20
25
30
34
37
39
42
44
46
47
48
48
49
49
48
47
46
46
45
47
49
52
56
61
65
71
75
79
82
84
86
87
87
86
83
80
76
72
67
62
60
57
57
57
58
59
59
57
55
49
45
39
33
28
24
21
19
16
17
17
18
19
22
23
24
23
22
18
14
11
9
9
12
16
23
31
38
44
48
49
47
41
34
28
22
17
15
19
24
31
40
49
58
68
78
89
101
115
130
146
162
177
192
207
219
230
239
247
250
247
236
215
189
158
127
106
98
113
152
217
300
393
484
563
615
632
611
554
466
359
246
138
45
-25
-70
-92
-94
-83
-63
-42
-24
-8
2
8
12
12
11
7
-1
-11
-25
-44
-67
-92
-119
-145
-170
-195
-216
-238
-258
-278
-299
-319
-339
-357
-372
-383
-387
-384
-377
-363
-348
-331
-318
-311
-312
-321
-338
-358
-380
-398
-408
-408
-395
-370
-336
-295
-253
-209
-172
-139
-113
-95
-82
-74
-69
-66
-63
-57
-53
-46
-40
-33
-25
-17
-11
-3
2
7
8
9
5
-1
-9
-20
-32
-45
-56
-65
-73
-77
-78
-77
-73
-65
-58
-50
-42
-34
-28
-22
-20
-21
-26
-35
-47
-62
-80
-98
-115
-130
-143
-154
-161
-169
-173
-178
-185
-191
-198
-205
-210
-216
-217
-217
-217
-213
-208
-203
-199
-194
-189
-185
-181
-176
-171
-165
-154
-141
-125
-103
-76
-43
-5
37
83
130
175
215
250
275
288
291
282
264
237
205
166
126
84
45
8
-25
-52
-74
-88
-92
-88
-76
-59
-35
-9
18
46
71
95
117
134
150
164
171
177
176
171
160
141
116
84
49
11
-27
-61
-90
-114
-128
-134
-132
-124
-110
-93
-73
-52
-30
-6
19
46
74
102
134
164
195
222
248
270
288
303
314
319
321
317
308
294
275
253
228
205
184
167
153
144
133
122
106
84
52
16
-22
-59
-88
-108
-118
-120
-118
-122
-139
-176
-231
-304
-387
-469
-535
-576
-581
-549
-483
-389
-279
-165
-59
31
101
149
179
195
204
209
211
212
210
203
188
164
133
93
51
8
-33
-67
-94
-114
-127
-137
-142
-149
-158
-169
-184
-199
-220
-240
-259
-279
-295
-307
-314
-314
-309
-299
-289
-279
-275
-278
-291
-313
-345
-381
-417
-452
-480
-501
-515
-522
-523
-519
-511
-499
-481
-456
-421
-375
-315
-241
-155
-58
48
160
274
384
489
583
661
722
763
783
783
762
725
673
609
538
461
381
301
223
149
77
11
-50
-105
-155
-198
-234
-263
-282
-294
-297
-293
-280
-262
-239
-211
-181
-150
-119
-91
-65
-42
-20
-3
12
24
36
46
56
65
73
79
82
86
86
87
86
87
87
90
97
106
121
140
165
196
231
270
309
349
384
412
431
437
429
408
376
334
283
231
176
124
77
35
1
-24
-44
-59
-71
-79
-87
-95
-101
-106
-109
-112
-113
-113
-111
-109
-106
-102
-96
-88
-79
-69
-59
-51
-46
-46
-53
-65
-82
-104
-130
-157
-186
-215
-243
-273
-301
-330
-357
-384
-406
-424
-433
-435
-429
-413
-389
-360
-327
-291
-255
-218
-182
-146
-110
-76
-42
-9
22
50
75
96
114
129
142
154
168
182
197
215
234
252
271
288
304
320
333
346
356
364
366
367
362
350
333
309
281
248
212
173
132
93
53
13
-27
-67
-106
-146
-188
-227
-265
-301
-332
-356
-371
-377
-373
-355
-329
-292
-247
-196
-143
-88
-36
16
64
107
147
183
215
241
264
280
291
297
296
291
280
266
248
227
203
178
152
125
97
72
46
22
0
-21
-39
-57
-74
-90
-105
-117
-127
-135
-137
-137
-133
-126
-115
-101
-86
-69
-51
-32
-13
7
29
49
70
91
109
127
141
155
166
173
181
186
190
194
195
196
196
192
188
182
175
166
157
148
138
127
116
105
94
83
74
65
58
51
48
45
44
44
46
47
49
51
51
51
48
47
43
38
33
27
19
13
7
2
-3
-8
-12
-17
-21
-26
-31
-37
-45
-52
-61
-69
-76
-85
-94
-101
-109
-119
-126
-135
-145
-154
-162
-170
-177
-182
-185
-185
-184
-180
-173
-164
-153
-141
-125
-110
-95
-79
-64
-49
-35
-22
-10
-1
6
11
13
11
6
-2
-11
-24
-37
-48
-55
-60
-59
-54
-43
-28
-10
11
32
53
73
90
106
121
137
152
168
185
204
226
247
268
287
302
311
313
305
288
262
227
185
140
91
45
2
-35
-68
-93
-113
-127
-137
-145
-152
-159
-166
-174
-183
-193
-204
-213
-223
-229
-235
-236
-234
-228
-216
-202
-186
-167
-147
-128
-109
-94
-83
-74
-70
-68
-68
-70
-75
-77
-79
-78
-77
-73
-66
-58
-49
-39
-27
-17
-7
2
8
13
17
18
18
19
17
14
10
8
5
2
-1
-5
-7
-9
-11
-13
-14
-15
-14
-11
-7
-4
-1
3
5
7
7
8
7
7
7
7
9
9
12
15
17
19
20
19
19
18
14
13
10
8
5
3
1
0
-1
-1
-1
0
1
1
2
3
3
3
4
5
5
6
7
7
7
8
6
6
5
4
3
1
1
0
-1
-1
-1
-1
-2
-2
-3
-4
-5
-7
-9
-8
-11
-12
-12
-13
-14
-15
-15
-15
-16
-17
-17
-16
-16
-14
-13
-8
-5
-2
2
6
9
10
11
11
9
6
4
-1
-4
-8
-11
-16
-19
-25
-29
-36
-42
-48
-54
-59
-65
-70
-72
-76
-76
-77
-76
-76
-75
-76
-76
-78
-80
-82
-85
-86
-86
-83
-77
-68
-56
-39
-20
3
27
51
75
101
125
147
167
187
202
216
228
238
246
252
258
261
266
270
275
279
286
291
297
303
308
314
318
321
324
322
320
316
309
300
291
281
269
257
248
237
228
218
207
198
185
172
157
141
123
107
89
73
56
39
25
10
-5
-20
-35
-50
-67
-84
-101
-118
-136
-152
-167
-180
-189
-195
-195
-190
-180
-164
-143
-118
-90
-60
-27
2
31
56
77
93
103
109
110
108
103
95
87
80
75
71
71
73
75
78
80
79
74
66
50
27
0
-35
-72
-114
-155
-195
-230
-262
-285
-301
-306
-302
-289
-268
-239
-207
-172
-135
-101
-69
-43
-23
-10
-6
-7
-17
-34
-56
-81
-112
-142
-174
-204
-231
-256
-277
-296
-311
-321
-328
-333
-336
-335
-334
-329
-326
-319
-314
-308
-302
-295
-288
-282
-274
-267
-260
-252
-245
-236
-226
-215
-202
-185
-166
-144
-116
-85
-50
-12
27
66
103
139
168
191
208
216
218
212
201
184
165
145
124
104
86
72
63
57
54
55
58
65
72
79
86
92
96
97
95
93
87
78
68
56
45
32
21
5
-7
-21
-37
-53
-73
-96
-120
-148
-177
-208
-238
-265
-288
-305
-315
-319
-312
-299
-278
-250
-218
-183
-147
-111
-77
-46
-17
6
25
43
57
67
76
84
87
89
90
89
85
81
75
69
61
54
49
45
43
42
45
49
55
63
74
85
99
113
129
145
161
178
194
209
222
234
244
250
254
255
253
246
235
222
204
183
158
131
102
70
37
5
-27
-59
-89
-117
-142
-164
-183
-198
-209
-217
-221
-223
-222
-218
-213
-206
-197
-188
-177
-167
-155
-144
-131
-120
-108
-95
-82
-69
-55
-40
-25
-8
8
25
45
63
81
98
115
131
145
157
166
174
179
182
183
182
177
170
161
150
135
121
103
85
66
46
27
8
-10
-27
-43
-58
-69
-79
-87
-93
-97
-101
-102
-103
-102
-99
-97
-94
-90
-86
-82
-76
-72
-65
-58
-51
-45
-37
-31
-24
-20
-15
-11
-9
-8
-9
-10
-11
-14
-18
-20
-23
-24
-24
-24
-21
-20
-16
-12
-9
-6
-2
1
3
3
3
2
-1
-5
-8
-13
-17
-22
-26
-27
-27
-25
-21
-16
-8
1
11
22
35
45
55
63
70
76
79
83
85
86
88
89
92
94
97
101
104
107
111
113
117
120
125
133
144
156
172
190
210
231
251
271
286
295
299
294
282
262
237
205
169
132
94
57
21
-13
-43
-72
-99
-125
-148
-171
-193
-212
-229
-241
-247
-249
-243
-229
-211
-185
-155
-124
-92
-62
-36
-14
4
16
24
31
34
38
44
51
61
75
87
102
114
124
129
127
120
106
88
63
37
8
-20
-46
-68
-88
-101
-110
-115
-117
-117
-115
-112
-111
-109
-109
-109
-109
-109
-108
-108
-104
-100
-96
-90
-83
-76
-68
-62
-55
-49
-43
-39
-35
-33
-31
-28
-27
-26
-25
-24
-24
-23
-22
-21
-20
-18
-16
-14
-13
-10
-8
-5
-2
1
4
8
11
14
18
20
24
26
29
32
35
37
42
47
53
60
68
76
85
96
105
113
122
130
135
138
140
140
138
134
127
121
114
106
98
89
81
74
66
59
54
48
42
36
30
23
17
10
2
-4
-11
-18
-25
-31
-38
-44
-51
-58
-65
-73
-80
-87
-94
-102
-108
-116
-121
-125
-128
-130
-129
-127
-125
-118
-111
-99
-85
-68
-48
-24
4
34
66
100
131
161
187
209
224
232
233
227
215
199
179
158
136
116
98
84
74
66
62
59
57
53
49
42
33
22
8
-7
-23
-40
-55
-69
-81
-92
-100
-106
-111
-114
-115
-113
-113
-110
-108
-103
-100
-95
-89
-85
-79
-75
-71
-69
-68
-69
-73
-78
-86
-95
-107
-119
-131
-143
-153
-164
-171
-176
-178
-176
-174
-167
-158
-146
-133
-120
-105
-90
-75
-60
-47
-34
-23
-14
-5
1
7
11
13
16
16
15
14
12
10
7
3
0
-4
-9
-13
-18
-21
-25
-27
-29
-30
-30
-29
-27
-24
-21
-17
-13
-8
-3
1
6
10
15
20
24
29
34
39
44
48
53
60
66
72
79
86
94
102
112
122
131
140
151
161
170
177
183
187
191
191
189
186
180
171
160
148
133
119
103
87
69
53
36
21
6
-8
-21
-32
-42
-52
-60
-67
-75
-80
-86
-92
-98
-103
-108
-113
-118
-121
-124
-125
-126
-125
-124
-122
-121
-117
-114
-109
-105
-102
-97
-93
-89
-85
-82
-78
-75
-70
-66
-62
-56
-52
-47
-40
-35
-28
-22
-16
-8
-4
2
7
12
17
21
26
29
34
38
43
46
49
53
55
58
59
60
61
61
60
59
56
52
47
44
40
35
30
26
21
17
14
10
6
3
1
-3
-7
-11
-15
-19
-24
-28
-32
-37
-43
-46
-50
-52
-54
-55
-55
-56
-55
-55
-53
-53
-52
-51
-50
-49
-49
-47
-47
-45
-44
-43
-41
-40
-38
-37
-34
-33
-30
-27
-26
-23
-21
-18
-16
-11
-9
-6
-1
2
4
8
11
14
16
17
18
20
20
20
20
20
18
18
18
18
16
17
17
17
18
18
18
19
20
22
24
26
27
29
31
32
33
35
36
36
35
36
36
37
37
38
39
41
43
46
50
53
57
62
67
71
75
78
83
85
88
91
91
93
94
92
92
91
89
87
85
84
83
80
78
77
77
77
76
77
78
79
81
82
84
86
88
92
94
98
102
106
111
116
123
128
133
137
142
144
146
146
143
140
133
125
115
103
89
74
58
41
24
6
-11
-28
-45
-63
-77
-93
-106
-120
-132
-143
-153
-162
-170
-178
-184
-189
-193
-196
-197
-198
-199
-198
-197
-194
-191
-188
-184
-179
-174
-169
-162
-156
-150
-142
-135
-128
-122
-114
-109
-102
-96
-91
-87
-83
-79
-76
-75
-72
-70
-69
-66
-64
-62
-59
-55
-51
-47
-42
-36
-32
-26
-19
-13
-6
2
10
18
27
34
42
50
57
63
68
72
75
75
75
73
69
63
55
47
37
26
14
1
-12
-23
-37
-48
-59
-69
-78
-85
-92
-97
-99
-102
-101
-100
-98
-95
-91
-86
-79
-74
-66
-59
-52
-45
-38
-32
-25
-19
-13
-7
-1
5
10
16
21
27
32
37
43
48
52
58
62
66
70
74
77
80
82
84
86
88
89
91
91
92
93
94
94
94
95
94
94
93
92
91
90
88
85
83
80
77
74
69
65
60
55
50
45
40
33
28
22
17
12
8
4
1
-1
-3
-3
-4
-4
-2
0
3
5
10
14
18
22
27
32
37
42
45
48
52
53
55
54
54
51
49
45
41
36
31
24
18
11
4
-3
-8
-15
-19
-23
-28
-31
-33
-35
-36
-35
-35
-33
-31
-28
-26
-22
-18
-15
-11
-8
-4
0
2
7
9
11
13
15
16
18
18
18
18
17
16
14
13
12
10
7
5
2
0
-2
-4
-6
-6
-8
-9
-9
-8
-9
-7
-7
-4
-3
-1
1
3
5
6
8
10
10
11
11
11
8
7
5
2
-1
-3
-6
-10
-14
-16
-20
-23
-26
-29
-31
-33
-36
-37
-39
-40
-41
-42
-43
-43
-44
-45
-45
-46
-46
-47
-48
-49
-47
-47
-47
-46
-46
-45
-44
-42
-41
-38
-37
-34
-33
-30
-28
-26
-22
-21
-19
-16
-14
-12
-10
-8
-6
-4
-3
-2
0
1
3
4
5
7
8
10
11
13
13
15
17
19
19
21
21
23
23
24
26
26
26
26
27
28
27
27
28
27
27
27
27
27
26
24
24
22
21
19
16
15
12
10
7
3
1
-3
-6
-10
-12
-16
-18
-21
-23
-24
-25
-25
-25
-25
-25
-24
-22
-21
-19
-17
-16
-12
-12
-9
-8
-6
-4
-4
-3
-3
-2
-2
-3
-4
-4
-5
-6
-8
-9
-10
-12
-13
-15
-16
-18
-19
-20
-20
-21
-21
-22
-22
-22
-21
-21
-19
-18
-17
-15
-14
-12
-11
-9
-8
-4
-3
0
2
3
5
8
9
10
12
14
14
15
16
17
17
17
18
17
17
16
16
15
13
13
12
11
10
7
6
5
4
2
1
-1
-2
-5
-6
-8
-10
-11
-13
-15
-15
-17
-18
-20
-21
-22
-23
-23
-23
-22
-22
-22
-21
-21
-19
-18
-15
-13
-11
-8
-4
-2
1
5
8
12
16
20
24
29
32
36
40
44
46
50
52
55
57
58
58
59
60
59
59
57
56
55
53
52
48
46
44
41
39
36
33
30
28
25
22
20
17
15
12
11
9
8
6
5
5
4
4
6
8
8
11
13
15
19
22
25
28
32
35
37
39
41
42
43
42
43
41
40
37
33
30
26
21
16
10
3
-1
-8
-15
-22
-28
-34
-40
-47
-53
-58
-64
-68
-72
-76
-79
-81
-83
-84
-84
-84
-82
-80
-78
-74
-69
-64
-59
-53
-49
-41
-35
-29
-22
-17
-11
-5
0
4
8
11
14
17
18
20
21
22
22
21
21
20
19
17
15
14
12
11
9
7
5
3
1
0
-2
-4
-5
-8
-8
-10
-11
-12
-13
-13
-14
-15
-15
-16
-15
-15
-15
-15
-15
-14
-14
-14
-15
-14
-15
-15
-16
-17
-19
-20
-23
-25
-28
-32
-35
-39
-42
-48
-52
-57
-60
-64
-69
-73
-77
-78
-83
-84
-85
-87
-87
-88
-86
-84
-82
-79
-76
-72
-68
-64
-59
-54
-49
-44
-38
-33
-27
-22
-16
-11
-5
-2
3
7
10
14
18
21
24
27
29
30
33
35
37
37
39
40
40
42
42
42
43
44
44
44
44
44
43
43
44
44
43
42
42
41
40
40
40
38
37
37
35
35
33
33
31
31
29
28
27
24
23
22
19
18
15
15
13
11
9
7
6
5
3
1
0
-3
-4
-5
-6
-7
-8
-9
-10
-11
-11
-12
-12
-13
-12
-10
-10
-9
-7
-5
-3
0
3
7
11
13
18
23
27
33
38
43
48
54
59
64
70
76
81
86
91
95
99
103
108
110
114
115
117
118
120
120
119
118
117
115
112
110
105
102
98
93
88
81
75
69
63
55
48
40
32
24
16
7
-1
-11
-18
-25
-33
-40
-46
-52
-57
-61
-64
-67
-67
-67
-67
-65
-61
-58
-54
-47
-42
-36
-28
-21
-15
-9
-2
2
6
9
12
13
14
13
11
9
6
1
-4
-10
-16
-21
-27
-33
-38
-42
-47
-51
-54
-57
-58
-60
-60
-62
-62
-63
-64
-65
-66
-68
-72
-75
-80
-86
-92
-99
-108
-116
-126
-133
-142
-149
-157
-162
-166
-168
-168
-166
-161
-153
-141
-128
-111
-92
-69
-45
-18
11
40
71
101
132
163
192
220
248
272
294
313
328
341
351
357
359
358
354
346
335
322
305
287
266
243
219
193
168
142
115
88
63
38
15
-8
-30
-49
-66
-82
-97
-109
-119
-128
-134
-139
-143
-147
-148
-149
-149
-150
-150
-149
-150
-149
-151
-151
-153
-155
-157
-160
-163
-166
-171
-174
-178
-182
-184
-188
-190
-192
-194
-195
-195
-194
-193
-190
-187
-185
-181
-175
-170
-165
-158
-152
-145
-138
-129
-121
-114
-105
-96
-87
-78
-69
-60
-51
-41
-33
-23
-14
-6
3
12
19
26
33
40
46
51
57
61
65
67
70
73
74
76
78
79
80
80
81
81
82
82
82
82
82
82
84
84
83
84
84
84
83
83
82
82
79
78
76
74
71
67
64
61
57
53
50
45
42
37
34
30
26
22
19
15
12
9
7
4
2
1
-1
-3
-4
-5
-6
-8
-9
-11
-12
-13
-15
-15
-17
-18
-21
-23
-24
-26
-28
-30
-31
-35
-35
-36
-39
-39
-40
-41
-42
-42
-42
-41
-42
-40
-39
-38
-37
-35
-34
-31
-29
-27
-25
-23
-22
-19
-17
-15
-13
-11
-10
-10
-8
-7
-6
-5
-4
-4
-3
-3
-4
-3
-2
-2
-2
-2
-2
-1
-2
-2
-2
-2
-2
-3
-2
-3
-3
-3
-4
-4
-4
-4
-5
-4
-6
-6
-6
-8
-7
-9
-9
-10
-11
-11
-12
-13
-13
-13
-13
-15
-14
-15
-14
-14
-15
-15
-14
-14
-14
-14
-13
-13
-13
-13
-12
-12
-11
-10
-11
-10
-10
-10
-10
-9
-9
-9
-8
-9
-9
-9
-8
-8
-9
-9
-9
-10
-10
-10
-10
-10
-11
-10
-10
-11
-10
-10
-10
-9
-9
-8
-8
-7
-7
-5
-5
-4
-4
-3
-2
0
0
0
1
2
2
3
3
4
4
3
3
4
4
3
5
4
5
4
4
4
4
4
4
5
4
4
5
4
5
5
4
4
4
5
3
3
3
3
2
1
0
-1
-1
-3
-3
-5
-6
-7
-8
-9
-9
-10
-10
-11
-11
-11
-10
-11
-10
-10
-9
-8
-6
-6
-6
-4
-3
-2
-1
-1
1
1
0
1
1
2
2
2
2
1
2
1
1
0
2
1
1
1
2
1
2
3
2
3
5
6
8
9
10
12
14
15
18
21
23
25
28
30
33
35
37
39
42
42
44
45
45
48
47
46
46
45
45
43
41
40
38
35
33
31
28
25
22
20
18
15
13
11
8
7
5
4
3
1
0
-1
-1
-3
-3
-4
-5
-5
-7
-7
-8
-9
-12
-13
-15
-17
-19
-21
-24
-27
-29
-32
-34
-36
-39
-41
-43
-44
-47
-46
-47
-48
-46
-46
-45
-43
-40
-37
-34
-30
-27
-23
-17
-13
-8
-4
3
7
12
17
22
25
29
33
36
39
41
41
42
43
43
40
39
38
35
32
29
24
21
17
14
9
5
1
-2
-5
-9
-12
-14
-16
-17
-19
-19
-19
-18
-18
-18
-16
-14
-12
-10
-8
-5
-4
-1
1
3
6
8
9
12
13
14
16
18
19
19
20
21
21
22
21
23
22
23
22
22
23
22
22
21
20
20
19
19
17
16
15
13
12
9
8
6
4
2
0
-3
-4
-6
-9
-10
-13
-14
-17
-18
-20
-21
-22
-23
-24
-24
-25
-26
-27
-27
-28
-28
-28
-28
-28
-28
-27
-27
-26
-26
-25
-26
-26
-24
-24
-24
-22
-22
-22
-21
-21
-20
-19
-19
-18
-17
-17
-16
-16
-14
-14
-14
-13
-13
-12
-11
-11
-10
-10
-8
-8
-6
-6
-5
-3
-3
-2
-1
-1
1
2
3
4
5
5
6
6
7
7
8
8
9
8
10
10
8
9
9
9
9
10
10
11
11
12
12
14
14
16
16
18
20
21
21
23
24
25
26
26
27
28
28
27
27
27
25
25
24
23
21
20
17
16
14
12
11
10
8
8
6
6
5
5
5
4
6
6
7
7
8
10
11
12
13
14
17
17
18
18
19
19
20
20
20
20
20
19
19
18
16
14
14
12
10
9
7
6
5
3
1
0
-2
-3
-4
-6
-8
-8
-9
-11
-12
-13
-14
-15
-16
-17
-18
-19
-19
-20
-21
-22
-25
-25
-25
-27
-27
-28
-29
-28
-30
-31
-31
-31
-31
-30
-30
-29
-29
-29
-27
-26
-25
-23
-22
-20
-18
-17
-15
-13
-11
-9
-7
-4
-3
-1
0
1
3
4
6
7
7
8
8
9
10
9
8
8
8
7
6
6
5
4
3
3
3
3
1
1
1
1
1
0
1
1
1
2
2
3
3
4
6
7
7
8
9
8
10
11
12
12
12
13
13
13
13
13
14
13
13
13
12
12
12
12
11
12
11
10
10
10
9
9
8
7
7
7
6
6
5
4
4
4
4
3
3
3
2
2
2
1
2
2
1
1
0
1
0
1
0
0
1
0
0
0
-1
-1
-1
-1
-2
-2
-3
-4
-4
-5
-5
-6
-6
-7
-8
-8
-9
-9
-9
-9
-9
-10
-9
-9
-9
-8
-8
-8
-6
-5
-4
-3
-2
-1
1
2
3
5
5
6
8
9
10
12
13
13
14
16
15
15
15
16
15
14
13
12
11
10
8
6
4
2
0
-3
-5
-8
-12
-14
-18
-21
-25
-28
-31
-35
-38
-41
-44
-46
-50
-52
-54
-56
-58
-58
-59
-60
-60
-60
0
0
0
0
0
0
0
0
0
0
0
0
0
0
0
0
0
0
0
0
0
0
0
0
0
0
0
0
0
0
0
0
0
0
0
0
0
0
0
0
0
0
0
0
0
0
0
0
0
0
0
0
0
0
0
0
0
0
0
0
0
0
0
0
0
0
0
0
0
0
0
0
0
0
0
0
0
0
0
0
0
0
0
0
0
0
0
0
0
0
0
0
0
0
0
0
0
0
0
0
0
0
0
0
0
0
0
0
0
0
0
0
0
0
0
0
0
0
0
0
0
0
0
0
0
0
0
0
0
0
0
0
0
0
0
0
0
0
0
0
0
0
0
0
0
0
0
0
0
0
0
0
0
0
0
0
0
0
0
0
0
0
0
0
0
0
0
0
0
0
0
0
0
0
0
0
0
0
0
0
0
0
0
0
0
0
0
0
0
0
0
0
0
0
0
0
0
0
