0
0
0
0
0
0
0
0
0
0
0
0
0
0
0
0
0
0
0
0
0
0
0
0
0
0
0
0
0
0
0
0
0
0
0
0
0
0
0
0
0
0
0
0
0
0
0
0
0
0
0
0
0
0
0
0
0
0
0
0
0
0
0
0
0
0
0
0
0
0
0
0
0
0
0
0
0
0
0
0
0
0
0
0
0
0
0
0
0
0
0
0
0
0
0
0
0
0
0
0
0
0
0
0
0
0
0
0
0
0
0
0
0
0
0
0
0
0
0
0
0
0
0
0
0
0
0
0
0
0
0
0
0
0
0
0
0
0
0
0
0
0
0
0
0
0
0
0
0
0
0
0
0
0
0
0
0
0
0
0
0
0
0
0
0
0
0
0
0
0
0
0
0
0
0
0
0
0
0
0
0
0
0
0
0
0
0
0
0
0
0
0
0
0
0
0
0
0
-13
-17
-22
-26
-31
-36
-40
-44
-48
-51
-55
-58
-61
-63
-65
-67
-67
-68
-68
-67
-66
-64
-61
-59
-54
-51
-45
-41
-37
-29
-23
-17
-10
-3
4
10
17
24
31
36
43
49
55
59
64
67
70
72
74
76
77
75
75
72
70
67
63
58
53
47
41
33
26
17
10
1
-8
-18
-26
-34
-42
-51
-59
-67
-75
-80
-87
-93
-99
-103
-106
-108
-109
-109
-109
-106
-103
-100
-94
-89
-83
-77
-70
-64
-55
-47
-38
-29
-19
-9
1
10
19
29
37
45
50
56
62
65
69
73
75
76
79
80
81
81
81
80
78
75
72
68
64
59
56
52
52
51
50
52
54
56
58
61
63
65
68
69
71
75
78
81
84
88
92
94
96
98
95
90
85
77
69
58
47
34
23
11
0
-12
-25
-37
-51
-63
-77
-91
-103
-116
-128
-139
-149
-158
-164
-167
-170
-171
-171
-169
-167
-163
-160
-157
-154
-148
-143
-135
-127
-118
-107
-93
-78
-62
-45
-29
-13
3
19
35
51
67
84
98
115
131
149
164
179
193
205
216
220
226
227
227
224
218
211
202
192
179
167
150
134
115
94
72
48
23
-3
-26
-51
-75
-96
-116
-135
-152
-167
-180
-192
-203
-213
-220
-227
-231
-234
-233
-231
-225
-217
-207
-197
-183
-169
-155
-141
-127
-113
-98
-84
-70
-54
-37
-20
-4
14
29
45
60
73
84
93
102
107
114
119
123
126
130
131
134
134
132
128
124
115
105
92
78
64
48
34
19
5
-7
-18
-31
-42
-52
-62
-73
-81
-89
-94
-99
-100
-98
-93
-83
-71
-55
-37
-16
4
26
47
67
88
107
125
143
161
177
193
208
223
233
241
244
244
238
228
214
196
174
150
126
100
75
50
27
3
-20
-43
-68
-90
-113
-137
-160
-180
-199
-214
-228
-236
-242
-245
-245
-243
-240
-237
-233
-230
-227
-222
-218
-213
-206
-196
-183
-167
-149
-129
-108
-85
-62
-38
-14
8
32
56
80
104
131
157
185
212
237
260
281
298
310
317
320
318
310
299
284
265
244
220
193
164
132
99
62
24
-14
-54
-94
-132
-168
-201
-229
-255
-275
-292
-304
-313
-316
-318
-317
-313
-307
-298
-286
-274
-258
-240
-219
-198
-176
-154
-131
-108
-88
-68
-51
-35
-20
-4
9
23
37
51
68
83
97
111
124
135
145
152
158
163
165
168
169
169
170
170
168
166
162
156
147
136
124
111
97
83
72
62
54
51
50
52
56
63
70
79
87
96
106
115
124
135
144
154
164
174
182
188
191
190
185
176
162
143
123
99
72
47
21
-2
-23
-45
-65
-82
-99
-116
-131
-147
-163
-177
-190
-202
-211
-217
-223
-223
-222
-221
-217
-214
-210
-207
-207
-206
-208
-207
-206
-206
-203
-196
-187
-175
-159
-141
-122
-99
-77
-52
-29
-3
21
48
76
106
135
166
197
228
256
283
308
329
344
357
364
365
361
353
340
322
301
276
249
217
183
144
105
62
18
-27
-72
-117
-160
-202
-239
-275
-305
-331
-353
-370
-382
-390
-394
-394
-390
-381
-371
-356
-336
-315
-292
-266
-239
-211
-183
-155
-129
-102
-80
-58
-37
-16
2
21
37
56
72
88
104
119
132
143
155
164
172
179
186
193
197
203
209
213
215
217
215
210
200
189
174
155
137
117
98
81
66
55
47
43
41
42
44
49
52
56
62
66
74
83
93
106
124
141
158
176
189
200
203
201
190
175
150
121
88
54
21
-10
-37
-62
-81
-97
-110
-122
-134
-146
-159
-175
-191
-207
-222
-236
-245
-250
-253
-249
-242
-233
-223
-212
-207
-201
-199
-200
-204
-208
-212
-214
-213
-206
-195
-179
-159
-135
-109
-82
-56
-30
-5
16
39
60
81
105
130
157
188
217
250
280
306
330
347
356
358
352
341
322
298
269
239
206
174
138
104
69
31
-7
-49
-93
-138
-183
-228
-269
-308
-340
-368
-387
-400
-402
-400
-391
-377
-360
-341
-322
-300
-279
-257
-236
-214
-190
-166
-139
-113
-84
-56
-29
-3
22
43
63
80
95
106
116
125
134
141
149
156
165
172
180
190
197
206
212
218
222
225
224
223
219
212
202
192
179
167
155
146
136
130
127
126
127
129
135
138
145
150
157
164
172
182
193
204
219
231
244
252
256
254
244
224
195
156
111
62
11
-40
-86
-127
-158
-181
-196
-204
-208
-207
-206
-205
-206
-211
-219
-229
-238
-250
-257
-260
-260
-256
-247
-238
-227
-218
-211
-206
-206
-208
-212
-217
-220
-220
-215
-204
-187
-164
-137
-107
-76
-45
-16
8
29
49
65
81
99
118
143
172
206
243
280
318
352
380
400
409
408
395
374
343
306
265
221
175
128
83
37
-9
-59
-110
-163
-218
-273
-326
-375
-420
-454
-478
-491
-492
-483
-463
-436
-404
-370
-336
-304
-276
-248
-225
-203
-180
-159
-136
-112
-86
-61
-35
-12
7
24
36
47
53
57
60
66
73
82
94
109
126
145
163
181
198
213
225
234
241
245
247
247
245
239
232
223
213
199
184
168
155
142
132
124
119
120
123
130
139
151
167
184
205
228
252
279
304
329
347
359
361
350
324
282
227
158
80
-5
-89
-170
-242
-301
-345
-375
-391
-393
-388
-376
-363
-350
-340
-332
-327
-323
-317
-307
-293
-271
-242
-209
-172
-136
-100
-71
-49
-36
-33
-37
-47
-60
-74
-85
-91
-91
-84
-72
-57
-39
-22
-7
2
11
15
19
24
33
46
68
100
136
182
230
277
323
360
389
404
406
396
374
342
303
260
214
167
119
73
26
-23
-74
-128
-186
-245
-305
-363
-415
-458
-491
-509
-512
-501
-477
-441
-397
-351
-302
-255
-213
-176
-143
-115
-91
-67
-46
-25
-4
17
36
52
65
74
77
77
75
69
65
63
64
69
79
93
109
125
141
156
167
178
185
191
196
202
208
216
222
227
230
230
226
219
207
195
181
168
157
151
151
155
164
177
194
211
230
249
269
289
310
334
359
385
410
431
445
447
434
403
351
278
188
85
-28
-141
-248
-342
-419
-476
-511
-527
-529
-518
-502
-484
-469
-456
-448
-441
-432
-418
-397
-366
-324
-273
-215
-154
-93
-42
0
28
42
42
32
14
-9
-30
-49
-60
-64
-61
-52
-38
-25
-13
-4
0
2
2
3
5
13
29
52
86
126
171
220
266
310
348
375
393
398
392
375
348
311
264
212
152
85
15
-58
-133
-207
-277
-343
-401
-448
-484
-507
-516
-513
-498
-473
-440
-400
-358
-313
-268
-225
-183
-144
-107
-71
-39
-9
18
41
60
73
83
86
85
82
76
71
67
65
65
67
72
77
83
88
94
98
103
108
114
122
131
141
152
163
176
185
193
198
200
201
198
193
188
182
175
171
166
166
166
170
178
190
206
224
248
273
303
337
374
411
449
483
510
526
525
506
465
400
310
201
76
-57
-190
-316
-427
-516
-583
-626
-645
-648
-637
-618
-598
-579
-560
-543
-524
-503
-474
-433
-379
-314
-241
-162
-81
-8
54
101
130
138
130
107
75
38
3
-26
-50
-63
-68
-66
-62
-56
-53
-54
-60
-71
-84
-95
-100
-94
-74
-41
9
73
146
222
297
363
414
448
461
457
440
414
384
351
319
286
250
204
146
67
-34
-156
-295
-441
-579
-696
-780
-821
-814
-764
-673
-558
-432
-310
-208
-137
-98
-91
-106
-130
-152
-159
-148
-114
-60
8
80
145
193
217
215
193
156
116
81
58
51
58
80
109
140
168
184
184
172
151
129
112
106
114
136
171
214
260
305
341
362
367
354
328
292
255
218
189
170
164
169
184
208
239
272
305
336
367
398
431
468
509
550
591
623
641
637
605
541
442
308
146
-31
-217
-395
-555
-684
-778
-835
-857
-848
-816
-774
-725
-677
-637
-599
-564
-527
-481
-422
-348
-261
-165
-62
37
128
200
252
275
273
244
196
134
66
-1
-63
-115
-154
-182
-196
-202
-203
-201
-200
-203
-207
-211
-212
-205
-188
-158
-109
-42
38
130
229
325
412
483
534
564
568
548
508
452
383
304
220
129
36
-62
-161
-264
-367
-469
-564
-649
-718
-762
-780
-765
-724
-657
-570
-472
-370
-272
-188
-122
-77
-47
-33
-24
-16
-6
10
32
58
84
108
125
131
126
110
87
62
40
25
19
22
30
45
62
79
94
107
117
122
127
132
142
156
174
193
213
229
244
254
262
266
264
256
242
225
208
193
181
174
173
178
189
212
243
283
330
379
431
489
551
618
684
743
789
813
808
771
693
573
409
209
-16
-253
-485
-695
-866
-997
-1080
-1119
-1116
-1077
-1010
-928
-839
-749
-665
-581
-495
-402
-296
-180
-58
67
189
304
398
469
506
505
463
384
277
154
26
-101
-217
-319
-399
-455
-485
-493
-484
-464
-441
-417
-392
-361
-319
-265
-195
-108
-4
118
255
396
532
650
738
786
795
770
722
655
576
492
408
325
239
148
44
-84
-238
-421
-620
-815
-979
-1100
-1160
-1154
-1083
-953
-773
-566
-354
-159
-4
97
144
148
125
91
56
28
14
13
26
46
67
77
66
29
-26
-84
-134
-165
-168
-149
-108
-48
19
93
164
220
252
258
248
234
231
246
283
336
399
467
534
597
644
665
652
603
529
445
364
298
250
219
206
209
232
272
331
395
456
512
567
632
716
819
933
1050
1147
1210
1228
1193
1092
911
647
308
-84
-498
-897
-1242
-1509
-1685
-1774
-1775
-1699
-1556
-1369
-1163
-961
-778
-621
-484
-350
-201
-32
154
348
535
705
845
940
973
935
817
623
370
88
-193
-446
-658
-820
-928
-980
-979
-932
-853
-757
-659
-575
-501
-429
-343
-230
-90
76
259
454
650
835
991
1097
1136
1100
989
826
636
446
265
103
-36
-154
-251
-337
-423
-519
-639
-787
-949
-1092
-1185
-1210
-1159
-1041
-866
-650
-418
-188
21
189
290
314
278
208
129
60
6
-30
-54
-74
-96
-116
-133
-161
-212
-287
-366
-425
-447
-422
-353
-250
-130
-15
89
183
263
317
336
325
296
273
275
304
358
426
485
524
539
538
523
489
430
354
272
201
153
134
146
179
218
259
303
358
428
507
589
670
755
847
953
1077
1221
1375
1510
1601
1635
1595
1467
1230
874
411
-132
-721
-1308
-1830
-2233
-2482
-2577
-2526
-2345
-2055
-1699
-1325
-962
-632
-346
-109
88
278
482
705
926
1126
1284
1377
1376
1267
1050
741
354
-88
-544
-963
-1298
-1527
-1645
-1660
-1583
-1434
-1240
-1021
-789
-552
-328
-129
56
243
447
664
884
1090
1262
1382
1432
1402
1294
1114
867
563
233
-84
-355
-563
-704
-783
-806
-791
-759
-718
-674
-631
-600
-582
-561
-513
-425
-306
-173
-39
78
158
182
153
84
-15
-141
-282
-404
-478
-496
-476
-426
-361
-296
-254
-247
-257
-270
-284
-302
-309
-284
-212
-105
21
153
282
383
438
450
439
417
383
337
296
274
274
285
301
317
324
300
246
175
112
74
62
80
132
213
308
404
490
564
616
640
638
626
630
662
720
800
892
989
1078
1153
1224
1303
1394
1481
1540
1560
1524
1410
1185
835
367
-196
-829
-1476
-2053
-2473
-2688
-2702
-2538
-2219
-1784
-1300
-829
-412
-59
217
402
514
607
736
901
1069
1204
1285
1281
1149
874
486
31
-463
-976
-1454
-1819
-2021
-2057
-1953
-1734
-1431
-1090
-761
-464
-191
68
306
508
686
865
1054
1235
1379
1463
1470
1377
1176
880
525
157
-195
-511
-776
-964
-1060
-1067
-1005
-891
-745
-587
-438
-310
-196
-87
19
110
172
198
191
150
78
-27
-152
-290
-436
-584
-717
-807
-848
-842
-800
-731
-642
-549
-460
-383
-310
-245
-198
-172
-152
-124
-82
-29
32
97
161
211
240
258
272
279
268
243
214
186
155
121
89
68
53
38
26
27
49
91
152
232
330
437
537
616
671
698
698
667
610
540
480
442
433
460
526
628
739
833
906
987
1096
1227
1363
1491
1603
1661
1601
1385
1017
516
-116
-867
-1645
-2302
-2726
-2900
-2853
-2602
-2168
-1625
-1097
-656
-292
20
260
395
469
583
783
1011
1195
1313
1362
1285
1013
556
11
-527
-1035
-1507
-1879
-2070
-2063
-1923
-1703
-1412
-1063
-719
-446
-237
-28
220
486
734
979
1235
1465
1602
1608
1504
1309
1018
629
194
-202
-507
-725
-874
-946
-935
-864
-781
-705
-612
-481
-331
-190
-56
85
231
334
366
334
271
177
34
-150
-330
-478
-600
-709
-789
-811
-782
-742
-706
-656
-582
-506
-451
-406
-340
-254
-173
-108
-38
50
127
166
177
195
229
255
266
283
318
345
333
286
240
200
145
65
-5
-31
-15
21
74
155
264
370
450
520
600
681
736
759
768
778
776
747
691
628
565
506
460
450
494
585
696
804
906
1019
1152
1303
1453
1588
1692
1731
1652
1414
1014
481
-159
-878
-1599
-2190
-2537
-2615
-2480
-2199
-1806
-1345
-901
-547
-272
-23
223
431
594
766
985
1203
1322
1298
1148
883
481
-48
-610
-1096
-1463
-1729
-1890
-1908
-1781
-1569
-1335
-1092
-821
-542
-284
-50
209
519
848
1144
1377
1540
1608
1541
1335
1034
689
330
-30
-359
-606
-755
-822
-844
-834
-791
-726
-654
-572
-454
-281
-65
163
381
574
707
730
611
360
13
-369
-725
-992
-1130
-1147
-1088
-997
-907
-829
-773
-737
-707
-658
-579
-474
-344
-198
-53
60
117
113
70
14
-37
-64
-49
11
91
170
231
280
314
317
285
228
165
105
51
18
21
60
122
191
272
366
462
547
608
657
705
750
786
809
811
778
700
593
484
400
347
327
348
424
547
687
818
948
1092
1244
1377
1489
1593
1659
1594
1317
836
224
-464
-1199
-1900
-2409
-2605
-2520
-2285
-1975
-1588
-1154
-785
-548
-376
-147
146
420
648
895
1180
1388
1390
1186
872
489
5
-559
-1072
-1423
-1624
-1748
-1799
-1729
-1549
-1349
-1182
-1003
-753
-437
-106
225
587
969
1297
1504
1593
1595
1501
1282
952
581
242
-42
-287
-491
-632
-709
-756
-805
-845
-831
-738
-592
-417
-204
58
356
628
823
912
879
688
324
-154
-615
-940
-1097
-1117
-1045
-923
-804
-744
-748
-776
-786
-768
-720
-614
-430
-201
5
137
187
169
84
-37
-133
-150
-90
10
127
255
376
442
422
348
267
202
142
88
63
73
93
99
100
119
158
201
236
280
351
442
540
638
734
813
857
857
822
756
657
528
394
281
207
177
196
261
358
471
597
735
857
948
1018
1107
1231
1375
1521
1650
1709
1600
1250
684
2
-718
-1416
-1991
-2304
-2297
-2065
-1762
-1453
-1124
-799
-550
-393
-230
27
352
655
911
1151
1350
1393
1204
841
416
-24
-485
-936
-1278
-1465
-1549
-1601
-1622
-1575
-1463
-1328
-1176
-953
-622
-216
199
594
960
1274
1477
1537
1482
1349
1159
918
648
389
165
-41
-247
-448
-617
-741
-826
-877
-865
-759
-571
-346
-115
123
364
562
654
624
506
322
75
-204
-437
-564
-619
-688
-804
-930
-1022
-1084
-1123
-1117
-1034
-890
-736
-595
-454
-308
-184
-116
-94
-76
-39
14
69
123
178
227
257
272
282
290
287
269
244
223
201
175
144
123
117
122
137
170
229
297
365
431
511
606
697
762
798
811
808
777
720
639
545
449
367
312
296
313
357
424
504
583
647
706
782
888
1015
1150
1297
1427
1453
1272
849
255
-409
-1072
-1662
-2057
-2148
-1963
-1663
-1398
-1186
-990
-820
-712
-629
-451
-130
253
589
850
1046
1130
1013
691
273
-119
-453
-744
-977
-1121
-1185
-1229
-1295
-1366
-1408
-1399
-1327
-1158
-867
-469
-23
399
754
1010
1149
1183
1146
1073
984
882
766
637
488
311
106
-123
-356
-554
-682
-726
-701
-627
-506
-340
-156
7
129
205
225
172
61
-48
-99
-102
-121
-200
-323
-446
-553
-655
-753
-823
-845
-831
-807
-790
-767
-725
-662
-596
-526
-441
-326
-194
-86
-18
29
92
175
257
319
372
431
474
474
428
368
318
274
224
174
150
163
194
222
241
259
288
321
358
408
474
547
613
663
692
696
681
649
605
551
498
448
409
380
361
361
382
429
498
580
661
726
776
831
915
1026
1151
1264
1326
1268
1025
597
70
-453
-910
-1280
-1516
-1557
-1415
-1199
-1033
-944
-888
-821
-736
-617
-413
-96
269
577
755
809
761
606
354
49
-230
-436
-572
-672
-769
-874
-994
-1130
-1261
-1347
-1340
-1216
-984
-676
-334
5
306
538
691
771
808
837
879
933
976
975
910
779
596
380
154
-49
-198
-283
-321
-331
-321
-283
-232
-186
-159
-147
-142
-144
-158
-167
-139
-72
-2
18
-40
-166
-326
-491
-629
-720
-752
-732
-690
-662
-675
-724
-784
-823
-816
-756
-648
-503
-344
-203
-106
-55
-27
6
60
138
229
323
404
447
440
392
330
276
240
221
225
255
297
333
348
345
331
323
326
345
384
438
500
554
580
572
537
490
445
410
390
387
390
392
385
373
360
354
361
394
451
516
571
612
652
712
791
882
954
961
847
591
230
-164
-521
-799
-965
-998
-916
-783
-680
-658
-706
-784
-842
-841
-748
-557
-299
-36
162
250
231
127
-15
-155
-259
-309
-311
-294
-295
-343
-446
-591
-749
-878
-946
-936
-849
-706
-534
-363
-217
-103
-14
61
138
228
335
457
580
681
741
753
724
665
589
501
418
350
302
267
228
173
96
-3
-123
-243
-338
-386
-386
-355
-320
-300
-304
-332
-370
-399
-401
-380
-346
-314
-299
-304
-329
-365
-406
-441
-457
-440
-390
-326
-273
-244
-235
-234
-228
-207
-165
-104
-34
28
71
90
92
89
89
97
119
154
197
238
264
272
271
264
262
265
272
280
287
289
288
284
279
276
275
278
285
293
297
295
287
274
257
241
231
232
246
266
289
311
328
335
333
334
340
358
389
432
484
536
572
575
542
485
424
375
349
333
318
286
229
153
64
-27
-117
-207
-290
-360
-408
-436
-452
-473
-503
-547
-592
-625
-640
-639
-626
-605
-579
-552
-524
-500
-484
-474
-470
-465
-452
-428
-394
-348
-300
-251
-200
-148
-93
-40
7
50
88
128
172
225
284
347
403
447
475
488
490
479
466
455
451
451
445
429
399
352
295
232
171
116
70
31
-3
-35
-69
-115
-169
-228
-286
-335
-376
-408
-436
-457
-473
-484
-494
-503
-515
-526
-528
-520
-498
-471
-441
-409
-375
-335
-292
-249
-211
-173
-134
-90
-42
9
57
105
151
198
245
289
323
345
359
370
386
403
422
438
452
466
475
481
483
484
483
478
472
463
455
449
446
444
442
437
429
419
408
396
385
376
372
377
393
416
431
427
394
338
276
221
180
151
125
92
49
-8
-74
-149
-234
-325
-416
-498
-564
-612
-645
-669
-692
-719
-750
-778
-799
-803
-792
-764
-725
-680
-636
-592
-552
-515
-481
-449
-417
-381
-335
-282
-223
-165
-112
-66
-22
18
53
85
113
143
178
222
270
319
362
397
423
439
445
442
436
432
432
431
424
405
369
324
269
213
154
94
37
-17
-67
-114
-160
-208
-256
-305
-354
-401
-446
-487
-519
-541
-552
-556
-556
-559
-561
-559
-550
-537
-523
-504
-481
-448
-398
-340
-281
-230
-188
-152
-116
-75
-32
15
63
114
168
222
272
315
348
376
399
424
449
474
496
513
524
531
532
528
521
514
510
505
500
489
475
458
439
421
407
397
392
386
380
370
359
349
341
339
345
355
366
368
354
321
273
219
170
131
103
79
51
11
-39
-95
-157
-224
-293
-360
-425
-480
-521
-552
-576
-600
-627
-654
-678
-690
-687
-673
-651
-623
-592
-560
-524
-490
-456
-427
-395
-358
-314
-263
-206
-148
-94
-45
-3
33
67
99
129
161
197
234
275
317
357
392
421
441
451
455
458
460
463
464
458
443
418
384
343
299
252
199
143
85
28
-25
-77
-126
-174
-222
-269
-316
-361
-401
-431
-458
-477
-492
-505
-515
-521
-522
-520
-515
-508
-497
-477
-449
-414
-375
-333
-292
-252
-207
-163
-116
-66
-17
33
85
136
186
236
283
324
364
398
429
457
483
506
526
540
548
547
542
536
530
523
516
506
493
477
459
440
421
401
383
368
355
344
336
325
313
300
284
272
267
268
272
269
255
226
185
139
94
55
21
-13
-48
-85
-123
-163
-210
-266
-324
-384
-436
-479
-515
-545
-571
-594
-612
-629
-640
-647
-648
-641
-623
-598
-567
-536
-507
-476
-444
-412
-379
-345
-307
-266
-221
-171
-121
-75
-33
2
34
62
87
113
140
171
204
236
267
293
313
326
333
335
334
334
338
340
341
334
318
289
255
217
177
134
88
43
-2
-48
-95
-145
-198
-251
-299
-342
-382
-417
-450
-480
-502
-520
-530
-535
-539
-539
-532
-520
-503
-483
-462
-436
-404
-365
-320
-273
-228
-183
-138
-95
-48
-1
46
94
143
190
235
278
315
349
381
408
433
457
476
492
502
509
509
504
500
493
489
482
474
461
444
425
405
384
369
356
344
335
326
319
311
303
297
291
287
285
287
290
292
290
275
243
202
156
114
80
52
25
-7
-44
-86
-132
-180
-232
-285
-340
-388
-427
-457
-481
-502
-525
-550
-574
-592
-601
-600
-592
-575
-552
-526
-496
-465
-434
-401
-369
-336
-296
-254
-204
-153
-102
-53
-9
29
64
95
124
152
181
210
239
270
300
326
349
366
376
380
383
386
391
395
396
391
379
359
333
302
267
228
185
139
93
47
-1
-52
-105
-159
-208
-255
-298
-337
-375
-410
-439
-462
-480
-493
-502
-506
-502
-490
-474
-453
-430
-405
-375
-343
-306
-265
-222
-179
-134
-88
-43
3
47
92
133
175
216
257
296
333
365
392
411
429
443
457
468
475
477
474
469
464
455
446
432
416
400
384
369
354
339
325
314
304
298
292
287
284
282
282
283
284
287
294
304
313
317
309
286
251
213
177
142
111
77
41
2
-38
-81
-130
-186
-246
-303
-355
-397
-431
-464
-493
-521
-547
-571
-590
-604
-611
-611
-602
-585
-563
-540
-517
-496
-474
-450
-423
-392
-355
-312
-265
-216
-169
-125
-85
-49
-17
13
42
75
109
146
185
221
252
278
299
312
321
328
334
341
346
352
351
344
326
302
272
237
199
159
115
72
28
-15
-62
-110
-161
-215
-265
-311
-350
-386
-417
-446
-469
-486
-500
-513
-521
-524
-521
-511
-495
-473
-447
-419
-385
-348
-308
-268
-226
-184
-139
-95
-47
-1
47
92
136
180
222
262
296
328
356
382
406
426
443
456
464
469
471
471
470
467
460
450
440
427
412
398
380
361
342
326
314
304
296
288
278
269
262
258
256
257
257
262
269
276
274
260
234
200
164
131
103
74
42
7
-34
-77
-121
-170
-223
-276
-328
-371
-406
-434
-458
-483
-506
-526
-543
-556
-565
-565
-559
-544
-523
-499
-475
-453
-432
-411
-387
-358
-325
-286
-242
-196
-148
-103
-62
-24
10
43
74
107
141
177
214
248
280
305
326
341
349
354
359
362
367
370
369
361
346
323
297
265
230
193
154
115
74
33
-11
-58
-107
-155
-200
-240
-276
-313
-345
-375
-397
-414
-428
-439
-449
-454
-455
-448
-436
-419
-399
-377
-350
-318
-281
-243
-203
-164
-124
-82
-39
4
48
93
134
176
218
256
294
327
359
387
413
434
454
470
481
487
492
494
493
489
482
472
460
444
427
407
386
364
343
323
305
290
278
266
254
242
231
221
216
213
214
219
227
232
234
226
208
181
150
117
86
59
31
1
-35
-75
-118
-166
-216
-266
-318
-363
-400
-430
-455
-476
-497
-516
-535
-551
-561
-566
-563
-554
-537
-516
-491
-469
-449
-430
-411
-388
-360
-329
-291
-250
-207
-165
-124
-87
-55
-25
2
32
64
99
134
169
203
231
252
268
278
285
292
299
306
312
313
309
299
282
259
232
200
167
131
97
60
22
-19
-63
-111
-159
-205
-247
-284
-316
-346
-372
-396
-416
-433
-446
-457
-462
-464
-459
-450
-436
-417
-397
-373
-347
-320
-289
-255
-220
-182
-143
-103
-62
-21
21
62
103
143
181
217
253
286
316
344
371
395
417
436
452
464
471
474
473
470
464
456
444
430
411
391
370
350
330
313
297
284
270
260
250
240
229
222
217
216
219
226
234
242
248
242
228
205
173
140
111
83
55
25
-12
-52
-97
-144
-192
-240
-288
-332
-370
-400
-425
-448
-470
-491
-510
-525
-533
-535
-530
-519
-501
-479
-455
-430
-408
-387
-367
-344
-318
-287
-249
-210
-168
-125
-83
-45
-11
21
52
82
115
148
183
215
246
272
294
310
320
328
330
333
334
334
330
322
309
290
268
241
213
182
147
112
75
34
-7
-52
-97
-144
-188
-229
-267
-302
-333
-363
-388
-409
-427
-440
-450
-455
-455
-450
-439
-423
-401
-377
-350
-319
-286
-252
-216
-178
-140
-101
-59
-19
25
67
109
147
185
221
256
290
322
351
379
404
425
442
457
467
474
477
476
474
471
465
456
446
430
412
389
365
341
318
297
278
262
249
238
229
219
211
203
197
195
197
204
215
226
236
241
238
224
202
177
152
126
101
74
42
5
-36
-80
-129
-177
-228
-276
-320
-356
-387
-413
-439
-463
-487
-508
-523
-531
-533
-529
-517
-499
-480
-457
-436
-415
-396
-375
-350
-320
-288
-249
-209
-170
-131
-93
-58
-27
4
33
64
96
129
162
193
224
249
270
285
297
305
311
319
325
329
329
321
310
293
270
242
211
175
139
99
60
16
-28
-75
-120
-166
-209
-249
-287
-321
-354
-382
-406
-425
-441
-455
-465
-471
-472
-469
-460
-447
-430
-407
-382
-354
-323
-290
-255
-219
-182
-145
-104
-63
-21
20
62
102
140
176
210
243
272
299
326
350
372
390
405
416
424
429
431
431
429
424
416
406
391
376
358
338
319
299
280
263
247
235
225
216
207
202
196
193
192
195
203
212
223
231
233
226
210
188
162
135
109
82
55
20
-16
-59
-103
-149
-197
-246
-293
-333
-368
-396
-420
-441
-461
-480
-497
-508
-512
-509
-498
-482
-461
-439
-415
-393
-372
-353
-331
-308
-281
-249
-215
-179
-140
-103
-68
-35
-6
23
51
80
111
145
176
208
236
259
279
294
304
314
324
333
339
343
341
333
320
301
278
249
220
185
151
114
76
36
-7
-52
-97
-142
-183
-223
-258
-289
-316
-339
-359
-377
-392
-405
-414
-419
-418
-411
-397
-379
-357
-333
-306
-278
-249
-218
-187
-155
-123
-89
-53
-17
21
59
97
134
168
201
234
263
291
319
344
367
387
404
417
426
431
433
432
429
422
413
402
390
375
357
338
320
300
280
262
243
229
217
208
201
195
191
188
187
189
193
199
207
219
227
232
232
220
202
178
153
129
105
77
47
12
-28
-70
-113
-157
-205
-251
-295
-334
-366
-395
-420
-444
-465
-483
-497
-503
-504
-499
-489
-474
-454
-434
-413
-393
-374
-353
-330
-304
-275
-244
-211
-175
-140
-108
-76
-45
-15
15
45
77
109
141
171
200
224
244
260
271
282
292
300
307
311
309
303
292
276
255
229
197
165
130
92
53
11
-32
-75
-120
-164
-205
-245
-282
-316
-346
-371
-392
-410
-423
-434
-440
-442
-438
-429
-415
-394
-371
-343
-314
-284
-253
-222
-190
-157
-125
-94
-61
-30
3
34
67
98
130
160
189
217
244
268
292
313
332
347
360
369
374
376
374
369
362
353
341
327
311
295
276
258
240
222
206
191
180
170
165
163
162
162
163
165
170
180
191
206
220
233
241
241
233
215
191
167
143
120
94
64
30
-8
-50
-93
-138
-185
-230
-274
-312
-344
-371
-397
-419
-441
-461
-475
-484
-489
-487
-480
-468
-454
-435
-416
-398
-382
-364
-344
-320
-291
-259
-224
-186
-147
-111
-75
-40
-6
27
62
99
134
169
204
237
267
292
310
324
333
341
349
354
356
352
343
328
309
284
255
222
187
151
114
76
36
-9
-53
-98
-142
-182
-219
-251
-282
-311
-337
-357
-376
-391
-403
-412
-418
-418
-413
-403
-388
-370
-350
-327
-300
-271
-239
-208
-175
-142
-107
-72
-36
1
39
76
111
147
181
212
242
271
297
323
346
365
382
396
406
411
414
413
407
398
387
376
362
346
328
308
287
266
245
227
211
198
188
180
175
172
172
172
173
175
179
186
197
210
223
235
243
243
234
217
195
173
149
128
105
77
44
8
-31
-71
-114
-157
-202
-242
-278
-309
-335
-358
-383
-407
-428
-447
-459
-464
-465
-462
-455
-444
-430
-415
-397
-380
-363
-343
-320
-292
-260
-225
-189
-151
-115
-80
-45
-12
20
52
86
119
152
186
217
244
267
284
296
305
312
316
318
315
309
297
285
268
245
219
186
150
112
72
34
-7
-47
-88
-128
-166
-204
-240
-272
-303
-328
-349
-369
-384
-398
-409
-414
-415
-411
-404
-393
-378
-359
-336
-312
-286
-256
-226
-194
-161
-128
-94
-57
-20
17
55
91
125
157
186
214
240
264
286
307
324
341
353
362
366
367
366
363
355
344
332
319
303
287
269
252
232
212
194
177
161
150
141
135
131
129
129
129
131
135
141
152
165
181
198
213
223
225
218
203
183
164
146
128
109
85
54
18
-19
-59
-100
-144
-189
-231
-268
-299
-326
-350
-374
-397
-419
-435
-446
-450
-449
-444
-435
-423
-410
-395
-381
-365
-349
-329
-306
-280
-251
-218
-185
-153
-121
-91
-61
-32
-1
30
63
96
128
161
190
217
240
259
275
287
299
309
318
321
319
311
300
283
263
237
207
175
141
106
68
29
-12
-54
-96
-135
-170
-203
-234
-261
-285
-306
-323
-340
-352
-363
-368
-369
-364
-356
-346
-333
-317
-299
-278
-256
-233
-210
-186
-162
-139
-115
-87
-59
-29
2
35
68
100
131
160
188
212
237
258
280
301
319
334
347
357
362
367
368
364
359
350
340
329
317
304
290
275
261
249
237
227
220
215
214
214
213
212
212
215
221
228
237
245
254
261
263
262
253
237
217
195
172
152
129
100
68
33
-5
-44
-83
-123
-164
-206
-245
-278
-308
-334
-360
-382
-403
-419
-429
-435
-434
-431
-423
-413
-401
-389
-375
-361
-346
-325
-302
-274
-244
-213
-179
-147
-115
-83
-53
-24
4
36
67
99
131
160
187
211
232
248
260
271
277
281
281
278
271
259
245
225
204
178
148
118
86
53
19
-14
-50
-87
-123
-156
-187
-217
-243
-266
-288
-307
-323
-337
-348
-358
-362
-364
-362
-355
-345
-331
-313
-294
-271
-249
-223
-197
-169
-142
-114
-87
-58
-28
2
31
57
84
110
134
158
181
201
220
236
251
264
274
282
290
295
299
301
302
300
294
285
274
262
247
233
220
205
193
181
170
161
153
149
145
143
143
143
144
146
150
158
167
176
186
195
203
206
203
193
177
157
138
120
102
80
54
23
-11
-46
-82
-118
-157
-195
-232
-265
-293
-319
-344
-369
-390
-410
-424
-432
-435
-434
-430
-422
-412
-401
-386
-371
-355
-336
-313
-287
-258
-226
-194
-161
-126
-93
-61
-28
4
35
66
98
129
159
188
213
236
255
270
280
288
293
296
296
290
281
267
246
225
200
172
145
112
79
45
11
-26
-65
-104
-141
-177
-209
-237
-261
-283
-303
-321
-337
-348
-356
-360
-359
-353
-343
-329
-310
-289
-267
-243
-217
-189
-162
-132
-102
-72
-42
-14
14
43
71
96
122
145
169
191
211
230
246
262
275
289
301
310
319
325
330
331
333
331
324
315
302
288
273
259
243
228
214
198
184
173
162
153
146
143
140
141
143
146
149
156
165
175
186
198
208
217
222
221
211
196
180
160
142
123
101
76
46
14
-21
-58
-95
-133
-171
-208
-242
-269
-295
-317
-341
-361
-379
-391
-400
-405
-405
-402
-397
-389
-380
-367
-355
-340
-324
-306
-282
-256
-227
-194
-162
-130
-99
-68
-38
-10
21
51
81
112
142
171
196
216
231
242
249
253
255
255
251
246
235
221
202
180
156
128
101
72
43
13
-19
-49
-82
-115
-144
-173
-201
-224
-246
-265
-281
-295
-306
-314
-321
-323
-321
-316
-306
-294
-278
-261
-242
-220
-196
-171
-146
-121
-95
-69
-43
-18
9
34
58
83
106
127
148
165
181
197
211
224
236
248
258
267
271
275
275
276
272
266
259
249
239
226
212
198
184
171
156
144
131
122
114
108
105
104
103
104
106
110
116
123
131
140
150
161
171
180
185
185
177
166
149
131
114
97
78
55
28
0
-32
-65
-97
-132
-165
-198
-227
-254
-277
-297
-317
-336
-351
-363
-371
-373
-372
-368
-361
-352
-343
-333
-321
-310
-296
-279
-258
-235
-209
-182
-152
-123
-96
-68
-41
-16
10
35
64
92
120
147
171
192
208
221
230
236
240
241
238
234
225
214
198
179
158
135
110
85
58
31
2
-27
-55
-82
-108
-134
-157
-177
-197
-212
-226
-237
-244
-250
-254
-255
-254
-252
-247
-240
-230
-218
-202
-184
-166
-146
-126
-107
-87
-66
-45
-24
-2
21
45
68
91
111
132
151
169
186
202
217
231
241
250
258
262
265
265
263
260
255
248
241
231
219
207
194
182
169
157
146
137
129
124
122
121
121
122
123
125
129
132
139
145
153
162
172
181
191
196
197
193
184
170
152
134
114
94
74
53
30
5
-24
-54
-84
-115
-146
-176
-201
-227
-249
-267
-282
-295
-306
-314
-319
-320
-320
-316
-311
-305
-296
-287
-277
-266
-254
-238
-220
-200
-177
-153
-127
-103
-77
-53
-29
-5
18
41
63
87
107
128
147
164
177
189
197
201
203
201
196
189
178
165
149
132
113
91
69
45
20
-5
-30
-56
-80
-104
-127
-149
-170
-187
-203
-214
-223
-228
-230
-231
-231
-227
-224
-219
-212
-202
-190
-176
-160
-144
-125
-108
-90
-72
-54
-38
-21
-5
11
29
46
64
81
97
113
128
141
154
164
172
180
186
190
194
197
198
199
199
197
193
186
179
171
162
154
146
139
132
126
122
118
114
112
112
111
111
112
116
119
123
126
129
134
138
143
149
155
159
161
162
157
150
138
123
106
88
71
52
35
16
-4
-25
-48
-73
-99
-125
-151
-176
-198
-217
-234
-248
-262
-273
-282
-290
-295
-300
-301
-301
-299
-295
-290
-283
-274
-263
-251
-235
-219
-200
-179
-157
-134
-111
-88
-65
-42
-20
1
22
42
62
80
99
115
129
141
149
154
156
155
151
145
137
128
116
104
89
72
53
34
13
-8
-30
-51
-72
-91
-110
-128
-144
-158
-169
-178
-184
-188
-189
-189
-188
-186
-182
-177
-170
-162
-152
-139
-126
-112
-97
-82
-66
-51
-35
-20
-3
13
29
45
61
77
92
108
122
137
152
164
175
185
193
198
203
207
209
210
209
209
205
201
195
190
183
175
168
161
152
144
137
130
123
117
113
111
109
109
110
112
113
116
118
121
125
130
135
140
147
152
155
158
156
154
149
142
133
121
108
94
78
61
42
22
2
-21
-43
-65
-88
-109
-130
-149
-166
-183
-198
-211
-224
-232
-241
-246
-249
-251
-250
-247
-245
-240
-234
-227
-219
-209
-198
-184
-167
-151
-132
-113
-94
-75
-56
-38
-19
0
18
34
51
68
81
94
103
111
117
119
121
121
118
114
108
99
89
77
63
48
32
16
-2
-16
-34
-49
-64
-78
-92
-105
-117
-128
-138
-144
-150
-153
-155
-155
-153
-149
-146
-140
-133
-125
-117
-107
-98
-88
-77
-67
-57
-47
-36
-25
-15
-5
6
16
25
36
45
54
64
73
81
90
97
106
112
118
123
127
130
131
132
131
130
126
123
118
114
109
103
98
92
86
82
77
73
71
68
68
69
69
71
74
79
83
88
93
98
101
105
109
109
111
112
112
111
109
106
102
95
86
78
67
53
39
23
8
-7
-23
-39
-56
-73
-89
-106
-122
-137
-153
-167
-179
-191
-200
-210
-216
-221
-224
-225
-227
-225
-222
-218
-211
-202
-195
-185
-175
-162
-148
-134
-120
-105
-88
-73
-57
-40
-25
-10
5
20
33
46
58
68
77
84
90
94
96
97
95
91
88
83
77
70
61
53
43
33
23
11
1
-11
-22
-32
-43
-53
-62
-70
-77
-82
-89
-92
-97
-99
-101
-101
-101
-100
-97
-94
-89
-84
-78
-72
-64
-55
-47
-38
-29
-19
-9
0
9
19
28
37
45
54
62
70
77
85
91
96
100
103
107
110
111
112
112
113
112
111
110
108
106
104
101
98
95
93
92
90
90
89
89
89
88
90
90
91
92
93
95
97
98
101
102
104
105
107
108
108
108
107
105
103
101
96
93
87
81
74
66
59
50
41
31
21
11
0
-12
-23
-35
-47
-58
-69
-78
-88
-96
-103
-111
-117
-123
-128
-132
-136
-138
-139
-140
-139
-137
-135
-132
-128
-122
-117
-111
-104
-96
-88
-79
-69
-60
-49
-39
-30
-21
-11
-3
5
13
20
27
32
36
40
42
45
45
45
44
43
40
38
34
30
25
19
14
6
0
-7
-13
-20
-27
-32
-38
-43
-48
-54
-58
-62
-66
-70
-73
-75
-76
-76
-75
-74
-73
-71
-68
-66
-62
-58
-53
-48
-43
-36
-28
-21
-14
-7
1
7
14
21
28
36
42
48
54
60
64
67
71
73
75
76
77
79
79
79
79
77
76
76
75
73
72
70
69
68
65
64
62
60
58
56
54
53
51
49
48
48
46
45
44
43
42
41
41
40
39
38
38
37
36
35
33
31
29
27
24
22
18
15
10
8
2
-2
-8
-14
-19
-26
-31
-38
-45
-53
-58
-64
-71
-76
-82
-87
-92
-96
-100
-104
-107
-109
-111
-112
-112
-110
-109
-108
-105
-102
-100
-96
-92
-88
-84
-80
-74
-69
-63
-57
-51
-45
-38
-33
-25
-19
-15
-9
-4
1
5
9
13
17
20
22
25
26
28
28
28
26
25
23
21
18
16
12
8
5
1
-1
-6
-9
-13
-17
-20
-23
-27
-28
-31
-32
-34
-35
-35
-35
-35
-35
-33
-32
-31
-29
-27
-24
-20
-17
-13
-10
-6
-1
2
7
11
15
20
24
28
33
37
42
46
51
55
59
63
66
70
73
75
77
79
82
84
85
85
88
87
87
87
86
85
84
83
81
79
77
75
72
69
67
64
60
57
54
51
48
44
42
38
36
34
32
30
29
28
27
27
27
27
27
27
27
26
27
28
27
28
29
29
28
28
28
28
26
24
23
21
18
15
13
10
7
3
-3
-7
-12
-17
-22
-28
-34
-40
-45
-51
-56
-62
-65
-70
-74
-77
-78
-80
-81
-82
-82
-81
-80
-78
-75
-73
-69
-66
-62
-58
-53
-48
-44
-39
-34
-29
-24
-20
-15
-11
-6
-1
2
6
9
11
13
15
16
16
17
17
16
16
13
11
10
7
3
0
-3
-7
-11
-15
-19
-23
-27
-31
-35
-38
-41
-44
-46
-48
-51
-52
-53
-54
-53
-53
-53
-50
-49
-47
-44
-41
-39
-35
-32
-28
-25
-21
-16
-12
-8
-4
1
5
10
14
17
20
24
26
28
31
34
35
35
37
38
38
38
36
36
34
33
30
28
25
23
21
19
16
14
12
10
8
5
3
1
0
-1
-2
-3
-4
-5
-5
-5
-5
-5
-6
-5
-4
-5
-3
-2
-1
0
2
3
5
5
7
8
10
11
12
13
13
13
12
12
13
11
11
10
9
6
5
2
0
-2
-4
-7
-11
-13
-17
-20
-24
-27
-30
-34
-36
-40
-43
-45
-47
-50
-50
-53
-53
-54
-55
-55
-55
-54
-53
-51
-50
-47
-45
-43
-40
-38
-33
-30
-27
-24
-19
-16
-12
-9
-5
-2
1
5
7
10
13
15
17
19
20
21
22
22
23
24
24
24
22
23
21
20
19
18
16
15
14
12
11
10
9
6
5
4
3
3
1
0
0
-1
0
0
0
-1
0
1
1
2
5
5
6
8
10
11
12
15
16
18
20
22
23
26
27
28
30
30
32
33
34
36
36
37
37
38
37
38
39
38
37
38
37
37
36
35
35
34
33
31
30
28
29
27
26
25
24
24
22
22
20
19
19
18
16
16
15
13
12
10
9
8
7
5
4
3
3
2
0
-1
-2
-3
-5
-5
-6
-8
-9
-10
-11
-11
-11
-12
-12
-13
-14
-13
-14
-14
-13
-13
-13
-13
-14
-13
-12
-12
-12
-12
-13
-11
-13
-13
-13
-12
-13
-13
-14
-15
-15
-16
-17
-18
-19
-20
-21
-22
-22
-23
-23
-24
-25
-24
-25
-25
-26
-25
-26
-25
-26
-26
-24
-24
-23
-23
-22
-20
-20
-19
-18
-17
-16
-13
0
0
0
0
0
0
0
0
0
0
0
0
0
0
0
0
0
0
0
0
0
0
0
0
0
0
0
0
0
0
0
0
0
0
0
0
0
0
0
0
0
0
0
0
0
0
0
0
0
0
0
0
0
0
0
0
0
0
0
0
0
0
0
0
0
0
0
0
0
0
0
0
0
0
0
0
0
0
0
0
0
0
0
0
0
0
0
0
0
0
0
0
0
0
0
0
0
0
0
0
0
0
0
0
0
0
0
0
0
0
0
0
0
0
0
0
0
0
0
0
0
0
0
0
0
0
0
0
0
0
0
0
0
0
0
0
0
0
0
0
0
0
0
0
0
0
0
0
0
0
0
0
0
0
0
0
0
0
0
0
0
0
0
0
0
0
0
0
0
0
0
0
0
0
0
0
0
0
0
0
0
0
0
0
0
0
0
0
0
0
0
0
0
0
0
0
0
0
