0
0
0
0
0
0
0
0
0
0
0
0
0
0
0
0
0
0
0
0
0
0
0
0
0
0
0
0
0
0
0
0
0
0
0
0
0
0
0
0
0
0
0
0
0
0
0
0
0
0
0
0
0
0
0
0
0
0
0
0
0
0
0
0
0
0
0
0
0
0
0
0
0
0
0
0
0
0
0
0
0
0
0
0
0
0
0
0
0
0
0
0
0
0
0
0
0
0
0
0
0
0
0
0
0
0
0
0
0
0
0
0
0
0
0
0
0
0
0
0
0
0
0
0
0
0
0
0
0
0
0
0
0
0
0
0
0
0
0
0
0
0
0
0
0
0
0
0
0
0
0
0
0
0
0
0
0
0
0
0
0
0
0
0
0
0
0
0
0
0
0
0
0
0
0
0
0
0
0
0
0
0
0
0
0
0
0
0
0
0
0
0
0
0
0
0
0
0
-32
-58
-89
-124
-158
-188
-207
-212
-201
-182
-167
-156
-148
-130
-94
-36
34
99
150
182
198
210
227
248
271
287
289
269
226
169
108
59
27
11
-4
-33
-83
-140
-191
-215
-214
-192
-167
-150
-149
-152
-153
-142
-118
-82
-42
-4
25
40
43
42
47
64
91
119
136
134
117
99
86
82
81
81
73
59
46
32
17
-4
-26
-42
-47
-42
-34
-34
-47
-65
-83
-85
-72
-51
-31
-17
-9
-6
-6
-7
-3
9
34
71
103
112
93
56
23
17
41
74
88
62
3
-63
-109
-116
-100
-78
-64
-66
-79
-98
-115
-121
-102
-50
21
84
107
80
31
-1
17
79
145
173
141
74
10
-23
-22
-4
10
12
0
-21
-52
-90
-118
-121
-87
-35
7
8
-30
-80
-100
-70
-6
51
72
53
22
4
8
28
47
57
64
68
69
57
30
1
-10
1
26
43
35
0
-40
-62
-58
-40
-24
-20
-31
-47
-52
-49
-45
-42
-41
-34
-20
-3
7
2
-14
-27
-23
-1
27
43
41
21
7
4
13
27
38
38
31
26
22
13
-2
-20
-29
-24
-7
6
3
-22
-56
-71
-57
-18
21
38
31
8
-9
-8
7
18
21
20
21
22
11
-22
-65
-95
-88
-43
8
27
2
-44
-73
-59
-7
51
86
82
63
50
48
44
29
12
7
22
43
43
7
-55
-101
-101
-55
-3
19
3
-32
-54
-46
-16
10
19
18
21
35
43
29
2
-22
-23
2
37
51
30
-11
-42
-42
-15
13
26
19
4
-6
-5
-2
-5
-16
-19
-8
10
18
4
-26
-52
-59
-38
-4
16
11
-6
-18
-14
-1
12
18
19
25
41
60
64
44
14
-1
10
41
67
66
41
5
-15
-13
0
8
5
-3
-9
-11
-13
-26
-46
-59
-51
-22
7
12
-8
-38
-55
-41
-4
30
42
23
-3
-14
-5
11
21
16
4
-5
-4
2
3
-9
-21
-21
-6
9
16
6
-13
-20
-4
23
41
31
5
-14
-9
15
44
50
29
-1
-16
-6
19
35
33
20
6
1
2
-1
-9
-15
-11
4
17
12
-11
-40
-52
-35
-2
27
31
11
-17
-33
-28
-11
7
16
15
13
11
5
-3
-13
-18
-8
13
35
39
22
-7
-30
-35
-22
1
16
14
0
-17
-28
-34
-36
-32
-23
-6
11
21
13
-8
-30
-34
-15
22
53
62
45
19
0
-1
12
31
43
46
41
30
12
-9
-24
-28
-18
2
16
12
-13
-45
-64
-59
-32
-6
7
-2
-23
-40
-45
-36
-22
-9
-3
-1
0
-1
-4
-10
-11
-2
14
32
38
29
8
-10
-11
5
25
33
24
2
-13
-18
-8
3
8
1
-8
-11
-10
-10
-14
-23
-26
-17
-3
6
3
-12
-27
-27
-8
16
28
22
3
-12
-13
0
13
15
5
-7
-12
-8
0
-1
-11
-21
-21
-10
4
8
-5
-25
-37
-31
-12
3
3
-10
-24
-23
-9
6
9
1
-6
1
23
41
39
16
-13
-25
-9
16
28
17
-15
-43
-52
-41
-27
-21
-26
-32
-29
-21
-22
-33
-50
-53
-33
0
24
18
-15
-50
-63
-43
-6
21
20
-2
-26
-40
-35
-24
-14
-13
-11
-5
1
-1
-19
-43
-54
-42
-14
12
15
-9
-42
-61
-52
-18
16
31
21
4
-4
3
16
27
29
27
29
33
31
12
-15
-35
-32
-3
29
41
21
-12
-35
-26
9
46
65
60
43
32
30
35
39
42
50
66
88
100
97
84
76
87
116
146
165
164
153
143
141
145
147
143
138
137
141
146
146
136
120
106
102
106
113
113
108
92
70
48
27
9
-4
-15
-25
-41
-63
-91
-121
-146
-162
-168
-175
-185
-200
-217
-226
-231
-232
-235
-243
-253
-263
-270
-272
-271
-267
-260
-254
-251
-253
-258
-260
-248
-219
-179
-144
-125
-126
-133
-130
-111
-82
-55
-34
-23
-16
-12
-14
-20
-28
-32
-26
-13
1
10
7
-9
-34
-53
-59
-49
-27
-8
0
-3
-10
-13
-4
16
44
70
91
113
136
161
178
182
181
187
215
251
272
255
208
163
154
186
234
260
253
231
226
251
290
317
319
304
307
346
416
478
489
450
404
408
486
605
707
740
714
681
686
727
764
773
781
845
954
995
817
388
-121
-437
-401
-120
97
-21
-497
-1102
-1536
-1656
-1539
-1370
-1286
-1302
-1367
-1440
-1529
-1640
-1727
-1690
-1457
-1060
-651
-406
-402
-557
-680
-593
-261
200
603
819
841
763
698
699
757
821
875
927
981
1000
921
720
434
177
47
63
141
152
18
-241
-521
-718
-785
-766
-738
-744
-776
-786
-744
-672
-627
-629
-633
-568
-398
-169
19
95
77
50
84
187
299
363
371
365
384
432
465
445
376
302
269
288
320
315
251
149
52
-11
-33
-35
-36
-47
-68
-88
-92
-80
-69
-79
-110
-129
-103
-28
54
90
57
-4
-33
10
110
209
250
219
154
125
178
292
385
386
307
235
251
345
424
410
332
286
331
428
478
434
349
315
373
471
534
541
527
517
482
371
184
6
-62
7
133
179
60
-190
-451
-604
-616
-545
-485
-495
-563
-643
-704
-755
-808
-859
-875
-820
-702
-567
-474
-458
-494
-519
-473
-334
-141
39
153
193
191
187
199
216
228
232
244
270
295
289
236
145
56
10
24
81
137
149
110
46
-2
-10
15
48
71
80
83
89
98
103
99
94
91
94
103
113
116
109
89
60
32
11
0
-6
-14
-29
-52
-79
-99
-107
-105
-103
-107
-118
-127
-132
-129
-125
-122
-121
-121
-116
-106
-95
-90
-93
-98
-90
-66
-39
-26
-33
-51
-58
-46
-20
1
9
9
8
10
10
13
22
34
48
61
70
84
102
112
112
108
109
126
153
175
188
191
193
195
197
202
214
232
255
274
282
280
275
274
281
296
316
341
364
385
403
410
394
347
278
215
191
210
248
260
203
88
-42
-136
-179
-192
-210
-254
-321
-387
-442
-492
-551
-615
-665
-673
-634
-572
-526
-519
-535
-541
-502
-419
-314
-219
-152
-108
-78
-54
-34
-23
-15
2
37
85
129
146
127
89
61
62
87
119
136
136
124
111
102
97
93
84
67
48
39
50
70
75
52
5
-44
-69
-58
-28
-9
-22
-64
-108
-128
-119
-108
-115
-136
-144
-120
-82
-65
-85
-122
-131
-90
-23
17
7
-37
-70
-59
-16
17
13
-17
-44
-39
-16
0
-8
-25
-35
-34
-32
-37
-38
-26
-9
0
-7
-16
-11
3
12
6
1
19
57
91
103
99
102
120
142
151
153
160
188
231
269
285
276
256
251
278
332
382
406
398
388
396
422
452
479
511
555
593
585
501
368
249
199
223
273
281
208
56
-126
-286
-389
-428
-429
-439
-481
-557
-651
-742
-819
-873
-889
-856
-776
-680
-607
-581
-587
-584
-532
-417
-260
-101
17
77
93
89
92
118
165
220
274
309
321
299
254
201
165
159
189
240
282
287
239
164
104
89
111
139
148
134
109
69
13
-48
-87
-85
-54
-30
-36
-69
-111
-148
-177
-196
-185
-143
-97
-88
-126
-176
-194
-171
-132
-108
-95
-69
-32
-15
-39
-79
-86
-33
45
92
79
29
-4
3
31
45
28
8
9
30
42
18
-27
-56
-48
-15
7
6
-10
-23
-30
-28
-21
-4
19
38
55
77
107
128
131
128
144
186
230
248
249
253
280
302
308
311
344
411
475
497
484
478
501
537
557
568
599
655
689
647
526
376
262
209
200
201
177
98
-49
-243
-427
-541
-574
-571
-586
-649
-746
-842
-917
-965
-986
-976
-931
-851
-760
-678
-630
-609
-582
-512
-384
-215
-52
66
122
135
135
149
191
252
311
348
360
346
314
263
204
166
171
208
236
214
150
84
55
57
63
57
58
80
107
103
54
-9
-40
-27
2
3
-38
-89
-114
-103
-85
-97
-148
-204
-223
-189
-137
-117
-143
-190
-213
-193
-151
-124
-125
-146
-156
-141
-115
-93
-85
-90
-93
-79
-46
-11
0
-22
-48
-50
-26
-4
-3
-20
-34
-39
-53
-68
-52
7
66
57
-23
-95
-74
39
148
169
110
54
72
154
227
235
198
179
214
279
318
304
267
256
288
343
383
396
400
419
452
481
501
523
565
620
662
680
683
689
689
653
572
467
375
312
262
209
139
43
-93
-267
-447
-578
-633
-639
-661
-742
-867
-995
-1088
-1128
-1124
-1085
-1028
-970
-924
-893
-860
-807
-724
-603
-444
-268
-113
-4
54
89
135
203
291
383
461
504
498
455
408
388
393
402
392
364
336
314
284
236
183
148
141
149
152
137
110
78
50
29
17
4
-23
-73
-130
-169
-185
-184
-189
-207
-234
-263
-289
-308
-309
-282
-235
-197
-188
-210
-233
-232
-207
-178
-155
-128
-88
-54
-50
-80
-109
-90
-15
69
99
65
14
-8
-3
2
-3
-3
15
35
19
-27
-52
-24
23
27
-5
-15
37
108
134
97
61
96
191
264
267
249
265
309
336
332
342
403
494
540
506
452
466
565
675
724
714
704
736
804
862
879
869
853
828
770
676
562
448
349
269
195
107
-25
-211
-425
-610
-720
-757
-772
-831
-957
-1122
-1262
-1331
-1326
-1282
-1231
-1193
-1168
-1146
-1111
-1054
-963
-832
-669
-492
-324
-183
-77
0
73
171
304
451
570
627
625
593
568
563
576
594
602
576
507
415
334
290
277
265
242
206
166
121
61
1
-33
-29
-6
-1
-33
-89
-164
-266
-386
-465
-438
-306
-176
-180
-351
-568
-668
-575
-362
-177
-115
-175
-291
-388
-414
-353
-228
-102
-38
-46
-90
-130
-155
-176
-171
-93
62
203
208
51
-143
-213
-112
51
139
114
37
-19
-45
-56
-52
-4
81
145
141
91
65
91
135
162
194
265
356
385
319
227
228
354
515
589
550
479
465
520
605
686
762
828
860
856
864
932
1042
1107
1068
970
903
897
869
733
500
290
207
219
185
-4
-318
-632
-829
-886
-879
-898
-1007
-1197
-1403
-1540
-1563
-1501
-1426
-1393
-1402
-1409
-1372
-1288
-1183
-1068
-939
-782
-603
-423
-267
-146
-49
51
187
367
555
691
738
719
698
725
799
871
897
863
786
694
613
557
524
496
452
391
320
241
159
72
-2
-48
-66
-78
-108
-150
-199
-267
-386
-556
-704
-721
-579
-376
-288
-413
-680
-891
-872
-620
-288
-80
-95
-270
-451
-512
-419
-230
-36
94
128
75
-20
-93
-94
-8
124
243
298
273
177
50
-50
-64
35
187
267
198
26
-120
-134
-23
129
228
235
164
75
41
111
257
397
453
421
367
360
409
485
561
636
716
779
793
756
718
748
868
1036
1176
1245
1245
1210
1168
1139
1148
1213
1306
1332
1175
818
410
178
210
356
351
60
-421
-871
-1136
-1212
-1186
-1166
-1236
-1420
-1673
-1889
-1986
-1950
-1831
-1703
-1615
-1573
-1557
-1541
-1497
-1392
-1194
-912
-616
-399
-301
-277
-230
-85
163
455
696
819
822
771
758
826
957
1086
1150
1122
1017
884
778
721
708
706
677
590
445
279
135
40
-5
-28
-53
-106
-209
-350
-480
-548
-558
-580
-682
-842
-957
-937
-814
-722
-769
-917
-1023
-978
-797
-591
-455
-424
-466
-513
-490
-368
-200
-66
-5
10
20
36
47
57
91
162
247
290
248
144
53
37
88
149
187
201
174
80
-52
-110
-18
161
267
230
138
111
161
210
236
309
455
592
616
544
499
567
702
823
918
1031
1144
1183
1131
1098
1197
1418
1633
1730
1685
1546
1414
1391
1447
1401
1096
653
390
443
571
426
-50
-607
-995
-1172
-1209
-1172
-1179
-1387
-1817
-2256
-2443
-2333
-2115
-1982
-1988
-2077
-2168
-2176
-2045
-1806
-1543
-1310
-1101
-911
-768
-664
-531
-307
-17
272
509
671
743
741
766
910
1156
1378
1460
1401
1270
1145
1087
1117
1193
1214
1111
904
675
496
389
332
288
214
89
-78
-253
-406
-524
-595
-629
-670
-777
-959
-1155
-1267
-1245
-1136
-1045
-1053
-1144
-1233
-1225
-1091
-881
-687
-572
-544
-553
-529
-422
-242
-53
85
150
177
211
268
339
408
471
516
523
484
417
359
332
336
342
312
221
90
-14
-23
59
155
176
105
15
5
103
256
394
480
517
514
495
530
692
952
1182
1258
1203
1163
1261
1488
1721
1847
1869
1889
1987
2111
2140
2051
1965
1920
1744
1314
841
712
941
1058
665
-79
-701
-983
-1082
-1144
-1156
-1203
-1508
-2099
-2632
-2754
-2528
-2289
-2226
-2292
-2406
-2543
-2615
-2474
-2116
-1722
-1447
-1288
-1183
-1102
-988
-743
-345
74
363
499
551
591
683
896
1222
1525
1650
1582
1437
1338
1340
1434
1557
1598
1482
1238
982
795
691
650
625
533
328
58
-184
-345
-433
-478
-531
-668
-921
-1203
-1366
-1370
-1310
-1292
-1335
-1412
-1506
-1578
-1541
-1358
-1120
-959
-917
-932
-910
-794
-591
-351
-165
-87
-77
-50
42
182
337
473
548
538
483
457
488
532
534
487
401
286
162
70
34
33
26
-8
-65
-127
-160
-128
-27
91
173
219
259
324
420
548
696
856
1015
1166
1281
1354
1432
1582
1790
1962
2058
2130
2207
2239
2210
2207
2221
2026
1482
911
817
1196
1419
974
84
-641
-940
-1001
-1006
-975
-1055
-1508
-2269
-2849
-2881
-2566
-2351
-2392
-2546
-2723
-2919
-3015
-2827
-2392
-1980
-1772
-1699
-1646
-1572
-1425
-1093
-589
-124
114
153
156
250
476
838
1252
1537
1568
1422
1299
1324
1481
1684
1820
1792
1581
1305
1118
1076
1094
1073
967
764
483
194
-12
-91
-104
-180
-437
-864
-1271
-1438
-1320
-1131
-1143
-1417
-1774
-1979
-1931
-1681
-1372
-1182
-1206
-1370
-1465
-1332
-997
-629
-389
-318
-342
-341
-221
25
312
526
604
589
573
618
721
837
911
893
771
603
477
442
454
433
340
200
64
-32
-78
-67
-16
33
36
-8
-36
16
151
319
470
593
701
814
955
1146
1382
1613
1768
1819
1849
1986
2258
2511
2584
2509
2417
2272
1914
1448
1281
1567
1859
1575
754
-18
-381
-493
-580
-616
-650
-990
-1750
-2485
-2679
-2403
-2170
-2238
-2443
-2648
-2895
-3095
-2984
-2529
-2083
-1937
-1995
-2006
-1901
-1709
-1365
-852
-387
-197
-220
-198
4
332
720
1108
1365
1380
1254
1220
1376
1622
1824
1920
1860
1645
1408
1319
1382
1439
1369
1191
942
629
322
148
133
110
-81
-418
-753
-990
-1133
-1206
-1228
-1263
-1379
-1563
-1722
-1762
-1681
-1545
-1428
-1366
-1345
-1313
-1205
-1003
-751
-524
-374
-292
-213
-72
142
373
539
606
611
619
672
764
853
888
842
736
611
513
469
470
453
362
207
62
-20
-36
-17
15
21
-27
-92
-100
-20
117
273
430
561
646
719
858
1080
1329
1539
1693
1804
1912
2045
2177
2266
2335
2425
2407
2063
1490
1183
1442
1863
1744
979
147
-282
-397
-440
-440
-467
-823
-1600
-2336
-2519
-2247
-2039
-2132
-2359
-2598
-2891
-3119
-3014
-2581
-2189
-2103
-2188
-2219
-2166
-2025
-1681
-1139
-678
-538
-602
-579
-359
-9
415
834
1073
1037
900
927
1164
1448
1647
1722
1652
1461
1290
1262
1327
1340
1259
1134
957
691
397
203
141
103
-32
-285
-601
-891
-1065
-1101
-1080
-1126
-1279
-1480
-1631
-1669
-1588
-1443
-1327
-1304
-1336
-1318
-1183
-957
-717
-525
-403
-333
-254
-100
128
357
505
558
572
604
677
779
863
877
806
694
606
558
532
503
445
344
203
65
-16
-20
20
37
-12
-89
-116
-69
18
120
248
387
488
549
653
852
1084
1272
1409
1521
1633
1783
1979
2138
2183
2193
2247
2186
1805
1318
1253
1681
1957
1520
639
-3
-189
-199
-213
-208
-355
-926
-1744
-2209
-2085
-1797
-1780
-1982
-2193
-2445
-2759
-2863
-2557
-2110
-1930
-2013
-2086
-2062
-2009
-1818
-1356
-827
-595
-678
-744
-584
-275
94
510
837
885
725
676
897
1222
1454
1572
1587
1462
1265
1179
1267
1377
1356
1222
1046
827
581
401
343
320
196
-49
-334
-569
-715
-783
-824
-905
-1042
-1192
-1295
-1327
-1300
-1241
-1183
-1156
-1147
-1103
-987
-816
-635
-481
-365
-268
-163
-20
172
378
532
589
593
631
735
852
914
918
881
804
699
625
617
625
575
448
292
165
106
123
168
150
53
-46
-75
-42
37
175
335
421
416
445
600
824
1020
1175
1312
1422
1528
1679
1833
1909
1968
2074
2038
1629
1115
1114
1670
2005
1521
618
67
-21
-43
-98
-31
-75
-650
-1539
-1993
-1780
-1482
-1558
-1795
-1935
-2166
-2579
-2755
-2394
-1890
-1786
-1991
-2081
-2014
-1983
-1862
-1407
-855
-682
-876
-964
-737
-411
-114
250
589
625
409
352
635
997
1209
1322
1361
1214
951
883
1106
1325
1280
1056
834
632
435
332
357
346
156
-140
-393
-554
-640
-661
-677
-798
-1025
-1212
-1241
-1166
-1100
-1087
-1109
-1144
-1149
-1061
-876
-671
-533
-470
-423
-335
-191
-3
194
338
391
388
417
515
643
736
770
733
637
545
529
573
585
515
404
296
193
110
93
132
144
83
-3
-63
-71
-3
149
298
334
294
332
514
745
912
1015
1103
1209
1356
1527
1633
1655
1729
1904
1881
1419
911
1012
1635
1911
1341
469
40
46
47
-19
15
-75
-636
-1411
-1723
-1477
-1280
-1462
-1691
-1736
-1887
-2288
-2489
-2161
-1705
-1641
-1854
-1927
-1861
-1855
-1748
-1303
-800
-718
-965
-1017
-712
-348
-85
194
444
439
260
294
650
1023
1163
1139
1072
968
895
983
1173
1229
1067
856
722
625
527
474
442
325
100
-124
-264
-336
-382
-424
-522
-714
-908
-965
-878
-787
-795
-868
-929
-931
-851
-690
-509
-395
-361
-338
-253
-106
57
206
317
380
408
448
528
623
689
712
698
650
593
570
598
612
550
438
339
282
255
254
263
219
107
18
35
122
192
225
263
315
377
462
583
707
812
924
1067
1228
1359
1427
1440
1481
1642
1814
1691
1211
850
1089
1657
1746
1088
318
55
149
160
68
23
-178
-754
-1346
-1433
-1162
-1122
-1416
-1619
-1616
-1763
-2099
-2173
-1820
-1508
-1587
-1783
-1775
-1689
-1669
-1498
-1057
-715
-803
-1033
-944
-578
-271
-76
141
286
209
111
299
683
907
884
830
844
836
812
882
1005
1010
865
710
627
562
493
457
419
284
63
-112
-179
-193
-231
-328
-482
-653
-751
-721
-633
-607
-673
-758
-783
-725
-605
-472
-375
-336
-314
-258
-150
-9
127
218
258
285
331
396
468
537
572
542
468
424
438
473
478
439
361
256
170
152
192
213
156
49
-15
18
106
158
149
155
239
371
470
514
570
691
847
978
1077
1168
1224
1243
1331
1515
1534
1140
641
691
1313
1676
1172
288
-109
33
147
43
-24
-106
-550
-1208
-1438
-1131
-929
-1206
-1536
-1548
-1559
-1865
-2080
-1808
-1413
-1436
-1717
-1765
-1617
-1586
-1542
-1184
-763
-765
-1057
-1074
-711
-364
-204
-50
109
82
-31
89
444
685
679
630
654
645
597
657
811
850
716
582
531
476
402
397
431
349
133
-46
-101
-108
-142
-200
-292
-433
-550
-552
-484
-469
-522
-564
-559
-524
-451
-341
-249
-216
-207
-160
-60
57
159
226
262
287
325
368
414
467
515
522
466
384
342
376
431
420
316
194
137
146
161
148
121
85
36
8
47
139
210
226
244
319
434
537
631
736
841
939
1044
1149
1197
1219
1348
1544
1487
1036
635
836
1432
1606
1016
263
20
177
240
132
61
-79
-545
-1096
-1201
-903
-805
-1117
-1390
-1377
-1427
-1721
-1851
-1549
-1241
-1349
-1611
-1612
-1473
-1450
-1364
-1010
-694
-793
-1056
-980
-588
-285
-173
-62
49
18
-37
138
468
637
591
544
574
575
567
670
813
793
624
513
518
510
453
425
416
319
150
32
-1
-21
-60
-122
-230
-375
-451
-402
-326
-336
-416
-473
-468
-399
-284
-175
-129
-144
-142
-68
56
172
243
272
284
304
352
426
496
517
484
452
452
462
444
415
400
362
268
169
141
180
196
136
39
-27
-33
27
116
160
117
62
132
313
450
471
498
633
791
864
892
953
1039
1165
1349
1404
1079
587
555
1134
1587
1235
419
-18
98
256
204
142
71
-312
-907
-1150
-875
-646
-870
-1221
-1294
-1293
-1534
-1749
-1557
-1197
-1185
-1467
-1590
-1487
-1422
-1372
-1101
-762
-769
-1053
-1113
-789
-431
-284
-210
-122
-140
-221
-112
209
446
429
329
307
328
353
445
567
570
436
326
317
323
292
283
288
214
59
-55
-78
-74
-90
-132
-231
-385
-477
-414
-289
-270
-368
-461
-465
-389
-265
-149
-100
-126
-150
-97
25
158
246
271
259
261
315
405
487
521
499
451
421
435
464
467
432
370
295
233
216
227
211
153
99
74
50
30
64
138
158
106
101
216
358
431
483
565
629
661
743
888
991
1037
1123
1160
920
537
533
1042
1415
1061
319
-32
125
285
215
137
65
-288
-839
-1038
-739
-501
-736
-1110
-1206
-1198
-1378
-1519
-1302
-1000
-1071
-1386
-1479
-1311
-1198
-1147
-935
-685
-734
-988
-993
-649
-319
-219
-194
-146
-166
-209
-58
260
443
367
240
234
293
355
456
555
521
366
259
273
320
333
329
287
161
14
-35
6
30
-13
-102
-216
-324
-351
-268
-179
-198
-306
-389
-379
-284
-154
-51
-26
-70
-103
-47
97
252
336
334
302
305
367
463
546
580
557
507
467
465
501
545
538
455
354
305
307
314
305
284
246
180
118
116
192
274
264
180
151
258
420
518
545
550
547
573
699
877
955
941
981
1011
790
432
449
961
1311
934
201
-114
84
259
179
95
44
-277
-810
-1013
-711
-456
-672
-1035
-1122
-1111
-1299
-1432
-1183
-860
-951
-1297
-1389
-1197
-1068
-1019
-813
-579
-653
-918
-904
-537
-216
-148
-152
-117
-145
-187
-27
293
454
333
163
158
255
345
434
490
414
237
142
199
280
278
226
156
40
-76
-100
-41
-20
-88
-195
-294
-367
-369
-288
-216
-255
-373
-450
-418
-297
-162
-92
-119
-179
-176
-76
75
202
251
227
201
241
332
411
458
486
479
429
386
408
462
472
433
380
326
270
245
270
295
265
200
143
112
117
179
250
245
171
155
257
389
461
507
552
556
543
627
802
897
876
887
927
759
412
343
764
1140
860
159
-216
-62
140
71
-60
-128
-370
-826
-1062
-844
-586
-727
-1064
-1182
-1147
-1261
-1401
-1243
-940
-937
-1219
-1347
-1188
-1024
-966
-816
-600
-601
-808
-836
-530
-203
-109
-135
-122
-117
-126
3
273
430
329
164
152
255
346
410
443
376
218
127
180
265
262
192
116
19
-80
-103
-47
-19
-90
-218
-324
-372
-350
-268
-205
-247
-369
-451
-408
-268
-135
-89
-122
-168
-155
-62
84
207
251
222
204
255
352
432
479
498
488
447
417
446
509
533
488
406
337
313
341
393
396
318
220
184
213
253
293
338
350
284
226
306
497
639
650
607
604
662
769
874
925
944
982
931
668
391
494
924
1074
610
-2
-166
25
98
-23
-96
-174
-523
-977
-1049
-730
-573
-833
-1129
-1166
-1162
-1303
-1327
-1056
-837
-991
-1260
-1241
-1021
-904
-839
-649
-489
-594
-767
-639
-277
-48
-43
-56
-16
-17
-2
181
439
515
372
241
257
350
443
525
531
399
224
175
262
333
310
224
113
-12
-79
-44
15
-17
-135
-255
-337
-371
-328
-238
-217
-318
-442
-462
-368
-244
-157
-142
-182
-215
-172
-53
86
180
192
153
149
228
348
431
458
450
414
371
377
452
518
498
431
378
318
246
258
389
478
364
159
92
191
310
359
347
282
208
261
460
597
545
481
591
753
772
725
784
903
960
980
939
693
366
400
851
1084
635
-50
-256
-21
98
-45
-177
-280
-597
-1001
-1057
-769
-652
-932
-1231
-1257
-1224
-1336
-1377
-1163
-972
-1101
-1337
-1320
-1111
-984
-924
-765
-619
-688
-830
-714
-377
-146
-133
-151
-111
-88
-54
118
362
445
319
197
221
327
417
483
494
381
210
154
246
333
298
191
86
-12
-74
-53
3
-30
-159
-277
-333
-360
-353
-292
-258
-344
-481
-515
-412
-288
-225
-221
-255
-291
-261
-136
15
94
88
57
56
116
236
351
387
336
282
299
363
417
443
437
387
301
249
291
388
434
369
244
163
184
279
362
362
298
248
260
334
437
530
584
604
622
659
713
791
880
930
933
961
1002
886
581
415
672
1046
943
341
-135
-92
144
139
-52
-196
-370
-702
-955
-857
-634
-718
-1055
-1231
-1173
-1187
-1327
-1292
-1051
-975
-1194
-1360
-1227
-1010
-927
-853
-695
-640
-768
-801
-541
-214
-109
-153
-137
-73
-37
53
271
454
430
299
266
350
438
497
539
511
391
277
272
337
365
327
249
140
23
-22
28
67
4
-126
-235
-294
-303
-258
-204
-235
-354
-437
-405
-303
-218
-180
-187
-222
-232
-163
-28
88
118
88
73
117
207
303
371
384
347
310
319
385
464
498
451
358
305
331
384
399
367
328
301
269
236
240
295
349
334
274
258
335
455
538
567
581
612
663
735
832
904
898
878
947
1019
876
566
465
750
1026
822
285
-35
38
163
95
-36
-133
-348
-697
-871
-725
-588
-758
-1038
-1115
-1083
-1180
-1300
-1195
-990
-1008
-1214
-1290
-1147
-1009
-954
-846
-697
-698
-826
-797
-520
-257
-208
-244
-200
-123
-81
17
216
361
328
237
250
343
413
462
509
490
380
294
320
384
376
306
230
152
69
25
32
20
-60
-171
-260
-325
-355
-328
-296
-345
-470
-551
-512
-408
-329
-303
-325
-367
-360
-258
-111
-25
-17
-23
3
51
124
222
297
290
239
236
292
352
384
392
361
294
248
270
325
348
315
250
185
165
214
286
289
211
153
191
283
359
390
405
442
514
589
627
654
735
852
893
850
857
946
922
687
510
671
952
878
426
73
90
205
131
-21
-88
-215
-529
-798
-762
-604
-668
-923
-1072
-1078
-1146
-1260
-1210
-1022
-991
-1179
-1306
-1202
-1035
-967
-907
-784
-737
-829
-849
-636
-359
-256
-287
-273
-195
-130
-33
141
288
291
228
243
328
401
456
512
521
444
361
368
428
446
397
320
241
166
122
117
104
39
-65
-167
-237
-261
-249
-246
-300
-398
-472
-464
-398
-333
-312
-334
-366
-355
-276
-161
-77
-48
-49
-36
20
119
218
260
246
244
289
340
356
366
393
403
371
338
335
345
359
380
368
284
195
205
300
354
313
238
204
225
288
370
434
452
456
503
591
672
716
752
796
827
862
947
1023
933
671
513
676
947
918
540
185
107
170
161
81
-7
-176
-462
-687
-689
-592
-639
-829
-963
-1003
-1080
-1185
-1152
-993
-947
-1097
-1221
-1160
-1027
-954
-879
-759
-720
-810
-832
-644
-395
-288
-288
-264
-216
-180
-83
116
284
286
206
212
319
424
481
520
532
485
420
408
454
489
469
399
300
206
165
181
180
106
-21
-133
-197
-216
-205
-213
-283
-397
-473
-460
-391
-335
-329
-366
-405
-389
-304
-187
-111
-95
-101
-80
-16
75
164
219
227
215
226
275
332
377
395
369
307
273
327
406
400
302
225
234
276
281
252
226
203
196
219
256
257
227
243
334
436
472
463
483
563
670
739
746
726
761
874
958
864
621
493
646
871
829
500
187
91
121
125
88
3
-206
-513
-713
-690
-600
-656
-834
-972
-1038
-1122
-1198
-1148
-1017
-1002
-1133
-1225
-1174
-1072
-1003
-915
-807
-791
-870
-865
-688
-483
-389
-365
-328
-292
-254
-143
45
181
186
142
160
242
337
419
471
457
395
363
393
435
436
403
356
288
208
168
171
152
81
-13
-98
-167
-209
-208
-208
-270
-376
-443
-433
-389
-354
-347
-364
-385
-372
-307
-222
-157
-117
-101
-85
-31
65
144
171
188
227
259
268
299
365
402
366
308
305
349
381
369
326
274
232
226
262
289
249
167
125
164
216
225
216
230
252
272
322
408
483
521
562
636
711
744
738
764
872
993
960
735
546
624
855
895
634
320
181
172
167
142
99
-60
-363
-623
-645
-528
-530
-707
-879
-958
-1033
-1118
-1089
-954
-919
-1055
-1169
-1121
-1017
-962
-892
-777
-743
-822
-845
-694
-492
-394
-370
-340
-305
-269
-169
2
136
158
132
150
223
312
403
473
477
414
368
405
487
521
474
385
303
259
261
278
243
139
21
-57
-89
-102
-122
-166
-244
-330
-377
-379
-358
-335
-329
-353
-384
-377
-317
-242
-184
-147
-132
-121
-74
20
107
148
168
198
228
252
294
355
390
376
345
333
341
366
387
377
324
277
269
268
251
249
261
233
157
124
180
247
237
191
197
251
304
359
442
511
525
535
619
751
828
818
802
866
953
924
761
646
735
899
848
540
263
221
281
245
129
24
-144
-416
-609
-570
-470
-570
-811
-952
-976
-1035
-1115
-1074
-976
-1015
-1167
-1215
-1111
-1020
-999
-945
-847
-830
-890
-857
-685
-521
-472
-462
-418
-367
-316
-196
-22
77
51
19
86
216
318
382
416
403
354
350
425
504
500
421
345
302
273
250
232
191
108
14
-56
-107
-150
-186
-215
-267
-349
-421
-443
-426
-406
-408
-436
-470
-476
-430
-347
-276
-252
-263
-255
-195
-98
-6
47
64
67
88
140
219
283
297
265
240
250
288
325
331
292
233
200
211
238
232
179
123
106
121
121
98
90
118
137
118
105
156
249
321
357
402
471
529
575
654
785
896
900
842
853
964
1022
918
778
789
887
833
598
407
379
366
237
82
3
-98
-311
-500
-533
-518
-638
-832
-926
-933
-1001
-1108
-1119
-1055
-1074
-1181
-1213
-1128
-1054
-1046
-1017
-941
-901
-902
-842
-705
-596
-556
-516
-436
-358
-289
-187
-58
29
63
98
167
248
331
421
486
490
464
474
531
581
584
553
507
450
402
380
370
333
250
146
54
-5
-29
-49
-104
-200
-301
-353
-353
-334
-334
-367
-410
-432
-416
-361
-296
-254
-253
-259
-224
-141
-61
-12
22
56
77
94
145
225
278
269
236
234
264
293
308
306
292
254
211
192
209
238
234
188
132
99
104
138
175
177
142
128
180
249
267
258
309
421
514
552
587
650
710
753
830
952
1040
1041
1002
969
935
909
944
1018
981
766
524
435
449
410
286
148
-1
-201
-390
-458
-450
-517
-691
-862
-965
-1033
-1078
-1077
-1061
-1115
-1224
-1286
-1245
-1165
-1106
-1064
-1030
-1017
-1009
-943
-798
-654
-578
-551
-513
-444
-341
-206
-71
7
29
59
133
226
314
392
452
468
460
475
522
561
575
575
554
499
435
407
415
399
322
210
118
64
37
8
-45
-136
-240
-305
-312
-297
-309
-360
-416
-443
-433
-395
-355
-339
-352
-366
-348
-290
-216
-165
-159
-168
-145
-88
-29
9
30
32
15
19
66
116
109
61
40
63
84
70
49
51
63
60
34
12
22
63
91
77
54
67
112
154
178
209
257
293
314
353
432
531
604
636
656
692
752
830
906
953
971
989
986
916
808
792
898
964
831
565
359
280
261
234
171
19
-246
-510
-624
-600
-595
-705
-880
-1041
-1156
-1206
-1173
-1114
-1127
-1222
-1302
-1286
-1203
-1116
-1041
-980
-950
-943
-896
-771
-620
-503
-436
-396
-355
-286
-166
-23
84
129
146
178
248
347
443
498
501
484
494
535
585
611
597
552
508
480
460
440
418
382
312
215
137
101
84
51
-12
-99
-180
-233
-244
-241
-262
-313
-364
-384
-377
-359
-338
-328
-340
-358
-348
-300
-249
-216
-198
-188
-186
-170
-117
-49
-20
-32
-38
-14
14
37
75
103
83
36
33
79
120
131
131
114
70
55
122
218
230
164
138
198
276
301
291
300
338
389
442
475
477
489
549
626
656
647
667
731
792
813
811
804
797
812
872
918
852
685
566
594
685
672
509
295
138
68
53
41
-38
-216
-436
-583
-612
-602
-650
-762
-882
-968
-1017
-1023
-994
-974
-1001
-1049
-1060
-1017
-949
-877
-808
-758
-737
-709
-632
-513
-404
-325
-269
-222
-173
-97
14
123
186
206
224
274
353
438
486
487
471
479
513
545
557
544
510
462
427
418
419
391
319
229
162
135
119
77
11
-62
-128
-181
-215
-232
-254
-295
-345
-380
-395
-394
-389
-388
-397
-411
-407
-377
-338
-312
-307
-303
-279
-238
-201
-179
-160
-126
-95
-86
-87
-65
-13
29
29
6
16
66
104
102
97
119
143
145
151
183
210
209
208
231
248
246
260
299
320
300
279
298
343
371
368
356
358
373
397
423
443
443
427
440
496
532
500
448
456
505
529
526
505
432
315
264
326
386
309
134
3
-49
-80
-113
-145
-215
-354
-498
-561
-562
-582
-641
-699
-753
-821
-875
-859
-803
-784
-816
-845
-834
-797
-736
-652
-585
-569
-566
-514
-412
-311
-235
-180
-139
-101
-36
56
143
199
233
260
282
315
370
421
439
423
405
395
392
393
392
374
328
272
226
195
169
144
105
49
-15
-66
-98
-122
-144
-170
-209
-261
-300
-306
-294
-301
-324
-342
-350
-351
-341
-313
-291
-298
-313
-292
-241
-201
-188
-182
-169
-149
-115
-72
-38
-27
-19
1
25
41
63
94
116
115
110
125
153
175
190
200
200
190
196
234
276
278
250
238
265
302
317
314
310
312
321
336
350
358
363
369
372
379
396
413
424
433
444
452
453
462
485
502
498
477
450
444
477
505
447
313
231
274
341
297
152
15
-56
-72
-63
-79
-171
-317
-421
-440
-433
-464
-515
-562
-614
-665
-676
-644
-615
-620
-637
-639
-623
-586
-523
-455
-423
-420
-397
-337
-266
-206
-155
-108
-83
-66
-25
40
94
121
135
145
156
182
222
249
244
227
224
227
229
233
234
211
176
155
149
133
105
82
60
30
-6
-32
-51
-69
-89
-108
-137
-168
-181
-177
-176
-188
-204
-216
-219
-211
-192
-175
-173
-182
-185
-171
-147
-125
-115
-113
-113
-109
-94
-77
-64
-60
-58
-54
-45
-36
-27
-15
-4
6
13
22
39
58
75
86
98
111
121
131
152
177
191
186
184
201
229
241
234
231
247
269
278
268
266
284
316
335
334
327
328
352
394
424
417
397
406
441
462
447
421
412
425
443
431
351
240
204
274
325
230
46
-75
-77
-37
-36
-101
-231
-369
-430
-396
-359
-403
-506
-587
-616
-615
-597
-582
-596
-635
-659
-644
-609
-573
-536
-504
-494
-498
-471
-406
-335
-285
-255
-239
-230
-201
-133
-53
-12
-17
-27
-7
38
88
128
143
127
111
123
162
195
201
188
166
153
156
173
179
164
137
113
93
80
74
67
46
11
-22
-48
-65
-74
-83
-104
-140
-174
-192
-194
-190
-192
-206
-230
-247
-244
-223
-205
-200
-203
-208
-203
-185
-159
-139
-131
-131
-128
-115
-93
-69
-55
-53
-51
-43
-21
2
19
26
31
42
60
83
103
118
130
142
160
182
201
218
231
248
264
279
293
309
328
344
349
354
366
380
391
397
403
405
403
406
416
422
418
410
408
408
406
402
396
385
372
356
337
320
313
305
269
204
156
150
155
116
38
-33
-72
-91
-109
-140
-194
-264
-314
-328
-329
-350
-387
-423
-446
-455
-455
-450
-450
-458
-460
-447
-430
-414
-393
-364
-339
-322
-303
-273
-233
-194
-161
-139
-124
-102
-66
-27
0
14
24
36
56
77
94
103
101
103
113
120
117
108
107
109
107
97
83
70
61
58
52
38
16
-5
-14
-17
-26
-45
-69
-87
-98
-102
-107
-117
-131
-147
-153
-153
-149
-146
-147
-148
-147
-143
-136
-124
-115
-108
-102
-95
-84
-70
-55
-45
-39
-32
-21
-4
11
23
29
38
46
59
76
91
101
107
116
129
145
160
171
179
188
199
212
222
231
240
251
256
259
264
274
281
280
279
280
279
278
277
276
267
258
253
250
245
234
219
208
201
196
189
179
164
148
135
124
112
102
92
76
44
11
-3
-1
-10
-43
-82
-112
-129
-137
-143
-159
-192
-226
-242
-242
-242
-255
-273
-288
-300
-302
-297
-293
-301
-311
-310
-302
-294
-288
-282
-275
-272
-267
-255
-239
-227
-218
-209
-200
-191
-178
-164
-148
-139
-130
-119
-111
-102
-93
-82
-74
-70
-64
-59
-57
-55
-49
-43
-42
-47
-49
-47
-45
-44
-46
-51
-57
-60
-58
-56
-60
-67
-72
-73
-73
-71
-69
-70
-72
-72
-68
-62
-59
-54
-53
-50
-47
-43
-38
-31
-29
-26
-23
-21
-16
-10
-4
0
3
5
12
19
27
33
38
43
47
55
64
70
75
80
85
89
97
103
109
114
117
122
128
134
140
146
152
160
166
172
178
183
189
196
205
210
211
211
216
221
225
227
225
220
218
221
227
228
221
214
210
213
217
219
214
205
198
196
197
194
185
175
165
151
137
127
118
106
87
65
42
24
11
-1
-17
-41
-67
-87
-99
-108
-118
-134
-153
-169
-179
-181
-184
-190
-199
-209
-212
-211
-205
-202
-202
-204
-203
-198
-186
-176
-167
-163
-159
-152
-139
-124
-110
-101
-93
-86
-75
-59
-43
-33
-28
-26
-18
-8
4
12
15
13
12
16
23
29
28
24
18
14
15
19
19
14
7
2
0
1
2
0
-6
-11
-13
-13
-12
-13
-17
-21
-24
-27
-27
-27
-29
-31
-37
-39
-38
-37
-37
-38
-39
-39
-38
-35
-31
-29
-28
-25
-22
-17
-13
-8
-4
0
4
9
16
23
28
32
37
44
52
59
66
72
77
83
90
97
105
109
113
118
123
128
131
135
138
140
141
143
143
143
142
141
139
136
132
127
125
120
115
110
102
95
87
82
76
69
59
50
42
34
28
22
13
4
-5
-11
-17
-24
-31
-40
-47
-55
-62
-70
-76
-82
-88
-95
-104
-110
-116
-119
-121
-125
-131
-136
-139
-140
-137
-136
-137
-139
-140
-138
-134
-129
-125
-123
-122
-119
-115
-109
-104
-99
-96
-92
-89
-84
-79
-74
-69
-65
-63
-60
-56
-51
-46
-41
-39
-38
-37
-33
-29
-24
-22
-22
-22
-22
-19
-17
-14
-16
-18
-19
-20
-20
-19
-20
-22
-25
-27
-28
-28
-28
-29
-33
-34
-33
-33
-32
-31
-31
-30
-30
-28
-25
-23
-20
-18
-17
-14
-11
-7
-3
0
3
5
7
12
17
21
24
26
30
33
38
42
46
49
52
55
58
62
65
68
71
72
75
76
79
82
84
85
86
87
89
90
91
92
92
91
92
93
92
92
91
90
90
89
87
87
83
81
78
78
76
73
70
67
64
63
61
58
55
52
51
51
49
48
47
46
46
46
47
47
46
46
49
50
52
51
51
52
53
55
55
53
51
49
50
50
48
45
39
34
31
29
26
20
12
5
0
-4
-7
-13
-22
-30
-35
-39
-42
-47
-52
-57
-62
-65
-66
-69
-71
-74
-76
-76
-77
-77
-76
-77
-76
-76
-75
-74
-72
-71
-69
-68
-67
-66
-64
-61
-60
-58
-56
-55
-54
-51
-49
-47
-46
-44
-42
-40
-38
-34
-33
-32
-30
-28
-26
-24
-21
-19
-18
-16
-14
-12
-10
-9
-7
-5
-4
-3
-2
0
1
2
2
3
4
4
5
5
6
6
5
5
4
3
4
4
3
2
1
1
0
0
-1
-3
-3
-5
-5
-5
-7
-8
-9
-10
-11
-12
-12
-13
-14
-14
-15
-15
-14
-14
-14
-13
-13
-12
-11
-10
-9
-7
-5
-3
-1
1
4
7
10
13
16
18
22
26
29
32
34
37
39
42
44
47
48
49
50
51
52
53
53
51
50
48
48
46
44
41
37
35
32
29
25
22
18
14
11
8
3
1
-3
-6
-9
-12
-14
-17
-21
-22
-24
-25
-27
-28
-30
-31
-31
-32
-32
-34
-33
-34
-34
-35
-35
-36
-38
-38
-40
-41
-43
-45
-48
-50
-52
-55
-59
-62
-66
-70
-73
-76
-79
-83
-85
-89
-91
-94
-95
-95
-97
-97
-96
-95
-92
-90
-85
-80
-76
-70
-62
-56
-48
-40
-30
-23
-13
-4
5
13
23
32
38
45
51
57
62
65
68
71
71
70
70
68
64
61
55
50
45
40
34
27
20
16
10
5
2
-2
-5
-6
-7
-7
-6
-3
0
5
11
16
23
31
39
48
59
67
77
85
94
103
110
117
123
129
133
136
139
140
140
139
137
134
130
125
118
112
104
97
89
80
72
63
53
46
37
30
22
14
7
1
-5
-10
-16
-20
-24
-27
-30
-33
-36
-38
-40
-42
-43
-46
-46
-49
-50
-52
-53
-55
-57
-58
-60
-61
-63
-65
-67
-68
-68
-70
-71
-71
-71
-70
-70
-69
-68
-66
-63
-61
-58
-54
-50
-47
-42
-37
-33
-28
-23
-18
-12
-8
-3
1
6
10
13
17
20
22
24
26
27
28
29
29
28
28
26
25
24
22
21
19
17
16
14
12
11
9
9
7
6
6
6
6
6
7
7
7
7
8
9
10
12
12
13
14
16
16
17
17
18
18
18
18
19
18
18
17
16
16
15
14
13
11
10
8
5
3
0
-2
-4
-7
-10
-13
-18
-22
-26
-29
-34
-38
-43
-47
-52
-56
-60
-65
-68
-72
-76
-79
-81
-85
-87
-88
-90
-90
-90
-91
-90
-90
-87
-87
-85
-83
-80
-77
-74
-71
-68
-64
-62
-58
-56
-53
-50
-47
-45
-43
-40
-39
-36
-35
-33
-30
-28
-26
-25
-23
-20
-18
-15
-12
-9
-6
-2
2
4
10
13
19
23
27
32
37
42
47
51
56
59
63
67
70
74
76
78
80
83
84
85
86
86
87
87
86
87
87
86
87
85
85
85
85
84
84
83
83
83
82
82
81
81
79
78
76
75
72
69
66
63
58
54
49
43
37
31
24
16
7
-1
-9
-18
-28
-37
-47
-56
-66
-75
-85
-94
-103
-111
-119
-125
-132
-137
-142
-146
-149
-151
-152
-152
-152
-151
-148
-144
-141
-136
-131
-124
-118
-110
-103
-95
-87
-78
-69
-61
-52
-43
-34
-26
-17
-8
0
8
17
26
34
41
51
58
66
74
83
90
98
104
112
119
124
130
135
140
144
147
150
152
153
153
153
151
150
147
144
139
135
130
125
118
113
105
98
91
85
79
73
67
61
56
51
47
41
39
36
33
29
27
26
24
22
20
20
18
15
14
11
10
8
5
3
0
-3
-5
-9
-11
-14
-16
-18
-20
-21
-22
-23
-22
-21
-19
-18
-15
-12
-9
-6
-3
-1
2
6
9
11
13
13
15
14
13
12
10
6
3
-1
-6
-12
-19
-24
-30
-37
-43
-49
-56
-61
-66
-70
-74
-77
-79
-83
-83
-84
-84
-83
-82
-81
-80
-77
-75
-73
-71
-69
-67
-66
-64
-63
-62
-62
-61
-61
-62
-62
-63
-63
-65
-67
-68
-70
-71
-73
-73
-75
-76
-77
-79
-79
-79
-79
-78
-78
-78
-78
-76
-75
-74
-72
-69
-68
-66
-64
-61
-59
-56
-54
-52
-50
-48
-45
-42
-41
-39
-38
-36
-35
-33
-32
-32
-31
-31
-29
-29
-29
-27
-26
-23
-20
-18
-13
-9
-3
3
10
18
27
37
49
60
74
86
100
115
129
142
156
170
183
195
206
216
224
231
236
238
239
238
234
229
221
211
199
186
170
155
137
118
100
80
62
43
25
6
-9
-26
-40
-53
-64
-74
-82
-88
-94
-96
-98
-97
-96
-95
-92
-89
-87
-83
-79
-75
-73
-72
-69
-67
-68
-68
-71
-73
-76
-80
-85
-90
-97
-103
-108
-114
-119
-125
-128
-131
-133
-135
-134
-133
-129
-124
-119
-110
-102
-92
-81
-69
-55
-43
-30
-15
-2
10
24
35
47
57
66
73
80
85
88
91
92
93
91
89
86
82
77
72
68
62
57
52
47
42
39
35
32
30
29
28
26
27
27
28
29
31
33
35
37
39
40
42
43
43
45
43
43
41
39
37
33
30
26
22
18
13
9
4
0
-6
-8
-12
-16
-19
-20
-22
-24
-24
-24
-24
-23
-21
-20
-17
-14
-11
-8
-4
0
5
8
12
17
22
26
30
34
38
40
44
47
50
52
55
57
59
61
62
64
64
65
66
66
67
66
64
64
63
62
60
58
54
51
48
43
39
35
28
22
17
10
3
-5
-11
-20
-27
-35
-43
-51
-58
-65
-72
-79
-86
-91
-97
-102
-106
-110
-113
-116
-117
-119
-119
-119
-119
-118
-115
-113
-110
-107
-103
-99
-94
-90
-85
-80
-75
-68
-63
-56
-50
-44
-37
-32
-25
-20
-13
-6
0
5
11
17
21
26
30
34
38
41
44
46
48
50
51
51
50
50
50
48
47
45
43
41
39
37
35
33
31
30
27
25
25
23
22
22
21
20
19
17
17
17
17
16
16
14
15
13
12
11
12
10
10
8
7
7
6
5
4
3
2
2
1
1
-1
-2
-3
-4
-4
-5
-7
-9
-9
-13
-14
-17
-19
-20
-23
-24
-26
-28
-29
-31
-32
-33
-33
-34
-32
-32
-30
-28
-27
-24
-20
-16
-13
-8
-4
1
5
9
14
18
22
26
29
31
32
35
35
36
35
35
33
30
29
26
22
20
16
12
8
4
0
-4
-6
-10
-13
-16
-19
-20
-21
-22
-23
-24
-23
-24
-23
-22
-21
-20
-19
-18
-15
-14
-12
-11
-10
-7
-6
-3
-4
-2
0
1
3
4
5
7
8
9
11
12
13
13
14
15
15
16
16
16
16
15
15
15
15
14
14
14
12
10
9
8
6
5
4
2
0
0
-2
-3
-4
-5
-6
-7
-9
-9
-10
-11
-12
-12
-13
-12
-13
-12
-13
-13
-12
-12
-11
-11
-10
-9
-8
0
0
0
0
0
0
0
0
0
0
0
0
0
0
0
0
0
0
0
0
0
0
0
0
0
0
0
0
0
0
0
0
0
0
0
0
0
0
0
0
0
0
0
0
0
0
0
0
0
0
0
0
0
0
0
0
0
0
0
0
0
0
0
0
0
0
0
0
0
0
0
0
0
0
0
0
0
0
0
0
0
0
0
0
0
0
0
0
0
0
0
0
0
0
0
0
0
0
0
0
0
0
0
0
0
0
0
0
0
0
0
0
0
0
0
0
0
0
0
0
0
0
0
0
0
0
0
0
0
0
0
0
0
0
0
0
0
0
0
0
0
0
0
0
0
0
0
0
0
0
0
0
0
0
0
0
0
0
0
0
0
0
0
0
0
0
0
0
0
0
0
0
0
0
0
0
0
0
0
0
0
0
0
0
0
0
0
0
0
0
0
0
0
0
0
0
0
0
