0
0
0
0
0
0
0
0
0
0
0
0
0
0
0
0
0
0
0
0
0
0
0
0
0
0
0
0
0
0
0
0
0
0
0
0
0
0
0
0
0
0
0
0
0
0
0
0
0
0
0
0
0
0
0
0
0
0
0
0
0
0
0
0
0
0
0
0
0
0
0
0
0
0
0
0
0
0
0
0
0
0
0
0
0
0
0
0
0
0
0
0
0
0
0
0
0
0
0
0
0
0
0
0
0
0
0
0
0
0
0
0
0
0
0
0
0
0
0
0
0
0
0
0
0
0
0
0
0
0
0
0
0
0
0
0
0
0
0
0
0
0
0
0
0
0
0
0
0
0
0
0
0
0
0
0
0
0
0
0
0
0
0
0
0
0
0
0
0
0
0
0
0
0
0
0
0
0
0
0
0
0
0
0
0
0
0
0
0
0
0
0
0
0
0
0
0
0
56
58
61
64
66
69
72
72
75
77
79
79
81
82
83
83
83
84
83
83
82
81
80
77
75
73
70
67
64
61
57
52
47
43
36
30
23
15
9
1
-7
-16
-25
-33
-43
-53
-62
-72
-82
-92
-103
-113
-122
-131
-139
-148
-156
-164
-170
-176
-181
-186
-189
-192
-193
-195
-192
-191
-187
-183
-178
-172
-166
-158
-149
-140
-130
-118
-106
-93
-79
-66
-52
-40
-27
-15
-2
11
24
36
49
60
70
78
85
92
97
101
106
109
112
115
114
114
111
107
102
99
91
88
84
77
72
66
59
53
46
41
34
29
26
21
18
17
16
15
16
15
17
20
24
29
35
41
48
54
64
73
84
97
110
124
138
152
165
179
193
206
219
232
247
261
273
284
292
296
297
297
293
288
281
272
264
250
234
214
189
157
121
83
46
9
-26
-57
-92
-128
-166
-209
-252
-294
-336
-372
-402
-424
-439
-450
-460
-470
-481
-493
-503
-505
-500
-487
-464
-437
-405
-372
-343
-316
-294
-271
-245
-214
-175
-128
-80
-33
12
46
77
103
124
147
171
201
236
272
305
333
350
357
355
350
347
345
349
355
358
359
353
338
312
278
240
202
168
143
123
102
77
46
6
-39
-87
-135
-178
-213
-242
-262
-277
-295
-314
-339
-371
-400
-422
-436
-440
-437
-426
-413
-401
-390
-383
-377
-370
-356
-337
-309
-274
-238
-202
-169
-142
-115
-90
-64
-35
-4
29
66
99
131
156
175
192
208
224
241
261
278
292
301
303
301
297
290
286
284
284
283
281
274
261
245
225
207
192
183
182
185
190
192
188
176
163
149
141
137
143
157
177
198
214
219
211
189
167
151
146
151
160
170
174
167
148
116
68
11
-43
-81
-96
-94
-91
-100
-128
-173
-225
-276
-322
-362
-387
-394
-380
-352
-324
-314
-329
-361
-396
-413
-406
-378
-337
-293
-245
-203
-171
-155
-156
-166
-171
-155
-114
-55
7
59
93
109
113
111
111
115
131
158
200
246
284
302
297
271
241
221
218
226
240
250
251
243
225
196
153
105
58
26
16
20
19
3
-33
-83
-133
-173
-200
-221
-237
-245
-246
-243
-243
-257
-284
-317
-339
-339
-320
-288
-260
-242
-235
-231
-230
-225
-219
-207
-184
-147
-100
-55
-22
-5
-4
-7
0
23
63
108
151
186
213
227
231
229
222
218
229
254
288
319
333
326
300
267
239
220
211
210
212
218
220
219
208
185
155
126
113
118
136
158
174
182
190
204
223
237
238
229
218
225
250
278
293
286
269
257
257
250
213
141
56
-8
-28
-15
-5
-32
-102
-186
-256
-302
-346
-407
-477
-525
-522
-469
-410
-394
-439
-517
-584
-599
-569
-519
-469
-426
-374
-312
-259
-240
-264
-308
-328
-295
-210
-108
-20
29
41
36
28
19
17
33
73
140
219
285
319
310
273
234
219
240
287
338
376
392
386
364
326
273
221
186
183
205
227
220
169
88
4
-60
-101
-128
-149
-163
-172
-181
-204
-256
-333
-406
-447
-444
-410
-371
-351
-354
-370
-390
-406
-417
-420
-401
-361
-301
-238
-192
-173
-181
-193
-191
-166
-118
-60
-5
44
81
108
124
129
130
135
158
199
249
292
315
317
310
301
300
301
303
306
314
325
334
330
309
278
253
244
252
272
285
285
277
268
267
269
270
273
285
317
365
408
424
403
360
325
324
352
384
393
376
352
334
309
250
142
14
-77
-94
-53
-22
-60
-170
-304
-406
-461
-501
-558
-624
-654
-615
-533
-477
-504
-604
-712
-756
-713
-621
-534
-476
-429
-376
-321
-296
-315
-357
-373
-326
-221
-96
-1
44
50
41
30
26
36
71
133
215
295
350
368
357
328
303
295
317
369
433
483
496
468
415
362
325
303
285
272
263
260
247
202
115
9
-83
-129
-135
-128
-142
-184
-242
-297
-343
-389
-438
-476
-486
-460
-416
-388
-394
-432
-471
-485
-469
-434
-392
-352
-311
-269
-234
-216
-217
-222
-213
-175
-115
-48
10
52
79
96
109
124
142
170
209
257
304
341
364
371
368
363
362
371
384
397
404
402
395
385
372
355
339
330
337
350
358
354
337
322
318
330
354
382
415
445
461
453
425
395
383
395
418
427
418
402
390
363
294
169
23
-79
-97
-54
-25
-75
-200
-347
-451
-509
-564
-646
-740
-781
-733
-631
-563
-595
-715
-839
-883
-831
-733
-646
-585
-531
-459
-385
-346
-362
-405
-422
-371
-256
-126
-22
36
56
59
52
42
42
69
127
207
285
340
366
364
344
315
296
302
338
391
433
445
429
397
366
329
281
224
181
171
185
188
143
52
-52
-130
-171
-198
-241
-300
-350
-369
-367
-380
-436
-520
-591
-614
-587
-547
-524
-526
-535
-532
-517
-507
-510
-512
-495
-446
-375
-307
-259
-234
-226
-217
-201
-169
-117
-51
18
80
130
165
189
208
223
242
272
320
380
439
477
487
478
465
460
464
469
474
483
496
510
510
492
462
436
428
437
447
448
437
429
432
450
474
494
499
490
475
460
448
441
434
423
407
388
378
363
330
254
130
-9
-113
-150
-135
-124
-173
-282
-413
-517
-585
-644
-724
-813
-862
-834
-749
-677
-678
-760
-863
-915
-886
-801
-708
-633
-566
-490
-409
-349
-332
-347
-355
-316
-226
-108
1
79
125
152
168
177
181
195
223
272
335
402
455
486
492
474
444
419
412
430
461
484
487
471
449
425
392
331
241
150
95
91
116
117
58
-52
-170
-253
-294
-326
-379
-442
-486
-486
-454
-447
-496
-592
-679
-705
-663
-589
-533
-513
-512
-504
-480
-453
-435
-423
-396
-337
-249
-158
-90
-57
-46
-35
-5
46
112
181
245
299
336
365
386
403
421
439
467
502
538
566
578
569
550
531
525
531
542
547
543
536
533
532
532
521
500
479
479
499
531
559
567
558
544
533
522
512
497
479
462
448
436
422
391
332
234
112
-6
-86
-122
-138
-175
-258
-373
-486
-575
-648
-730
-827
-914
-947
-912
-851
-820
-853
-932
-998
-1010
-963
-891
-823
-763
-694
-607
-524
-470
-450
-450
-429
-369
-273
-168
-77
-10
36
75
104
123
141
164
202
251
307
357
392
416
425
424
424
425
430
432
428
415
399
390
386
374
338
274
197
129
80
38
-15
-87
-160
-212
-243
-275
-336
-436
-541
-617
-644
-637
-636
-658
-694
-717
-719
-712
-715
-735
-749
-729
-670
-589
-517
-477
-458
-441
-408
-357
-295
-230
-162
-88
-14
55
110
151
184
219
265
325
391
457
511
549
570
582
593
608
624
642
660
675
688
697
693
679
663
651
651
659
663
658
645
635
638
655
678
688
682
665
645
634
630
620
599
567
535
512
498
466
395
275
132
9
-63
-93
-119
-183
-293
-419
-528
-608
-682
-776
-880
-960
-976
-931
-873
-855
-895
-965
-1011
-1001
-947
-877
-811
-745
-662
-565
-474
-415
-393
-381
-351
-283
-186
-83
8
82
146
200
241
266
279
294
321
366
424
484
534
570
582
576
555
532
517
512
510
507
502
496
491
473
425
344
240
147
87
62
46
12
-45
-119
-191
-258
-328
-411
-497
-564
-592
-584
-565
-569
-603
-657
-704
-727
-724
-703
-674
-639
-594
-544
-494
-454
-431
-414
-385
-338
-265
-182
-100
-29
25
70
115
164
217
273
330
386
441
493
538
572
596
616
634
656
678
696
703
698
687
675
668
666
664
664
661
653
641
624
605
593
590
606
636
669
691
693
677
653
630
614
605
598
589
578
559
527
466
370
247
121
15
-54
-100
-148
-221
-323
-440
-552
-655
-754
-848
-930
-979
-984
-959
-935
-941
-980
-1028
-1053
-1040
-999
-944
-880
-809
-724
-635
-559
-510
-483
-459
-415
-344
-258
-171
-94
-23
42
98
142
169
183
198
224
264
312
359
404
439
462
472
465
448
428
410
399
389
380
373
367
354
316
248
152
50
-31
-85
-122
-164
-214
-273
-326
-374
-433
-515
-612
-700
-749
-752
-730
-716
-725
-750
-773
-781
-782
-784
-786
-772
-727
-654
-572
-505
-464
-438
-407
-361
-301
-236
-170
-104
-30
48
122
184
230
268
307
352
404
458
508
552
587
613
632
650
664
675
680
680
674
671
674
680
685
681
667
649
636
637
647
661
677
690
704
722
736
739
731
717
704
696
688
677
655
614
555
473
368
254
147
58
-14
-84
-167
-271
-385
-494
-593
-688
-783
-870
-933
-959
-953
-942
-949
-981
-1022
-1045
-1036
-997
-947
-895
-836
-766
-681
-599
-533
-487
-448
-396
-321
-230
-140
-61
8
73
136
193
239
270
296
329
371
417
459
490
513
540
568
593
601
592
570
544
525
512
500
479
449
410
365
310
240
150
49
-47
-125
-175
-207
-240
-290
-360
-441
-520
-589
-649
-698
-730
-740
-727
-703
-684
-687
-709
-733
-740
-720
-677
-620
-557
-493
-429
-366
-308
-259
-217
-172
-116
-47
33
111
181
239
289
339
391
443
491
534
572
607
641
674
701
724
741
753
760
760
753
741
724
711
701
694
689
685
682
681
687
698
707
717
726
735
746
758
764
757
740
716
690
665
633
576
490
376
254
142
50
-32
-118
-216
-324
-430
-528
-623
-722
-826
-925
-998
-1030
-1026
-1010
-1009
-1031
-1066
-1090
-1091
-1066
-1030
-983
-925
-852
-764
-675
-600
-546
-503
-456
-395
-318
-234
-152
-74
-1
64
123
167
200
227
257
294
334
373
408
440
470
498
521
534
535
524
501
474
450
427
406
382
349
302
240
167
88
3
-89
-186
-275
-345
-390
-421
-457
-509
-586
-672
-749
-806
-842
-863
-876
-880
-868
-845
-821
-812
-819
-835
-835
-806
-746
-666
-582
-504
-429
-360
-299
-246
-201
-155
-98
-24
59
140
215
273
323
367
411
451
488
524
559
595
632
664
691
711
726
736
739
734
721
701
676
646
618
600
603
630
667
696
703
694
685
692
720
762
803
834
855
861
850
821
756
645
504
380
312
281
218
75
-130
-343
-530
-691
-825
-912
-962
-1015
-1103
-1198
-1252
-1256
-1229
-1176
-1076
-921
-765
-681
-701
-797
-911
-988
-988
-893
-725
-541
-402
-330
-322
-362
-428
-484
-482
-389
-197
61
336
581
761
870
925
946
945
937
940
982
1074
1189
1288
1323
1258
1078
810
504
213
-32
-219
-348
-423
-471
-538
-662
-845
-1051
-1219
-1298
-1248
-1072
-818
-560
-366
-271
-274
-360
-502
-652
-762
-793
-743
-642
-542
-497
-536
-653
-797
-910
-950
-898
-755
-542
-291
-46
154
288
361
389
405
441
512
618
736
846
942
1013
1049
1043
999
941
892
868
879
917
973
1020
1039
1018
961
891
836
819
854
943
1082
1274
1493
1707
1881
2003
2081
2125
2116
2023
1847
1619
1364
1075
725
297
-225
-876
-1673
-2532
-3244
-3594
-3501
-3030
-2301
-1433
-578
66
366
357
201
54
-2
88
355
721
979
914
472
-237
-1065
-1887
-2569
-2957
-2962
-2629
-2083
-1441
-797
-251
106
280
375
513
755
1094
1511
1944
2276
2379
2182
1710
1037
263
-466
-990
-1215
-1177
-1001
-797
-629
-531
-518
-550
-545
-433
-192
159
592
1041
1390
1506
1316
849
221
-432
-1009
-1453
-1740
-1863
-1831
-1680
-1477
-1293
-1176
-1129
-1125
-1114
-1053
-919
-722
-500
-295
-130
-17
38
24
-59
-189
-327
-427
-458
-418
-333
-245
-184
-166
-189
-229
-259
-258
-217
-131
-7
148
322
495
650
775
870
943
1009
1068
1114
1134
1127
1098
1057
1004
934
837
726
620
535
473
432
414
429
488
602
788
1052
1381
1725
2039
2291
2475
2585
2595
2473
2194
1786
1333
901
493
58
-441
-1012
-1689
-2523
-3451
-4204
-4442
-4018
-3044
-1741
-286
1100
2088
2401
2072
1432
810
330
5
-111
-7
118
-46
-628
-1462
-2295
-2999
-3507
-3681
-3366
-2574
-1518
-418
607
1464
2000
2108
1873
1520
1231
1054
986
1030
1123
1092
775
174
-550
-1219
-1716
-1954
-1848
-1406
-763
-109
442
857
1115
1198
1146
1046
957
872
781
708
670
617
472
195
-228
-802
-1497
-2180
-2650
-2781
-2583
-2130
-1487
-733
-22
469
657
577
314
-56
-435
-715
-818
-775
-674
-584
-537
-548
-625
-730
-793
-752
-602
-372
-106
132
277
293
203
70
-52
-121
-111
-9
168
379
587
773
931
1058
1141
1175
1159
1097
1000
884
762
648
551
487
466
493
568
679
800
909
998
1079
1168
1264
1377
1523
1716
1928
2101
2195
2220
2215
2188
2092
1880
1572
1239
928
600
196
-300
-894
-1647
-2609
-3633
-4345
-4390
-3701
-2486
-1012
518
1851
2634
2645
2031
1186
435
-134
-517
-659
-579
-499
-706
-1261
-1953
-2549
-2974
-3223
-3180
-2697
-1791
-671
441
1429
2190
2562
2438
1919
1280
738
359
130
49
69
55
-133
-491
-881
-1174
-1318
-1285
-1030
-553
32
574
1004
1330
1533
1546
1341
988
586
201
-137
-367
-428
-346
-252
-257
-361
-508
-681
-900
-1137
-1306
-1352
-1321
-1285
-1254
-1170
-996
-759
-507
-283
-130
-109
-251
-492
-708
-799
-741
-564
-331
-128
-46
-135
-364
-659
-925
-1093
-1103
-940
-650
-322
-36
174
305
372
400
432
502
611
738
859
948
968
893
730
514
298
126
34
43
146
314
497
662
785
861
896
922
969
1051
1143
1202
1202
1162
1136
1187
1340
1574
1844
2111
2327
2419
2307
1983
1548
1138
818
557
303
2
-476
-1339
-2650
-4098
-5100
-5206
-4395
-2934
-1083
910
2637
3586
3520
2697
1606
547
-407
-1143
-1450
-1325
-1096
-1137
-1500
-1955
-2354
-2751
-3144
-3298
-2939
-2047
-830
501
1815
2899
3441
3256
2494
1511
586
-175
-715
-955
-907
-741
-660
-701
-764
-789
-803
-809
-710
-410
57
574
1079
1551
1913
2022
1793
1286
629
-70
-704
-1121
-1207
-1007
-692
-410
-205
-79
-51
-122
-238
-364
-547
-851
-1227
-1526
-1641
-1565
-1339
-988
-562
-173
54
85
-20
-169
-290
-331
-271
-150
-62
-96
-276
-556
-866
-1133
-1291
-1291
-1119
-795
-367
97
517
817
952
929
795
623
486
422
441
505
561
563
493
369
230
119
73
118
247
428
615
780
915
1014
1068
1065
1012
933
851
789
772
814
920
1079
1271
1470
1637
1749
1803
1837
1890
1954
1974
1907
1774
1619
1451
1225
907
482
-117
-1049
-2390
-3914
-5095
-5433
-4782
-3337
-1401
726
2643
3848
4024
3308
2165
983
-90
-986
-1535
-1636
-1468
-1368
-1498
-1754
-2013
-2318
-2721
-3046
-2961
-2286
-1131
257
1659
2857
3560
3551
2878
1848
788
-136
-866
-1329
-1467
-1343
-1116
-889
-662
-426
-245
-178
-177
-107
116
470
900
1354
1752
1949
1820
1371
714
-19
-709
-1228
-1454
-1359
-1036
-620
-204
145
356
377
229
-8
-252
-446
-534
-486
-372
-358
-583
-1037
-1592
-2085
-2374
-2341
-1946
-1277
-526
133
630
950
1072
976
684
261
-251
-826
-1402
-1851
-2051
-1958
-1616
-1110
-548
-27
374
639
806
918
992
1012
968
861
706
516
317
132
-27
-154
-234
-223
-85
184
533
889
1186
1366
1390
1253
1001
721
501
386
386
484
658
885
1145
1408
1642
1819
1948
2071
2207
2319
2330
2216
2044
1893
1751
1526
1134
504
-512
-2089
-4148
-6130
-7211
-6872
-5218
-2747
44
2715
4703
5439
4811
3346
1766
411
-764
-1738
-2268
-2226
-1892
-1684
-1744
-1937
-2227
-2736
-3409
-3801
-3404
-2138
-383
1418
2998
4142
4572
4121
2976
1570
243
-892
-1791
-2313
-2343
-1963
-1417
-872
-372
40
239
171
2
-4
285
789
1363
1896
2266
2302
1902
1155
254
-635
-1415
-1956
-2096
-1788
-1172
-459
198
705
974
934
627
211
-159
-406
-512
-481
-346
-194
-148
-320
-763
-1458
-2270
-2964
-3271
-2990
-2075
-659
957
2346
3113
3054
2231
905
-580
-1887
-2749
-3027
-2748
-2074
-1223
-400
246
633
764
718
606
537
571
707
886
1012
1000
818
495
113
-225
-438
-482
-362
-107
237
633
1028
1363
1581
1635
1498
1177
727
260
-102
-269
-209
51
466
970
1480
1904
2159
2225
2148
2024
1957
2010
2172
2387
2584
2680
2579
2211
1571
690
-490
-2109
-4136
-6112
-7281
-7078
-5511
-3024
-134
2667
4802
5701
5214
3816
2223
831
-365
-1385
-2034
-2152
-1926
-1731
-1772
-1987
-2317
-2832
-3474
-3861
-3515
-2307
-546
1310
2952
4163
4688
4346
3253
1808
400
-798
-1752
-2375
-2540
-2249
-1678
-1027
-408
93
359
336
162
102
319
764
1291
1776
2128
2223
1947
1315
464
-444
-1281
-1900
-2136
-1912
-1320
-568
149
703
998
989
717
321
-62
-347
-504
-528
-454
-349
-291
-347
-585
-1060
-1736
-2402
-2763
-2611
-1928
-845
424
1581
2285
2306
1657
584
-600
-1645
-2368
-2646
-2455
-1909
-1189
-469
133
529
666
574
376
214
173
258
421
584
655
574
357
82
-163
-319
-361
-277
-77
195
484
752
972
1110
1133
1024
809
538
262
41
-77
-59
91
333
641
979
1303
1557
1702
1740
1697
1626
1604
1710
1952
2228
2391
2364
2171
1865
1497
1121
751
206
-893
-2771
-5065
-6872
-7348
-6287
-4076
-1247
1717
4216
5562
5428
4204
2669
1289
18
-1236
-2223
-2590
-2378
-2008
-1823
-1841
-2007
-2415
-3102
-3721
-3694
-2736
-1102
710
2364
3681
4417
4323
3416
2077
734
-448
-1484
-2298
-2686
-2544
-2014
-1333
-649
-51
331
405
266
185
360
754
1208
1620
1948
2101
1938
1417
647
-210
-1039
-1722
-2086
-2001
-1505
-792
-67
544
952
1069
890
524
129
-205
-461
-613
-623
-538
-518
-729
-1206
-1845
-2470
-2880
-2864
-2260
-1106
336
1691
2614
2884
2432
1364
-41
-1414
-2452
-2997
-3020
-2576
-1792
-863
-8
623
964
1030
891
665
488
432
485
560
579
506
342
131
-54
-147
-128
-20
143
343
573
815
1043
1219
1304
1261
1081
802
500
251
104
90
234
527
919
1331
1688
1944
2079
2116
2119
2163
2275
2415
2526
2563
2491
2271
1891
1344
523
-836
-2915
-5404
-7432
-8080
-7014
-4599
-1478
1749
4465
5982
5903
4551
2781
1255
42
-1036
-1884
-2187
-1935
-1548
-1456
-1714
-2158
-2739
-3478
-4112
-4098
-3079
-1248
832
2691
4083
4813
4672
3662
2154
657
-553
-1483
-2162
-2473
-2314
-1793
-1163
-603
-155
149
249
188
164
387
861
1401
1842
2125
2201
1973
1390
549
-354
-1169
-1806
-2143
-2044
-1505
-711
81
701
1074
1148
917
489
47
-287
-508
-632
-663
-649
-762
-1192
-1932
-2732
-3257
-3257
-2621
-1394
201
1752
2815
3114
2644
1589
222
-1149
-2229
-2842
-2959
-2664
-2060
-1274
-466
195
614
804
835
778
707
681
710
732
671
501
252
-7
-213
-303
-245
-66
159
373
560
738
917
1080
1191
1205
1089
846
528
220
2
-65
56
361
793
1265
1707
2051
2244
2261
2166
2086
2097
2184
2286
2378
2427
2348
2024
1382
356
-1227
-3481
-6074
-8092
-8547
-7106
-4271
-880
2377
4926
6158
5729
4028
2037
529
-452
-1219
-1796
-1913
-1576
-1255
-1412
-2032
-2786
-3505
-4188
-4615
-4285
-2882
-705
1551
3344
4474
4855
4374
3106
1489
80
-869
-1481
-1898
-2063
-1869
-1424
-982
-686
-480
-308
-204
-153
17
473
1162
1825
2257
2416
2302
1862
1094
158
-716
-1394
-1837
-1984
-1743
-1138
-371
303
744
923
841
527
101
-261
-460
-519
-504
-462
-478
-723
-1340
-2262
-3167
-3649
-3437
-2474
-918
888
2464
3359
3343
2501
1142
-357
-1665
-2552
-2915
-2800
-2347
-1701
-980
-298
244
589
758
829
869
912
964
1009
997
869
616
289
-13
-209
-253
-147
58
289
486
640
795
985
1190
1345
1381
1264
1018
699
394
201
201
417
799
1258
1703
2059
2292
2415
2487
2569
2670
2760
2801
2766
2607
2275
1755
964
-361
-2506
-5310
-7871
-8990
-8039
-5364
-1855
1686
4613
6233
6043
4333
2202
681
-73
-536
-952
-1091
-841
-638
-1026
-1996
-3079
-3967
-4696
-5165
-4880
-3414
-1029
1453
3349
4466
4829
4375
3152
1607
376
-273
-584
-885
-1188
-1326
-1296
-1280
-1341
-1330
-1127
-811
-487
-76
578
1417
2148
2535
2570
2348
1884
1186
387
-314
-834
-1220
-1470
-1474
-1167
-680
-215
119
325
403
335
176
40
-22
-73
-177
-355
-648
-1150
-1883
-2636
-3062
-2936
-2299
-1336
-244
766
1464
1709
1554
1180
707
138
-522
-1177
-1710
-2052
-2179
-2046
-1634
-1024
-387
149
547
812
939
947
902
869
854
816
735
628
502
343
163
6
-80
-87
-10
179
496
891
1248
1458
1478
1329
1062
761
537
485
620
886
1208
1536
1826
2033
2156
2273
2467
2735
2983
3109
3053
2777
2276
1580
634
-840
-3126
-5972
-8346
-9025
-7553
-4542
-1026
2210
4604
5545
4719
2726
890
126
204
334
199
63
-15
-486
-1665
-3171
-4334
-4955
-5270
-5244
-4400
-2505
-110
1889
3057
3534
3517
2986
2059
1218
899
988
941
434
-355
-1099
-1697
-2169
-2382
-2146
-1531
-860
-332
154
751
1359
1758
1904
1945
1940
1781
1396
904
423
-86
-695
-1270
-1556
-1471
-1174
-836
-492
-151
65
61
-61
-124
-133
-281
-657
-1085
-1331
-1377
-1383
-1457
-1561
-1636
-1660
-1565
-1203
-498
412
1216
1634
1538
948
21
-965
-1701
-2008
-1923
-1600
-1179
-745
-370
-115
16
89
174
300
480
725
1016
1267
1370
1273
1008
659
314
65
-11
101
321
533
669
738
780
825
886
972
1061
1130
1177
1233
1328
1476
1675
1900
2107
2261
2393
2581
2863
3145
3273
3152
2780
2215
1532
694
-565
-2578
-5236
-7622
-8480
-7205
-4335
-1001
1906
3898
4542
3605
1668
77
-146
753
1687
1950
1644
983
-206
-2021
-3903
-5044
-5256
-4988
-4517
-3561
-1917
-81
1163
1592
1654
1749
1827
1788
1860
2279
2757
2655
1712
322
-956
-1884
-2434
-2492
-1959
-1100
-433
-201
-167
-2
311
615
933
1418
2005
2383
2347
1981
1435
711
-163
-920
-1238
-1089
-754
-501
-393
-420
-615
-948
-1223
-1233
-965
-596
-316
-243
-431
-839
-1290
-1545
-1517
-1304
-1037
-760
-465
-194
0
147
295
388
294
-46
-542
-1020
-1347
-1464
-1347
-1037
-648
-333
-169
-116
-81
-1
145
371
677
1020
1314
1468
1436
1219
878
514
252
182
294
488
663
769
793
753
681
639
692
867
1137
1444
1725
1943
2096
2191
2241
2284
2394
2655
3069
3514
3789
3698
3152
2227
1064
-366
-2312
-4836
-7249
-8291
-7181
-4452
-1497
666
1902
2324
1807
526
-494
-117
1590
3271
3734
2990
1668
-34
-2184
-4255
-5240
-4853
-3971
-3522
-3387
-2861
-1882
-1129
-917
-688
167
1429
2425
2947
3279
3432
2973
1749
358
-489
-752
-882
-1053
-1052
-883
-962
-1505
-2068
-2026
-1305
-332
569
1399
2090
2356
2070
1552
1193
1005
770
491
389
468
396
-76
-783
-1388
-1766
-1977
-2004
-1762
-1354
-1067
-1055
-1164
-1167
-1029
-856
-681
-469
-288
-279
-457
-634
-618
-411
-162
2
27
-138
-506
-954
-1262
-1288
-1096
-840
-614
-442
-347
-367
-455
-484
-352
-86
223
517
777
965
1045
1046
1050
1090
1118
1087
1019
959
890
758
578
440
418
502
635
787
959
1141
1312
1499
1752
2078
2377
2564
2686
2889
3254
3706
4056
4089
3649
2754
1624
451
-943
-2927
-5336
-7068
-6920
-4912
-2438
-884
-406
-327
-302
-454
-513
293
2112
3826
4160
3111
1712
523
-779
-2305
-3270
-3035
-2252
-2206
-3187
-4206
-4367
-3824
-3091
-2099
-552
1173
2210
2306
2118
2231
2440
2302
1959
1879
2017
1794
948
-87
-822
-1299
-1760
-2072
-1894
-1310
-818
-667
-574
-210
330
786
1160
1610
2022
2086
1756
1376
1220
1143
857
364
-122
-532
-1030
-1698
-2376
-2830
-2934
-2654
-2013
-1201
-586
-467
-756
-1070
-1083
-757
-263
190
417
290
-131
-583
-782
-679
-456
-305
-287
-387
-600
-881
-1072
-1002
-668
-261
8
64
-39
-206
-309
-209
156
666
1074
1229
1179
1092
1096
1228
1468
1727
1854
1720
1344
906
595
479
539
737
1028
1321
1513
1586
1628
1735
1959
2327
2851
3461
3969
4149
3868
3200
2417
1776
1172
55
-1993
-4436
-5853
-5268
-3331
-1780
-1627
-2305
-2707
-2510
-2017
-1166
405
2290
3234
2587
1249
542
572
422
-251
-745
-665
-788
-1979
-3744
-4708
-4322
-3339
-2568
-1958
-1207
-600
-565
-745
-285
998
2314
2910
2887
2720
2472
1935
1285
1009
1140
1090
417
-582
-1303
-1570
-1616
-1556
-1269
-806
-486
-466
-480
-221
250
678
1022
1437
1870
2001
1665
1081
542
76
-453
-1039
-1546
-1954
-2346
-2657
-2667
-2318
-1870
-1629
-1593
-1529
-1298
-964
-620
-296
-45
24
-103
-281
-344
-317
-339
-452
-560
-580
-550
-530
-499
-412
-307
-266
-295
-312
-255
-146
-21
126
299
448
517
534
593
749
980
1238
1497
1710
1807
1756
1625
1521
1480
1465
1447
1441
1448
1450
1435
1446
1544
1763
2084
2456
2807
3034
2996
2635
2124
1796
1694
1239
-268
-2561
-4150
-3738
-1858
-540
-1085
-2676
-3588
-3249
-2406
-1605
-580
654
1186
438
-645
-631
435
1121
662
-81
-167
-98
-924
-2411
-3168
-2576
-1586
-1354
-1824
-2213
-2238
-2133
-1813
-860
547
1472
1332
698
581
1203
1951
2329
2413
2361
2009
1253
460
126
250
377
201
-157
-508
-856
-1189
-1268
-906
-316
48
38
-60
53
345
609
759
800
651
235
-314
-711
-836
-847
-923
-1062
-1190
-1335
-1548
-1741
-1755
-1584
-1390
-1281
-1205
-1084
-932
-785
-621
-430
-299
-317
-410
-401
-220
5
121
105
39
-19
-54
-37
58
179
217
142
59
78
205
357
484
595
697
789
900
1079
1313
1507
1583
1577
1577
1624
1693
1776
1878
1977
2015
1976
1924
1950
2079
2271
2455
2566
2545
2340
1955
1526
1286
1260
1011
-43
-1782
-3086
-2864
-1436
-421
-946
-2352
-3097
-2617
-1681
-1054
-640
-196
-81
-611
-1166
-815
271
870
347
-515
-722
-481
-680
-1418
-1848
-1514
-1030
-1151
-1734
-2078
-1922
-1571
-1226
-763
-209
76
-56
-163
280
1167
1871
2006
1786
1596
1530
1465
1381
1343
1282
1021
554
108
-132
-215
-284
-364
-407
-458
-590
-717
-631
-314
-23
4
-173
-327
-363
-364
-390
-391
-370
-444
-650
-841
-868
-794
-800
-940
-1118
-1266
-1392
-1480
-1447
-1289
-1138
-1106
-1133
-1091
-954
-800
-662
-508
-342
-221
-153
-60
106
275
348
327
296
298
308
307
329
391
454
483
505
580
710
835
921
993
1090
1204
1296
1372
1469
1615
1775
1896
1974
2045
2142
2253
2358
2455
2542
2594
2565
2397
2093
1758
1518
1284
697
-453
-1737
-2270
-1718
-891
-947
-2010
-2991
-2923
-2059
-1336
-1138
-1121
-1048
-1102
-1281
-1097
-327
399
301
-466
-989
-833
-520
-646
-1044
-1171
-1008
-1026
-1401
-1738
-1672
-1352
-1127
-1050
-943
-772
-646
-508
-154
418
894
1026
955
1010
1275
1555
1679
1676
1611
1461
1219
992
884
821
649
342
35
-170
-299
-406
-480
-491
-483
-526
-613
-670
-667
-633
-596
-557
-524
-526
-556
-560
-510
-471
-523
-665
-828
-948
-1010
-1032
-1040
-1073
-1146
-1205
-1176
-1048
-903
-827
-815
-798
-727
-602
-446
-288
-169
-95
-30
73
214
334
397
429
476
545
623
710
804
886
942
990
1051
1108
1121
1097
1097
1174
1320
1462
1552
1596
1650
1756
1900
2033
2139
2255
2416
2580
2673
2630
2429
2124
1855
1712
1501
853
-247
-1151
-1161
-509
-289
-1145
-2382
-2792
-2158
-1410
-1297
-1574
-1669
-1591
-1625
-1604
-1113
-358
-108
-607
-1131
-972
-410
-235
-608
-940
-860
-693
-840
-1139
-1172
-936
-792
-887
-984
-890
-703
-558
-380
-59
275
430
462
617
964
1280
1363
1286
1252
1310
1363
1370
1359
1314
1161
907
677
546
434
260
80
-5
-45
-192
-468
-690
-719
-637
-630
-749
-872
-884
-798
-688
-615
-609
-669
-745
-757
-695
-642
-689
-828
-962
-1008
-969
-900
-863
-890
-968
-1028
-998
-879
-733
-620
-545
-474
-384
-262
-117
19
110
151
187
265
395
539
656
726
758
790
872
1014
1166
1262
1275
1250
1243
1293
1392
1500
1579
1619
1649
1714
1818
1940
2045
2120
2177
2225
2246
2183
2021
1837
1693
1465
930
148
-422
-419
-131
-251
-995
-1768
-1907
-1529
-1287
-1476
-1760
-1803
-1724
-1730
-1679
-1357
-976
-957
-1290
-1469
-1197
-801
-735
-961
-1088
-976
-875
-956
-1050
-970
-816
-797
-897
-905
-745
-552
-435
-333
-171
-10
89
197
423
714
903
927
908
973
1099
1197
1239
1245
1207
1108
988
915
873
772
572
344
186
104
23
-111
-289
-467
-606
-685
-720
-751
-806
-868
-892
-870
-840
-828
-832
-842
-859
-881
-888
-872
-851
-855
-882
-899
-888
-859
-829
-804
-783
-762
-739
-703
-651
-581
-497
-403
-310
-230
-158
-71
44
179
312
436
552
657
751
853
973
1091
1170
1202
1224
1269
1331
1387
1421
1444
1473
1528
1624
1737
1828
1884
1935
2014
2112
2195
2223
2158
2004
1860
1791
1654
1203
475
-69
-54
234
98
-656
-1389
-1452
-1027
-833
-1142
-1538
-1631
-1572
-1626
-1666
-1434
-1100
-1093
-1417
-1581
-1290
-881
-822
-1062
-1191
-1056
-901
-920
-956
-841
-693
-724
-877
-901
-722
-521
-434
-386
-261
-96
31
169
397
647
770
761
782
930
1115
1203
1193
1164
1137
1087
1040
1041
1044
945
733
532
449
441
393
261
87
-89
-254
-393
-466
-488
-531
-651
-807
-906
-896
-816
-750
-769
-871
-984
-1019
-955
-856
-812
-842
-895
-912
-866
-780
-703
-690
-742
-796
-778
-675
-546
-459
-428
-422
-394
-316
-186
-45
52
95
138
235
385
544
681
792
878
944
1013
1115
1243
1344
1381
1396
1439
1508
1571
1611
1644
1677
1710
1757
1838
1926
1978
2000
2019
1998
1897
1784
1758
1689
1287
574
66
174
529
340
-525
-1275
-1232
-750
-675
-1176
-1633
-1636
-1506
-1614
-1747
-1549
-1219
-1259
-1643
-1792
-1425
-984
-989
-1301
-1413
-1202
-996
-1000
-1025
-895
-768
-843
-998
-950
-689
-485
-474
-510
-425
-257
-99
77
306
490
509
455
526
749
952
1010
988
985
988
968
979
1045
1068
935
705
554
546
574
510
335
101
-131
-301
-361
-357
-417
-605
-836
-959
-923
-816
-757
-800
-914
-1024
-1049
-980
-888
-862
-925
-1012
-1044
-1001
-910
-833
-825
-884
-937
-902
-782
-656
-587
-558
-529
-477
-399
-287
-160
-72
-46
-30
53
200
340
433
505
594
693
799
924
1059
1157
1191
1211
1291
1430
1554
1611
1621
1637
1679
1743
1824
1904
1948
1945
1945
1983
2005
1916
1750
1643
1590
1384
898
379
204
346
325
-161
-783
-990
-771
-641
-924
-1344
-1506
-1454
-1484
-1613
-1595
-1404
-1341
-1554
-1749
-1612
-1274
-1130
-1275
-1415
-1330
-1138
-1040
-1013
-927
-814
-805
-878
-857
-680
-483
-406
-404
-358
-237
-80
95
285
432
481
490
566
731
895
981
1002
1011
1022
1039
1068
1101
1089
1001
865
745
684
665
621
484
240
-17
-170
-202
-228
-360
-569
-735
-795
-785
-771
-784
-830
-906
-979
-1001
-957
-903
-889
-922
-960
-962
-918
-850
-799
-799
-833
-840
-787
-701
-625
-576
-535
-486
-430
-353
-249
-145
-69
-23
36
143
276
394
487
567
658
764
875
989
1097
1180
1245
1311
1398
1492
1562
1605
1654
1721
1790
1844
1901
1970
2027
2050
2072
2117
2115
1997
1829
1724
1606
1261
718
350
380
481
149
-550
-996
-867
-599
-757
-1251
-1540
-1465
-1387
-1535
-1662
-1522
-1339
-1439
-1700
-1706
-1396
-1160
-1258
-1462
-1439
-1221
-1077
-1076
-1049
-934
-871
-924
-936
-777
-554
-453
-469
-442
-307
-136
20
184
340
423
437
497
669
865
969
979
972
984
1007
1044
1096
1113
1041
911
807
755
706
628
518
363
151
-61
-188
-224
-275
-424
-624
-766
-806
-790
-785
-832
-929
-1037
-1091
-1064
-1001
-975
-1010
-1064
-1085
-1044
-954
-859
-818
-845
-883
-854
-752
-645
-588
-574
-561
-525
-466
-385
-297
-230
-197
-162
-79
52
193
299
382
474
591
721
852
969
1063
1135
1196
1270
1365
1461
1524
1547
1563
1605
1673
1750
1825
1884
1912
1922
1955
2005
1992
1860
1702
1628
1539
1216
683
309
328
429
126
-527
-961
-877
-673
-851
-1310
-1570
-1508
-1458
-1614
-1725
-1587
-1418
-1517
-1752
-1740
-1440
-1211
-1276
-1437
-1413
-1227
-1089
-1041
-969
-865
-842
-907
-901
-733
-528
-440
-444
-412
-293
-138
23
195
345
415
435
511
677
856
964
1000
1011
1018
1024
1059
1111
1123
1045
920
826
773
704
583
432
284
145
1
-141
-263
-355
-425
-500
-600
-710
-785
-802
-799
-837
-920
-994
-1016
-993
-957
-934
-933
-956
-977
-953
-866
-766
-720
-733
-743
-696
-594
-489
-420
-391
-378
-350
-293
-210
-122
-52
-1
51
123
224
345
465
562
642
724
828
951
1076
1181
1257
1308
1364
1443
1538
1623
1672
1691
1709
1756
1844
1937
1981
1965
1943
1948
1921
1796
1633
1551
1489
1210
683
258
242
398
196
-438
-960
-951
-703
-779
-1210
-1531
-1511
-1436
-1564
-1706
-1609
-1422
-1475
-1720
-1777
-1508
-1221
-1210
-1361
-1388
-1241
-1088
-1003
-913
-803
-773
-835
-839
-681
-456
-333
-327
-325
-247
-104
70
252
391
442
454
522
676
843
949
992
998
982
973
1011
1090
1120
1034
876
741
663
600
514
404
258
69
-129
-263
-298
-306
-384
-551
-738
-842
-833
-773
-769
-867
-1008
-1077
-1034
-940
-885
-898
-948
-981
-958
-867
-737
-650
-655
-715
-726
-633
-485
-384
-374
-412
-415
-346
-232
-126
-68
-49
-28
39
157
292
407
486
541
604
704
834
967
1066
1121
1152
1197
1280
1387
1486
1542
1558
1573
1623
1704
1788
1843
1853
1830
1823
1848
1833
1696
1492
1370
1323
1104
596
103
15
202
91
-530
-1143
-1183
-852
-823
-1278
-1702
-1698
-1527
-1591
-1788
-1756
-1534
-1496
-1719
-1833
-1596
-1271
-1222
-1391
-1450
-1288
-1092
-994
-928
-833
-784
-820
-817
-665
-446
-327
-326
-322
-232
-80
88
254
384
432
436
499
655
820
900
906
906
914
916
934
1003
1046
945
713
522
501
569
534
321
53
-108
-138
-138
-207
-357
-525
-651
-721
-743
-743
-762
-828
-932
-1006
-994
-916
-857
-871
-929
-949
-892
-789
-700
-654
-643
-639
-612
-541
-442
-359
-333
-356
-362
-304
-199
-107
-67
-60
-37
30
142
270
370
423
461
539
667
801
901
970
1037
1103
1158
1220
1314
1421
1486
1494
1503
1575
1690
1771
1784
1769
1778
1817
1855
1859
1788
1633
1462
1367
1306
1083
612
157
40
174
83
-452
-1032
-1138
-865
-791
-1166
-1600
-1673
-1511
-1485
-1628
-1667
-1544
-1489
-1604
-1669
-1502
-1265
-1209
-1301
-1317
-1188
-1044
-957
-872
-770
-727
-755
-728
-570
-379
-286
-275
-232
-128
-5
124
279
422
483
488
543
688
842
920
942
950
941
909
906
968
1013
928
726
544
482
503
493
378
173
-36
-158
-162
-136
-198
-366
-555
-666
-686
-670
-670
-721
-828
-932
-958
-887
-797
-773
-817
-857
-838
-762
-663
-578
-539
-551
-565
-528
-431
-331
-282
-283
-290
-264
-199
-115
-40
8
33
67
138
251
368
453
505
552
623
716
812
900
975
1036
1088
1141
1204
1269
1332
1393
1445
1482
1508
1542
1595
1647
1671
1661
1643
1636
1623
1556
1420
1265
1150
1063
898
586
214
-27
-73
-81
-252
-587
-895
-1031
-1055
-1097
-1197
-1311
-1427
-1561
-1666
-1653
-1539
-1455
-1490
-1581
-1601
-1528
-1427
-1345
-1262
-1176
-1111
-1067
-1000
-885
-763
-682
-621
-533
-418
-319
-246
-166
-60
54
152
241
332
413
467
511
571
641
697
718
717
706
689
667
650
632
598
533
449
368
305
260
221
173
101
7
-86
-154
-192
-225
-278
-362
-459
-532
-568
-582
-603
-652
-713
-762
-783
-780
-770
-768
-777
-783
-771
-734
-687
-651
-634
-620
-588
-530
-458
-388
-331
-284
-234
-168
-89
-13
50
104
161
230
307
379
435
477
518
571
628
683
728
763
795
830
872
916
956
990
1019
1053
1089
1126
1159
1182
1198
1210
1221
1239
1262
1271
1255
1214
1155
1094
1027
942
826
678
521
385
280
192
82
-74
-274
-484
-654
-764
-838
-927
-1059
-1218
-1358
-1441
-1464
-1468
-1491
-1548
-1608
-1620
-1553
-1436
-1323
-1253
-1213
-1153
-1046
-897
-743
-621
-542
-476
-377
-228
-58
75
150
190
239
324
436
536
590
597
592
613
674
738
761
728
660
606
586
591
590
556
489
420
371
346
319
268
187
94
22
-19
-47
-89
-158
-239
-314
-365
-393
-416
-449
-499
-551
-586
-594
-582
-571
-573
-586
-594
-588
-568
-541
-516
-500
-486
-459
-410
-346
-281
-227
-184
-140
-82
-12
68
145
214
274
333
397
470
541
600
642
679
719
767
823
879
933
980
1020
1063
1112
1159
1205
1241
1267
1288
1308
1333
1358
1375
1370
1336
1276
1203
1132
1057
961
826
659
494
359
254
151
16
-174
-396
-597
-737
-821
-903
-1028
-1192
-1347
-1446
-1478
-1476
-1494
-1554
-1627
-1656
-1605
-1490
-1376
-1308
-1278
-1238
-1141
-988
-825
-700
-629
-575
-486
-336
-156
-5
76
107
143
227
346
458
516
517
501
515
574
644
675
647
580
525
510
525
529
494
427
361
326
316
298
247
158
62
-8
-46
-68
-109
-182
-268
-340
-382
-404
-429
-470
-528
-580
-613
-619
-611
-606
-615
-630
-637
-629
-607
-583
-564
-547
-527
-493
-447
-390
-336
-289
-246
-202
-147
-82
-16
44
100
153
210
275
341
406
464
512
555
602
651
701
750
795
840
886
932
977
1019
1056
1092
1125
1154
1179
1201
1221
1240
1250
1244
1214
1163
1104
1042
971
876
745
593
447
329
233
128
-21
-215
-426
-605
-724
-805
-894
-1027
-1187
-1323
-1398
-1418
-1424
-1458
-1522
-1578
-1579
-1509
-1402
-1314
-1267
-1238
-1176
-1057
-905
-766
-672
-616
-549
-434
-273
-111
5
62
99
160
259
372
454
485
483
494
539
605
652
646
598
543
516
521
537
526
482
422
376
354
340
312
256
183
115
68
35
-1
-54
-128
-205
-264
-304
-335
-370
-419
-472
-517
-543
-551
-549
-550
-558
-570
-574
-567
-550
-529
-507
-488
-463
-433
-392
-343
-294
-249
-208
-163
-110
-49
13
71
121
170
225
288
352
410
458
500
540
585
634
681
723
762
804
850
896
935
967
998
1033
1078
1126
1166
1191
1206
1222
1240
1256
1254
1224
1173
1114
1058
999
912
787
634
484
364
272
173
32
-157
-362
-536
-653
-734
-826
-959
-1117
-1253
-1334
-1359
-1371
-1407
-1472
-1522
-1518
-1449
-1349
-1271
-1230
-1200
-1135
-1014
-865
-731
-644
-588
-521
-407
-254
-106
-2
56
97
162
258
361
434
461
464
479
523
578
615
606
566
524
507
514
517
497
451
401
370
356
340
303
240
167
106
64
35
-6
-68
-144
-214
-268
-305
-340
-385
-441
-494
-532
-553
-562
-570
-582
-597
-608
-609
-599
-582
-566
-549
-531
-508
-472
-426
-377
-329
-287
-248
-204
-152
-89
-26
31
79
126
178
239
297
351
396
436
478
529
579
625
662
692
728
772
820
862
892
911
935
969
1016
1062
1093
1108
1114
1124
1142
1160
1155
1123
1065
999
944
892
826
721
581
428
291
184
90
-26
-187
-375
-558
-694
-788
-870
-976
-1116
-1256
-1357
-1399
-1408
-1424
-1468
-1520
-1535
-1487
-1392
-1297
-1238
-1207
-1166
-1073
-934
-785
-673
-603
-544
-454
-319
-171
-51
19
60
110
194
298
387
436
451
460
492
545
592
605
581
543
517
513
522
517
489
444
398
362
336
306
264
208
149
94
46
4
-45
-103
-170
-231
-285
-329
-369
-410
-454
-497
-535
-559
-570
-577
-586
-599
-613
-616
-607
-584
-557
-532
-509
-481
-442
-392
-340
-292
-248
-204
-153
-92
-27
34
87
135
186
240
297
353
401
443
485
532
581
629
671
707
740
774
809
846
882
915
942
967
989
1012
1041
1070
1095
1110
1110
1105
1103
1106
1106
1088
1041
973
901
836
770
687
573
431
287
165
67
-32
-162
-329
-507
-657
-762
-839
-926
-1043
-1178
-1290
-1347
-1357
-1359
-1382
-1425
-1452
-1430
-1355
-1260
-1187
-1144
-1104
-1031
-909
-766
-641
-560
-500
-423
-308
-167
-39
47
99
147
221
318
410
465
485
494
520
568
614
634
615
578
552
549
557
551
519
466
417
385
364
343
300
240
174
118
75
35
-14
-76
-147
-214
-266
-309
-351
-396
-447
-497
-536
-562
-578
-591
-605
-622
-635
-640
-634
-616
-595
-574
-551
-523
-484
-433
-378
-325
-280
-235
-182
-119
-50
14
70
120
170
227
291
351
400
439
472
512
557
606
647
677
703
731
763
797
824
846
863
882
905
930
953
972
987
999
1011
1016
1014
1009
1005
1002
989
958
905
841
774
713
646
558
437
295
161
51
-40
-136
-263
-419
-581
-716
-815
-897
-991
-1106
-1228
-1319
-1365
-1376
-1386
-1415
-1456
-1472
-1440
-1365
-1279
-1214
-1169
-1120
-1037
-915
-781
-669
-590
-522
-436
-320
-188
-75
3
59
119
201
297
376
420
438
451
482
527
563
572
553
526
510
508
503
480
436
385
347
324
304
272
221
162
109
69
33
-11
-68
-133
-194
-244
-288
-331
-381
-431
-479
-517
-545
-569
-591
-610
-622
-630
-632
-629
-623
-614
-599
-578
-553
-522
-482
-433
-381
-330
-278
-227
-170
-108
-42
21
77
132
186
244
304
359
406
446
484
527
573
615
648
674
697
724
758
788
812
826
837
852
872
894
910
918
922
929
944
959
968
964
951
937
930
924
912
879
822
754
682
618
549
463
351
223
96
-12
-106
-202
-320
-457
-597
-717
-808
-884
-965
-1061
-1159
-1236
-1276
-1287
-1293
-1309
-1331
-1336
-1303
-1235
-1155
-1086
-1033
-979
-901
-796
-680
-576
-496
-427
-347
-247
-136
-35
40
94
147
213
288
359
409
436
454
477
510
544
562
559
543
527
518
511
496
470
433
396
363
336
307
267
220
165
116
69
22
-31
-89
-152
-214
-272
-323
-374
-423
-473
-518
-557
-585
-604
-618
-630
-638
-643
-639
-627
-608
-586
-562
-534
-500
-455
-403
-347
-294
-240
-185
-124
-58
8
69
127
182
238
296
351
400
442
478
512
547
583
616
642
665
684
705
723
738
750
759
768
776
785
791
796
804
811
818
824
831
837
846
854
859
857
849
843
836
823
796
746
685
621
561
498
417
313
189
70
-30
-116
-206
-322
-461
-599
-713
-792
-858
-936
-1034
-1135
-1210
-1241
-1246
-1252
-1276
-1307
-1314
-1277
-1205
-1129
-1075
-1038
-993
-914
-804
-689
-595
-529
-471
-393
-290
-179
-88
-25
21
74
145
225
294
334
355
376
407
447
480
491
484
471
465
465
462
448
417
378
346
320
297
266
222
170
117
69
26
-20
-73
-136
-203
-265
-322
-373
-425
-477
-532
-581
-621
-651
-672
-688
-703
-714
-718
-713
-696
-671
-643
-617
-587
-550
-504
-449
-392
-338
-285
-229
-168
-101
-34
30
89
144
201
260
318
369
411
449
485
524
562
596
622
641
660
680
699
712
720
725
728
735
742
744
739
732
727
732
737
741
740
733
731
739
752
761
758
749
740
739
743
737
708
659
601
548
505
453
379
276
159
54
-30
-104
-192
-306
-437
-560
-653
-719
-782
-864
-961
-1051
-1109
-1131
-1132
-1143
-1169
-1193
-1187
-1143
-1074
-1007
-959
-920
-867
-785
-680
-578
-499
-438
-373
-289
-186
-85
-6
49
95
153
227
301
358
388
409
433
469
508
535
541
533
525
525
532
530
516
487
454
425
397
365
323
274
221
172
128
80
23
-41
-108
-174
-233
-287
-342
-398
-456
-510
-557
-596
-629
-658
-680
-696
-705
-705
-698
-685
-665
-639
-606
-566
-520
-470
-414
-356
-298
-237
-174
-108
-40
30
95
154
211
267
322
376
423
466
503
537
569
598
622
640
654
665
675
684
687
688
686
680
674
666
657
648
640
628
617
604
590
580
574
573
573
569
568
570
579
590
597
599
595
594
598
601
595
569
527
479
435
397
349
279
186
85
-4
-80
-150
-235
-341
-459
-565
-646
-709
-771
-848
-933
-1006
-1049
-1065
-1070
-1083
-1103
-1114
-1100
-1055
-997
-945
-905
-863
-805
-724
-634
-550
-484
-427
-363
-285
-200
-121
-59
-10
39
96
156
210
252
282
308
338
370
398
416
425
430
436
443
444
439
427
412
398
384
361
331
293
252
209
164
115
57
-5
-66
-124
-181
-239
-301
-366
-426
-477
-523
-565
-607
-646
-680
-704
-718
-729
-736
-738
-732
-715
-686
-654
-618
-579
-533
-479
-418
-355
-292
-231
-168
-103
-38
25
85
143
199
254
306
351
392
429
460
491
518
539
556
571
581
589
592
590
588
583
578
572
561
546
531
518
509
500
486
471
457
448
444
442
437
433
429
430
436
445
452
456
461
469
480
489
494
496
489
481
466
443
412
374
331
286
232
166
90
14
-61
-131
-203
-283
-371
-459
-535
-599
-656
-716
-778
-839
-883
-909
-923
-932
-944
-950
-943
-917
-874
-827
-783
-742
-694
-633
-563
-491
-425
-367
-309
-245
-176
-108
-50
-2
41
86
135
183
224
256
280
303
329
353
373
386
394
398
404
410
413
411
401
387
372
357
340
319
292
259
219
178
135
91
42
-12
-69
-124
-177
-224
-272
-322
-373
-418
-457
-489
-512
-534
-553
-571
-581
-582
-576
-566
-554
-539
-517
-486
-447
-407
-365
-325
-280
-229
-174
-117
-62
-13
35
83
133
182
227
268
306
340
373
406
432
453
469
484
498
513
522
526
526
524
519
517
510
500
487
471
457
444
430
413
395
379
365
356
348
340
329
321
318
321
328
337
341
345
352
367
385
402
415
421
427
436
445
451
443
424
395
366
336
305
261
202
132
60
-5
-66
-132
-208
-291
-375
-449
-509
-565
-623
-686
-745
-791
-817
-834
-847
-863
-876
-874
-856
-823
-788
-755
-723
-685
-635
-576
-515
-460
-410
-361
-307
-249
-192
-139
-95
-57
-17
26
68
104
135
160
184
209
234
255
272
285
297
305
314
322
326
327
325
319
312
299
285
271
251
227
195
159
121
81
39
-6
-57
-109
-161
-212
-258
-306
-354
-403
-448
-485
-517
-543
-568
-589
-607
-617
-620
-615
-605
-593
-576
-552
-522
-489
-450
-409
-366
-321
-272
-221
-168
-119
-68
-21
26
71
115
157
196
233
266
295
321
347
370
390
406
420
431
439
447
454
457
456
453
448
444
440
433
423
411
397
384
373
363
349
335
323
312
305
299
293
284
279
276
280
287
292
297
300
306
317
331
343
350
354
357
360
366
366
358
338
315
288
265
236
198
151
96
39
-12
-63
-115
-176
-242
-305
-361
-408
-452
-498
-546
-589
-622
-641
-652
-660
-667
-671
-666
-650
-622
-592
-564
-534
-502
-462
-416
-369
-324
-285
-245
-203
-157
-111
-69
-33
0
32
67
102
132
159
181
201
224
247
267
284
297
310
322
335
346
353
356
355
351
349
342
330
313
292
270
245
216
183
143
101
60
18
-25
-70
-119
-167
-212
-256
-298
-339
-378
-411
-441
-463
-482
-498
-514
-522
-524
-520
-511
-498
-481
-462
-436
-407
-374
-340
-306
-267
-226
-180
-135
-92
-49
-7
35
78
120
161
198
235
269
301
329
356
378
397
413
425
438
446
449
449
447
441
433
424
415
403
389
372
354
337
321
303
284
265
246
230
217
206
193
179
170
165
163
164
163
164
165
172
183
195
206
216
224
235
250
265
277
283
286
287
292
293
288
273
252
228
206
181
151
111
64
17
-28
-71
-116
-167
-220
-272
-319
-359
-395
-434
-473
-509
-536
-554
-566
-576
-587
-596
-596
-589
-574
-558
-542
-526
-505
-478
-447
-416
-386
-358
-329
-296
-260
-225
-191
-160
-131
-99
-65
-33
-1
27
55
81
109
137
164
187
207
225
242
261
275
287
295
298
299
296
293
285
271
253
231
206
179
149
116
77
35
-7
-49
-90
-131
-174
-217
-259
-298
-334
-366
-396
-424
-448
-467
-483
-492
-497
-500
-501
-495
-482
-466
-446
-425
-400
-373
-341
-306
-267
-228
-189
-149
-107
-64
-21
20
60
101
140
178
214
249
279
305
331
354
373
390
404
413
420
423
423
420
415
406
396
384
368
352
335
316
298
278
258
237
217
199
182
166
151
136
123
114
105
100
96
95
95
99
107
115
124
132
142
156
172
188
205
219
232
245
261
274
285
290
294
296
297
296
289
275
257
235
213
189
161
128
91
52
13
-26
-66
-108
-153
-196
-235
-270
-304
-337
-372
-404
-430
-449
-465
-477
-487
-494
-497
-494
-485
-475
-461
-446
-427
-404
-377
-348
-318
-288
-259
-227
-192
-157
-121
-87
-55
-23
8
41
72
100
126
151
175
200
222
242
256
270
282
291
300
307
308
306
303
296
287
276
260
241
217
193
167
139
109
76
38
2
-33
-68
-104
-139
-175
-209
-241
-269
-294
-319
-342
-362
-377
-387
-393
-397
-399
-397
-391
-381
-367
-350
-331
-309
-285
-257
-226
-194
-161
-129
-96
-60
-24
11
46
78
111
140
170
196
221
245
264
282
297
309
320
327
328
330
329
326
322
316
307
293
279
264
248
232
215
198
182
165
148
132
113
97
82
69
58
49
42
34
28
21
15
12
10
10
13
16
22
28
33
36
41
47
54
62
73
85
97
107
115
121
127
132
139
146
154
159
162
161
156
146
134
122
107
93
77
60
39
15
-14
-46
-78
-110
-140
-167
-193
-221
-247
-275
-304
-331
-356
-378
-394
-405
-412
-415
-418
-421
-423
-422
-418
-408
-392
-373
-351
-329
-304
-280
-258
-235
-212
-186
-157
-125
-91
-60
-31
-7
15
36
56
78
100
121
143
163
180
192
198
201
202
205
207
211
214
212
205
193
175
157
136
114
94
76
58
38
15
-12
-45
-76
-107
-134
-155
-172
-187
-204
-222
-240
-257
-275
-288
-296
-298
-294
-285
-276
-269
-264
-261
-254
-243
-225
-203
-176
-149
-123
-99
-78
-59
-41
-20
5
34
65
95
121
139
153
165
176
188
203
220
236
248
255
258
254
247
238
233
230
229
228
224
215
199
183
166
150
139
132
126
121
115
107
96
82
72
63
59
59
64
68
72
73
71
67
67
69
76
85
96
106
114
120
123
125
128
132
139
149
160
170
177
178
179
179
179
181
185
188
192
194
194
191
184
175
164
155
147
141
134
122
108
90
70
50
30
8
-12
-32
-52
-69
-88
-108
-132
-155
-177
-195
-209
-219
-228
-237
-246
-251
-257
-261
-264
-265
-263
-256
-244
-231
-218
-205
-196
-187
-176
-162
-144
-124
-102
-83
-62
-46
-31
-19
-8
5
18
36
53
70
82
89
91
91
91
93
96
100
102
104
102
94
83
69
53
40
31
26
20
12
-1
-21
-42
-63
-79
-93
-104
-112
-119
-127
-137
-151
-167
-182
-193
-198
-196
-191
-186
-184
-187
-190
-191
-191
-186
-175
-162
-146
-130
-117
-107
-100
-93
-84
-71
-54
-33
-12
4
18
26
32
40
48
60
71
86
99
109
114
115
113
111
112
114
120
124
127
125
120
113
106
98
92
89
87
86
83
78
71
61
52
45
40
38
37
37
36
32
27
22
19
16
15
16
19
23
25
27
26
23
23
25
28
32
39
43
47
50
51
51
53
54
57
62
67
71
74
76
75
74
74
74
75
76
78
79
78
76
72
66
60
55
51
46
43
36
28
22
10
-2
-13
-24
-34
-43
-51
-60
-70
-81
-93
-105
-116
-125
-131
-136
-140
-144
-148
-152
-157
-160
-162
-161
-158
-153
-147
-141
-134
-131
-125
-119
-111
-101
-91
-79
-67
-56
-47
-37
-29
-21
-13
-4
6
15
23
30
36
39
41
45
47
49
50
53
53
52
51
47
44
39
35
31
27
24
18
13
7
1
-5
-11
-15
-21
-25
-30
-33
-37
-40
-43
-46
-48
-48
-50
-50
-49
-47
-47
-45
-40
-37
-33
-29
-26
-21
-16
-9
-3
3
10
17
24
30
35
42
48
54
60
68
75
81
86
88
92
95
97
101
103
107
109
110
110
109
108
105
102
102
99
98
96
94
90
84
80
74
69
65
61
60
56
52
47
42
37
32
28
25
23
23
21
21
18
15
14
11
11
12
14
16
17
19
19
19
20
21
22
26
28
32
34
36
37
38
37
38
40
42
43
44
45
45
43
41
40
38
37
35
35
34
33
29
27
22
18
15
11
7
5
1
-4
-9
-14
-20
-26
-32
-37
-42
-47
-52
-57
-61
-68
-74
-79
-85
-89
-93
-96
-99
-102
-104
-108
-110
-113
-114
-114
-115
-114
-113
-113
-111
-110
-108
-106
-104
-101
-98
-94
-90
-86
-82
-78
-74
-72
-67
-63
-60
-55
-51
-46
-43
-39
-36
-33
-31
-27
-24
-21
-18
-15
-13
-11
-8
-7
-6
-4
-3
-2
0
1
3
4
4
4
3
4
2
3
3
3
3
3
1
0
-1
-2
-3
-3
-4
-3
-5
-5
-6
-7
-7
-9
-8
-9
-9
-9
-8
-7
-7
-8
-7
-8
-6
-5
-4
-3
-1
0
2
3
5
6
8
10
13
16
18
20
23
25
27
28
30
33
36
39
42
45
46
47
48
49
50
52
53
54
55
56
56
55
54
54
52
51
51
51
50
49
46
43
41
39
36
34
33
32
29
26
24
22
19
16
14
12
10
8
8
6
4
2
-1
-2
-4
-5
-6
-6
-6
-7
-8
-8
-9
-10
-10
-9
-8
-8
-6
-6
-6
-6
-6
-6
-4
-4
-3
-2
-1
0
0
0
-1
0
1
2
3
4
3
3
4
4
4
3
4
4
3
4
4
3
2
1
1
0
-2
-2
-3
-5
-6
-7
-8
-10
-12
-13
-14
-15
-16
-17
-17
-18
-18
-19
-19
-19
-18
-18
-17
-15
-14
-13
-11
-10
-9
-7
-5
-4
-1
2
4
7
8
10
11
13
15
17
18
20
22
23
23
23
24
25
24
24
24
24
24
23
22
21
21
19
18
18
16
15
13
12
10
9
7
5
4
2
1
-1
-1
-4
-5
-6
-8
-9
-10
-10
-10
-12
-12
-13
-14
-14
-14
-15
-14
-13
-13
-12
-11
-11
-10
-10
-9
-8
-8
-7
-6
-6
-5
-4
-3
-3
-2
-1
-1
-1
0
1
0
0
-1
0
0
0
-1
-1
-1
-2
-2
-3
-3
-4
-5
-5
-7
-7
-8
-9
-10
-11
-11
-12
-12
-13
-14
-14
-14
-15
-16
-15
-16
-17
-17
-18
-18
-17
-18
-18
-18
-18
-18
-19
-18
-18
-17
-17
-17
-16
-15
-15
-15
-14
-14
-13
-12
-11
-10
-8
-7
-7
-6
-5
-4
-3
-3
-1
-1
1
1
2
3
3
4
4
4
5
6
6
7
6
6
6
6
6
6
6
6
6
6
5
5
5
5
4
3
3
3
3
2
2
2
2
1
1
0
0
0
-1
-1
-1
-2
-2
-3
-2
-3
-3
-3
-2
-3
-3
-3
-2
-2
-2
-1
-1
0
2
3
4
5
6
7
8
10
11
12
13
15
15
15
15
16
16
15
15
14
13
11
10
9
7
4
2
0
-2
-4
-6
-8
-10
-11
-14
-14
-15
-16
-16
-16
-15
-15
-15
-14
-14
-13
-12
-10
-9
-8
-8
-7
-6
-5
-5
-5
-4
-5
-5
-4
-5
-4
-4
-4
-4
-3
-2
-1
0
3
4
7
10
13
16
20
22
26
30
34
37
41
44
47
51
52
55
56
58
58
59
58
58
57
55
52
50
48
44
41
37
34
30
26
23
19
15
11
8
4
1
-2
-5
-7
-9
-11
-14
-13
-16
-16
-16
-16
-16
-15
-15
-14
-14
-11
-11
-9
-8
-7
-5
-4
-4
-3
-2
0
0
1
0
0
0
0
0
-1
-1
-1
-2
-2
-2
-2
-3
-2
-2
-2
-2
-2
-2
-1
-1
-1
-1
-1
-1
-1
-2
-2
-3
-4
-5
-7
-9
-12
-13
-15
-18
-20
-23
-25
-26
-29
-30
-31
-33
-34
-33
-33
-33
-33
-31
-30
-28
-26
-24
-22
-19
-16
-15
-12
-9
-7
-5
-3
-2
1
2
2
4
5
4
5
4
4
3
3
2
1
-1
-1
-3
-4
-5
-7
-9
-10
-12
-13
-15
-16
-18
-19
-19
-21
-22
-22
-23
-22
-20
-20
-19
-19
-17
-15
-14
-12
-11
-9
-8
-6
-4
-3
-3
-2
-1
-1
-1
-1
-2
-2
-3
-3
-3
-4
-4
-5
-6
-5
-5
-4
-4
-3
-2
-1
0
1
1
3
4
5
6
7
7
7
7
7
7
6
6
4
3
2
1
-1
-1
-1
-2
-2
-2
-2
-2
-2
0
0
1
2
3
4
5
5
6
6
7
5
5
4
4
2
1
-1
-3
-4
-7
-8
-9
-10
-12
-13
-13
-13
-14
-13
-12
-12
-10
-9
-7
-5
-3
0
1
5
6
8
11
12
15
16
18
20
20
21
22
21
22
22
22
22
23
23
22
21
21
20
18
18
17
17
16
15
14
13
13
11
10
9
8
7
6
5
4
2
2
0
0
-1
-2
-2
-2
-3
-2
-3
-3
-2
-3
-2
-2
-1
-1
0
0
0
0
1
1
1
1
2
1
1
1
0
1
0
-1
-1
-1
-2
-2
-2
-1
0
0
0
1
2
4
5
6
7
10
11
13
15
17
18
19
20
20
21
20
21
19
18
17
15
14
12
9
8
6
3
0
-2
-4
-6
-8
-9
-11
-12
-13
-13
-15
-14
-15
-15
-15
-15
-15
-14
-13
-13
-13
-12
-12
-12
-12
-12
-11
-11
-11
-11
-11
-11
-11
-11
-11
-10
-10
-9
-8
-7
-6
-4
-4
-3
-1
0
1
3
3
3
5
4
5
5
5
4
3
2
1
-1
-2
-4
-5
-7
-8
-9
-10
-12
-12
-13
-13
-14
-14
-13
-12
-12
-11
-10
-9
-7
-6
-5
-3
-2
-1
-1
2
1
3
3
3
4
4
4
4
3
2
3
3
1
1
1
0
0
0
-1
-1
-1
-1
-2
-2
-3
-2
-2
-4
-3
-3
-4
-4
-4
-4
-5
-6
-5
-6
-5
-6
-5
-6
-5
-6
-5
-4
-5
-4
-5
-3
-3
-3
-2
-2
-2
-2
-1
-1
0
0
1
0
1
1
2
1
2
1
1
1
1
2
2
2
2
1
1
2
0
2
1
2
0
0
1
1
1
0
1
0
0
1
0
0
1
0
1
0
0
1
0
1
0
1
1
1
1
1
1
1
1
1
1
1
2
2
2
2
1
1
1
2
1
1
0
2
1
0
1
1
1
1
2
2
2
1
2
2
3
3
4
3
3
3
4
4
4
4
3
4
4
4
4
4
4
3
4
5
4
4
4
5
3
4
4
4
4
4
4
4
4
4
5
5
4
5
4
4
3
5
4
4
4
3
3
3
3
4
4
3
3
3
3
2
2
2
1
1
1
2
1
1
0
0
0
0
0
0
0
0
0
-1
-1
0
0
0
0
0
0
0
-1
0
-1
0
0
-1
0
0
0
0
0
-1
-1
0
0
-1
0
-1
-1
0
0
-1
-1
0
0
-1
0
-1
0
-1
0
-1
0
-1
0
0
0
-1
0
0
-1
0
-1
-1
0
-1
0
0
0
-1
0
0
0
-1
-1
-1
-1
-1
-1
-1
-1
0
0
0
0
0
-1
-1
0
0
-1
-2
-1
-1
-1
-1
-2
-1
-1
-1
-1
-2
-2
-3
-2
-2
-2
-3
-2
-2
-2
-3
-3
-4
-3
-3
-3
-3
-4
-3
-3
-3
-3
-3
-4
-3
-3
-4
-3
-3
-3
-3
-3
-2
-2
-3
-2
-2
-2
-1
-2
-1
-2
-1
-2
-2
-1
-1
-1
-1
0
-1
1
0
0
0
1
1
0
1
1
0
0
1
0
0
0
0
-1
0
-1
-2
0
-1
-1
-1
-2
-1
-2
-2
-1
-2
-2
-1
-1
-2
-1
-2
-1
0
-1
-1
0
0
-1
0
0
-1
-1
0
-1
-1
-1
0
-1
0
-1
0
-1
-1
0
0
1
1
1
2
1
2
2
3
2
3
2
2
2
2
3
2
2
2
2
2
1
0
1
1
1
1
1
0
0
0
0
0
1
0
0
0
0
0
-1
0
-1
0
0
0
-1
1
0
0
0
0
0
0
0
1
0
0
0
0
-1
0
1
0
0
1
0
1
1
1
2
2
1
1
1
1
2
1
2
2
1
2
2
2
1
1
2
2
2
2
2
2
2
1
2
1
1
1
1
1
2
2
2
1
1
2
1
2
2
1
1
1
1
1
1
1
1
1
1
1
1
1
2
2
1
1
0
1
1
1
0
1
0
1
0
0
0
0
-1
0
-1
-1
0
-1
-1
-1
-1
-1
-1
-1
-1
-1
-1
-1
-2
-1
-1
-1
-1
0
-2
-1
-2
-2
-1
-1
0
-1
-1
0
0
0
0
0
0
1
0
2
2
1
1
2
2
2
3
2
2
3
2
2
3
2
3
3
2
1
2
1
1
1
1
0
0
1
0
-1
-1
-1
-1
-2
-2
-3
-3
-3
-3
-4
-5
-5
-5
-5
-5
-5
-7
-6
-6
-6
-6
-6
-7
-7
-7
-6
-5
-6
-6
-6
-5
-5
-3
-6
-5
-4
-4
-4
-3
-4
-2
-3
-2
-2
-2
-1
-1
-1
0
-1
0
-1
-1
-1
-1
-2
-1
-1
-1
-1
0
-1
-2
-2
-2
-3
-2
-2
-3
-4
-3
-3
-4
-3
-3
-3
-3
-4
-3
-4
-4
-5
-5
-5
-4
-4
-3
-4
-4
-3
-3
-3
-3
-2
-2
-2
-2
-2
-1
-2
-2
-2
0
-1
-1
0
-1
-1
-1
-1
-1
-2
-2
-1
-1
-1
-1
-2
-1
-1
-2
-2
-1
-1
-1
-1
-1
0
0
0
0
1
2
1
2
2
4
3
4
5
5
5
6
7
7
8
8
9
11
11
11
10
11
11
10
11
10
10
10
10
9
9
8
7
6
6
3
3
1
0
-1
-2
-3
-4
-5
-6
-7
-9
-10
-11
-13
-13
-14
-16
-17
-17
-18
-18
-18
-18
-18
-17
-17
-16
-16
-15
-14
-13
-12
-10
-8
-6
-5
-2
0
3
5
7
9
13
15
17
20
22
26
29
30
34
35
38
39
41
42
43
0
0
0
0
0
0
0
0
0
0
0
0
0
0
0
0
0
0
0
0
0
0
0
0
0
0
0
0
0
0
0
0
0
0
0
0
0
0
0
0
0
0
0
0
0
0
0
0
0
0
0
0
0
0
0
0
0
0
0
0
0
0
0
0
0
0
0
0
0
0
0
0
0
0
0
0
0
0
0
0
0
0
0
0
0
0
0
0
0
0
0
0
0
0
0
0
0
0
0
0
0
0
0
0
0
0
0
0
0
0
0
0
0
0
0
0
0
0
0
0
0
0
0
0
0
0
0
0
0
0
0
0
0
0
0
0
0
0
0
0
0
0
0
0
0
0
0
0
0
0
0
0
0
0
0
0
0
0
0
0
0
0
0
0
0
0
0
0
0
0
0
0
0
0
0
0
0
0
0
0
0
0
0
0
0
0
0
0
0
0
0
0
0
0
0
0
0
0
