0
0
0
0
0
0
0
0
0
0
0
0
0
0
0
0
0
0
0
0
0
0
0
0
0
0
0
0
0
0
0
0
0
0
0
0
0
0
0
0
0
0
0
0
0
0
0
0
0
0
0
0
0
0
0
0
0
0
0
0
0
0
0
0
0
0
0
0
0
0
0
0
0
0
0
0
0
0
0
0
0
0
0
0
0
0
0
0
0
0
0
0
0
0
0
0
0
0
0
0
0
0
0
0
0
0
0
0
0
0
0
0
0
0
0
0
0
0
0
0
0
0
0
0
0
0
0
0
0
0
0
0
0
0
0
0
0
0
0
0
0
0
0
0
0
0
0
0
0
0
0
0
0
0
0
0
0
0
0
0
0
0
0
0
0
0
0
0
0
0
0
0
0
0
0
0
0
0
0
0
0
0
0
0
0
0
0
0
0
0
0
0
0
0
0
0
0
0
35
37
38
39
40
41
41
41
41
39
37
36
34
33
30
27
24
20
16
12
6
3
-2
-7
-13
-18
-22
-27
-32
-37
-40
-45
-48
-51
-54
-56
-57
-58
-59
-59
-59
-58
-57
-55
-55
-52
-49
-47
-44
-41
-37
-34
-30
-25
-22
-17
-13
-8
-4
0
3
7
12
16
20
24
27
32
35
38
41
43
45
48
49
50
50
49
49
48
45
43
39
34
29
23
18
11
3
-3
-12
-20
-28
-36
-43
-51
-59
-67
-73
-78
-83
-88
-91
-93
-96
-95
-94
-93
-91
-88
-83
-80
-75
-68
-61
-55
-50
-42
-35
-30
-23
-16
-11
-4
1
5
9
14
18
22
26
29
32
34
36
38
39
41
42
42
42
44
43
44
43
43
43
42
42
43
43
43
43
43
44
47
49
51
53
57
62
66
69
75
80
85
90
95
101
106
110
112
116
117
117
117
115
112
109
102
95
87
76
64
52
38
23
7
-8
-25
-41
-57
-73
-88
-102
-115
-127
-137
-145
-153
-158
-161
-165
-164
-165
-164
-161
-158
-153
-148
-142
-136
-129
-121
-112
-103
-94
-83
-71
-61
-49
-36
-24
-10
2
14
26
38
49
60
73
86
96
106
117
126
136
144
149
155
158
159
158
154
148
139
129
117
103
87
70
51
33
13
-6
-26
-45
-63
-81
-97
-113
-128
-140
-151
-160
-168
-174
-176
-176
-176
-170
-165
-155
-145
-133
-119
-103
-89
-73
-56
-40
-24
-9
5
17
29
39
49
59
65
73
79
84
87
93
96
98
100
101
102
100
101
97
94
92
89
86
81
78
74
68
64
58
51
46
38
30
22
13
5
-3
-11
-17
-22
-27
-29
-29
-29
-26
-22
-13
-5
3
13
25
38
51
64
78
92
107
122
135
150
162
174
184
191
194
195
189
180
167
149
127
101
72
42
10
-20
-49
-75
-101
-121
-138
-152
-163
-170
-175
-180
-183
-185
-187
-188
-190
-193
-194
-194
-193
-191
-187
-182
-173
-163
-152
-140
-126
-113
-100
-87
-76
-65
-55
-45
-37
-28
-17
-7
5
19
34
51
68
86
106
124
140
155
166
175
180
181
178
172
164
152
137
123
105
87
68
49
30
11
-10
-30
-51
-72
-92
-113
-131
-150
-167
-181
-193
-201
-207
-208
-205
-200
-191
-179
-167
-153
-137
-122
-106
-91
-76
-63
-50
-37
-24
-13
-2
9
20
32
43
54
63
72
80
88
93
98
102
104
107
108
108
109
109
108
108
106
102
98
92
88
81
73
64
56
46
39
31
24
19
17
14
15
16
18
21
25
30
34
39
43
48
54
62
68
78
89
101
116
131
147
161
175
185
193
195
192
184
168
148
122
91
56
20
-17
-53
-85
-115
-138
-157
-170
-180
-184
-184
-181
-176
-173
-168
-166
-164
-164
-168
-172
-177
-182
-187
-189
-191
-189
-183
-175
-162
-148
-132
-114
-95
-76
-59
-44
-29
-16
-5
5
14
23
33
44
56
70
86
104
124
144
164
183
200
216
227
234
236
235
228
217
202
184
162
138
112
85
59
31
6
-22
-47
-71
-94
-116
-136
-155
-171
-187
-200
-211
-219
-225
-228
-227
-224
-219
-209
-198
-184
-169
-152
-134
-115
-97
-78
-60
-42
-27
-13
1
14
25
36
47
55
63
73
81
89
98
105
114
121
127
135
141
145
148
151
152
151
148
143
135
127
117
107
96
85
74
64
56
48
42
38
34
32
30
30
28
27
27
26
25
25
26
29
33
40
51
63
78
96
114
134
153
169
183
192
194
190
178
158
132
99
61
19
-23
-65
-105
-141
-173
-195
-213
-223
-227
-226
-221
-212
-203
-194
-186
-181
-178
-176
-177
-179
-183
-184
-184
-183
-178
-170
-159
-144
-127
-109
-89
-70
-52
-36
-22
-12
-3
3
7
11
14
17
22
28
37
47
59
74
89
105
124
140
154
168
180
189
194
196
193
187
177
163
147
126
105
82
56
30
4
-21
-45
-69
-91
-112
-130
-146
-162
-174
-184
-195
-204
-210
-217
-220
-222
-224
-221
-218
-211
-202
-190
-175
-157
-138
-117
-96
-73
-50
-29
-9
10
26
42
55
64
75
84
91
99
105
112
119
126
133
142
148
154
158
163
166
165
164
159
152
144
133
122
108
95
83
71
60
52
44
38
34
32
32
33
33
35
36
36
36
34
34
34
34
35
38
44
51
64
78
94
113
132
150
167
178
185
185
177
162
140
110
74
36
-6
-47
-85
-122
-152
-174
-192
-202
-206
-207
-202
-195
-190
-183
-179
-177
-177
-178
-181
-186
-188
-189
-187
-180
-171
-157
-140
-118
-95
-72
-47
-25
-4
13
28
37
43
47
48
47
48
48
49
52
57
64
73
82
94
105
117
129
139
148
155
162
165
166
164
160
154
146
134
122
106
89
70
49
26
4
-17
-40
-61
-82
-101
-119
-135
-148
-161
-172
-181
-189
-195
-201
-204
-207
-207
-205
-200
-194
-184
-172
-158
-139
-122
-99
-79
-58
-37
-16
1
20
36
51
66
79
89
100
112
122
130
138
145
151
154
157
159
159
156
152
149
143
138
131
124
116
110
102
93
85
76
67
58
49
38
30
22
15
10
6
3
1
1
1
2
2
2
3
4
5
9
14
20
29
39
53
69
86
103
120
134
143
148
145
136
119
95
65
30
-7
-46
-84
-117
-148
-172
-190
-200
-205
-205
-200
-194
-188
-181
-177
-175
-176
-178
-181
-184
-185
-184
-178
-168
-153
-135
-112
-87
-61
-35
-12
8
24
34
40
41
38
31
24
16
8
3
1
3
6
13
23
35
46
57
70
80
89
96
104
109
114
119
122
126
128
129
127
124
117
108
95
77
58
36
14
-9
-33
-54
-74
-90
-105
-119
-128
-138
-145
-152
-158
-162
-167
-171
-171
-171
-167
-161
-153
-139
-124
-108
-89
-71
-55
-41
-29
-21
-15
-13
-12
-13
-11
-11
-5
2
12
28
46
67
90
111
131
148
162
171
176
176
173
168
159
149
139
128
118
108
98
90
83
76
69
62
55
49
42
36
31
27
23
22
23
25
27
31
35
42
48
54
63
72
81
91
103
115
129
142
155
165
175
180
180
173
159
138
110
74
31
-15
-64
-113
-159
-202
-239
-269
-290
-303
-309
-307
-299
-286
-271
-254
-235
-217
-198
-181
-163
-144
-122
-100
-75
-47
-18
12
41
68
92
112
127
134
136
131
120
104
86
65
45
25
8
-4
-14
-20
-21
-18
-11
-4
6
16
28
39
49
59
66
74
79
84
88
90
91
89
85
79
70
56
42
26
10
-9
-27
-44
-61
-75
-89
-101
-111
-119
-126
-133
-139
-145
-151
-156
-161
-163
-164
-164
-162
-155
-147
-135
-120
-103
-85
-67
-50
-33
-16
-3
9
19
28
35
40
46
50
57
62
68
75
80
87
93
99
103
108
110
110
110
109
106
101
99
94
89
84
80
74
70
67
63
60
57
55
54
53
53
53
55
56
58
60
61
62
64
66
68
72
75
81
91
101
114
130
146
162
176
187
192
191
182
164
136
99
54
3
-52
-111
-168
-222
-268
-309
-339
-358
-369
-370
-362
-348
-330
-308
-285
-261
-238
-213
-190
-167
-142
-114
-87
-55
-21
14
50
86
118
147
167
182
187
185
174
156
133
108
81
55
31
12
-2
-9
-12
-11
-5
2
11
18
25
32
35
36
37
38
38
40
44
48
55
61
68
72
75
74
69
58
43
23
0
-25
-51
-76
-101
-120
-135
-144
-150
-149
-146
-141
-133
-126
-120
-116
-115
-115
-117
-118
-121
-121
-119
-115
-106
-92
-78
-60
-40
-21
-3
14
28
38
46
50
51
51
51
49
50
51
54
58
63
71
77
83
89
94
97
98
97
95
92
89
85
82
78
76
74
72
72
72
72
73
74
75
77
78
80
82
84
86
89
92
97
101
107
115
124
134
147
161
176
191
204
214
221
223
214
199
173
136
90
36
-27
-93
-161
-229
-290
-345
-391
-423
-444
-452
-446
-431
-405
-373
-336
-297
-257
-217
-179
-142
-107
-71
-36
0
36
73
111
147
181
212
237
253
260
260
247
227
197
163
123
82
42
7
-24
-46
-62
-68
-70
-65
-56
-45
-34
-23
-14
-8
-3
0
3
6
12
19
29
42
56
70
84
93
98
98
90
74
52
23
-10
-46
-82
-114
-142
-163
-178
-183
-182
-175
-162
-147
-131
-115
-102
-91
-85
-82
-81
-82
-83
-82
-80
-74
-65
-52
-37
-18
0
19
36
52
62
69
73
74
71
67
60
55
48
42
38
36
34
36
37
39
41
45
47
48
50
51
51
51
50
49
49
49
49
51
53
57
63
69
79
87
96
106
116
123
130
135
139
142
146
151
157
167
181
198
220
245
271
295
316
329
330
320
292
247
184
107
15
-85
-191
-294
-392
-478
-548
-599
-629
-639
-628
-599
-558
-507
-450
-391
-334
-279
-228
-182
-139
-97
-55
-12
34
86
138
192
246
295
337
368
385
386
369
337
289
230
163
95
27
-35
-87
-127
-152
-165
-167
-157
-140
-121
-101
-82
-68
-55
-48
-41
-37
-28
-17
1
24
53
87
121
155
181
200
207
201
179
142
93
35
-28
-93
-154
-208
-251
-279
-295
-298
-288
-269
-243
-216
-186
-160
-136
-116
-100
-88
-78
-69
-60
-50
-38
-23
-9
5
19
33
46
55
61
65
66
67
66
65
63
61
58
55
48
43
35
26
19
10
3
-1
-2
3
12
25
40
58
76
93
108
120
129
133
134
132
129
126
126
129
136
147
161
176
195
210
229
244
261
277
295
317
342
374
411
449
484
516
535
536
514
465
384
269
125
-44
-227
-416
-596
-760
-894
-992
-1047
-1056
-1021
-948
-845
-723
-591
-462
-340
-231
-140
-65
-7
43
88
137
192
258
332
409
486
556
610
644
650
625
565
474
357
223
82
-56
-181
-288
-368
-422
-445
-443
-417
-375
-325
-273
-225
-182
-144
-112
-84
-57
-26
10
56
111
178
252
328
401
464
509
533
530
498
435
344
227
91
-54
-203
-345
-474
-580
-657
-707
-722
-708
-664
-598
-515
-421
-322
-228
-141
-64
0
52
89
114
130
138
139
137
134
130
124
117
108
99
88
75
58
41
24
4
-16
-39
-60
-80
-99
-118
-136
-148
-154
-155
-147
-130
-102
-65
-18
35
93
152
205
250
283
306
315
310
292
268
240
213
191
178
175
178
193
216
248
287
329
372
414
458
506
560
618
676
728
769
788
780
734
646
506
308
54
-240
-553
-857
-1136
-1374
-1549
-1650
-1671
-1609
-1472
-1270
-1026
-771
-532
-322
-140
12
134
224
290
345
400
466
547
647
753
848
908
923
890
807
672
489
261
10
-245
-478
-668
-799
-863
-866
-819
-736
-624
-495
-362
-240
-143
-73
-22
17
60
116
195
293
406
524
642
755
845
899
901
845
735
580
394
197
3
-175
-331
-462
-560
-625
-662
-686
-711
-745
-788
-834
-870
-887
-870
-811
-709
-563
-375
-150
91
323
518
652
716
712
646
525
365
184
2
-158
-277
-346
-362
-338
-292
-243
-196
-157
-126
-112
-117
-140
-167
-182
-176
-137
-71
11
96
173
242
298
339
362
363
345
318
292
279
282
299
323
345
359
365
360
347
325
300
280
277
295
336
402
494
613
763
931
1095
1235
1337
1384
1359
1254
1072
807
443
-24
-561
-1096
-1562
-1927
-2187
-2330
-2342
-2229
-2016
-1718
-1345
-934
-551
-260
-68
69
197
329
460
593
734
880
1021
1163
1302
1417
1450
1355
1121
784
391
-15
-403
-755
-1059
-1292
-1433
-1456
-1361
-1168
-921
-673
-463
-304
-179
-69
35
127
212
296
396
523
686
877
1069
1216
1274
1233
1109
922
682
398
84
-230
-514
-744
-894
-947
-911
-824
-728
-646
-572
-506
-462
-454
-485
-532
-571
-582
-545
-446
-292
-109
66
219
348
450
511
512
445
320
169
21
-101
-188
-244
-281
-304
-314
-311
-298
-280
-268
-275
-293
-303
-275
-201
-97
17
127
229
322
398
449
465
440
372
274
175
100
66
63
74
95
122
153
185
210
223
214
187
146
108
95
117
175
267
397
553
717
861
970
1055
1141
1232
1308
1350
1359
1341
1289
1193
1051
864
595
173
-427
-1122
-1771
-2274
-2621
-2828
-2876
-2748
-2466
-2079
-1593
-1005
-383
131
432
555
621
713
830
949
1073
1199
1296
1339
1351
1364
1343
1193
845
327
-262
-824
-1286
-1616
-1803
-1866
-1824
-1681
-1430
-1073
-656
-254
60
250
330
367
418
509
632
767
902
1022
1121
1198
1253
1256
1141
868
471
27
-389
-745
-1018
-1174
-1208
-1156
-1058
-913
-704
-459
-253
-148
-128
-141
-153
-157
-134
-62
58
177
249
265
236
154
1
-220
-463
-673
-809
-846
-771
-602
-379
-147
64
223
302
284
190
44
-123
-283
-388
-400
-325
-199
-52
107
270
404
475
476
422
334
234
152
114
128
177
236
288
322
329
301
236
142
40
-42
-73
-32
82
244
425
608
783
935
1054
1122
1127
1075
1017
1015
1090
1207
1332
1465
1596
1666
1617
1452
1195
765
25
-1010
-2083
-2881
-3304
-3446
-3364
-3008
-2409
-1756
-1207
-704
-135
406
667
574
366
319
473
722
1029
1423
1810
1990
1886
1623
1330
956
378
-376
-1135
-1735
-2108
-2230
-2073
-1693
-1242
-866
-594
-370
-161
11
124
188
232
291
420
672
1034
1413
1688
1785
1682
1402
990
523
67
-353
-738
-1063
-1271
-1304
-1166
-922
-659
-449
-331
-311
-354
-391
-366
-261
-104
75
266
474
684
851
917
830
581
196
-260
-701
-1053
-1280
-1381
-1367
-1253
-1050
-773
-462
-167
55
173
189
141
82
54
64
94
121
134
131
120
98
63
6
-73
-158
-211
-195
-103
30
160
256
309
319
279
199
102
7
-79
-142
-156
-95
41
213
367
480
557
612
648
656
637
603
573
570
604
675
760
832
895
979
1112
1263
1382
1451
1482
1453
1324
1111
884
627
169
-624
-1620
-2458
-2902
-3005
-2918
-2654
-2177
-1621
-1212
-962
-647
-152
302
445
348
335
567
904
1194
1466
1739
1834
1553
984
425
26
-342
-812
-1291
-1600
-1703
-1680
-1545
-1248
-855
-558
-472
-492
-436
-244
11
280
579
896
1155
1310
1391
1447
1436
1261
898
426
-39
-423
-692
-828
-843
-810
-812
-858
-877
-819
-708
-602
-510
-397
-245
-71
130
389
690
937
1028
953
789
585
325
-7
-361
-676
-948
-1201
-1403
-1476
-1397
-1224
-1035
-834
-594
-318
-56
167
361
522
604
577
476
371
275
154
0
-146
-240
-292
-315
-298
-223
-117
-34
13
60
120
159
158
145
153
163
137
89
74
109
155
179
217
309
429
516
558
598
660
706
697
641
580
534
502
498
550
646
742
817
920
1086
1283
1442
1545
1618
1636
1532
1310
1050
758
266
-572
-1616
-2477
-2896
-2944
-2803
-2486
-1951
-1356
-983
-863
-711
-325
112
309
309
429
806
1238
1508
1661
1783
1729
1278
505
-226
-669
-915
-1149
-1366
-1438
-1373
-1296
-1240
-1111
-871
-650
-563
-526
-352
21
487
929
1310
1597
1705
1582
1314
1040
812
571
272
-34
-270
-429
-554
-662
-740
-814
-934
-1094
-1193
-1125
-882
-536
-161
204
514
706
757
721
662
584
458
280
106
-41
-200
-422
-695
-966
-1206
-1396
-1487
-1407
-1142
-779
-427
-132
116
306
409
433
421
392
319
190
62
4
3
-13
-72
-136
-177
-210
-251
-257
-192
-79
14
68
119
184
227
217
178
142
101
46
13
60
184
328
450
554
652
704
671
592
532
509
474
401
335
333
393
474
546
618
696
797
931
1096
1263
1404
1515
1584
1562
1403
1134
805
352
-358
-1308
-2200
-2695
-2730
-2505
-2190
-1777
-1291
-929
-837
-856
-680
-252
180
438
635
964
1367
1608
1598
1442
1197
762
98
-589
-1023
-1146
-1135
-1146
-1177
-1193
-1223
-1304
-1349
-1229
-927
-552
-201
149
547
970
1322
1523
1560
1450
1211
896
608
431
360
301
162
-77
-377
-690
-969
-1171
-1255
-1218
-1095
-910
-653
-312
73
410
617
681
636
531
417
347
332
319
206
-45
-384
-721
-987
-1159
-1232
-1208
-1109
-971
-811
-618
-392
-164
17
129
183
206
223
243
268
276
239
159
65
-8
-42
-43
-30
-25
-33
-52
-59
-41
-3
40
74
92
100
94
80
69
73
103
159
236
331
441
556
657
720
733
703
649
597
559
528
497
466
446
444
458
487
529
598
721
902
1104
1267
1380
1460
1494
1417
1197
885
524
36
-688
-1542
-2196
-2397
-2227
-1958
-1708
-1408
-1056
-829
-814
-809
-550
-57
402
692
947
1280
1545
1519
1222
855
506
82
-423
-820
-946
-911
-955
-1140
-1322
-1392
-1407
-1422
-1347
-1059
-592
-90
359
777
1150
1377
1395
1283
1184
1135
1073
959
824
688
500
213
-132
-453
-720
-941
-1103
-1144
-1035
-821
-578
-336
-100
103
239
319
403
516
615
642
592
489
334
107
-178
-481
-766
-1021
-1217
-1295
-1234
-1084
-927
-797
-662
-503
-343
-194
-37
138
292
369
370
337
295
231
150
85
63
64
62
63
81
100
81
17
-40
-47
-9
38
76
112
143
153
141
135
161
211
267
336
435
558
655
693
680
653
625
598
574
561
545
499
418
345
322
353
420
517
654
818
960
1045
1098
1161
1217
1190
1029
778
492
130
-420
-1145
-1796
-2090
-1992
-1731
-1514
-1333
-1098
-867
-776
-793
-692
-328
172
586
873
1118
1297
1251
934
531
234
20
-254
-580
-795
-835
-852
-1007
-1260
-1462
-1537
-1519
-1407
-1123
-660
-158
231
492
701
881
978
983
978
1036
1118
1132
1037
860
615
291
-86
-432
-666
-781
-816
-795
-724
-631
-559
-515
-454
-332
-142
84
302
473
564
571
518
410
224
-52
-366
-626
-775
-828
-845
-858
-879
-907
-948
-972
-936
-809
-605
-370
-148
30
131
143
82
12
-3
41
114
187
250
296
307
271
206
149
116
102
113
156
221
260
237
174
117
90
86
107
169
272
384
462
500
519
529
523
515
533
586
641
659
635
590
538
475
419
407
462
566
679
782
875
951
998
1030
1057
1046
949
757
500
160
-343
-989
-1549
-1747
-1564
-1264
-1101
-1071
-1023
-930
-906
-955
-884
-550
-49
385
665
853
959
875
573
241
95
126
137
12
-174
-323
-473
-720
-1023
-1233
-1271
-1197
-1076
-887
-595
-275
-57
30
78
182
334
491
655
848
1041
1146
1111
965
769
558
349
176
74
35
6
-66
-189
-338
-476
-569
-595
-549
-441
-299
-153
-36
23
16
-35
-90
-120
-122
-110
-100
-109
-156
-250
-372
-490
-580
-639
-668
-657
-604
-540
-499
-488
-473
-428
-355
-275
-191
-93
13
97
144
166
187
215
249
295
357
423
460
452
419
387
357
326
297
292
310
329
330
314
294
276
259
248
257
286
318
340
357
383
415
436
438
434
443
466
495
529
565
603
639
672
707
746
789
824
827
770
644
466
239
-60
-430
-778
-963
-920
-744
-596
-558
-597
-658
-742
-845
-895
-803
-573
-322
-153
-73
-34
-29
-97
-233
-343
-334
-207
-57
20
2
-80
-189
-293
-363
-373
-330
-274
-244
-234
-216
-177
-134
-120
-135
-148
-127
-68
-1
39
41
29
39
80
133
175
191
189
176
165
171
199
230
236
203
157
134
145
164
154
114
62
19
-14
-53
-95
-140
-187
-238
-287
-325
-356
-391
-434
-474
-486
-466
-427
-392
-372
-373
-389
-410
-414
-390
-346
-301
-266
-235
-205
-180
-169
-166
-162
-143
-109
-63
-12
40
87
120
143
166
195
229
260
283
299
313
328
339
344
345
345
346
347
348
348
351
353
357
358
354
349
345
345
350
353
359
363
363
365
371
383
405
432
461
487
511
529
534
518
479
415
339
278
247
244
242
209
131
25
-78
-152
-195
-235
-297
-381
-464
-517
-540
-558
-611
-703
-800
-850
-833
-770
-711
-691
-699
-698
-658
-578
-493
-435
-418
-416
-390
-319
-218
-129
-83
-71
-55
-7
73
149
191
191
176
185
233
305
364
387
376
358
364
401
449
475
468
440
418
421
437
440
408
344
276
230
211
199
165
95
2
-88
-156
-202
-247
-309
-393
-473
-526
-539
-532
-530
-548
-576
-594
-587
-558
-527
-504
-493
-477
-444
-393
-337
-290
-258
-234
-204
-159
-101
-44
6
48
90
139
196
252
301
341
374
406
439
474
504
528
545
562
577
593
600
600
595
588
582
571
552
528
505
488
477
472
470
465
454
443
436
435
436
435
431
426
421
406
372
310
229
158
121
122
129
100
18
-95
-201
-267
-304
-345
-418
-516
-605
-650
-646
-637
-669
-751
-842
-884
-847
-763
-696
-684
-719
-745
-719
-637
-543
-481
-464
-454
-404
-300
-176
-81
-44
-49
-45
7
108
212
272
278
258
259
296
350
388
387
357
335
345
384
421
427
397
351
318
317
336
344
321
269
208
164
138
117
78
15
-64
-135
-183
-215
-253
-314
-400
-488
-558
-596
-613
-623
-643
-670
-691
-686
-657
-619
-592
-581
-568
-537
-478
-407
-345
-305
-280
-252
-206
-138
-65
-3
39
71
107
155
211
261
300
332
367
412
460
500
523
528
531
538
558
583
601
609
608
601
592
580
563
541
520
504
497
491
480
462
444
432
430
432
436
437
434
426
410
376
320
247
179
138
127
125
93
19
-82
-180
-246
-286
-328
-395
-485
-568
-617
-627
-633
-673
-754
-838
-873
-832
-746
-668
-638
-651
-666
-640
-575
-505
-466
-461
-453
-402
-298
-173
-79
-42
-44
-37
15
107
202
262
278
281
297
343
394
422
418
396
391
418
464
497
493
450
394
358
349
354
346
312
259
209
175
152
118
61
-16
-93
-150
-185
-210
-247
-306
-377
-443
-488
-515
-536
-561
-596
-628
-648
-651
-643
-633
-625
-614
-589
-547
-487
-424
-366
-320
-278
-233
-179
-117
-53
8
64
120
177
233
284
327
364
398
433
473
510
542
565
582
595
606
616
625
631
637
641
644
644
635
620
600
585
575
564
549
526
502
481
469
466
462
452
436
419
407
393
362
303
222
146
96
80
76
47
-26
-130
-232
-300
-337
-371
-435
-526
-615
-665
-670
-661
-681
-748
-830
-874
-848
-767
-683
-640
-644
-653
-626
-556
-477
-426
-413
-409
-372
-285
-172
-80
-36
-30
-22
18
98
182
239
257
258
272
307
353
386
391
381
377
399
440
476
483
453
405
364
345
339
330
299
246
188
141
108
77
32
-34
-111
-182
-232
-262
-294
-342
-407
-472
-522
-548
-559
-572
-595
-623
-644
-648
-639
-627
-620
-616
-606
-578
-532
-474
-419
-373
-329
-279
-221
-154
-88
-26
29
83
138
194
246
293
336
378
421
464
498
524
542
552
562
571
580
588
592
594
594
589
583
575
563
550
538
526
516
508
495
477
459
443
437
437
433
422
406
388
365
330
275
199
120
61
36
28
8
-50
-145
-244
-314
-350
-376
-429
-518
-611
-672
-682
-668
-680
-737
-817
-864
-839
-752
-662
-616
-620
-633
-607
-533
-445
-386
-370
-365
-325
-235
-120
-28
11
11
16
61
140
218
264
274
269
279
315
355
380
379
364
360
381
417
443
442
411
368
334
323
322
317
292
250
201
158
124
89
42
-23
-95
-160
-210
-248
-285
-335
-394
-455
-503
-527
-538
-545
-560
-582
-602
-611
-608
-594
-579
-563
-541
-509
-465
-415
-366
-325
-286
-240
-186
-122
-56
6
61
114
163
213
259
303
345
386
432
474
510
535
551
560
566
574
581
589
598
604
606
603
589
572
553
537
528
523
520
515
503
485
466
448
437
434
434
433
423
407
389
367
333
277
203
128
76
55
51
28
-33
-127
-219
-280
-308
-333
-386
-472
-561
-612
-617
-606
-623
-687
-765
-808
-780
-702
-626
-597
-610
-624
-596
-524
-442
-392
-382
-376
-334
-244
-137
-59
-30
-29
-18
32
109
180
218
226
226
245
284
327
347
345
336
341
367
402
424
415
383
346
322
313
313
302
274
235
194
161
135
103
56
-9
-79
-144
-195
-238
-280
-332
-394
-453
-493
-516
-526
-538
-558
-580
-597
-600
-592
-580
-570
-556
-537
-502
-456
-407
-362
-323
-284
-239
-185
-125
-69
-16
33
83
132
180
224
264
302
342
384
422
453
474
487
497
505
514
522
527
535
542
545
542
531
515
501
492
485
477
467
457
448
440
431
418
404
395
395
402
406
398
377
344
309
266
215
153
94
50
25
1
-39
-110
-196
-275
-329
-363
-402
-462
-538
-603
-636
-641
-648
-679
-733
-779
-780
-734
-670
-625
-614
-623
-612
-567
-497
-434
-398
-378
-347
-282
-193
-111
-62
-44
-31
2
63
130
184
211
223
242
278
320
351
366
367
371
388
413
434
437
419
390
363
344
330
317
294
261
222
184
149
115
77
27
-37
-103
-165
-214
-256
-298
-348
-403
-453
-489
-507
-517
-528
-548
-570
-584
-582
-568
-548
-535
-523
-505
-473
-428
-378
-333
-292
-253
-206
-149
-87
-27
25
75
123
177
232
284
329
370
408
446
479
506
525
536
543
549
553
554
553
552
548
543
533
519
501
483
466
450
436
424
413
405
398
390
378
369
366
371
381
388
386
376
364
350
327
287
228
164
112
83
65
36
-19
-99
-183
-244
-283
-315
-366
-443
-523
-576
-591
-588
-599
-641
-699
-733
-719
-665
-608
-580
-585
-592
-568
-509
-440
-391
-372
-361
-327
-257
-172
-103
-70
-61
-48
-10
50
109
148
168
182
211
254
300
333
346
350
360
381
407
423
424
410
391
371
355
338
317
290
258
223
188
152
112
68
19
-38
-99
-159
-213
-260
-305
-349
-398
-443
-480
-503
-517
-529
-544
-562
-573
-571
-557
-537
-521
-506
-489
-461
-420
-375
-332
-293
-255
-208
-151
-91
-34
15
59
104
155
209
258
302
339
376
413
446
472
490
500
509
518
524
527
523
514
504
491
480
468
450
426
400
375
355
339
327
317
304
293
281
273
274
279
287
292
290
285
282
284
287
279
250
202
145
100
77
65
43
-8
-85
-164
-222
-254
-280
-325
-396
-478
-539
-561
-557
-563
-600
-659
-706
-710
-670
-614
-579
-577
-588
-579
-535
-473
-420
-393
-383
-362
-310
-237
-168
-128
-114
-104
-74
-21
42
91
121
142
166
204
246
281
303
314
329
353
385
407
413
405
390
375
365
352
334
311
283
253
224
190
148
101
50
1
-48
-100
-153
-205
-255
-299
-339
-380
-420
-455
-482
-495
-500
-505
-516
-527
-530
-519
-495
-468
-444
-425
-403
-369
-324
-273
-228
-190
-152
-106
-50
9
65
109
147
186
229
270
311
344
372
397
424
450
470
480
486
489
492
492
488
478
466
456
445
433
418
398
373
348
325
308
294
284
276
271
264
255
247
239
239
246
256
262
261
260
262
269
268
249
207
153
109
86
82
74
37
-33
-111
-172
-205
-221
-254
-315
-396
-461
-489
-486
-487
-516
-573
-625
-637
-599
-541
-502
-498
-515
-516
-479
-418
-364
-338
-330
-316
-273
-205
-138
-96
-80
-70
-43
8
70
120
147
161
180
210
248
279
297
308
322
344
370
392
397
385
367
351
340
329
312
288
261
232
202
170
133
91
48
2
-44
-91
-139
-187
-232
-276
-320
-359
-397
-426
-449
-463
-473
-481
-488
-492
-491
-479
-462
-438
-411
-381
-352
-317
-278
-236
-191
-146
-101
-53
-6
39
80
118
153
185
218
250
282
311
337
359
378
391
401
412
423
433
440
442
440
433
425
415
401
383
364
349
335
323
304
281
253
227
210
198
192
183
172
160
150
146
145
149
152
156
159
167
180
194
200
186
156
116
82
66
61
53
25
-28
-91
-146
-180
-204
-236
-290
-358
-417
-452
-466
-477
-508
-555
-602
-623
-606
-570
-541
-532
-541
-543
-523
-482
-437
-406
-390
-372
-337
-280
-220
-171
-143
-126
-101
-58
-4
47
82
102
118
143
175
207
232
248
262
279
305
331
349
353
343
329
316
312
308
299
281
252
220
188
159
129
92
45
-5
-53
-94
-131
-169
-218
-270
-320
-356
-377
-390
-406
-428
-449
-461
-458
-448
-436
-429
-420
-402
-370
-332
-295
-264
-238
-209
-173
-129
-84
-46
-11
20
54
91
127
158
186
212
242
273
302
326
344
360
377
391
403
413
421
425
428
428
422
410
394
377
359
341
324
306
286
266
241
215
191
170
159
154
154
152
144
136
134
145
166
185
197
201
209
229
259
285
286
255
203
161
148
157
164
137
71
-11
-75
-105
-115
-138
-196
-280
-353
-389
-388
-385
-411
-471
-536
-561
-535
-483
-442
-438
-460
-475
-455
-404
-350
-322
-319
-314
-286
-230
-167
-125
-111
-110
-94
-53
4
54
82
93
104
127
158
194
217
234
251
275
304
330
346
349
343
332
326
322
317
310
295
269
234
198
163
134
105
67
19
-32
-81
-121
-155
-193
-242
-291
-332
-354
-361
-367
-384
-409
-431
-436
-425
-405
-391
-385
-377
-358
-326
-291
-262
-241
-222
-193
-152
-108
-71
-45
-22
6
41
80
114
140
162
190
222
256
282
300
312
324
340
356
369
376
377
374
370
366
359
347
331
308
281
252
226
202
185
170
149
123
100
85
80
80
83
84
84
87
97
114
135
156
173
188
202
217
238
262
279
282
261
222
183
159
154
150
125
70
-2
-67
-105
-122
-144
-190
-262
-335
-379
-388
-386
-404
-452
-511
-545
-535
-492
-453
-443
-463
-483
-479
-444
-401
-371
-366
-367
-351
-310
-257
-214
-194
-189
-176
-140
-89
-36
0
21
36
59
91
129
161
187
211
237
268
294
315
324
326
326
324
318
314
307
298
283
258
225
186
149
121
97
65
20
-36
-91
-133
-162
-189
-225
-270
-314
-344
-357
-359
-367
-386
-411
-429
-427
-410
-389
-374
-368
-362
-346
-316
-280
-243
-214
-188
-159
-125
-90
-55
-23
4
31
61
94
129
162
187
211
232
250
269
287
301
314
324
328
330
328
325
321
316
308
299
287
275
259
238
213
185
161
144
133
127
121
112
101
92
89
93
100
111
122
132
144
159
179
199
219
233
246
258
276
298
317
321
303
267
229
201
189
182
162
121
62
6
-37
-62
-86
-125
-183
-243
-288
-309
-317
-335
-372
-419
-457
-466
-446
-418
-404
-410
-423
-425
-406
-375
-347
-333
-324
-307
-273
-228
-185
-156
-140
-123
-93
-50
-3
36
64
85
104
131
161
189
213
235
256
279
301
316
325
326
324
318
312
306
300
291
275
249
216
178
144
117
92
60
20
-27
-72
-109
-139
-171
-212
-254
-291
-310
-315
-318
-331
-354
-379
-390
-382
-362
-344
-337
-337
-330
-313
-285
-256
-236
-223
-206
-177
-138
-99
-70
-50
-36
-15
13
45
76
102
122
142
164
185
201
215
224
233
244
256
263
268
266
262
257
251
247
242
236
227
217
205
190
174
157
140
123
109
99
90
81
73
65
58
55
55
55
55
59
66
78
92
102
111
119
134
154
175
191
201
205
209
216
218
210
188
159
135
123
112
94
62
14
-32
-69
-91
-113
-142
-186
-231
-267
-288
-299
-315
-340
-371
-391
-393
-380
-365
-360
-365
-372
-367
-351
-328
-307
-295
-283
-266
-242
-211
-183
-163
-147
-127
-103
-72
-40
-12
9
27
46
69
94
120
143
162
180
198
216
231
238
241
240
239
240
242
240
230
212
190
171
154
139
115
81
45
12
-15
-38
-64
-97
-137
-173
-200
-214
-227
-242
-266
-290
-304
-308
-306
-305
-309
-313
-311
-298
-279
-261
-248
-240
-227
-209
-182
-156
-132
-111
-92
-69
-44
-17
8
30
51
74
98
121
142
162
179
195
211
225
239
251
261
269
275
277
279
280
279
276
268
258
248
237
225
214
199
181
162
146
131
118
103
89
75
63
57
55
54
52
51
51
54
63
74
85
96
106
119
131
148
162
174
183
190
199
208
215
215
205
190
173
160
149
138
120
92
61
34
13
-6
-29
-60
-95
-125
-148
-164
-180
-203
-231
-257
-273
-279
-278
-281
-291
-301
-310
-307
-300
-292
-288
-286
-282
-267
-248
-226
-207
-194
-181
-161
-134
-103
-73
-49
-27
-4
22
50
79
104
125
147
169
191
210
224
232
236
237
239
239
236
229
216
202
186
168
149
127
103
75
48
19
-10
-38
-68
-98
-128
-157
-183
-205
-226
-243
-261
-279
-295
-307
-314
-319
-320
-320
-319
-313
-306
-294
-280
-264
-247
-227
-205
-180
-154
-128
-102
-75
-47
-16
13
42
71
100
126
151
174
194
214
230
244
256
266
274
279
280
278
274
268
260
249
237
223
207
188
168
148
127
106
86
66
48
30
14
-2
-16
-31
-42
-52
-58
-61
-61
-59
-55
-50
-44
-34
-20
-4
12
29
45
63
81
102
122
141
157
173
186
199
212
222
228
228
225
218
208
198
186
171
151
130
104
79
53
27
-1
-30
-62
-93
-122
-148
-176
-203
-230
-254
-275
-291
-302
-312
-322
-331
-335
-335
-331
-325
-318
-310
-298
-283
-262
-241
-220
-198
-175
-150
-124
-94
-65
-38
-13
11
35
60
85
105
124
140
155
170
181
190
194
194
193
192
188
182
173
159
143
126
109
90
69
46
21
-3
-27
-51
-77
-102
-128
-153
-174
-193
-212
-229
-243
-256
-268
-274
-278
-280
-280
-276
-268
-259
-246
-232
-216
-198
-176
-154
-130
-104
-79
-53
-27
1
27
52
76
100
123
145
165
182
197
210
222
233
242
247
250
251
250
247
244
239
230
220
209
197
185
170
155
139
123
107
90
76
61
45
30
18
5
-3
-12
-19
-25
-30
-32
-32
-29
-26
-23
-17
-9
2
15
28
41
54
70
85
102
119
134
148
161
175
187
197
206
212
216
218
219
217
213
206
195
182
168
153
134
114
92
69
44
21
-4
-30
-56
-81
-106
-130
-152
-173
-193
-213
-230
-246
-257
-267
-274
-280
-284
-284
-281
-276
-270
-262
-251
-239
-223
-206
-188
-168
-150
-128
-105
-83
-59
-36
-14
8
29
50
68
86
103
115
126
137
145
151
156
155
153
150
144
136
126
114
100
84
67
50
31
12
-9
-29
-49
-68
-87
-105
-124
-141
-156
-170
-182
-194
-202
-209
-214
-217
-218
-218
-215
-211
-205
-197
-186
-175
-162
-148
-132
-115
-97
-78
-60
-40
-20
-1
19
37
57
74
91
106
121
136
147
158
167
173
178
181
181
181
178
174
168
162
153
142
131
118
105
92
78
63
50
36
22
9
-5
-17
-27
-37
-45
-52
-58
-63
-66
-68
-69
-67
-64
-61
-55
-49
-41
-32
-22
-12
0
12
25
37
49
62
75
87
99
109
121
130
139
146
152
156
159
161
162
160
156
151
144
136
126
114
101
87
71
55
39
21
2
-18
-37
-57
-75
-94
-112
-130
-147
-164
-178
-191
-203
-212
-222
-229
-234
-236
-238
-238
-236
-232
-225
-218
-208
-197
-185
-172
-157
-141
-125
-108
-91
-74
-56
-38
-20
-4
11
26
40
53
64
75
83
90
96
100
103
103
102
99
96
90
83
76
66
57
46
35
23
11
-1
-14
-26
-37
-49
-59
-69
-79
-87
-94
-99
-105
-109
-111
-112
-112
-110
-108
-103
-99
-93
-85
-76
-67
-57
-46
-35
-22
-10
3
16
28
41
54
65
77
88
98
107
116
124
130
135
140
142
144
144
144
143
140
136
131
126
120
114
105
97
89
81
72
64
57
48
41
35
27
23
18
14
10
8
7
7
7
9
11
14
17
22
27
34
40
47
53
60
67
76
83
90
96
103
109
114
120
124
127
130
133
133
135
134
132
130
129
125
121
116
110
104
97
89
82
72
62
52
43
33
23
13
1
-9
-20
-30
-41
-51
-62
-71
-80
-89
-96
-105
-111
-118
-123
-126
-130
-133
-134
-134
-133
-133
-129
-127
-123
-118
-113
-107
-100
-92
-86
-79
-70
-63
-55
-48
-41
-35
-28
-22
-17
-12
-9
-7
-4
-3
-1
-2
-2
-4
-7
-10
-12
-16
-21
-26
-32
-38
-43
-49
-54
-60
-67
-71
-77
-82
-86
-90
-93
-96
-99
-100
-102
-102
-103
-101
-100
-98
-97
-93
-90
-85
-81
-77
-72
-66
-60
-54
-49
-43
-37
-32
-26
-20
-16
-11
-5
-1
3
6
9
11
14
16
18
19
19
19
20
19
20
19
18
17
16
16
14
13
12
12
11
11
10
10
11
10
11
12
13
14
15
17
18
20
23
25
28
30
33
35
39
41
45
48
51
53
55
58
60
62
63
64
67
67
67
67
67
67
66
66
65
62
61
58
55
52
51
47
44
41
37
33
31
27
24
21
19
16
15
13
11
10
9
8
8
8
9
9
10
11
13
14
15
16
18
19
21
21
21
24
23
22
22
21
20
18
16
15
12
9
6
3
-1
-5
-8
-12
-16
-20
-24
-28
-32
-35
-39
-42
-44
-47
-50
-51
-52
-55
-55
-55
-55
-53
-53
-51
-49
-46
-45
-42
-39
-35
-32
-28
-24
-21
-16
-13
-9
-5
-2
2
5
9
10
14
16
17
20
21
22
22
23
23
23
23
22
20
20
18
16
14
14
11
10
9
7
5
3
3
1
0
-1
-2
-2
-3
-2
-4
-3
-1
-2
-1
1
1
3
5
7
8
10
12
14
16
18
19
22
23
25
26
28
29
31
32
31
32
33
33
33
32
32
31
30
30
28
28
27
25
24
22
21
19
19
17
15
15
13
12
11
9
10
8
8
6
6
6
5
4
4
3
3
3
4
3
2
2
1
1
0
1
1
-1
0
-1
-3
-2
-3
-4
-4
-5
-5
-7
-8
-9
-9
-11
-11
-11
-12
-13
-14
-15
-15
-17
-18
-18
-18
-20
-21
-21
-21
-21
-23
-23
-25
-25
-25
-26
-27
-27
-29
-30
-30
-31
-32
-32
-33
-34
-35
-36
-36
-38
-37
-38
-39
-39
-41
-40
-41
-42
-42
-43
-42
-44
-43
-44
-44
-43
-44
-44
-44
-44
-44
-44
-43
-42
-42
-42
-41
-41
-40
-39
-38
-37
-35
-35
-32
-31
-31
-29
-27
-25
-23
-21
-18
-17
-15
-12
-10
-7
-6
-3
-1
1
4
6
7
10
11
13
15
16
18
19
21
21
22
24
23
24
25
25
26
26
25
25
24
23
23
23
21
21
19
19
17
16
15
14
14
12
11
10
9
9
9
7
7
7
8
7
7
7
8
8
9
9
11
12
13
14
15
16
17
18
21
21
23
24
25
27
29
30
31
32
33
34
35
36
36
37
38
37
38
38
38
38
38
38
37
36
36
35
34
32
30
29
29
27
26
24
23
22
19
17
17
15
14
13
11
11
9
7
7
7
5
5
4
4
3
3
3
3
3
3
4
5
5
5
5
6
7
6
9
9
9
9
10
11
12
12
11
12
12
12
11
11
10
10
9
9
8
7
4
3
2
0
-2
-5
-6
-9
-12
-13
-16
-18
-21
-23
-25
-27
-30
-31
-33
-36
-37
-37
-38
-39
-40
-40
-39
-39
-39
-39
-37
-37
-34
-34
-32
-30
-28
-26
-24
-20
0
0
0
0
0
0
0
0
0
0
0
0
0
0
0
0
0
0
0
0
0
0
0
0
0
0
0
0
0
0
0
0
0
0
0
0
0
0
0
0
0
0
0
0
0
0
0
0
0
0
0
0
0
0
0
0
0
0
0
0
0
0
0
0
0
0
0
0
0
0
0
0
0
0
0
0
0
0
0
0
0
0
0
0
0
0
0
0
0
0
0
0
0
0
0
0
0
0
0
0
0
0
0
0
0
0
0
0
0
0
0
0
0
0
0
0
0
0
0
0
0
0
0
0
0
0
0
0
0
0
0
0
0
0
0
0
0
0
0
0
0
0
0
0
0
0
0
0
0
0
0
0
0
0
0
0
0
0
0
0
0
0
0
0
0
0
0
0
0
0
0
0
0
0
0
0
0
0
0
0
0
0
0
0
0
0
0
0
0
0
0
0
0
0
0
0
0
0
