0
0
0
0
0
0
0
0
0
0
0
0
0
0
0
0
0
0
0
0
0
0
0
0
0
0
0
0
0
0
0
0
0
0
0
0
0
0
0
0
0
0
0
0
0
0
0
0
0
0
0
0
0
0
0
0
0
0
0
0
0
0
0
0
0
0
0
0
0
0
0
0
0
0
0
0
0
0
0
0
0
0
0
0
0
0
0
0
0
0
0
0
0
0
0
0
0
0
0
0
0
0
0
0
0
0
0
0
0
0
0
0
0
0
0
0
0
0
0
0
0
0
0
0
0
0
0
0
0
0
0
0
0
0
0
0
0
0
0
0
0
0
0
0
0
0
0
0
0
0
0
0
0
0
0
0
0
0
0
0
0
0
0
0
0
0
0
0
0
0
0
0
0
0
0
0
0
0
0
0
0
0
0
0
0
0
0
0
0
0
0
0
0
0
0
0
0
0
39
42
43
45
47
48
50
51
52
54
55
55
55
55
55
56
55
55
52
49
47
43
40
35
30
24
17
11
3
-5
-13
-21
-30
-39
-49
-59
-66
-75
-83
-91
-97
-103
-108
-110
-114
-116
-116
-116
-114
-111
-106
-102
-96
-88
-82
-73
-65
-55
-45
-35
-24
-14
-4
8
18
29
39
49
59
67
74
83
90
96
101
105
109
112
115
113
114
112
108
105
99
93
86
77
67
55
43
30
15
3
-11
-28
-41
-58
-72
-86
-100
-113
-124
-135
-144
-151
-156
-162
-165
-165
-164
-161
-155
-148
-141
-131
-119
-107
-95
-81
-66
-52
-39
-25
-11
2
15
27
40
50
61
70
79
84
91
96
99
102
103
104
104
104
102
99
98
94
90
87
85
79
74
70
65
60
54
50
44
39
35
31
29
27
25
24
26
28
30
35
40
45
52
60
68
76
84
92
101
108
115
121
125
126
128
125
122
116
107
97
84
69
53
34
14
-7
-27
-49
-71
-93
-113
-133
-151
-167
-182
-195
-205
-213
-219
-222
-224
-225
-223
-219
-215
-207
-200
-192
-183
-173
-161
-150
-138
-125
-112
-100
-86
-71
-56
-41
-25
-9
7
26
43
62
79
98
115
132
148
163
176
188
197
204
209
210
209
206
198
188
176
162
144
122
101
79
54
29
4
-22
-46
-70
-94
-116
-136
-153
-170
-184
-195
-203
-209
-213
-214
-212
-208
-202
-194
-184
-172
-158
-144
-129
-112
-94
-77
-59
-41
-23
-7
9
25
41
55
67
78
89
99
106
113
118
121
124
126
126
124
121
119
115
111
106
100
94
87
80
72
66
58
51
43
34
26
17
11
4
-3
-9
-14
-20
-24
-25
-28
-28
-27
-23
-18
-11
-3
8
21
35
50
68
85
103
122
139
156
173
186
198
209
215
219
220
215
208
198
183
166
146
122
96
69
41
11
-20
-49
-78
-105
-132
-156
-178
-197
-213
-227
-237
-245
-248
-250
-247
-245
-240
-231
-222
-214
-202
-189
-177
-164
-151
-136
-122
-109
-95
-82
-68
-53
-38
-23
-9
7
24
39
56
73
89
106
122
137
152
165
176
185
192
197
200
199
197
191
181
169
155
138
119
98
75
51
26
0
-26
-53
-78
-102
-126
-149
-167
-185
-201
-213
-224
-228
-233
-234
-232
-228
-221
-211
-200
-185
-170
-153
-135
-117
-97
-78
-60
-41
-23
-7
8
23
37
49
59
67
76
83
89
93
96
99
101
102
103
103
103
103
102
102
100
99
98
95
94
92
89
86
83
78
74
68
62
58
52
47
43
40
36
35
33
34
36
40
46
54
64
73
86
97
112
126
140
153
166
177
187
194
200
201
201
196
189
177
162
145
123
99
73
44
15
-15
-47
-77
-107
-135
-162
-186
-209
-227
-243
-255
-264
-270
-272
-272
-269
-264
-256
-246
-235
-222
-210
-197
-182
-168
-155
-141
-127
-114
-100
-87
-73
-60
-47
-33
-19
-5
9
24
38
54
70
85
100
115
130
143
155
166
176
184
187
190
190
187
182
172
161
147
132
114
92
70
46
21
-4
-30
-55
-81
-106
-129
-150
-170
-189
-206
-217
-228
-237
-241
-242
-240
-236
-229
-219
-207
-194
-178
-161
-142
-124
-102
-82
-62
-41
-21
-2
17
34
50
64
79
91
102
111
119
126
131
136
140
142
145
146
146
144
144
143
140
137
134
130
125
120
115
108
100
93
85
77
67
58
48
40
31
22
16
10
5
2
1
1
4
10
17
25
36
48
62
76
91
107
122
136
147
158
166
171
174
172
168
159
148
132
113
92
68
41
13
-15
-44
-73
-101
-128
-153
-177
-196
-213
-228
-239
-246
-250
-252
-250
-246
-239
-230
-219
-207
-194
-180
-166
-150
-136
-120
-106
-91
-77
-65
-52
-40
-28
-15
-4
8
19
31
43
56
68
80
93
104
117
128
139
149
158
167
173
177
179
179
177
173
166
156
144
130
115
96
77
55
33
10
-14
-38
-61
-86
-108
-130
-150
-168
-186
-202
-213
-224
-231
-235
-236
-234
-232
-224
-215
-203
-189
-174
-156
-137
-117
-98
-76
-55
-34
-13
6
25
42
59
73
88
100
111
120
127
134
139
142
144
147
148
147
147
145
141
139
135
130
124
117
108
101
91
82
71
60
48
37
26
16
5
-3
-11
-17
-22
-26
-28
-27
-24
-19
-11
-2
10
23
39
55
72
91
109
127
143
159
171
183
190
193
193
189
180
168
151
131
107
81
52
22
-11
-43
-74
-106
-135
-162
-188
-210
-228
-245
-258
-265
-271
-274
-272
-268
-261
-252
-240
-227
-211
-194
-178
-159
-141
-122
-105
-87
-71
-56
-41
-27
-16
-4
5
14
22
30
39
46
53
61
70
78
88
97
105
115
124
132
139
145
148
152
152
151
149
143
136
127
116
101
87
70
52
31
12
-10
-32
-54
-77
-99
-122
-143
-163
-181
-196
-210
-222
-232
-237
-239
-238
-236
-229
-220
-208
-193
-176
-157
-138
-116
-95
-74
-51
-28
-9
13
33
51
67
83
98
110
120
129
136
142
147
151
154
155
157
158
158
157
156
154
151
148
143
139
133
126
119
112
102
93
83
73
62
53
44
35
27
21
17
13
11
11
12
16
21
28
36
45
58
69
82
96
108
122
136
146
155
164
168
171
170
165
157
146
130
112
89
65
39
11
-18
-47
-75
-102
-129
-153
-175
-194
-210
-224
-234
-241
-246
-247
-246
-241
-235
-227
-214
-202
-187
-171
-152
-134
-115
-97
-78
-60
-43
-28
-12
0
10
19
27
33
37
42
45
48
51
55
58
62
66
69
74
77
81
85
86
88
89
89
88
86
85
81
76
71
65
58
51
42
33
22
10
-2
-17
-33
-49
-66
-83
-102
-118
-134
-150
-163
-173
-182
-189
-192
-193
-193
-189
-183
-175
-166
-154
-143
-130
-115
-100
-84
-67
-50
-33
-16
0
16
33
47
62
74
85
94
103
110
114
119
122
125
127
127
127
127
126
125
123
121
119
116
112
109
103
97
91
85
77
70
63
57
50
45
40
36
34
33
33
33
36
39
43
48
55
62
71
78
87
96
105
113
122
128
133
136
137
136
132
124
113
99
83
63
42
17
-7
-34
-61
-86
-111
-135
-155
-174
-191
-206
-216
-225
-231
-234
-235
-234
-230
-224
-215
-205
-192
-178
-161
-145
-125
-106
-88
-69
-50
-32
-16
-3
9
20
27
34
38
40
42
43
45
45
47
48
51
53
56
60
64
69
71
74
77
79
80
79
79
77
75
72
69
65
61
57
52
45
39
31
22
11
0
-13
-27
-42
-57
-74
-89
-104
-118
-131
-140
-147
-154
-158
-158
-157
-153
-150
-143
-135
-126
-117
-106
-95
-84
-72
-60
-47
-34
-19
-5
8
24
38
52
65
77
89
99
108
114
120
124
128
129
130
131
131
130
129
127
123
120
117
112
106
100
91
84
73
65
54
45
37
29
22
16
13
12
11
11
14
18
23
29
37
45
53
63
72
82
91
101
110
119
126
132
135
137
135
131
122
111
97
79
59
35
10
-16
-42
-70
-95
-120
-141
-161
-179
-194
-205
-214
-220
-223
-223
-222
-217
-210
-201
-190
-177
-161
-145
-126
-107
-86
-65
-45
-24
-5
12
27
39
50
57
62
64
65
63
60
55
51
47
44
41
39
39
40
42
43
45
47
47
48
49
48
47
45
42
40
36
33
31
29
27
25
23
21
17
12
7
-2
-11
-22
-35
-48
-62
-78
-91
-104
-116
-127
-135
-142
-145
-147
-147
-146
-142
-138
-133
-126
-121
-113
-105
-96
-86
-77
-66
-53
-40
-26
-12
2
16
31
44
57
70
79
87
95
101
105
109
109
110
111
110
110
110
110
108
107
106
104
102
98
94
88
82
76
67
60
51
44
38
33
30
28
28
30
33
39
46
54
63
72
80
91
100
108
115
122
127
132
133
133
131
127
120
110
97
81
62
40
16
-10
-38
-66
-94
-122
-148
-171
-192
-210
-224
-236
-242
-245
-244
-240
-233
-222
-208
-193
-176
-158
-139
-118
-97
-77
-56
-36
-17
2
17
32
45
56
63
69
73
73
73
70
65
60
53
48
42
37
33
30
28
27
25
25
25
25
25
23
21
19
15
12
9
5
1
-3
-4
-7
-8
-10
-10
-11
-12
-14
-17
-21
-26
-34
-41
-50
-60
-69
-78
-86
-95
-100
-104
-106
-106
-106
-103
-100
-95
-91
-86
-81
-76
-71
-66
-60
-54
-48
-41
-34
-26
-18
-10
0
9
18
28
37
46
55
62
70
76
81
84
88
91
92
94
97
98
100
103
104
105
107
108
108
107
106
103
100
97
91
86
81
78
74
72
72
74
76
80
88
94
102
111
120
128
137
145
152
157
161
163
163
161
154
145
133
117
97
76
50
20
-10
-42
-75
-107
-139
-167
-193
-216
-234
-249
-257
-262
-263
-260
-252
-243
-228
-212
-194
-175
-154
-133
-111
-88
-65
-43
-21
0
19
38
53
65
75
82
86
86
83
78
70
60
51
41
32
24
17
13
10
9
9
12
15
18
20
22
23
21
18
14
10
4
-2
-8
-14
-18
-21
-24
-26
-28
-29
-29
-31
-32
-36
-39
-44
-51
-59
-69
-78
-86
-94
-101
-106
-110
-111
-110
-106
-102
-96
-91
-82
-74
-68
-60
-54
-49
-43
-39
-34
-31
-26
-20
-17
-12
-5
0
6
15
21
28
36
42
49
55
60
65
68
73
77
79
83
85
86
87
87
86
85
82
80
78
75
73
70
68
67
66
67
68
71
75
80
85
92
101
109
119
129
140
151
164
175
186
197
205
211
215
213
210
199
183
162
134
102
64
23
-21
-68
-114
-158
-202
-239
-273
-302
-323
-338
-346
-349
-345
-336
-322
-303
-281
-256
-227
-198
-167
-135
-103
-71
-38
-7
23
51
77
98
116
129
138
142
141
135
126
112
98
81
63
46
30
16
5
-5
-12
-15
-15
-14
-12
-9
-4
-1
2
5
6
5
5
4
1
-1
-4
-5
-7
-8
-9
-10
-11
-12
-15
-19
-23
-30
-39
-49
-60
-72
-82
-93
-103
-111
-117
-121
-121
-119
-115
-108
-100
-91
-81
-69
-58
-47
-36
-26
-17
-10
-2
3
9
13
17
21
25
29
33
37
42
47
54
60
66
73
79
83
87
89
91
90
89
88
86
84
82
82
84
86
89
94
99
106
111
117
123
129
134
137
141
146
150
158
165
172
183
195
210
225
242
260
278
292
304
311
311
302
285
257
217
168
107
40
-34
-110
-187
-261
-329
-389
-439
-477
-503
-517
-520
-511
-494
-469
-439
-404
-366
-323
-279
-232
-183
-131
-76
-20
35
90
143
190
231
262
284
294
292
278
255
223
183
141
96
51
12
-23
-52
-74
-88
-95
-96
-93
-83
-72
-59
-47
-33
-23
-12
-4
2
5
7
5
4
1
-3
-9
-15
-23
-32
-40
-49
-59
-70
-81
-95
-107
-122
-138
-153
-167
-182
-195
-204
-211
-213
-211
-203
-189
-171
-150
-124
-96
-67
-39
-13
10
28
42
52
56
58
54
48
40
30
22
14
9
5
4
5
7
12
18
25
32
37
43
48
52
56
58
61
64
67
71
75
82
88
95
103
112
122
132
144
155
166
178
190
203
216
229
242
258
275
294
316
342
368
397
426
453
476
491
495
484
456
408
340
250
141
17
-118
-258
-396
-524
-637
-729
-794
-832
-840
-823
-783
-725
-653
-572
-488
-403
-322
-245
-169
-95
-22
52
126
200
271
337
394
435
457
460
438
394
328
246
154
58
-34
-117
-187
-239
-273
-287
-286
-272
-249
-222
-192
-161
-129
-100
-68
-31
9
53
102
152
202
247
283
305
309
295
262
212
148
75
-3
-79
-151
-213
-263
-301
-330
-347
-357
-362
-364
-365
-363
-360
-351
-336
-315
-285
-246
-197
-144
-87
-30
24
72
111
139
156
161
158
147
130
109
88
65
43
22
3
-14
-28
-41
-50
-54
-52
-45
-32
-13
11
39
71
102
134
162
187
206
219
226
230
230
228
227
227
228
233
241
251
266
280
295
310
324
338
350
364
382
402
428
462
504
553
606
660
710
746
761
745
693
597
458
278
63
-175
-424
-668
-887
-1067
-1200
-1273
-1288
-1247
-1157
-1033
-885
-730
-577
-437
-310
-201
-103
-13
77
169
266
367
464
552
619
653
649
599
504
365
200
15
-171
-341
-484
-587
-646
-658
-631
-571
-491
-404
-318
-239
-174
-117
-66
-12
48
124
214
319
432
542
637
703
730
710
638
522
367
190
3
-173
-326
-449
-533
-579
-596
-587
-566
-541
-519
-503
-491
-481
-465
-440
-399
-338
-262
-174
-82
7
80
132
157
153
127
84
33
-15
-54
-78
-88
-84
-71
-59
-51
-56
-74
-103
-140
-176
-203
-211
-197
-160
-97
-20
66
150
222
279
314
328
323
308
290
275
267
268
279
294
306
313
306
288
260
224
191
164
155
166
200
258
332
419
512
603
688
768
839
904
961
1005
1030
1026
978
879
715
482
182
-172
-556
-943
-1298
-1587
-1784
-1874
-1854
-1731
-1524
-1261
-970
-682
-418
-196
-17
123
234
335
436
543
656
768
863
923
932
877
748
548
288
-8
-315
-598
-835
-1002
-1089
-1096
-1029
-907
-747
-570
-395
-234
-100
14
111
205
302
410
529
655
777
882
954
981
953
862
711
510
276
27
-215
-431
-607
-736
-815
-845
-835
-795
-732
-658
-581
-506
-433
-361
-288
-213
-132
-52
25
91
144
174
181
163
119
55
-19
-97
-170
-229
-270
-290
-294
-285
-270
-252
-233
-217
-200
-181
-158
-125
-81
-25
43
116
188
253
305
340
357
357
345
323
299
277
260
254
254
260
268
274
276
269
252
232
209
193
186
196
228
285
364
460
564
668
761
839
899
944
981
1017
1058
1108
1159
1203
1219
1184
1074
867
555
146
-335
-849
-1342
-1762
-2063
-2215
-2205
-2048
-1772
-1417
-1032
-660
-333
-72
123
262
370
468
575
699
832
953
1042
1067
1007
851
602
274
-101
-489
-845
-1134
-1328
-1411
-1387
-1270
-1086
-865
-636
-416
-221
-53
94
230
366
510
662
817
960
1070
1126
1112
1020
851
620
349
65
-204
-438
-617
-739
-804
-825
-812
-781
-741
-698
-650
-588
-508
-404
-278
-134
14
148
252
311
316
266
167
37
-106
-243
-357
-436
-473
-477
-454
-416
-380
-354
-343
-345
-353
-360
-354
-326
-272
-193
-96
10
111
198
259
295
303
289
262
232
206
187
178
171
164
150
125
90
47
6
-30
-47
-41
-9
48
129
220
311
393
457
498
520
525
525
528
541
570
613
667
728
787
840
882
915
942
966
986
1002
1001
966
874
708
453
113
-298
-749
-1189
-1568
-1845
-1984
-1976
-1828
-1570
-1241
-887
-550
-256
-23
153
284
390
488
591
698
793
856
862
789
629
383
74
-272
-617
-923
-1160
-1303
-1343
-1287
-1153
-964
-750
-533
-328
-144
25
186
347
513
680
837
972
1063
1094
1054
939
756
517
248
-22
-267
-467
-607
-684
-704
-683
-637
-580
-521
-461
-402
-334
-255
-160
-55
51
150
223
257
239
170
56
-88
-238
-374
-476
-536
-554
-538
-505
-468
-439
-421
-411
-402
-382
-345
-283
-199
-99
4
100
175
223
240
235
214
189
171
162
162
170
178
180
174
155
125
85
39
-3
-35
-48
-35
4
66
143
225
303
371
424
466
495
517
535
547
553
556
556
553
546
537
533
538
558
596
654
729
814
902
984
1059
1121
1164
1173
1126
994
755
401
-52
-565
-1074
-1514
-1823
-1966
-1941
-1768
-1489
-1158
-822
-518
-266
-69
86
219
353
499
663
822
946
997
948
781
505
147
-246
-627
-951
-1192
-1334
-1376
-1328
-1211
-1048
-862
-669
-481
-294
-104
102
332
579
828
1045
1202
1272
1243
1115
906
646
365
91
-153
-351
-495
-586
-631
-641
-627
-598
-554
-495
-412
-305
-170
-22
128
258
354
406
410
367
279
149
-14
-202
-398
-582
-731
-830
-872
-864
-816
-750
-676
-603
-530
-453
-367
-267
-161
-57
37
109
155
171
161
131
93
57
37
34
49
71
85
83
61
21
-22
-57
-71
-64
-37
-3
31
62
85
110
140
182
237
304
376
446
508
555
579
581
559
515
459
397
340
294
266
259
277
323
399
498
609
721
822
912
990
1064
1137
1202
1234
1182
1005
676
204
-370
-972
-1505
-1883
-2054
-2017
-1817
-1512
-1169
-843
-572
-366
-204
-52
111
295
503
726
928
1060
1083
971
727
367
-63
-506
-895
-1179
-1344
-1401
-1370
-1277
-1156
-1029
-899
-752
-571
-348
-84
217
538
850
1111
1286
1355
1311
1163
930
653
370
116
-93
-254
-374
-465
-540
-608
-666
-695
-679
-602
-463
-281
-73
129
294
402
448
442
397
327
236
129
4
-140
-306
-487
-658
-797
-889
-929
-917
-858
-764
-652
-533
-411
-290
-179
-84
-14
39
75
94
96
92
92
103
118
136
157
178
192
191
175
150
116
77
41
19
19
33
56
81
102
123
142
164
201
261
345
441
532
607
653
665
637
582
515
448
388
335
287
249
226
222
244
301
398
525
660
779
878
960
1033
1106
1183
1261
1306
1264
1080
736
251
-325
-922
-1445
-1803
-1945
-1882
-1669
-1368
-1037
-728
-479
-292
-134
40
240
465
699
922
1093
1160
1087
872
546
143
-290
-698
-1020
-1225
-1322
-1339
-1301
-1229
-1142
-1053
-945
-788
-561
-265
77
440
789
1080
1273
1347
1306
1173
973
732
485
258
63
-100
-242
-373
-495
-605
-691
-742
-737
-655
-499
-289
-61
153
325
430
460
424
354
275
197
123
43
-49
-172
-340
-543
-752
-935
-1061
-1117
-1092
-995
-847
-684
-526
-386
-272
-183
-112
-49
13
73
127
168
193
195
176
141
104
71
46
34
36
44
50
47
38
27
19
22
42
83
134
183
225
262
298
335
380
437
502
559
593
598
576
533
482
431
387
351
321
297
285
294
330
396
491
595
693
780
864
951
1042
1134
1211
1229
1118
829
369
-211
-829
-1394
-1796
-1956
-1874
-1633
-1329
-1032
-781
-612
-523
-453
-324
-94
204
524
821
1046
1134
1035
773
418
32
-351
-695
-946
-1080
-1123
-1131
-1135
-1133
-1128
-1124
-1096
-988
-760
-428
-38
360
729
1019
1181
1202
1115
972
811
653
518
410
313
198
41
-149
-349
-528
-662
-727
-703
-592
-413
-208
-19
126
214
250
243
219
204
212
231
230
186
87
-69
-283
-530
-755
-908
-967
-952
-884
-786
-680
-595
-542
-502
-444
-355
-246
-133
-20
76
130
132
99
64
48
55
86
141
207
256
274
258
221
169
113
70
55
70
101
133
158
167
165
155
155
178
226
299
387
475
540
565
547
503
452
405
371
354
347
329
294
254
229
232
270
346
459
590
704
788
841
885
932
987
1047
1093
1077
943
657
249
-221
-682
-1074
-1336
-1431
-1369
-1211
-1029
-864
-730
-625
-538
-431
-263
-18
271
548
762
878
877
750
517
230
-53
-300
-498
-644
-740
-813
-889
-979
-1070
-1131
-1136
-1062
-898
-647
-331
6
316
567
743
846
884
880
858
832
806
763
688
571
415
223
8
-199
-365
-468
-500
-469
-386
-276
-175
-108
-86
-92
-103
-98
-60
16
113
193
212
150
10
-185
-397
-581
-703
-745
-724
-674
-631
-620
-644
-686
-719
-709
-641
-514
-353
-194
-67
13
48
50
43
54
97
168
252
328
380
391
363
308
247
197
170
171
193
227
257
272
266
245
218
197
203
243
310
391
464
513
523
502
461
419
394
391
401
410
410
400
384
372
375
405
455
513
564
607
646
690
738
784
806
766
621
352
-19
-432
-813
-1087
-1207
-1166
-1008
-810
-652
-572
-575
-630
-680
-655
-515
-264
42
332
534
600
518
325
83
-140
-297
-375
-391
-382
-391
-449
-565
-721
-880
-993
-1027
-959
-798
-571
-320
-91
80
185
236
259
283
333
422
536
649
721
732
670
541
375
211
82
6
-27
-39
-57
-99
-171
-259
-338
-378
-369
-310
-221
-128
-58
-28
-47
-105
-181
-253
-301
-320
-320
-314
-317
-343
-394
-457
-517
-556
-564
-539
-483
-408
-329
-261
-211
-181
-159
-137
-101
-42
37
126
211
281
327
345
342
331
321
326
346
376
410
432
435
419
387
350
319
299
288
282
275
264
246
224
199
178
164
159
161
169
179
184
183
172
158
147
144
157
185
222
256
284
296
297
292
292
303
324
344
352
332
273
180
67
-36
-103
-117
-79
-6
75
134
155
134
78
3
-72
-133
-169
-179
-172
-163
-169
-193
-240
-298
-349
-384
-395
-385
-360
-330
-304
-287
-285
-301
-325
-351
-363
-354
-324
-282
-240
-206
-184
-173
-164
-153
-135
-111
-74
-27
31
91
144
188
221
246
270
295
321
340
351
352
345
336
325
313
297
278
253
223
185
142
94
47
4
-29
-53
-71
-92
-120
-156
-197
-239
-274
-302
-321
-331
-338
-341
-347
-354
-363
-374
-381
-381
-372
-350
-322
-287
-253
-219
-188
-156
-125
-95
-64
-31
0
32
65
99
134
167
200
227
253
275
293
307
321
330
338
347
357
370
379
385
388
387
385
381
374
364
353
341
334
333
339
344
347
345
340
336
333
333
336
340
340
340
331
312
278
232
182
133
92
58
29
0
-36
-82
-135
-195
-262
-332
-403
-466
-520
-561
-594
-621
-647
-672
-695
-712
-718
-712
-693
-662
-619
-569
-518
-471
-435
-410
-390
-368
-339
-299
-251
-196
-138
-84
-36
4
34
58
79
102
132
169
211
254
294
327
354
371
383
389
394
397
401
401
395
383
361
334
300
263
222
177
128
75
16
-45
-108
-170
-224
-272
-310
-342
-370
-398
-423
-447
-465
-475
-479
-474
-465
-452
-435
-419
-404
-391
-378
-362
-337
-304
-262
-217
-172
-129
-87
-47
-10
28
65
104
147
191
238
282
319
348
370
387
402
419
434
449
460
469
476
479
478
470
456
442
427
416
405
393
381
370
362
354
347
339
330
321
313
309
311
315
321
324
321
309
288
256
216
171
128
89
56
27
-2
-31
-69
-112
-166
-221
-278
-334
-384
-426
-460
-485
-508
-530
-553
-575
-594
-605
-606
-595
-573
-540
-503
-465
-431
-403
-381
-361
-341
-312
-272
-222
-167
-108
-52
-3
36
66
90
109
130
158
191
229
267
302
331
352
364
372
375
378
381
384
387
385
375
356
326
290
250
207
165
124
83
41
-3
-53
-108
-164
-220
-271
-314
-348
-374
-392
-405
-417
-426
-432
-434
-435
-432
-424
-411
-396
-380
-364
-348
-329
-309
-285
-257
-224
-190
-156
-121
-88
-55
-22
14
54
98
146
194
241
283
324
357
386
413
436
458
477
493
503
507
505
498
488
474
461
448
438
428
420
413
405
396
386
375
364
355
349
347
348
351
352
352
341
322
291
251
203
152
101
54
9
-34
-76
-119
-167
-219
-274
-331
-386
-435
-476
-509
-535
-554
-570
-585
-600
-614
-627
-633
-632
-622
-603
-575
-543
-509
-478
-449
-422
-394
-365
-331
-288
-236
-179
-119
-60
-7
40
78
109
137
161
187
213
239
265
289
308
320
325
326
325
323
323
323
321
316
305
286
263
234
199
163
124
86
47
5
-39
-87
-140
-192
-243
-290
-333
-372
-407
-436
-459
-473
-483
-487
-488
-485
-477
-465
-450
-431
-411
-388
-361
-329
-295
-258
-224
-190
-156
-119
-80
-40
3
45
91
137
183
228
270
308
342
371
399
424
445
463
477
489
499
504
505
502
494
482
470
454
439
421
404
389
377
365
357
348
337
327
319
312
308
305
304
304
304
300
288
267
236
198
156
111
68
27
-11
-51
-93
-136
-184
-235
-289
-342
-394
-439
-475
-503
-525
-540
-550
-557
-560
-560
-558
-552
-542
-525
-503
-475
-444
-412
-382
-354
-325
-297
-268
-235
-197
-153
-103
-52
0
48
90
125
155
181
205
232
257
283
308
330
346
355
356
352
343
332
322
312
300
289
273
254
229
198
162
125
87
48
11
-27
-63
-103
-144
-186
-230
-274
-317
-356
-388
-414
-432
-445
-452
-453
-451
-446
-436
-424
-410
-391
-366
-336
-303
-266
-229
-189
-151
-112
-75
-37
-1
37
75
114
156
198
238
277
313
345
376
403
426
449
466
481
494
503
509
512
508
500
489
474
457
440
423
406
390
375
361
350
339
328
317
306
294
286
280
280
282
285
285
280
269
249
220
184
142
100
60
24
-13
-50
-91
-138
-190
-244
-300
-353
-404
-448
-484
-510
-529
-544
-555
-565
-572
-576
-573
-564
-548
-528
-505
-476
-445
-414
-386
-360
-337
-314
-287
-256
-221
-183
-143
-100
-60
-20
17
51
80
106
135
164
196
226
255
278
296
308
314
315
309
300
287
275
264
254
238
216
188
155
117
78
35
-6
-47
-86
-123
-159
-194
-231
-271
-310
-348
-380
-407
-428
-442
-452
-457
-457
-454
-447
-438
-429
-413
-393
-367
-337
-303
-267
-230
-193
-156
-120
-83
-48
-11
25
62
102
144
185
225
263
298
329
359
386
409
430
448
463
474
483
489
491
489
482
470
455
442
427
413
397
383
369
357
347
338
328
317
309
302
300
300
303
305
306
303
296
285
267
241
206
168
128
90
51
12
-31
-75
-123
-171
-220
-269
-317
-363
-406
-444
-472
-494
-512
-527
-540
-548
-551
-545
-534
-519
-502
-480
-454
-425
-395
-366
-338
-313
-288
-258
-225
-186
-149
-112
-74
-36
3
41
76
108
138
168
198
228
257
282
301
317
327
335
338
337
332
319
304
287
269
248
221
192
158
121
83
45
5
-38
-81
-124
-164
-202
-236
-268
-301
-333
-362
-387
-410
-427
-440
-449
-454
-454
-447
-436
-420
-403
-385
-364
-336
-303
-267
-230
-191
-154
-115
-74
-32
9
48
84
121
159
200
240
278
313
343
372
399
425
446
462
474
482
488
491
495
492
488
479
468
458
446
432
415
398
382
369
360
352
346
337
328
319
314
310
307
306
305
302
299
292
280
259
229
192
153
112
73
34
-4
-45
-87
-132
-178
-227
-274
-323
-369
-412
-449
-479
-503
-523
-542
-557
-569
-573
-570
-560
-545
-525
-501
-474
-443
-412
-380
-351
-322
-293
-261
-224
-183
-144
-105
-66
-30
6
42
74
101
127
152
180
207
235
260
278
293
304
310
315
315
308
298
286
272
257
235
208
174
136
95
52
10
-35
-80
-126
-169
-209
-247
-282
-318
-353
-383
-409
-430
-447
-460
-468
-474
-476
-473
-464
-452
-436
-417
-393
-364
-332
-299
-265
-230
-194
-156
-118
-80
-42
-4
35
73
112
147
182
213
246
276
306
332
354
375
394
410
424
434
439
439
439
435
432
424
414
402
389
374
359
343
325
307
291
278
269
264
257
248
237
228
222
222
223
223
220
218
217
213
202
182
151
113
76
45
17
-12
-45
-85
-125
-165
-203
-244
-288
-335
-380
-416
-443
-464
-484
-503
-524
-538
-543
-539
-530
-517
-504
-486
-463
-434
-402
-373
-347
-321
-294
-263
-230
-194
-157
-120
-82
-47
-11
22
51
79
105
129
153
180
205
232
255
271
282
288
292
296
298
297
291
279
263
245
224
197
162
121
80
42
9
-23
-57
-97
-141
-180
-214
-240
-266
-293
-319
-343
-358
-365
-368
-372
-381
-387
-384
-371
-348
-323
-299
-279
-255
-224
-187
-150
-116
-83
-53
-18
20
62
101
136
167
195
226
257
287
315
338
359
381
402
421
437
448
454
455
454
451
447
443
436
429
420
408
397
383
367
351
332
315
300
292
287
279
270
259
247
237
233
232
231
228
222
218
213
207
193
167
132
93
58
29
4
-24
-60
-104
-147
-185
-221
-255
-297
-342
-385
-418
-439
-453
-466
-484
-502
-514
-515
-504
-488
-473
-461
-446
-426
-397
-365
-336
-310
-288
-262
-228
-190
-151
-114
-81
-49
-17
16
47
73
99
122
145
168
193
213
229
239
247
252
257
254
247
238
228
214
198
176
151
121
90
59
28
-5
-41
-75
-108
-141
-172
-203
-236
-268
-296
-319
-339
-356
-369
-381
-389
-392
-389
-384
-379
-371
-360
-342
-317
-289
-259
-230
-200
-170
-136
-103
-68
-36
-6
27
61
98
134
165
192
218
240
262
285
305
325
339
353
363
373
378
381
378
373
366
357
348
336
325
312
298
283
267
253
239
227
216
208
201
194
190
187
183
181
178
176
173
173
173
176
177
175
167
155
138
118
94
69
41
13
-14
-40
-67
-95
-127
-161
-195
-229
-260
-290
-318
-343
-365
-384
-398
-412
-421
-430
-434
-432
-425
-415
-402
-389
-373
-355
-334
-312
-288
-263
-236
-208
-176
-142
-107
-74
-42
-13
16
47
78
107
134
158
179
200
217
234
246
256
261
263
261
257
250
238
222
202
181
158
134
110
84
56
27
-3
-34
-63
-93
-121
-148
-173
-198
-219
-238
-253
-266
-278
-288
-293
-297
-298
-296
-293
-286
-279
-268
-254
-234
-215
-192
-170
-147
-121
-94
-66
-36
-7
24
54
85
116
145
172
196
220
241
264
282
299
312
322
331
339
345
348
346
343
335
328
318
307
294
279
264
251
240
230
221
210
199
190
182
176
172
169
167
165
165
165
166
167
168
170
171
174
177
178
176
170
157
141
119
96
75
52
30
8
-14
-37
-62
-89
-116
-144
-172
-201
-226
-248
-267
-284
-300
-314
-325
-333
-339
-340
-340
-335
-329
-321
-311
-301
-288
-274
-258
-240
-219
-196
-172
-144
-117
-90
-60
-33
-7
18
41
61
80
96
114
129
142
153
160
164
162
159
151
140
128
114
101
87
74
59
41
22
0
-22
-43
-63
-82
-101
-119
-137
-154
-169
-183
-198
-211
-222
-232
-236
-238
-240
-240
-239
-236
-230
-222
-211
-197
-182
-165
-146
-125
-103
-79
-56
-32
-8
17
42
68
92
116
140
161
181
199
214
229
240
249
256
261
264
266
265
260
255
247
238
228
216
202
189
173
158
143
130
116
103
91
80
72
65
60
56
52
49
47
47
49
52
55
58
61
65
70
76
82
87
89
90
88
85
79
70
57
43
27
12
-2
-18
-35
-55
-77
-98
-119
-141
-164
-187
-209
-232
-250
-266
-280
-292
-303
-311
-317
-318
-317
-313
-309
-304
-297
-287
-272
-258
-240
-222
-203
-182
-160
-135
-110
-85
-61
-36
-12
11
34
55
73
88
102
116
128
139
146
152
155
154
151
147
141
132
121
109
94
79
63
46
27
8
-10
-29
-47
-64
-80
-97
-113
-130
-144
-155
-163
-171
-176
-180
-181
-181
-178
-171
-164
-156
-146
-133
-118
-102
-84
-66
-50
-32
-14
5
26
45
64
81
98
114
130
144
156
168
178
186
194
200
207
211
213
215
215
216
214
211
207
202
195
189
182
176
169
162
154
147
140
134
126
120
115
110
108
106
105
106
108
109
112
115
119
124
128
132
136
141
146
150
153
155
155
153
151
147
142
132
121
108
93
76
59
42
22
2
-19
-41
-62
-81
-102
-123
-143
-163
-181
-198
-213
-227
-238
-249
-256
-261
-265
-266
-264
-261
-258
-252
-244
-234
-222
-209
-195
-180
-164
-145
-125
-107
-87
-67
-48
-29
-10
7
22
37
50
60
69
78
84
88
91
90
88
86
80
73
64
53
41
28
16
3
-11
-25
-41
-55
-68
-81
-93
-105
-117
-127
-136
-143
-148
-152
-155
-158
-158
-156
-153
-148
-142
-135
-127
-119
-109
-98
-86
-75
-63
-52
-39
-26
-13
0
13
24
36
45
57
66
75
81
87
94
98
103
106
109
111
113
112
114
113
112
111
109
106
102
99
96
94
93
90
88
87
85
84
83
79
77
75
73
71
70
69
68
67
67
67
69
70
70
72
72
73
74
74
74
75
75
74
72
71
69
68
65
60
53
48
40
32
22
12
0
-12
-24
-36
-48
-61
-73
-85
-97
-109
-119
-130
-139
-148
-156
-162
-167
-171
-173
-174
-174
-172
-169
-165
-159
-153
-146
-138
-129
-119
-108
-98
-87
-76
-64
-54
-44
-33
-23
-14
-6
1
7
13
17
22
24
26
27
27
26
25
22
20
17
13
10
7
3
-1
-4
-8
-11
-14
-16
-19
-21
-24
-26
-27
-28
-28
-28
-29
-28
-28
-27
-26
-24
-22
-21
-20
-18
-16
-11
-7
-5
-1
3
8
12
17
22
28
31
36
40
45
48
52
56
59
62
64
67
69
71
71
73
73
73
74
74
74
73
72
72
73
74
75
75
76
78
80
82
84
86
88
91
93
95
99
101
103
104
105
107
107
107
107
107
104
103
101
97
95
91
87
82
77
72
67
60
55
49
43
36
30
24
20
14
9
3
-1
-5
-8
-11
-13
-16
-19
-21
-23
-24
-26
-27
-29
-30
-31
-31
-31
-33
-34
-35
-36
-38
-39
-40
-42
-44
-46
-48
-50
-53
-55
-56
-58
-60
-61
-63
-63
-64
-64
-66
-66
-67
-66
-66
-66
-65
-66
-63
-63
-61
-59
-57
-55
-52
-49
-47
-45
-40
-37
-33
-29
-26
-23
-18
-14
-11
-8
-4
-2
0
2
4
6
7
8
7
7
6
4
2
-1
-3
-7
-10
-14
-19
-24
-27
-32
-37
-41
-45
-50
-53
-56
-58
-59
-61
-60
-60
-60
-58
-56
-53
-49
-46
-41
-38
-33
-29
-23
-18
-14
-11
-7
-4
-1
2
4
5
6
6
7
6
6
5
3
3
3
2
1
2
2
3
3
4
4
6
8
10
12
13
15
18
18
20
22
22
24
24
25
23
23
23
22
22
21
19
18
18
17
16
16
15
15
15
16
17
17
19
20
21
23
24
25
27
28
29
31
31
32
32
32
32
30
29
27
26
23
20
17
13
11
7
4
1
-5
-8
-12
-16
-21
-23
-27
-30
-32
-35
-38
-39
-41
-42
-43
-43
-44
-43
-43
-43
-42
-41
-40
-39
-37
-34
-33
-31
-29
-27
-25
-24
-22
-19
-18
-15
-14
-13
-9
-8
-7
-5
-2
0
1
3
5
7
8
10
11
12
13
14
15
16
17
17
17
17
17
16
16
16
15
14
14
15
13
13
14
14
15
15
16
17
18
18
20
20
22
24
26
27
28
30
32
34
35
36
37
38
39
39
41
41
41
42
41
41
41
42
42
42
42
41
41
42
41
41
40
41
40
41
41
41
40
40
41
40
40
40
38
38
37
36
34
33
33
31
29
28
25
24
22
21
19
17
15
13
12
10
8
7
5
5
2
2
1
0
-1
-3
-4
-5
-7
-8
-9
-10
-12
-14
-15
-18
-19
-21
-23
-24
-26
-28
-30
-31
-32
-34
-34
-35
-36
-36
-37
-36
-36
-36
-36
-35
-35
-34
-33
-33
-33
-32
-32
-31
-31
-31
-31
-33
-33
-34
-34
-35
-36
-37
-38
-40
-40
-41
-42
-42
-43
-43
-44
-45
-44
-44
-44
-43
-42
-41
-41
-40
-39
-38
-38
-37
-35
-33
-32
-31
-29
-27
-26
-25
-23
-23
-22
-20
-19
-19
-17
-17
-17
-16
-16
-16
-15
-15
-15
-15
-16
-15
-16
-15
-15
-16
-15
-15
-15
-14
-14
-13
-13
-11
-11
-9
-8
-6
-4
-3
-1
1
2
5
6
8
11
13
14
16
18
19
20
22
23
25
25
27
28
27
28
28
29
29
29
29
28
28
28
27
27
0
0
0
0
0
0
0
0
0
0
0
0
0
0
0
0
0
0
0
0
0
0
0
0
0
0
0
0
0
0
0
0
0
0
0
0
0
0
0
0
0
0
0
0
0
0
0
0
0
0
0
0
0
0
0
0
0
0
0
0
0
0
0
0
0
0
0
0
0
0
0
0
0
0
0
0
0
0
0
0
0
0
0
0
0
0
0
0
0
0
0
0
0
0
0
0
0
0
0
0
0
0
0
0
0
0
0
0
0
0
0
0
0
0
0
0
0
0
0
0
0
0
0
0
0
0
0
0
0
0
0
0
0
0
0
0
0
0
0
0
0
0
0
0
0
0
0
0
0
0
0
0
0
0
0
0
0
0
0
0
0
0
0
0
0
0
0
0
0
0
0
0
0
0
0
0
0
0
0
0
0
0
0
0
0
0
0
0
0
0
0
0
0
0
0
0
0
0
