0
0
0
0
0
0
0
0
0
0
0
0
0
0
0
0
0
0
0
0
0
0
0
0
0
0
0
0
0
0
0
0
0
0
0
0
0
0
0
0
0
0
0
0
0
0
0
0
0
0
0
0
0
0
0
0
0
0
0
0
0
0
0
0
0
0
0
0
0
0
0
0
0
0
0
0
0
0
0
0
0
0
0
0
0
0
0
0
0
0
0
0
0
0
0
0
0
0
0
0
0
0
0
0
0
0
0
0
0
0
0
0
0
0
0
0
0
0
0
0
0
0
0
0
0
0
0
0
0
0
0
0
0
0
0
0
0
0
0
0
0
0
0
0
0
0
0
0
0
0
0
0
0
0
0
0
0
0
0
0
0
0
0
0
0
0
0
0
0
0
0
0
0
0
0
0
0
0
0
0
0
0
0
0
0
0
0
0
0
0
0
0
0
0
0
0
0
0
-53
-53
-54
-53
-51
-49
-47
-45
-43
-40
-37
-34
-30
-26
-22
-18
-14
-10
-5
-1
2
7
12
15
20
24
28
32
34
37
40
42
44
46
48
49
50
50
50
49
48
46
45
43
40
36
32
29
24
20
15
9
4
-1
-6
-10
-17
-22
-28
-32
-37
-41
-44
-48
-51
-52
-54
-55
-55
-55
-54
-51
-48
-45
-40
-36
-29
-24
-16
-8
0
8
18
27
38
49
60
71
82
92
103
114
122
131
140
148
153
160
164
167
169
169
168
166
161
154
148
139
128
115
100
86
69
53
32
13
-6
-26
-47
-69
-88
-108
-128
-145
-164
-180
-194
-207
-219
-229
-235
-241
-244
-245
-244
-240
-234
-226
-215
-203
-188
-172
-156
-136
-115
-95
-73
-49
-26
-4
20
43
65
86
107
127
146
161
178
191
201
212
219
224
229
228
227
223
218
210
200
188
174
160
142
124
105
84
63
41
18
-5
-28
-50
-72
-95
-116
-135
-155
-171
-187
-202
-215
-224
-232
-237
-241
-242
-242
-237
-231
-224
-213
-201
-186
-171
-154
-135
-114
-93
-71
-49
-25
-3
20
42
63
84
103
122
138
153
167
178
188
196
201
203
205
204
201
195
188
180
169
158
145
130
115
98
82
65
50
33
17
3
-10
-23
-35
-46
-54
-62
-67
-71
-73
-73
-73
-71
-66
-61
-53
-46
-37
-26
-16
-6
5
16
27
36
46
54
62
69
74
78
79
80
78
76
71
65
58
49
39
28
17
3
-11
-24
-38
-52
-65
-78
-91
-103
-114
-123
-133
-139
-144
-148
-151
-152
-152
-149
-146
-140
-133
-126
-119
-108
-98
-87
-75
-62
-49
-38
-25
-13
0
11
22
33
44
53
60
69
75
82
86
90
94
96
97
96
96
94
92
88
83
78
72
65
57
50
42
32
24
14
3
-6
-15
-26
-36
-45
-55
-63
-71
-79
-86
-92
-98
-102
-105
-107
-109
-109
-108
-106
-103
-99
-94
-87
-80
-72
-63
-53
-43
-32
-20
-9
2
15
27
38
49
61
70
81
91
98
105
112
117
122
125
127
128
128
127
124
121
117
112
106
99
93
84
76
70
60
51
44
36
28
21
15
10
4
0
-4
-6
-8
-10
-10
-9
-7
-6
-4
-1
3
6
10
12
17
19
22
24
25
27
27
26
24
24
20
17
13
8
3
-3
-9
-16
-23
-30
-36
-43
-50
-55
-62
-66
-70
-74
-78
-79
-81
-82
-82
-80
-79
-77
-74
-71
-68
-64
-61
-56
-51
-46
-41
-36
-32
-27
-23
-18
-14
-10
-6
-2
1
5
9
11
15
18
20
22
26
27
31
33
35
36
38
40
41
41
42
42
41
41
40
37
35
33
30
27
22
19
14
8
4
-2
-8
-13
-17
-23
-27
-32
-37
-42
-45
-49
-51
-54
-55
-57
-57
-57
-56
-56
-54
-52
-49
-46
-42
-39
-35
-30
-26
-21
-15
-11
-7
-1
4
8
13
17
23
27
31
35
38
41
45
47
50
53
55
56
58
59
60
60
60
61
59
58
57
56
55
53
51
49
48
46
43
43
40
39
37
35
35
33
31
30
29
28
25
25
22
20
19
16
12
9
7
3
-1
-6
-10
-16
-21
-26
-33
-38
-45
-49
-55
-62
-66
-71
-76
-79
-82
-84
-86
-87
-88
-87
-86
-84
-82
-78
-74
-70
-65
-60
-55
-49
-43
-37
-33
-27
-21
-17
-13
-8
-4
-1
3
5
7
10
12
14
15
17
18
18
19
20
21
22
22
24
24
24
25
26
25
26
27
25
24
25
23
21
21
19
17
15
12
9
6
3
0
-4
-7
-10
-14
-18
-20
-24
-27
-29
-31
-34
-36
-37
-37
-39
-39
-39
-40
-39
-37
-36
-35
-32
-30
-28
-26
-23
-20
-16
-13
-10
-6
-2
0
5
8
12
15
19
23
25
29
32
35
38
41
44
46
49
49
50
52
53
53
55
56
55
55
57
56
55
56
56
55
55
55
56
55
55
55
56
56
57
57
57
58
57
58
57
57
56
56
55
53
52
49
47
43
41
35
32
26
22
15
10
4
-3
-8
-16
-22
-29
-35
-41
-48
-53
-59
-63
-68
-72
-75
-78
-79
-80
-82
-82
-81
-80
-78
-75
-74
-70
-67
-63
-59
-55
-51
-46
-42
-38
-33
-29
-24
-20
-17
-12
-10
-8
-3
0
1
3
7
8
8
9
12
11
12
14
14
13
14
16
13
11
15
13
11
12
13
9
9
9
6
4
5
5
1
-1
-1
-3
-8
-7
-8
-12
-15
-13
-18
-21
-21
-20
-25
-28
-26
-28
-32
-32
-30
-32
-36
-34
-31
-35
-35
-29
-29
-32
-29
-23
-25
-25
-17
-13
-16
-11
-3
-3
-3
6
11
9
13
23
24
22
31
35
32
35
45
42
41
48
51
47
49
54
52
49
54
55
50
51
55
53
49
52
52
49
46
51
49
43
46
48
43
40
42
42
34
33
36
32
24
26
25
15
9
13
8
-5
-6
-4
-15
-24
-22
-27
-40
-42
-40
-50
-57
-55
-59
-67
-69
-65
-71
-74
-69
-69
-72
-67
-65
-65
-61
-55
-54
-51
-44
-40
-38
-33
-26
-23
-20
-14
-10
-10
-5
0
1
2
7
9
7
10
11
10
10
11
12
10
8
9
9
6
5
6
3
1
1
1
-3
-5
-3
-6
-9
-6
-6
-14
-12
-9
-16
-19
-12
-13
-23
-19
-13
-21
-24
-16
-16
-26
-19
-10
-20
-24
-13
-12
-23
-18
-5
-13
-19
-7
-3
-13
-10
2
-2
-8
1
9
2
2
14
15
9
16
27
23
20
32
37
29
33
48
45
37
51
59
47
47
64
62
49
62
75
60
57
74
73
58
68
83
69
64
82
83
68
75
90
79
73
87
90
78
80
90
83
76
81
83
74
69
70
64
54
48
45
37
25
16
11
-1
-16
-23
-32
-46
-58
-62
-74
-88
-92
-99
-113
-118
-117
-124
-130
-126
-127
-133
-129
-121
-121
-118
-105
-99
-97
-86
-73
-69
-61
-47
-36
-29
-21
-10
-2
3
7
17
24
24
28
37
37
28
35
41
31
24
35
32
15
16
22
8
-2
6
3
-13
-12
-8
-23
-32
-23
-27
-39
-34
-30
-40
-42
-36
-40
-42
-38
-38
-40
-33
-32
-39
-34
-26
-35
-36
-20
-22
-35
-25
-17
-33
-33
-18
-23
-36
-24
-20
-37
-36
-22
-31
-40
-26
-22
-35
-32
-19
-23
-29
-18
-7
-9
-7
5
11
10
15
29
37
38
47
62
61
59
77
88
81
89
109
107
98
115
129
115
119
140
138
128
145
155
143
143
159
158
152
163
171
161
158
163
158
150
151
149
137
126
117
105
89
72
56
37
16
-6
-24
-47
-77
-101
-121
-148
-173
-187
-205
-230
-247
-259
-277
-288
-286
-288
-293
-288
-279
-277
-267
-246
-229
-213
-187
-160
-139
-114
-83
-57
-36
-8
20
46
69
91
109
121
132
146
159
165
168
168
162
152
144
140
128
108
96
80
55
35
23
4
-21
-39
-53
-73
-89
-96
-109
-126
-136
-139
-143
-147
-145
-142
-143
-143
-130
-119
-116
-106
-88
-85
-82
-58
-40
-45
-36
-12
-10
-16
6
20
4
1
22
20
8
27
36
11
5
22
16
8
29
35
11
9
27
22
16
37
46
34
39
56
53
48
62
71
69
82
98
98
93
97
105
113
126
139
142
141
143
150
164
179
194
203
203
209
226
239
244
262
279
272
268
286
291
276
278
287
268
244
237
215
169
143
132
98
56
26
-23
-94
-142
-167
-206
-244
-272
-317
-380
-422
-440
-457
-473
-474
-478
-493
-501
-491
-472
-448
-416
-376
-337
-302
-263
-216
-171
-126
-70
-11
42
89
134
167
195
229
267
299
324
341
342
334
330
325
316
310
291
257
223
195
161
122
91
57
10
-29
-53
-84
-124
-156
-185
-220
-243
-242
-247
-264
-278
-285
-296
-301
-282
-255
-243
-239
-227
-217
-215
-195
-157
-131
-118
-99
-81
-79
-75
-48
-22
-14
-4
12
16
8
16
32
32
32
45
52
49
47
52
50
48
60
73
75
73
70
69
70
81
95
102
103
98
92
94
104
112
119
129
132
128
128
133
134
143
165
189
200
205
206
203
205
232
273
303
317
322
310
292
294
320
347
363
367
346
296
245
215
203
201
201
177
104
6
-81
-135
-162
-166
-178
-233
-331
-433
-502
-531
-523
-504
-510
-552
-610
-649
-653
-617
-559
-506
-478
-469
-459
-431
-378
-300
-218
-146
-91
-50
-13
30
89
159
230
291
330
347
353
365
391
427
461
475
457
417
381
360
353
351
336
292
226
162
114
82
54
22
-24
-88
-150
-199
-234
-264
-285
-305
-337
-370
-395
-411
-421
-414
-393
-375
-371
-370
-362
-352
-323
-272
-221
-188
-170
-152
-131
-99
-51
-3
33
54
70
84
99
121
144
156
159
164
173
178
177
170
158
144
137
141
148
148
138
119
97
84
84
89
96
105
107
99
92
88
86
99
132
163
179
184
183
176
187
232
283
313
321
314
305
322
376
435
453
431
392
368
388
451
502
484
396
290
224
232
296
339
279
122
-49
-146
-145
-93
-68
-138
-301
-481
-581
-575
-514
-485
-532
-642
-750
-796
-765
-693
-632
-616
-641
-664
-641
-576
-494
-413
-350
-302
-262
-210
-146
-74
2
78
150
212
254
276
301
348
414
475
514
516
484
452
458
495
530
531
487
414
347
316
316
317
286
217
129
51
2
-27
-57
-101
-156
-221
-285
-338
-372
-394
-414
-429
-442
-467
-498
-516
-503
-469
-429
-399
-386
-386
-374
-328
-252
-176
-128
-108
-98
-70
-13
60
124
162
166
157
166
202
248
278
281
264
242
228
226
233
235
223
202
174
145
122
104
96
93
83
58
24
-1
-1
16
31
26
1
-23
-18
26
76
100
93
74
75
117
191
246
257
248
259
297
338
357
354
350
368
409
442
421
334
229
188
251
347
337
180
-32
-165
-168
-90
-32
-86
-271
-505
-638
-600
-483
-439
-531
-691
-815
-842
-780
-686
-627
-643
-706
-742
-694
-591
-497
-436
-388
-340
-297
-252
-183
-92
6
91
158
203
231
255
303
391
486
538
538
514
499
513
562
619
637
601
531
471
458
479
493
464
391
296
215
175
172
166
117
14
-104
-188
-212
-203
-213
-278
-383
-475
-515
-503
-476
-477
-520
-581
-614
-596
-542
-487
-467
-476
-477
-444
-381
-315
-258
-212
-180
-150
-109
-50
12
63
103
132
153
172
195
226
263
290
292
272
253
251
270
291
295
271
223
187
186
209
223
208
173
135
123
146
175
176
154
137
148
180
219
243
240
229
241
289
346
380
388
396
422
447
444
432
451
501
539
538
497
418
323
283
346
444
430
250
29
-78
-56
0
6
-64
-212
-406
-551
-559
-468
-431
-527
-682
-778
-804
-800
-776
-724
-690
-727
-798
-811
-743
-649
-581
-523
-475
-450
-447
-410
-301
-163
-68
-30
-14
12
59
137
247
344
383
370
359
389
447
505
548
565
541
495
468
478
503
511
482
422
348
284
247
234
221
171
78
-34
-123
-164
-169
-183
-251
-367
-469
-514
-515
-505
-514
-555
-620
-673
-669
-613
-548
-526
-542
-551
-522
-458
-379
-305
-248
-212
-189
-152
-80
10
88
134
158
175
200
245
303
356
379
371
349
341
358
388
403
392
361
327
302
294
294
292
278
254
224
197
183
187
193
192
184
174
164
175
206
234
238
233
246
278
308
333
371
412
417
379
361
408
482
510
487
460
425
345
274
313
431
447
276
61
-21
11
33
3
-45
-131
-303
-480
-513
-418
-372
-483
-641
-713
-722
-745
-759
-713
-663
-699
-790
-813
-735
-648
-607
-574
-522
-492
-494
-468
-367
-237
-158
-134
-113
-73
-24
38
130
227
274
267
260
296
359
417
454
470
461
435
417
430
462
470
434
377
328
291
261
235
212
165
77
-25
-96
-119
-131
-175
-263
-368
-448
-486
-488
-488
-519
-588
-659
-688
-664
-615
-583
-585
-605
-608
-568
-493
-413
-354
-316
-284
-246
-184
-99
-8
61
101
128
162
218
283
345
386
399
393
393
413
450
481
480
449
412
391
393
403
401
379
342
299
267
263
281
287
254
206
184
198
220
234
239
229
206
202
245
302
319
306
313
340
354
346
356
395
426
425
418
407
347
259
255
370
446
330
103
-18
24
87
71
8
-76
-215
-378
-432
-342
-268
-357
-537
-641
-638
-623
-634
-622
-589
-617
-708
-749
-679
-579
-540
-538
-513
-478
-467
-448
-366
-245
-168
-155
-151
-114
-51
17
97
181
224
213
201
247
334
400
424
425
416
399
399
435
480
484
437
381
346
325
307
296
283
233
134
33
-17
-20
-31
-88
-181
-280
-356
-392
-390
-392
-443
-529
-592
-602
-578
-556
-546
-554
-572
-577
-543
-472
-403
-363
-343
-317
-272
-209
-132
-50
16
50
67
101
166
242
304
337
341
335
346
389
435
453
438
410
390
379
379
385
385
364
321
269
239
244
263
265
236
186
141
134
170
216
224
188
149
150
188
229
257
279
288
269
241
256
313
358
358
351
348
301
209
178
278
391
334
127
-30
-28
40
56
12
-58
-178
-338
-431
-381
-289
-317
-469
-601
-636
-632
-637
-625
-588
-594
-671
-736
-710
-626
-564
-542
-519
-491
-487
-488
-430
-311
-207
-175
-183
-168
-113
-41
40
126
182
182
166
198
283
362
397
399
395
390
391
414
456
479
450
391
351
336
323
308
296
266
186
75
1
-5
10
-22
-116
-233
-327
-369
-362
-346
-378
-474
-577
-617
-588
-538
-516
-539
-583
-610
-582
-503
-418
-373
-364
-356
-318
-250
-164
-72
3
36
44
72
143
240
317
356
360
353
362
403
465
512
513
469
422
412
443
476
473
429
371
328
316
330
348
332
277
220
201
226
254
253
229
208
205
210
224
245
273
298
301
280
262
277
323
353
354
350
352
315
225
172
248
373
360
171
-19
-52
28
79
46
-34
-150
-297
-397
-367
-268
-260
-392
-544
-608
-607
-598
-578
-541
-545
-624
-710
-707
-625
-546
-513
-500
-491
-500
-504
-446
-326
-218
-180
-193
-193
-152
-78
19
114
170
168
143
162
242
338
398
407
388
368
367
394
444
486
477
416
348
320
323
323
308
276
219
128
23
-37
-32
-14
-52
-162
-299
-397
-420
-389
-361
-400
-513
-632
-673
-619
-533
-498
-536
-606
-641
-598
-493
-386
-332
-338
-357
-337
-253
-125
-9
48
41
26
68
176
291
360
370
357
355
380
436
501
539
523
475
444
451
473
485
482
460
413
351
315
331
365
360
302
234
200
211
245
270
255
207
169
180
224
261
278
288
278
245
227
268
337
364
343
323
306
245
172
194
317
370
235
18
-81
-33
31
24
-30
-120
-271
-427
-461
-362
-289
-369
-535
-646
-672
-666
-644
-594
-567
-630
-737
-772
-700
-604
-553
-536
-526
-529
-541
-509
-402
-275
-206
-207
-220
-197
-131
-36
69
150
169
143
136
192
294
380
412
399
372
359
371
414
465
482
448
379
319
293
292
300
299
257
156
26
-59
-60
-19
-29
-127
-276
-399
-446
-422
-383
-400
-493
-616
-690
-672
-598
-539
-540
-592
-645
-645
-569
-451
-356
-328
-348
-350
-287
-169
-43
43
77
80
93
155
261
368
426
423
400
400
439
503
560
576
538
474
440
461
507
520
478
407
356
343
354
362
346
310
273
253
248
254
267
280
282
268
247
245
277
337
379
371
322
288
310
364
399
407
409
381
284
168
164
299
408
316
73
-105
-110
-28
18
-5
-94
-262
-456
-538
-447
-320
-336
-501
-668
-738
-730
-685
-614
-566
-608
-730
-809
-755
-626
-529
-498
-497
-504
-515
-489
-385
-236
-135
-122
-146
-135
-70
23
132
230
275
256
226
258
353
450
501
504
479
442
425
459
527
557
510
426
363
332
312
294
288
258
158
9
-98
-114
-83
-99
-196
-340
-468
-532
-520
-476
-478
-569
-696
-766
-741
-663
-600
-590
-629
-678
-676
-591
-456
-354
-326
-341
-332
-262
-142
-13
85
119
113
125
201
318
416
462
461
443
436
466
533
596
605
548
476
450
474
508
514
480
414
346
311
329
362
359
309
254
232
246
268
283
290
293
286
279
286
326
381
414
404
377
370
387
405
427
471
494
417
248
144
230
401
419
206
-56
-170
-132
-69
-56
-101
-239
-475
-673
-673
-511
-418
-531
-746
-889
-914
-875
-794
-701
-682
-791
-923
-924
-780
-631
-569
-561
-551
-543
-534
-459
-302
-153
-102
-118
-108
-46
35
124
230
327
352
315
300
360
462
534
562
556
521
468
445
485
552
567
492
379
294
256
244
241
222
152
17
-143
-243
-246
-210
-231
-344
-507
-640
-689
-661
-608
-599
-675
-797
-876
-848
-740
-637
-604
-637
-679
-670
-575
-428
-296
-236
-239
-240
-183
-57
88
193
234
232
238
288
384
484
541
541
508
486
500
549
595
604
565
502
455
446
463
474
461
422
365
313
296
323
362
363
323
296
305
327
344
375
428
459
439
419
462
539
573
558
546
544
526
525
592
648
535
291
175
325
520
450
136
-130
-185
-135
-110
-109
-155
-349
-666
-855
-752
-531
-494
-693
-924
-1037
-1052
-992
-852
-714
-734
-923
-1067
-988
-761
-587
-533
-531
-534
-543
-504
-352
-128
19
22
-22
9
117
235
343
449
518
509
461
476
573
675
708
693
670
636
581
546
568
607
586
486
365
268
191
145
141
138
49
-153
-364
-450
-401
-339
-381
-541
-738
-873
-881
-780
-675
-682
-815
-963
-996
-887
-716
-590
-571
-634
-688
-639
-471
-265
-131
-110
-142
-138
-46
116
282
376
377
339
340
416
528
614
636
603
550
521
540
596
630
601
525
457
434
444
451
439
410
374
340
319
320
342
370
393
398
388
384
411
470
540
597
627
621
593
592
644
707
722
711
727
712
555
313
242
448
663
532
97
-267
-331
-226
-162
-169
-256
-520
-932
-1198
-1079
-759
-652
-889
-1218
-1393
-1408
-1322
-1126
-904
-862
-1075
-1298
-1249
-960
-682
-549
-505
-492
-516
-518
-368
-67
185
247
192
185
267
377
499
654
782
786
688
628
682
781
832
835
818
749
620
505
495
551
546
436
285
149
14
-106
-137
-87
-105
-320
-635
-817
-768
-634
-608
-741
-953
-1131
-1189
-1086
-897
-792
-870
-1045
-1132
-1036
-831
-641
-546
-554
-611
-613
-490
-267
-64
26
18
4
50
167
318
449
514
506
476
482
537
605
648
647
613
573
546
544
550
538
504
461
428
406
390
370
352
344
344
347
350
358
380
409
436
473
531
600
657
696
740
800
842
857
873
910
934
921
918
947
905
679
381
297
504
696
526
48
-369
-500
-451
-396
-377
-435
-695
-1151
-1510
-1474
-1147
-929
-1048
-1355
-1592
-1666
-1587
-1355
-1050
-884
-989
-1208
-1246
-998
-642
-380
-254
-213
-216
-204
-81
178
455
601
609
595
637
722
814
904
986
1017
985
929
894
876
850
811
778
738
657
530
396
291
215
148
77
-12
-140
-300
-446
-529
-565
-628
-750
-881
-945
-945
-940
-981
-1049
-1095
-1093
-1040
-957
-873
-826
-824
-825
-772
-652
-510
-403
-350
-315
-259
-160
-30
99
191
240
269
309
385
479
554
590
586
569
558
557
559
556
544
519
492
473
459
439
408
379
365
369
381
383
373
358
352
366
400
439
461
469
484
530
609
698
769
819
865
915
950
964
980
1025
1077
1093
1070
1038
961
759
462
281
392
640
647
224
-368
-721
-710
-549
-477
-549
-747
-1086
-1493
-1732
-1617
-1275
-1070
-1214
-1557
-1786
-1744
-1516
-1257
-1069
-990
-1006
-1041
-988
-793
-515
-270
-129
-69
-8
115
284
439
536
598
686
812
920
957
930
890
876
888
914
936
916
817
656
513
451
456
445
358
194
11
-140
-235
-283
-322
-397
-519
-658
-781
-882
-969
-1032
-1040
-992
-938
-945
-1022
-1111
-1135
-1053
-895
-726
-613
-582
-607
-624
-576
-446
-270
-116
-31
-9
-9
21
100
208
310
380
411
415
409
413
431
455
473
477
470
448
407
354
321
333
379
420
434
423
398
371
361
385
439
478
482
467
460
455
428
390
377
402
425
410
375
365
390
418
415
386
361
373
411
440
427
375
332
346
402
417
315
119
-42
-44
106
255
223
-19
-323
-501
-480
-343
-235
-252
-392
-587
-745
-802
-768
-705
-683
-721
-780
-808
-786
-733
-696
-696
-709
-683
-578
-414
-259
-181
-190
-226
-208
-92
97
271
353
329
255
220
264
363
448
469
425
357
311
308
327
334
313
272
236
217
212
203
181
141
93
58
45
48
37
-9
-87
-171
-231
-250
-235
-218
-239
-313
-410
-478
-477
-414
-343
-318
-359
-423
-453
-422
-356
-302
-289
-298
-297
-264
-205
-148
-127
-143
-161
-131
-38
67
125
119
90
91
143
231
310
334
297
251
267
351
428
427
354
280
264
303
358
391
377
323
270
260
301
342
331
274
226
230
279
318
307
257
208
193
220
259
280
274
263
273
306
347
385
420
450
464
458
453
479
533
590
614
591
527
422
299
205
185
236
281
231
65
-166
-367
-465
-460
-414
-407
-484
-616
-744
-824
-862
-889
-921
-947
-937
-883
-808
-750
-742
-778
-807
-768
-630
-427
-231
-103
-52
-43
-20
56
183
329
446
509
526
527
531
537
530
505
473
451
447
452
439
385
290
183
106
80
82
67
7
-95
-197
-272
-310
-343
-402
-492
-576
-609
-582
-545
-561
-644
-735
-749
-660
-523
-431
-440
-515
-562
-511
-381
-254
-196
-208
-229
-213
-152
-83
-39
-20
3
53
128
194
217
194
160
160
207
275
322
326
296
241
181
139
139
179
224
236
209
174
159
172
194
208
215
231
266
309
333
318
276
252
277
335
384
389
365
351
378
443
517
571
595
606
630
673
727
772
796
796
779
762
749
725
644
467
233
47
6
88
148
28
-299
-694
-964
-1006
-882
-759
-780
-957
-1177
-1305
-1297
-1220
-1175
-1195
-1225
-1180
-1028
-817
-650
-597
-636
-668
-589
-366
-57
225
398
446
427
425
490
620
758
848
868
842
810
789
766
705
592
449
335
285
295
310
262
129
-55
-222
-316
-334
-321
-333
-394
-486
-563
-594
-594
-605
-658
-733
-773
-729
-611
-486
-429
-457
-514
-518
-430
-294
-188
-151
-160
-157
-106
-31
18
6
-52
-105
-109
-58
12
65
79
62
43
44
70
114
151
167
166
169
191
230
260
259
230
196
186
211
258
313
359
391
409
418
422
430
445
467
492
519
553
588
610
603
563
514
493
528
618
731
838
914
958
977
979
970
956
953
976
1031
1098
1133
1066
839
454
16
-304
-379
-239
-79
-112
-414
-861
-1244
-1425
-1425
-1387
-1423
-1522
-1574
-1490
-1309
-1171
-1191
-1353
-1505
-1479
-1213
-795
-396
-154
-85
-104
-91
21
225
457
654
801
913
1017
1113
1170
1147
1032
868
727
670
700
754
743
613
371
95
-128
-255
-304
-336
-400
-499
-602
-673
-717
-765
-843
-941
-1011
-999
-885
-717
-578
-542
-614
-723
-772
-698
-517
-314
-172
-117
-110
-91
-42
4
-5
-71
-144
-159
-96
-8
29
-40
-189
-339
-412
-390
-312
-244
-219
-228
-236
-215
-168
-125
-106
-107
-98
-46
52
172
270
318
321
317
349
435
555
662
725
740
743
764
807
840
828
771
707
687
727
804
865
883
874
877
919
993
1071
1128
1165
1200
1243
1297
1355
1387
1330
1100
647
41
-516
-805
-754
-537
-449
-678
-1153
-1622
-1870
-1891
-1862
-1956
-2158
-2273
-2117
-1701
-1247
-1020
-1103
-1342
-1481
-1345
-962
-497
-115
132
298
463
658
849
983
1031
1023
1018
1077
1222
1411
1547
1530
1318
969
614
378
287
265
205
49
-162
-343
-446
-514
-638
-859
-1122
-1310
-1329
-1189
-993
-851
-806
-821
-818
-750
-625
-490
-390
-334
-295
-232
-122
26
165
238
215
125
40
19
55
86
45
-74
-205
-278
-282
-282
-351
-500
-656
-731
-682
-558
-448
-405
-416
-421
-372
-273
-163
-78
-19
46
150
300
474
628
728
772
794
833
919
1035
1144
1200
1194
1150
1109
1093
1090
1067
1005
922
865
864
924
1004
1060
1072
1061
1073
1143
1260
1378
1453
1493
1529
1564
1516
1243
675
-77
-741
-1080
-1069
-930
-934
-1169
-1493
-1701
-1740
-1744
-1876
-2152
-2407
-2430
-2154
-1694
-1249
-953
-816
-756
-691
-570
-381
-136
130
373
584
801
1075
1389
1640
1700
1543
1280
1090
1069
1160
1201
1086
843
596
432
325
168
-106
-459
-782
-980
-1040
-1023
-1006
-1035
-1105
-1176
-1213
-1194
-1125
-1031
-935
-837
-707
-520
-275
-35
125
171
134
97
125
218
319
361
329
269
227
197
127
-35
-283
-543
-736
-829
-850
-853
-874
-911
-934
-921
-871
-804
-744
-698
-660
-594
-469
-285
-81
90
206
297
410
565
730
856
919
948
985
1056
1153
1242
1292
1288
1240
1164
1085
1018
962
907
846
792
772
812
898
977
1012
1014
1044
1152
1325
1499
1619
1691
1735
1699
1447
876
69
-703
-1182
-1336
-1369
-1496
-1724
-1888
-1873
-1760
-1750
-1943
-2241
-2457
-2473
-2308
-2038
-1710
-1342
-974
-661
-416
-194
65
339
534
593
596
701
989
1368
1644
1701
1597
1473
1410
1359
1220
956
631
337
121
-30
-154
-288
-450
-651
-884
-1099
-1242
-1297
-1318
-1366
-1440
-1462
-1356
-1133
-892
-723
-630
-535
-373
-144
85
248
339
396
457
529
591
616
589
510
401
281
169
57
-79
-261
-472
-668
-814
-909
-979
-1049
-1109
-1131
-1096
-1016
-917
-828
-743
-646
-519
-360
-187
-20
126
253
373
498
631
754
847
911
965
1025
1085
1128
1143
1124
1080
1020
962
909
859
801
731
668
632
628
643
670
717
795
905
1040
1206
1400
1604
1778
1897
1985
2067
2083
1881
1343
554
-210
-720
-1000
-1262
-1646
-2034
-2214
-2123
-1933
-1838
-1881
-1972
-2039
-2089
-2118
-2067
-1888
-1634
-1397
-1181
-872
-382
206
686
918
966
1008
1147
1326
1426
1414
1367
1360
1399
1449
1488
1487
1382
1097
661
218
-96
-287
-472
-728
-989
-1144
-1164
-1138
-1159
-1242
-1324
-1349
-1309
-1224
-1117
-997
-873
-738
-562
-313
-4
295
495
577
595
626
680
696
626
495
378
313
268
192
66
-93
-276
-477
-681
-852
-980
-1087
-1191
-1263
-1248
-1136
-978
-837
-724
-604
-453
-290
-147
-44
41
125
231
363
514
661
786
895
996
1082
1138
1153
1133
1089
1028
962
905
861
810
733
645
580
562
574
584
591
628
716
846
997
1164
1361
1584
1790
1947
2068
2167
2177
1933
1352
574
-116
-584
-957
-1433
-1976
-2338
-2372
-2203
-2049
-1978
-1912
-1833
-1815
-1870
-1876
-1747
-1580
-1521
-1531
-1391
-983
-433
39
371
656
966
1258
1466
1580
1622
1575
1434
1257
1138
1105
1082
974
772
557
406
309
183
-44
-359
-682
-946
-1142
-1288
-1400
-1478
-1527
-1537
-1460
-1272
-1023
-813
-683
-570
-409
-204
-20
115
217
302
367
434
533
639
678
610
490
397
330
213
9
-234
-455
-645
-823
-978
-1090
-1162
-1221
-1256
-1223
-1117
-988
-883
-796
-683
-538
-395
-275
-165
-46
79
204
343
503
656
769
849
925
1007
1062
1057
1007
952
907
861
807
747
686
618
550
506
491
490
485
490
525
597
708
855
1026
1216
1438
1691
1937
2121
2239
2313
2268
1943
1305
569
-14
-467
-1013
-1698
-2255
-2451
-2393
-2332
-2296
-2132
-1861
-1694
-1692
-1651
-1444
-1262
-1323
-1493
-1453
-1141
-794
-543
-243
220
709
1061
1347
1698
2009
2055
1849
1641
1556
1442
1162
820
585
438
270
95
17
-2
-119
-364
-593
-711
-810
-1008
-1265
-1449
-1524
-1541
-1506
-1373
-1155
-933
-732
-482
-156
163
375
488
580
672
720
697
641
579
493
378
278
224
176
67
-102
-260
-385
-522
-713
-918
-1078
-1186
-1274
-1333
-1316
-1216
-1093
-975
-820
-600
-365
-189
-66
62
209
322
384
449
552
663
741
811
924
1053
1134
1157
1167
1179
1148
1059
945
841
732
606
492
427
407
403
424
487
598
743
907
1087
1280
1491
1713
1908
2043
2132
2181
2085
1705
1089
479
8
-469
-1119
-1808
-2238
-2363
-2408
-2481
-2423
-2149
-1863
-1748
-1667
-1415
-1104
-1024
-1164
-1210
-1027
-823
-747
-625
-280
155
474
752
1179
1672
1944
1939
1891
1925
1870
1585
1207
923
686
362
24
-156
-197
-289
-477
-608
-602
-588
-693
-857
-975
-1066
-1207
-1344
-1375
-1308
-1245
-1185
-1020
-712
-368
-84
167
443
698
857
921
948
931
815
616
425
287
149
-34
-222
-345
-419
-508
-622
-721
-792
-875
-985
-1081
-1127
-1144
-1163
-1162
-1090
-955
-798
-641
-464
-260
-63
96
229
359
475
558
613
674
751
814
848
874
910
939
936
911
887
857
794
704
623
567
512
451
417
435
479
530
621
784
986
1182
1389
1639
1889
2065
2164
2207
2107
1729
1129
536
45
-503
-1227
-1936
-2362
-2528
-2651
-2752
-2644
-2308
-1989
-1813
-1604
-1225
-879
-815
-926
-924
-782
-715
-759
-691
-413
-97
135
433
927
1441
1727
1831
1971
2138
2124
1869
1540
1254
920
478
61
-198
-368
-581
-788
-847
-769
-704
-716
-733
-714
-726
-816
-915
-965
-1010
-1097
-1162
-1103
-925
-718
-508
-245
87
425
702
918
1085
1167
1124
985
811
615
362
61
-224
-443
-606
-745
-852
-904
-909
-894
-876
-843
-800
-775
-777
-781
-760
-722
-688
-649
-573
-454
-306
-151
20
209
397
563
707
840
944
1001
1021
1026
1018
985
925
868
824
777
722
680
658
640
617
605
614
630
646
693
794
918
1044
1202
1409
1622
1781
1898
1980
1927
1632
1162
695
271
-261
-961
-1634
-2076
-2336
-2565
-2727
-2661
-2398
-2141
-1942
-1635
-1176
-787
-645
-618
-496
-334
-312
-406
-410
-274
-146
-72
113
491
890
1147
1339
1611
1897
2008
1919
1768
1601
1323
912
499
172
-139
-495
-807
-953
-964
-962
-972
-915
-783
-665
-604
-557
-498
-490
-564
-653
-678
-657
-648
-636
-542
-349
-115
112
348
595
805
933
989
997
936
768
513
238
-23
-287
-566
-811
-981
-1077
-1127
-1134
-1081
-979
-869
-764
-654
-535
-437
-384
-359
-324
-278
-242
-216
-165
-76
39
162
297
453
610
742
848
938
1002
1018
986
934
873
796
696
600
534
489
460
456
483
521
565
636
756
900
1036
1176
1351
1534
1678
1781
1853
1824
1592
1184
753
362
-106
-739
-1402
-1893
-2204
-2467
-2684
-2720
-2556
-2341
-2159
-1888
-1454
-1019
-776
-665
-502
-288
-188
-240
-285
-226
-161
-150
-80
157
464
691
870
1135
1467
1699
1753
1727
1678
1541
1256
900
564
221
-182
-589
-878
-1030
-1137
-1233
-1259
-1175
-1029
-890
-755
-607
-484
-431
-425
-411
-388
-399
-447
-473
-427
-327
-213
-84
85
283
470
627
761
858
881
809
672
501
287
16
-288
-570
-803
-993
-1144
-1231
-1240
-1188
-1094
-963
-793
-614
-459
-332
-213
-104
-30
-2
5
20
51
80
118
180
268
369
483
616
756
876
963
1026
1069
1079
1043
975
895
811
721
640
570
517
495
525
612
734
874
1044
1251
1459
1641
1785
1855
1773
1501
1116
722
293
-266
-937
-1554
-1999
-2328
-2606
-2768
-2728
-2540
-2318
-2052
-1647
-1149
-738
-496
-304
-73
107
123
35
-24
-39
-90
-154
-108
70
264
418
619
938
1277
1505
1618
1694
1727
1639
1419
1130
813
430
-13
-431
-750
-988
-1191
-1340
-1377
-1292
-1142
-966
-757
-532
-338
-202
-106
-30
-5
-48
-138
-216
-257
-277
-283
-248
-154
-16
143
314
493
649
745
773
752
685
547
324
52
-219
-473
-716
-937
-1103
-1191
-1210
-1172
-1068
-903
-708
-522
-346
-166
-2
112
162
180
194
194
172
148
151
183
227
291
388
513
635
738
831
922
989
1010
988
948
895
824
743
664
590
529
507
541
618
717
848
1025
1231
1424
1586
1711
1740
1611
1336
1005
653
201
-395
-1028
-1556
-1957
-2297
-2582
-2710
-2656
-2509
-2318
-2019
-1580
-1117
-770
-517
-249
28
192
200
147
116
73
-20
-97
-75
19
112
217
420
720
1011
1215
1365
1498
1577
1549
1412
1201
924
570
173
-206
-541
-849
-1123
-1328
-1425
-1416
-1325
-1177
-987
-774
-558
-347
-155
-12
67
84
63
19
-37
-105
-171
-218
-233
-203
-130
-19
104
230
354
461
537
558
510
399
238
45
-179
-419
-658
-869
-1035
-1144
-1191
-1175
-1099
-975
-817
-627
-421
-221
-54
80
189
271
320
330
312
293
279
272
280
309
358
421
498
590
687
774
836
876
899
906
896
868
817
748
688
662
668
688
720
794
916
1058
1194
1319
1423
1439
1321
1112
876
595
192
-333
-867
-1310
-1686
-2049
-2350
-2501
-2508
-2445
-2319
-2059
-1669
-1269
-947
-657
-323
2
205
274
296
319
294
202
112
86
100
103
137
269
489
711
883
1038
1209
1350
1401
1358
1245
1069
811
490
152
-175
-499
-813
-1080
-1261
-1345
-1352
-1295
-1178
-1005
-790
-553
-321
-116
51
175
248
270
247
195
121
36
-44
-102
-125
-116
-85
-28
55
148
229
285
315
313
269
173
42
-116
-290
-475
-650
-794
-902
-971
-996
-964
-881
-759
-609
-442
-262
-92
64
203
319
402
447
467
480
484
479
469
467
480
505
538
582
635
692
739
777
817
861
889
888
868
858
873
896
909
928
979
1060
1141
1208
1277
1331
1310
1180
985
784
545
190
-269
-725
-1104
-1438
-1778
-2071
-2235
-2274
-2261
-2194
-2003
-1688
-1357
-1087
-826
-503
-173
48
151
224
308
344
297
232
222
239
230
224
304
467
627
743
856
1008
1151
1214
1193
1129
1023
844
589
308
33
-251
-553
-834
-1037
-1153
-1215
-1237
-1198
-1080
-910
-722
-530
-333
-144
10
117
195
248
262
232
179
134
101
64
23
5
19
51
77
100
125
145
138
99
44
-26
-126
-257
-392
-508
-610
-712
-802
-851
-851
-819
-770
-692
-580
-449
-324
-199
-66
64
164
231
293
360
413
437
445
466
498
521
534
557
593
626
643
657
682
712
729
726
716
716
731
756
782
815
867
936
1011
1072
1127
1172
1169
1076
908
713
502
221
-161
-578
-946
-1257
-1562
-1849
-2047
-2124
-2133
-2109
-2001
-1766
-1472
-1215
-990
-722
-407
-149
-5
82
179
258
260
214
196
217
221
202
229
344
491
604
699
828
978
1081
1108
1090
1047
947
765
532
297
54
-218
-503
-745
-913
-1027
-1104
-1136
-1093
-985
-843
-682
-500
-308
-134
4
113
204
268
283
255
213
175
136
86
41
17
13
17
26
46
71
85
76
56
26
-22
-102
-202
-301
-393
-486
-582
-658
-702
-719
-715
-684
-619
-530
-432
-329
-211
-80
37
131
211
291
365
417
447
471
499
521
530
538
554
576
590
596
609
631
653
669
679
688
702
727
764
805
848
900
966
1034
1092
1135
1163
1148
1057
898
714
513
247
-111
-500
-842
-1134
-1428
-1709
-1907
-1995
-2024
-2019
-1932
-1729
-1475
-1253
-1048
-789
-487
-243
-104
-4
113
209
227
201
205
237
245
229
262
375
506
598
680
810
963
1068
1101
1103
1090
1019
866
668
465
246
-18
-304
-545
-723
-862
-986
-1059
-1051
-978
-877
-752
-591
-404
-230
-89
38
163
255
288
279
263
247
207
141
82
50
33
15
2
16
44
58
54
51
53
30
-32
-110
-181
-253
-344
-448
-530
-581
-619
-648
-649
-608
-544
-476
-396
-290
-166
-55
35
125
222
307
364
405
447
488
512
521
533
555
572
578
585
602
623
633
638
648
656
659
659
679
713
748
779
823
886
947
988
1015
1019
969
852
696
524
311
21
-323
-654
-937
-1207
-1478
-1698
-1827
-1883
-1908
-1872
-1732
-1519
-1315
-1130
-907
-629
-375
-209
-94
30
146
197
189
189
215
223
197
198
267
369
442
503
606
747
861
916
940
957
935
841
693
532
356
136
-116
-353
-545
-709
-864
-983
-1035
-1020
-969
-893
-775
-619
-452
-296
-149
-8
111
185
223
242
249
231
181
124
79
47
14
-15
-28
-24
-19
-19
-14
-3
-4
-31
-71
-114
-159
-226
-309
-386
-444
-496
-545
-575
-573
-547
-511
-460
-382
-282
-186
-99
-7
97
191
259
308
359
407
435
441
444
452
455
447
439
443
458
464
465
477
508
540
556
565
588
633
686
725
763
815
879
934
971
998
1012
980
884
748
603
428
189
-108
-409
-674
-925
-1179
-1406
-1561
-1650
-1704
-1716
-1645
-1495
-1329
-1174
-994
-763
-527
-343
-207
-76
54
141
173
196
237
266
263
262
312
394
464
517
597
710
812
875
911
941
944
886
779
652
508
325
106
-116
-313
-492
-660
-804
-893
-929
-929
-898
-821
-701
-563
-421
-279
-135
-1
101
172
220
249
252
228
187
145
107
64
24
-4
-15
-21
-26
-27
-16
-9
-16
-37
-62
-90
-133
-196
-264
-325
-378
-432
-479
-504
-508
-496
-469
-418
-342
-255
-170
-80
16
116
203
271
327
376
412
429
433
434
426
410
390
373
363
353
342
336
341
352
367
384
405
433
461
491
530
579
629
676
728
790
849
893
920
928
912
853
754
624
464
262
19
-241
-491
-728
-963
-1177
-1345
-1455
-1523
-1548
-1515
-1420
-1287
-1143
-980
-787
-583
-402
-253
-119
6
101
157
193
228
256
268
276
304
357
413
466
530
615
701
766
808
838
846
813
739
635
509
354
169
-26
-214
-388
-547
-686
-787
-841
-857
-840
-787
-698
-585
-463
-338
-214
-98
-2
67
114
142
149
132
99
62
25
-15
-51
-80
-95
-102
-106
-105
-99
-92
-92
-104
-121
-143
-177
-222
-272
-320
-363
-404
-439
-457
-456
-441
-414
-371
-310
-239
-166
-92
-13
65
132
185
231
271
300
312
314
313
309
299
283
270
262
255
247
243
247
253
258
264
272
288
305
322
340
366
400
437
482
531
585
638
688
729
758
768
750
699
616
502
357
179
-22
-239
-456
-668
-867
-1040
-1175
-1270
-1324
-1333
-1294
-1210
-1098
-963
-808
-639
-472
-317
-179
-59
42
117
167
205
233
250
260
275
302
339
382
431
490
555
617
669
707
734
736
711
659
582
484
364
225
78
-67
-205
-335
-445
-528
-581
-603
-597
-561
-498
-416
-322
-224
-126
-33
44
100
136
153
149
124
84
36
-13
-62
-109
-148
-173
-187
-193
-190
-181
-165
-152
-142
-136
-133
-139
-154
-176
-197
-218
-239
-259
-271
-270
-260
-242
-211
-168
-117
-62
-5
57
118
172
217
254
285
305
315
315
309
296
279
258
239
219
202
184
171
164
161
161
162
168
177
190
204
218
237
257
279
303
332
366
402
440
481
522
559
588
604
605
584
538
465
367
246
103
-57
-226
-394
-552
-698
-821
-913
-971
-997
-988
-944
-866
-764
-647
-517
-381
-246
-123
-16
75
147
196
223
237
239
233
221
211
205
210
223
244
272
307
340
370
394
407
405
382
341
281
204
114
15
-88
-187
-278
-353
-409
-441
-447
-429
-386
-321
-237
-143
-46
50
136
208
261
291
297
277
233
168
89
1
-93
-186
-273
-348
-407
-449
-475
-481
-473
-452
-423
-388
-350
-314
-285
-262
-245
-233
-226
-222
-220
-213
-203
-185
-161
-127
-85
-37
14
69
124
174
217
253
281
298
304
299
286
263
235
201
166
131
96
65
36
16
2
-7
-9
-5
3
15
30
47
65
83
100
117
132
149
163
177
194
214
236
261
289
323
357
387
412
432
441
432
404
356
287
199
92
-32
-160
-290
-417
-532
-629
-701
-745
-761
-747
-700
-624
-524
-410
-284
-152
-23
92
193
274
332
363
368
354
323
277
221
161
104
55
15
-15
-32
-36
-32
-20
-5
11
25
30
26
13
-10
-39
-75
-115
-153
-185
-208
-217
-209
-184
-145
-89
-22
55
137
216
285
343
382
399
392
362
307
231
137
33
-75
-182
-284
-373
-445
-498
-531
-541
-531
-504
-462
-412
-356
-295
-237
-183
-136
-97
-66
-40
-22
-8
5
16
29
44
62
84
108
132
157
179
196
208
213
209
198
180
156
127
96
66
36
9
-11
-27
-33
-33
-27
-14
4
26
52
80
109
136
160
184
203
219
230
237
240
240
235
229
223
214
206
200
196
196
200
208
221
236
251
266
277
283
279
262
231
187
130
62
-13
-94
-176
-254
-323
-379
-417
-437
-437
-417
-378
-321
-249
-169
-87
-5
69
134
183
217
232
225
202
163
113
57
-2
-62
-117
-160
-192
-210
-213
-205
-185
-154
-121
-82
-44
-13
11
27
35
37
30
19
6
-6
-15
-17
-12
5
28
58
93
133
170
201
224
234
230
210
174
123
62
-8
-82
-158
-227
-289
-339
-376
-398
-404
-396
-376
-347
-309
-265
-223
-182
-144
-111
-85
-65
-52
-44
-40
-40
-38
-38
-35
-31
-25
-14
-3
11
27
40
52
62
68
70
69
63
53
41
30
17
8
3
0
2
10
24
41
61
84
106
128
150
168
181
191
195
196
192
186
177
165
152
138
125
113
103
95
89
85
86
89
98
110
125
143
160
175
186
192
190
179
154
121
77
25
-31
-92
-152
-211
-262
-302
-330
-345
-345
-333
-307
-269
-223
-171
-117
-65
-19
21
51
71
78
73
57
33
4
-29
-62
-94
-122
-142
-153
-156
-150
-137
-118
-95
-70
-45
-21
-4
9
16
18
14
8
-2
-10
-16
-17
-14
-4
11
35
60
89
119
148
169
184
187
180
161
130
89
38
-18
-77
-136
-191
-237
-275
-300
-314
-315
-302
-280
-250
-214
-173
-136
-98
-66
-39
-17
-4
4
5
4
0
-6
-11
-14
-14
-12
-3
7
22
38
55
72
88
103
114
123
126
127
125
120
115
109
102
97
93
91
91
96
101
108
116
126
135
144
153
159
161
162
160
156
148
137
125
111
97
82
66
50
37
25
16
9
6
6
11
19
31
45
63
80
99
117
135
147
154
156
152
143
125
102
71
38
4
-31
-65
-96
-122
-140
-152
-156
-153
-143
-127
-107
-83
-58
-35
-12
5
18
26
28
24
15
1
-16
-35
-54
-74
-91
-105
-115
-121
-122
-118
-114
-107
-97
-87
-79
-70
-63
-58
-55
-52
-49
-46
-41
-35
-27
-17
-3
11
28
43
58
71
81
87
88
84
75
61
42
20
-3
-28
-51
-71
-87
-101
-109
-111
-110
-103
-94
-82
-69
-56
-42
-29
-18
-10
-4
0
3
3
2
0
-1
-4
-5
-7
-9
-9
-10
-11
-11
-12
-12
-12
-13
-14
-12
-12
-9
-6
-1
6
14
23
34
45
56
67
79
89
97
103
109
112
113
112
109
105
100
94
87
79
72
63
55
49
40
34
27
22
17
15
13
14
15
19
23
28
35
41
48
54
57
58
57
53
45
34
19
2
-17
-38
-60
-80
-100
-116
-129
-140
-146
-149
-148
-144
-139
-131
-123
-114
-106
-100
-95
-91
-91
-93
-96
-101
-105
-110
-115
-117
-119
-117
-114
-109
-102
-92
-82
-71
-61
-49
-38
-29
-21
-14
-7
-2
3
6
12
17
23
30
36
45
52
59
66
73
75
76
74
71
65
56
46
34
21
10
-3
-13
-23
-31
-37
-41
-43
-43
-42
-40
-37
-34
-29
-24
-21
-17
-14
-12
-9
-8
-5
-4
-3
-2
-1
0
0
2
3
3
5
7
10
15
18
24
30
36
42
49
56
62
69
74
79
84
87
90
92
92
93
93
91
89
87
84
81
78
75
71
68
64
60
56
51
48
45
40
37
35
34
33
32
34
36
39
42
47
50
53
56
58
58
59
57
53
48
41
33
25
14
4
-8
-18
-28
-38
-46
-55
-61
-66
-71
-74
-76
-76
-77
-77
-76
-75
-74
-72
-71
-70
-69
-66
-65
-63
-60
-57
-54
-51
-46
-41
-36
-31
-26
-20
-16
-11
-7
-3
1
4
6
10
12
13
17
18
22
23
26
28
30
31
33
33
33
33
32
29
26
24
20
15
11
7
2
-4
-7
-11
-15
-19
-23
-25
-28
-29
-30
-32
-33
-32
-31
-31
-29
-27
-25
-22
-19
-17
-13
-10
-8
-4
-1
1
3
6
9
12
14
16
20
24
28
33
39
44
49
53
57
60
63
65
66
67
65
64
59
57
53
48
43
38
33
29
24
22
18
16
13
13
11
10
10
9
8
8
7
7
5
4
2
1
-1
-3
-5
-9
-11
-15
-19
-23
-27
-31
-35
-39
-43
-47
-51
-54
-57
-61
-63
-64
-67
-68
-69
-68
-69
-68
-67
-65
-64
-63
-59
-57
-54
-52
-48
-45
-42
-38
-37
-33
-31
-29
-29
-28
-27
-26
-27
-28
-29
-29
-30
-30
-31
-30
-29
-26
-24
-22
-17
-13
-9
-4
0
4
7
10
14
15
17
17
15
16
15
12
10
8
6
4
2
1
0
-2
-3
-3
-3
-4
-3
-4
-4
-4
-3
-2
1
1
4
5
9
12
15
18
21
25
27
30
32
34
36
36
36
35
35
34
32
30
29
27
26
26
25
24
0
0
0
0
0
0
0
0
0
0
0
0
0
0
0
0
0
0
0
0
0
0
0
0
0
0
0
0
0
0
0
0
0
0
0
0
0
0
0
0
0
0
0
0
0
0
0
0
0
0
0
0
0
0
0
0
0
0
0
0
0
0
0
0
0
0
0
0
0
0
0
0
0
0
0
0
0
0
0
0
0
0
0
0
0
0
0
0
0
0
0
0
0
0
0
0
0
0
0
0
0
0
0
0
0
0
0
0
0
0
0
0
0
0
0
0
0
0
0
0
0
0
0
0
0
0
0
0
0
0
0
0
0
0
0
0
0
0
0
0
0
0
0
0
0
0
0
0
0
0
0
0
0
0
0
0
0
0
0
0
0
0
0
0
0
0
0
0
0
0
0
0
0
0
0
0
0
0
0
0
0
0
0
0
0
0
0
0
0
0
0
0
0
0
0
0
0
0
