0
0
0
0
0
0
0
0
0
0
0
0
0
0
0
0
0
0
0
0
0
0
0
0
0
0
0
0
0
0
0
0
0
0
0
0
0
0
0
0
0
0
0
0
0
0
0
0
0
0
0
0
0
0
0
0
0
0
0
0
0
0
0
0
0
0
0
0
0
0
0
0
0
0
0
0
0
0
0
0
0
0
0
0
0
0
0
0
0
0
0
0
0
0
0
0
0
0
0
0
0
0
0
0
0
0
0
0
0
0
0
0
0
0
0
0
0
0
0
0
0
0
0
0
0
0
0
0
0
0
0
0
0
0
0
0
0
0
0
0
0
0
0
0
0
0
0
0
0
0
0
0
0
0
0
0
0
0
0
0
0
0
0
0
0
0
0
0
0
0
0
0
0
0
0
0
0
0
0
0
0
0
0
0
0
0
0
0
0
0
0
0
0
0
0
0
0
0
-22
-30
-36
-42
-48
-55
-60
-65
-70
-76
-80
-84
-87
-91
-93
-96
-98
-100
-101
-102
-100
-100
-100
-99
-97
-95
-91
-89
-85
-80
-76
-72
-67
-61
-55
-50
-44
-37
-30
-23
-16
-11
-5
1
7
13
19
23
27
32
36
39
41
43
44
46
46
46
45
43
42
38
35
32
31
28
26
21
17
12
8
4
1
-1
-1
0
-2
-1
-1
-4
-3
-2
2
8
17
25
34
41
49
58
69
84
102
120
139
156
172
187
204
219
236
255
275
296
312
322
324
319
313
307
303
302
298
289
273
246
211
164
113
65
24
-3
-24
-50
-88
-142
-205
-266
-317
-358
-386
-407
-421
-430
-441
-457
-481
-508
-527
-534
-525
-502
-475
-449
-424
-402
-383
-366
-350
-329
-298
-258
-212
-165
-124
-88
-58
-30
-2
31
67
106
144
181
212
238
259
280
300
320
339
357
369
374
374
370
364
357
349
340
329
313
292
269
240
210
178
145
114
84
56
28
0
-32
-65
-99
-132
-163
-192
-218
-241
-256
-271
-285
-297
-311
-325
-337
-345
-351
-355
-355
-350
-340
-328
-315
-305
-297
-291
-283
-271
-255
-235
-209
-183
-157
-131
-108
-87
-64
-43
-21
5
32
60
90
118
143
166
186
203
217
229
241
252
265
274
284
289
292
291
291
292
296
303
312
317
322
325
329
337
348
364
381
400
420
437
446
450
447
438
429
424
424
424
417
401
373
331
277
211
143
79
27
-12
-43
-77
-126
-190
-267
-349
-418
-472
-506
-522
-527
-525
-527
-535
-554
-577
-598
-606
-595
-567
-525
-480
-439
-406
-380
-362
-346
-330
-307
-273
-228
-177
-125
-81
-48
-21
3
31
62
99
137
175
210
244
273
297
318
337
358
377
390
395
393
386
376
368
360
349
333
309
279
247
213
176
139
99
59
21
-14
-48
-81
-113
-147
-181
-216
-249
-281
-310
-332
-348
-358
-364
-372
-382
-394
-403
-410
-412
-411
-406
-396
-384
-370
-356
-343
-331
-321
-309
-292
-271
-242
-209
-176
-144
-115
-90
-62
-32
1
40
82
122
162
197
225
247
269
291
315
342
363
378
385
387
389
394
400
406
410
409
409
407
407
411
419
432
453
477
500
514
516
508
495
487
488
496
505
509
501
476
428
358
267
170
84
24
-6
-25
-58
-118
-213
-326
-438
-532
-601
-642
-657
-653
-641
-634
-646
-676
-719
-754
-766
-746
-703
-646
-588
-535
-490
-457
-437
-424
-410
-384
-338
-271
-200
-136
-92
-66
-42
-15
22
68
119
168
212
251
281
307
327
348
374
408
444
475
496
500
492
477
460
448
438
431
422
408
389
361
321
269
210
150
98
59
26
-2
-35
-74
-122
-173
-224
-272
-316
-354
-383
-402
-416
-427
-441
-457
-477
-494
-507
-516
-518
-514
-508
-497
-479
-457
-434
-415
-401
-390
-376
-354
-323
-286
-249
-213
-178
-140
-97
-53
-11
31
72
114
156
199
238
271
304
337
371
405
427
432
427
421
420
430
447
463
470
470
463
458
459
470
484
506
531
563
593
613
623
620
612
607
612
625
638
647
642
616
558
465
342
204
80
1
-25
-14
-2
-27
-113
-248
-398
-529
-623
-678
-702
-698
-675
-643
-620
-624
-663
-719
-771
-799
-793
-758
-706
-644
-582
-524
-477
-447
-428
-413
-392
-352
-298
-235
-178
-127
-82
-32
28
100
174
235
283
307
317
325
340
369
410
459
509
549
571
569
544
503
457
421
399
395
397
394
379
353
316
272
218
152
78
9
-39
-68
-82
-91
-107
-140
-190
-250
-311
-363
-403
-427
-433
-424
-402
-379
-370
-384
-415
-457
-503
-551
-591
-616
-616
-591
-550
-503
-469
-482
-573
-743
-932
-1046
-1017
-851
-610
-363
-146
28
163
261
332
399
482
576
663
727
766
785
775
732
664
607
568
540
511
486
479
509
566
626
668
697
736
802
888
977
1063
1142
1209
1259
1294
1330
1374
1425
1460
1451
1376
1220
963
576
40
-628
-1347
-1979
-2395
-2511
-2323
-1907
-1402
-975
-746
-730
-842
-967
-1011
-926
-696
-339
82
470
719
730
475
13
-527
-1022
-1388
-1579
-1579
-1416
-1164
-911
-740
-688
-745
-831
-844
-711
-425
-28
422
877
1275
1565
1712
1710
1582
1376
1151
957
819
735
689
649
572
427
214
-36
-284
-492
-624
-649
-556
-365
-118
127
297
340
257
120
1
-69
-102
-117
-125
-139
-184
-283
-452
-678
-917
-1119
-1254
-1313
-1298
-1211
-1061
-881
-700
-537
-400
-297
-228
-184
-153
-121
-74
-12
52
95
95
57
-8
-88
-174
-251
-290
-278
-215
-114
1
109
187
228
242
250
265
297
353
435
533
621
683
711
716
708
695
680
658
629
598
578
566
563
577
610
655
696
741
816
936
1087
1242
1393
1534
1644
1705
1728
1759
1831
1928
1988
1953
1804
1551
1135
396
-776
-2233
-3539
-4246
-4208
-3579
-2586
-1417
-307
441
643
411
68
-108
-16
300
725
1102
1287
1186
751
-8
-973
-1898
-2533
-2793
-2743
-2468
-2029
-1521
-1092
-815
-639
-474
-261
47
496
1053
1562
1857
1899
1753
1484
1135
773
464
218
0
-200
-368
-505
-627
-705
-679
-543
-347
-136
79
274
402
453
485
553
663
793
916
974
867
550
91
-374
-754
-1022
-1166
-1170
-1068
-947
-900
-960
-1092
-1217
-1250
-1138
-889
-567
-244
32
231
325
306
202
67
-66
-190
-306
-404
-474
-519
-542
-545
-525
-496
-470
-449
-420
-372
-305
-218
-116
12
165
330
475
561
588
583
578
580
582
584
592
597
576
524
453
382
319
268
234
223
237
277
339
423
540
692
873
1068
1268
1471
1663
1815
1911
1962
1978
1947
1861
1742
1637
1588
1596
1599
1499
1272
963
513
-340
-1796
-3555
-4845
-5077
-4326
-3072
-1635
-121
1186
1813
1599
945
391
149
155
347
649
819
616
55
-679
-1500
-2374
-3097
-3378
-3168
-2697
-2151
-1537
-889
-373
-75
155
465
808
1091
1348
1624
1766
1589
1142
661
285
-15
-260
-406
-477
-580
-741
-852
-827
-694
-489
-178
233
613
826
859
784
636
438
282
279
419
572
627
542
288
-158
-725
-1231
-1514
-1547
-1404
-1150
-845
-590
-505
-630
-873
-1075
-1115
-962
-659
-301
9
209
295
289
218
111
8
-61
-111
-187
-319
-493
-672
-818
-908
-919
-856
-743
-612
-473
-312
-126
74
274
471
659
810
891
882
797
671
528
389
264
161
90
52
41
48
61
89
153
269
411
549
677
798
902
981
1050
1130
1230
1335
1437
1538
1613
1644
1646
1659
1692
1732
1786
1867
1954
2021
2071
2066
1930
1675
1404
1034
111
-1702
-3937
-5480
-5627
-4687
-3324
-1734
119
1768
2438
2008
1201
673
413
224
245
587
863
593
-145
-927
-1653
-2505
-3347
-3698
-3395
-2804
-2223
-1543
-674
88
463
622
890
1238
1422
1459
1565
1682
1496
959
398
60
-170
-453
-697
-772
-774
-846
-885
-693
-298
98
428
770
1092
1209
1056
792
572
389
226
184
325
509
522
314
-21
-420
-867
-1270
-1466
-1409
-1203
-962
-704
-459
-345
-455
-712
-926
-979
-884
-695
-455
-216
-53
1
-19
-63
-126
-207
-279
-305
-307
-346
-444
-562
-649
-690
-693
-664
-611
-552
-497
-425
-299
-114
102
325
547
748
875
891
811
690
572
460
359
287
250
228
199
163
137
133
156
232
382
586
792
969
1105
1199
1242
1264
1310
1399
1516
1649
1802
1943
2014
2016
2016
2071
2162
2256
2333
2309
2080
1682
1229
547
-874
-3197
-5584
-6750
-6230
-4706
-2952
-1042
1050
2653
2953
2131
1203
746
493
208
208
628
880
383
-612
-1502
-2241
-3172
-4124
-4450
-3950
-3102
-2267
-1267
-17
1033
1462
1475
1505
1552
1362
1044
975
1154
1169
827
404
129
-153
-631
-1136
-1391
-1393
-1291
-1038
-483
270
887
1192
1291
1296
1146
804
427
206
148
151
194
304
388
266
-101
-541
-864
-1024
-1071
-1047
-964
-859
-769
-692
-623
-598
-650
-741
-804
-823
-828
-826
-755
-566
-282
23
278
428
435
287
32
-249
-492
-685
-830
-923
-953
-932
-890
-840
-761
-630
-442
-209
54
321
550
716
814
856
830
726
569
417
298
198
99
5
-59
-77
-50
20
135
277
421
550
662
749
803
820
823
846
910
1006
1127
1268
1419
1541
1604
1610
1600
1618
1692
1850
2098
2399
2673
2853
2879
2689
2294
1827
1344
514
-1193
-3722
-6060
-7001
-6311
-4720
-2844
-693
1595
3209
3437
2618
1720
1156
653
156
81
495
740
273
-625
-1427
-2175
-3192
-4250
-4683
-4267
-3391
-2360
-1067
441
1646
2114
2038
1865
1669
1290
854
704
858
945
746
438
193
-115
-640
-1228
-1581
-1615
-1428
-1026
-343
510
1221
1582
1640
1528
1265
851
403
101
8
56
177
333
431
329
-21
-478
-841
-1015
-1033
-959
-842
-731
-660
-626
-602
-603
-657
-741
-780
-751
-705
-688
-659
-535
-296
-2
265
431
443
290
20
-272
-510
-666
-759
-801
-792
-752
-721
-731
-770
-787
-724
-551
-268
85
444
740
930
1001
954
801
590
391
240
133
43
-42
-113
-159
-170
-131
-39
97
249
402
554
693
802
870
916
959
1009
1071
1138
1199
1241
1271
1316
1382
1462
1554
1671
1823
2015
2232
2447
2628
2738
2713
2518
2232
1973
1574
446
-1881
-4912
-7240
-7764
-6640
-4741
-2498
122
2662
4072
3875
2803
1825
1074
255
-401
-359
196
400
-132
-923
-1582
-2392
-3610
-4732
-5034
-4480
-3529
-2321
-699
1070
2264
2552
2336
2067
1692
1069
490
349
539
609
412
189
24
-318
-954
-1597
-1914
-1880
-1613
-1076
-188
852
1642
1972
1944
1712
1290
693
106
-241
-310
-203
-8
235
396
292
-108
-610
-982
-1155
-1182
-1095
-905
-689
-560
-530
-533
-541
-603
-732
-829
-810
-717
-649
-595
-458
-213
30
147
103
-54
-280
-524
-707
-754
-686
-591
-524
-471
-430
-447
-555
-701
-782
-728
-542
-254
98
456
736
883
911
856
741
601
479
410
367
302
201
100
39
25
62
157
298
465
627
772
889
972
1031
1085
1158
1272
1434
1621
1779
1869
1897
1894
1892
1933
2078
2331
2638
2932
3151
3196
2989
2595
2069
1072
-1016
-4210
-7295
-8673
-7886
-5826
-3413
-725
2173
4343
4754
3663
2330
1435
639
-231
-572
-27
643
479
-426
-1332
-2108
-3237
-4645
-5472
-5172
-4125
-2839
-1247
716
2422
3115
2871
2387
1973
1391
643
223
389
722
726
458
223
-48
-636
-1442
-1995
-2040
-1729
-1211
-397
712
1755
2314
2337
2057
1610
979
253
-296
-486
-390
-166
122
405
496
227
-315
-839
-1128
-1187
-1097
-886
-583
-298
-165
-218
-405
-668
-960
-1179
-1203
-1030
-782
-576
-408
-213
5
170
216
150
-4
-225
-470
-666
-775
-818
-839
-828
-752
-639
-573
-596
-655
-649
-525
-291
20
367
682
896
969
916
771
570
363
217
158
151
147
130
117
117
132
171
254
384
544
707
853
963
1029
1056
1058
1062
1106
1232
1435
1657
1845
1993
2117
2218
2304
2403
2541
2715
2892
2995
2925
2652
2259
1679
403
-2108
-5478
-8204
-8869
-7468
-5088
-2489
329
3106
4781
4625
3284
2012
1176
330
-508
-650
19
543
108
-936
-1842
-2649
-3823
-5110
-5617
-4995
-3759
-2339
-615
1351
2829
3194
2739
2191
1739
1126
436
154
385
635
510
184
-69
-387
-1008
-1741
-2126
-2002
-1565
-930
-11
1116
2043
2415
2273
1874
1339
667
-13
-444
-511
-332
-70
207
418
384
-3
-589
-1067
-1263
-1225
-1059
-791
-441
-106
89
66
-215
-759
-1448
-2000
-2134
-1814
-1237
-613
-28
489
836
890
633
180
-326
-771
-1057
-1126
-1021
-877
-802
-790
-779
-763
-776
-810
-773
-592
-279
93
455
747
915
941
864
734
572
388
217
108
64
58
63
90
148
228
311
395
486
578
666
750
849
961
1064
1133
1170
1214
1298
1413
1532
1651
1788
1949
2127
2330
2583
2877
3151
3363
3472
3402
3102
2635
1981
693
-1824
-5358
-8426
-9394
-8032
-5494
-2786
27
2842
4691
4671
3297
1977
1306
773
145
30
692
1225
650
-766
-2069
-3041
-4172
-5398
-5879
-5171
-3797
-2342
-740
1093
2556
2971
2552
2090
1867
1533
995
700
874
1076
845
321
-122
-521
-1150
-1902
-2305
-2145
-1637
-974
-77
1045
2029
2465
2337
1935
1435
837
223
-168
-199
11
265
468
559
398
-106
-790
-1320
-1476
-1305
-988
-661
-393
-249
-278
-467
-748
-1042
-1261
-1315
-1151
-828
-494
-263
-127
-2
155
275
257
76
-209
-510
-763
-912
-946
-905
-840
-764
-666
-573
-542
-579
-608
-535
-328
-32
289
572
770
855
830
732
603
483
390
339
326
331
322
287
249
236
253
298
385
526
696
843
943
1015
1079
1136
1204
1329
1537
1793
2035
2221
2359
2473
2609
2793
3023
3256
3418
3397
3127
2711
2292
1612
-111
-3329
-7096
-9411
-9041
-6672
-3851
-1232
1383
3631
4402
3387
1812
988
841
638
466
934
1691
1491
-80
-1994
-3261
-4109
-5093
-5831
-5511
-4205
-2734
-1459
-79
1353
2148
2008
1593
1599
1825
1706
1316
1171
1286
1131
503
-187
-618
-1008
-1597
-2121
-2164
-1748
-1202
-610
200
1171
1889
2065
1843
1512
1148
698
266
70
153
339
458
476
355
-11
-629
-1263
-1593
-1511
-1194
-893
-732
-702
-751
-833
-922
-1005
-1067
-1066
-955
-749
-534
-404
-370
-368
-326
-236
-150
-136
-232
-417
-623
-782
-860
-866
-825
-747
-636
-521
-458
-497
-623
-739
-715
-493
-112
317
695
952
1054
999
830
632
489
446
488
558
597
572
472
325
193
145
215
370
563
769
985
1195
1365
1490
1586
1682
1806
1986
2228
2490
2719
2918
3121
3345
3570
3730
3706
3384
2816
2114
1011
-1195
-4698
-8228
-9711
-8287
-5192
-2245
8
1961
3358
3303
1869
543
466
1144
1573
1779
2272
2553
1482
-920
-3224
-4393
-4834
-5253
-5366
-4564
-3147
-1975
-1228
-403
579
1173
1230
1381
2037
2695
2697
2180
1723
1416
896
125
-466
-687
-869
-1288
-1720
-1816
-1583
-1227
-726
65
1019
1721
1923
1761
1490
1185
835
544
479
640
839
900
764
411
-182
-900
-1457
-1615
-1427
-1154
-973
-868
-773
-725
-796
-962
-1105
-1128
-1019
-816
-575
-384
-334
-429
-535
-488
-266
-13
116
74
-98
-355
-651
-898
-1004
-946
-787
-608
-479
-465
-606
-829
-958
-827
-422
125
651
1042
1247
1262
1124
925
762
698
714
744
728
641
483
280
102
27
94
277
512
764
1014
1224
1366
1462
1566
1718
1910
2124
2359
2595
2810
2997
3179
3366
3543
3645
3556
3191
2652
2056
1032
-1259
-4978
-8561
-9676
-7628
-4177
-1476
123
1457
2461
2153
646
-368
258
1680
2513
2725
2948
2743
1047
-1820
-4062
-4635
-4348
-4314
-4380
-3864
-2985
-2495
-2346
-1811
-738
260
923
1697
2745
3381
3018
2074
1383
1112
833
391
90
1
-264
-952
-1759
-2229
-2256
-1957
-1315
-292
837
1566
1661
1358
1033
834
734
747
930
1215
1387
1286
893
267
-517
-1286
-1768
-1792
-1467
-1105
-958
-1047
-1242
-1434
-1572
-1612
-1501
-1247
-941
-690
-543
-502
-544
-594
-520
-238
150
413
379
76
-342
-729
-1001
-1116
-1079
-948
-800
-693
-659
-708
-816
-892
-805
-490
-7
489
855
1051
1119
1111
1058
993
963
980
1005
975
865
693
491
311
214
230
335
478
636
818
1025
1241
1451
1649
1833
2013
2224
2495
2815
3143
3417
3592
3669
3665
3536
3188
2647
2076
1333
-300
-3353
-6909
-8789
-7655
-4615
-1995
-779
-132
621
872
150
-509
234
2065
3426
3599
3168
2475
967
-1429
-3443
-3872
-3168
-2721
-3026
-3458
-3580
-3645
-3732
-3313
-2072
-498
784
1751
2596
3053
2741
1944
1433
1518
1763
1695
1345
923
374
-443
-1356
-1983
-2130
-1893
-1404
-735
-41
422
529
452
487
761
1147
1456
1608
1625
1533
1314
955
469
-78
-577
-910
-1037
-1066
-1167
-1438
-1800
-2054
-2024
-1670
-1143
-711
-578
-729
-959
-1065
-993
-800
-548
-262
13
179
146
-69
-337
-504
-495
-363
-237
-236
-392
-629
-822
-880
-815
-717
-646
-585
-468
-263
2
287
576
863
1113
1280
1336
1319
1309
1361
1446
1473
1356
1098
773
478
299
285
429
664
908
1097
1220
1300
1409
1626
1988
2442
2929
3415
3841
4096
4129
4009
3777
3353
2743
2110
1269
-594
-3914
-7362
-8478
-6370
-3068
-1290
-1376
-1586
-1016
-615
-998
-973
671
3054
4259
3812
2771
1684
91
-1862
-2872
-2272
-1247
-1369
-2642
-3887
-4464
-4613
-4412
-3481
-1848
-258
711
1191
1484
1530
1313
1285
1858
2727
3134
2731
1844
926
135
-521
-965
-1113
-1045
-942
-919
-973
-1041
-1039
-852
-394
275
934
1320
1328
1097
895
882
1005
1091
1012
745
286
-357
-1100
-1729
-2007
-1889
-1568
-1306
-1233
-1340
-1556
-1778
-1851
-1646
-1196
-708
-401
-368
-532
-719
-744
-515
-106
276
426
268
-108
-521
-801
-860
-715
-462
-249
-218
-425
-790
-1115
-1197
-934
-395
210
644
800
763
699
735
910
1201
1541
1808
1870
1682
1326
968
740
682
757
876
945
922
843
806
904
1166
1558
2011
2452
2841
3156
3389
3552
3678
3722
3567
3214
2812
2164
479
-2704
-6139
-7381
-5436
-2329
-981
-1859
-2926
-2763
-2165
-2111
-1789
24
2606
3933
3320
1969
912
-63
-1111
-1422
-535
412
-97
-2005
-3868
-4684
-4617
-4058
-3030
-1704
-699
-419
-543
-531
-217
345
1238
2410
3326
3364
2542
1509
862
692
760
831
742
375
-264
-1000
-1565
-1755
-1500
-906
-220
272
392
186
-89
-118
270
973
1676
2033
1867
1271
553
13
-309
-635
-1121
-1598
-1739
-1511
-1271
-1384
-1801
-2140
-2123
-1806
-1411
-1070
-797
-615
-556
-570
-520
-324
-43
191
285
205
-31
-341
-572
-602
-445
-245
-166
-273
-518
-777
-915
-843
-555
-144
219
391
353
253
280
531
960
1437
1808
1950
1823
1526
1255
1169
1277
1468
1603
1591
1405
1117
872
804
954
1275
1674
2058
2369
2602
2805
3030
3306
3575
3634
3324
2811
2432
1954
429
-2503
-5300
-5617
-3230
-812
-900
-2830
-3936
-3222
-2172
-1885
-1382
362
2275
2561
1320
229
47
46
-181
4
758
891
-549
-2724
-3992
-3862
-3122
-2456
-1897
-1477
-1485
-1836
-1920
-1332
-312
718
1626
2306
2442
1909
1197
999
1462
2081
2275
1881
1082
165
-597
-990
-948
-613
-258
-123
-286
-647
-978
-1043
-715
-51
711
1264
1407
1156
740
448
409
476
352
-107
-731
-1209
-1393
-1369
-1290
-1255
-1330
-1560
-1869
-2051
-1930
-1553
-1147
-917
-884
-923
-905
-764
-508
-206
25
83
-32
-222
-369
-408
-345
-221
-111
-116
-276
-517
-684
-662
-460
-192
-5
25
-43
-56
101
423
819
1176
1420
1505
1438
1308
1242
1310
1481
1642
1683
1570
1358
1151
1049
1103
1300
1567
1791
1917
1998
2145
2386
2668
2936
3110
3052
2731
2392
2163
1477
-459
-3178
-4635
-3410
-900
-70
-1819
-3904
-4035
-2715
-1856
-1713
-961
603
1425
632
-536
-598
143
517
423
534
644
-205
-1954
-3197
-2986
-1988
-1406
-1519
-1870
-2207
-2520
-2523
-1839
-654
378
874
985
950
830
755
1043
1774
2500
2625
2013
1088
385
139
252
474
572
396
-61
-640
-1067
-1123
-812
-348
25
180
140
22
-24
111
398
668
744
578
234
-183
-566
-784
-747
-550
-466
-711
-1206
-1638
-1760
-1585
-1313
-1133
-1123
-1267
-1449
-1487
-1251
-800
-366
-160
-195
-313
-349
-242
-38
174
302
277
105
-134
-306
-317
-177
16
129
90
-68
-203
-161
102
484
822
1023
1098
1113
1135
1211
1358
1539
1678
1724
1682
1597
1525
1516
1577
1686
1802
1895
1962
2037
2155
2307
2456
2601
2768
2849
2659
2297
2149
2134
1324
-906
-3340
-3691
-1535
562
-37
-2638
-4172
-3291
-1750
-1352
-1457
-650
551
497
-748
-1330
-391
787
905
397
189
-13
-969
-2197
-2431
-1533
-765
-1026
-1846
-2375
-2466
-2337
-1879
-979
-81
203
-70
-254
33
600
1157
1669
2104
2215
1818
1175
815
969
1358
1511
1225
664
97
-308
-481
-414
-188
-29
-147
-488
-750
-685
-343
9
174
158
76
19
15
53
105
115
16
-207
-504
-781
-981
-1104
-1188
-1274
-1394
-1543
-1673
-1719
-1632
-1417
-1130
-871
-717
-685
-692
-620
-427
-179
13
86
65
14
-16
-7
15
5
-43
-80
-45
50
143
198
247
330
440
545
643
762
914
1071
1185
1224
1216
1242
1353
1510
1626
1673
1685
1693
1715
1785
1923
2103
2261
2347
2348
2295
2275
2342
2388
2266
2066
1938
1529
136
-2008
-3228
-2172
22
592
-1414
-3763
-3923
-2246
-1026
-1123
-1276
-643
-201
-843
-1632
-1164
210
897
357
-427
-700
-861
-1339
-1655
-1287
-726
-878
-1756
-2502
-2523
-2025
-1457
-998
-706
-687
-877
-918
-502
254
940
1287
1339
1271
1189
1136
1193
1405
1664
1692
1333
758
333
243
337
366
248
33
-268
-641
-901
-793
-325
120
161
-163
-460
-474
-328
-237
-193
-80
23
-104
-456
-723
-688
-521
-558
-856
-1189
-1359
-1398
-1411
-1416
-1370
-1291
-1241
-1220
-1163
-1025
-836
-655
-511
-409
-328
-235
-110
30
128
135
71
22
67
210
371
454
433
351
293
338
505
723
885
938
947
992
1077
1157
1235
1360
1521
1640
1675
1682
1747
1906
2108
2258
2312
2319
2361
2426
2445
2430
2433
2396
2223
1982
1735
1123
-262
-1871
-2263
-928
498
-44
-2261
-3690
-2909
-1266
-740
-1291
-1502
-1040
-891
-1370
-1462
-552
455
444
-340
-875
-866
-814
-931
-906
-683
-720
-1244
-1850
-2028
-1759
-1361
-1077
-989
-1086
-1192
-1046
-573
-11
383
582
701
807
944
1161
1415
1575
1563
1452
1318
1154
987
916
943
881
589
189
-96
-217
-294
-377
-390
-322
-297
-396
-517
-498
-324
-144
-103
-194
-305
-350
-309
-224
-181
-269
-502
-777
-933
-921
-843
-843
-967
-1150
-1286
-1296
-1175
-988
-846
-817
-867
-895
-820
-648
-450
-297
-215
-182
-156
-108
-26
83
207
312
372
392
413
479
588
685
733
736
738
784
880
985
1037
1030
1047
1148
1296
1417
1498
1584
1682
1775
1875
2007
2165
2306
2399
2436
2411
2355
2290
2182
2019
1906
1791
1214
-161
-1650
-1882
-613
471
-333
-2386
-3418
-2528
-1195
-970
-1497
-1616
-1329
-1410
-1735
-1426
-476
65
-332
-957
-1065
-860
-806
-833
-715
-689
-1036
-1489
-1615
-1466
-1343
-1252
-1068
-985
-1214
-1432
-1132
-430
44
46
-18
192
522
751
968
1261
1426
1305
1109
1117
1256
1270
1125
963
785
498
174
-10
-46
-96
-217
-325
-403
-536
-679
-657
-461
-320
-401
-585
-654
-576
-470
-404
-365
-386
-524
-727
-845
-813
-732
-740
-856
-998
-1080
-1064
-960
-838
-788
-834
-905
-897
-790
-648
-538
-473
-433
-391
-319
-199
-61
45
93
124
196
326
478
602
677
722
761
809
869
949
1044
1126
1162
1154
1151
1207
1339
1500
1624
1688
1733
1811
1934
2090
2254
2368
2372
2307
2281
2299
2268
2188
2092
1710
646
-759
-1310
-419
668
183
-1708
-2929
-2299
-1057
-863
-1508
-1763
-1553
-1706
-2086
-1668
-503
11
-727
-1560
-1383
-701
-532
-788
-803
-674
-940
-1401
-1391
-988
-883
-1181
-1307
-1116
-1088
-1303
-1171
-498
19
-128
-446
-240
353
743
849
1009
1217
1187
1000
1052
1376
1563
1399
1128
958
793
565
427
420
314
-3
-280
-293
-195
-254
-418
-470
-430
-481
-597
-580
-430
-381
-511
-620
-558
-458
-484
-575
-599
-598
-692
-839
-891
-826
-756
-752
-773
-785
-804
-809
-747
-634
-556
-546
-542
-479
-374
-264
-161
-70
-11
24
76
175
294
395
467
528
607
712
818
883
906
940
1026
1133
1211
1249
1284
1341
1421
1520
1608
1669
1714
1777
1861
1951
2052
2144
2181
2151
2128
2140
2120
2047
1956
1666
832
-345
-882
-200
715
307
-1343
-2432
-1900
-849
-748
-1387
-1656
-1513
-1718
-2090
-1687
-627
-226
-979
-1749
-1547
-898
-720
-909
-913
-861
-1155
-1472
-1250
-762
-719
-1092
-1239
-1045
-997
-1145
-972
-411
-103
-338
-552
-248
263
487
524
683
856
811
745
976
1326
1366
1088
867
845
837
744
654
556
335
71
-23
29
-20
-222
-376
-391
-428
-572
-662
-592
-515
-579
-682
-666
-587
-591
-668
-690
-646
-637
-689
-738
-753
-771
-790
-779
-749
-754
-792
-808
-786
-760
-743
-691
-608
-543
-503
-436
-320
-210
-146
-88
17
146
250
327
400
482
565
658
755
828
871
917
992
1067
1106
1129
1182
1271
1368
1460
1539
1605
1662
1724
1808
1925
2041
2092
2056
2016
2045
2081
2018
1896
1746
1325
445
-406
-402
351
595
-435
-1758
-1930
-1086
-629
-1083
-1574
-1524
-1489
-1844
-1902
-1172
-466
-750
-1577
-1780
-1217
-762
-840
-1022
-1062
-1206
-1383
-1194
-769
-708
-1065
-1253
-1072
-943
-987
-816
-389
-213
-445
-545
-176
282
439
469
615
743
707
725
967
1197
1168
998
904
862
786
732
722
630
413
237
211
214
133
23
-67
-197
-361
-429
-365
-329
-448
-625
-702
-662
-595
-561
-580
-656
-749
-782
-727
-651
-625
-648
-684
-706
-701
-659
-610
-607
-656
-684
-649
-578
-525
-484
-430
-369
-318
-264
-182
-75
38
147
238
311
397
530
683
787
817
844
932
1046
1118
1136
1147
1177
1229
1302
1391
1466
1499
1519
1577
1670
1768
1866
1944
1959
1922
1913
1939
1922
1859
1790
1526
815
-41
-260
304
658
-56
-1220
-1577
-1039
-651
-912
-1271
-1363
-1523
-1818
-1687
-1030
-639
-1019
-1573
-1575
-1189
-950
-905
-875
-977
-1271
-1383
-1067
-704
-742
-1001
-1066
-965
-941
-900
-636
-340
-333
-490
-424
-99
184
311
422
548
591
612
749
944
1013
958
921
909
826
709
679
694
610
425
279
229
205
156
76
-49
-200
-297
-297
-271
-313
-417
-525
-603
-635
-616
-589
-621
-700
-758
-762
-743
-721
-691
-675
-694
-714
-692
-645
-630
-640
-636
-610
-589
-574
-541
-497
-458
-426
-380
-320
-253
-175
-81
10
76
141
238
361
476
560
624
690
770
866
960
1031
1069
1091
1125
1185
1266
1349
1409
1445
1481
1530
1584
1638
1685
1704
1691
1685
1716
1737
1691
1590
1393
962
348
-30
140
467
239
-566
-1188
-1113
-723
-648
-965
-1335
-1549
-1597
-1476
-1263
-1155
-1217
-1292
-1307
-1374
-1457
-1325
-980
-830
-1103
-1440
-1370
-975
-726
-813
-1002
-1044
-946
-809
-673
-541
-426
-331
-250
-188
-110
67
326
516
539
500
558
713
837
880
887
877
821
737
694
696
677
596
476
368
300
263
215
118
-8
-106
-150
-179
-226
-293
-359
-419
-457
-468
-475
-507
-561
-601
-617
-627
-640
-645
-639
-627
-606
-580
-568
-579
-586
-554
-492
-441
-406
-367
-320
-285
-253
-200
-128
-66
-26
15
76
144
205
258
317
379
438
482
519
568
632
693
724
729
739
775
821
854
871
886
915
946
965
964
964
974
992
1005
1009
1015
1026
1030
1012
981
945
906
856
760
590
393
280
304
373
358
233
50
-173
-404
-524
-473
-401
-516
-782
-968
-971
-930
-965
-1040
-1103
-1172
-1225
-1182
-1065
-1013
-1062
-1077
-960
-808
-751
-778
-794
-763
-686
-541
-363
-263
-287
-325
-255
-102
18
68
97
143
207
285
363
402
381
357
394
479
536
528
483
446
435
462
504
511
453
370
323
314
299
260
212
165
111
53
3
-47
-99
-150
-187
-230
-293
-359
-405
-432
-459
-490
-517
-530
-531
-524
-522
-540
-566
-568
-535
-490
-460
-448
-430
-400
-358
-310
-260
-220
-188
-144
-79
-10
44
80
121
179
244
305
358
410
461
522
586
644
681
704
747
820
901
959
985
1004
1029
1064
1102
1139
1164
1164
1150
1144
1155
1153
1126
1075
986
823
604
428
375
395
382
272
72
-187
-423
-524
-489
-474
-620
-864
-1029
-1057
-1035
-1045
-1095
-1183
-1284
-1322
-1245
-1136
-1126
-1196
-1202
-1080
-930
-865
-877
-898
-878
-791
-632
-468
-394
-412
-415
-330
-197
-94
-42
-7
32
88
174
259
292
277
279
335
405
439
440
436
432
429
442
460
449
405
368
357
341
297
245
206
165
111
64
34
1
-50
-100
-141
-189
-248
-292
-313
-341
-393
-445
-468
-469
-465
-466
-477
-506
-536
-536
-503
-469
-450
-431
-410
-390
-368
-330
-282
-244
-210
-160
-100
-50
-13
36
100
156
202
251
315
377
433
491
554
603
642
689
752
818
870
911
950
993
1037
1078
1109
1128
1138
1141
1141
1148
1163
1168
1145
1092
1010
872
681
509
433
443
443
354
172
-65
-287
-409
-403
-382
-483
-696
-875
-929
-916
-923
-973
-1054
-1146
-1191
-1137
-1036
-1005
-1055
-1076
-989
-860
-789
-785
-794
-782
-724
-597
-442
-348
-350
-363
-300
-180
-77
-14
29
69
115
179
255
303
309
307
338
388
421
430
434
432
426
422
422
412
388
368
357
339
304
263
226
188
138
90
54
21
-15
-46
-77
-120
-173
-216
-242
-268
-298
-323
-335
-343
-350
-355
-359
-373
-395
-400
-387
-371
-361
-347
-324
-306
-292
-271
-240
-212
-184
-147
-101
-59
-24
16
63
107
146
192
249
306
355
399
444
486
531
588
654
713
762
804
843
880
923
970
1013
1038
1049
1056
1066
1081
1097
1106
1094
1055
998
918
787
614
470
412
412
382
271
82
-149
-349
-439
-430
-445
-576
-771
-904
-937
-934
-962
-1027
-1118
-1195
-1202
-1123
-1047
-1060
-1118
-1110
-1009
-897
-848
-846
-851
-828
-741
-598
-468
-424
-436
-410
-312
-200
-123
-77
-40
-2
57
140
207
225
217
239
296
346
367
378
385
379
366
363
361
347
332
328
316
276
226
193
170
134
82
35
-1
-35
-62
-89
-135
-203
-263
-287
-293
-313
-348
-382
-405
-414
-409
-400
-409
-434
-452
-447
-428
-411
-394
-374
-355
-340
-321
-290
-261
-238
-207
-161
-110
-69
-38
-5
37
84
132
186
240
287
329
368
409
452
498
549
603
652
698
742
789
831
865
894
927
962
992
1012
1027
1040
1045
1045
1046
1038
1016
979
923
824
665
495
393
377
383
326
177
-40
-262
-407
-438
-431
-503
-671
-833
-903
-911
-926
-979
-1054
-1127
-1159
-1116
-1042
-1023
-1073
-1099
-1031
-911
-829
-813
-824
-819
-760
-640
-502
-413
-392
-375
-300
-193
-106
-57
-18
34
105
187
253
278
272
283
335
398
429
428
420
420
426
433
432
414
391
382
389
377
330
267
218
184
158
129
92
44
-9
-56
-94
-136
-186
-230
-256
-279
-312
-350
-384
-406
-412
-410
-408
-421
-443
-451
-438
-415
-397
-384
-367
-347
-323
-295
-266
-240
-210
-169
-118
-72
-36
-6
36
85
136
190
245
296
340
380
419
456
494
536
585
634
675
705
728
755
790
827
862
885
902
922
948
968
975
970
960
953
954
966
976
965
925
857
752
605
448
341
314
319
284
165
-28
-241
-398
-458
-466
-518
-648
-793
-878
-903
-919
-962
-1034
-1111
-1144
-1108
-1039
-1012
-1047
-1074
-1030
-930
-841
-800
-795
-790
-742
-637
-511
-417
-378
-349
-286
-198
-122
-69
-22
37
109
186
242
262
262
275
318
366
392
395
392
393
401
406
402
380
351
333
325
310
274
231
191
152
104
52
1
-46
-84
-117
-156
-213
-282
-337
-370
-395
-424
-455
-481
-498
-505
-505
-506
-516
-525
-519
-502
-486
-474
-459
-432
-400
-363
-328
-301
-278
-250
-208
-161
-111
-65
-22
23
67
109
148
188
233
285
337
385
423
455
482
514
550
590
627
656
680
704
726
744
756
767
780
799
825
849
860
847
825
812
811
814
819
820
807
776
719
625
489
340
235
207
215
190
86
-89
-283
-429
-489
-501
-544
-652
-782
-867
-903
-925
-965
-1020
-1076
-1095
-1062
-1006
-981
-1003
-1013
-966
-871
-781
-731
-714
-701
-660
-571
-458
-367
-317
-270
-200
-116
-45
7
53
100
161
235
303
340
344
347
369
402
430
450
465
469
459
449
439
422
397
377
366
349
320
285
242
187
122
66
24
-9
-44
-82
-131
-195
-263
-318
-351
-373
-391
-407
-427
-450
-469
-477
-475
-472
-466
-454
-439
-425
-407
-386
-362
-334
-302
-263
-224
-193
-160
-121
-76
-29
17
63
108
150
193
240
283
324
365
411
458
499
532
559
581
602
626
648
664
676
684
693
706
716
725
727
728
728
731
735
742
747
745
736
729
730
739
746
748
747
743
732
695
614
479
324
217
192
213
203
105
-72
-267
-407
-462
-473
-516
-618
-736
-811
-839
-859
-907
-977
-1034
-1039
-988
-925
-904
-931
-953
-912
-824
-734
-681
-660
-645
-601
-519
-424
-355
-314
-273
-203
-112
-34
12
38
65
110
176
245
293
316
327
341
355
361
362
368
384
398
403
393
369
341
316
298
283
256
224
189
149
95
29
-35
-84
-114
-136
-165
-213
-278
-343
-390
-418
-439
-460
-484
-504
-520
-531
-542
-552
-561
-561
-549
-528
-507
-492
-477
-455
-424
-384
-341
-297
-255
-216
-179
-139
-103
-65
-25
22
74
124
168
206
240
273
308
349
388
420
442
462
478
494
511
527
540
545
548
549
552
554
551
549
549
549
552
553
554
549
544
544
548
553
557
561
569
578
583
583
586
595
609
607
560
452
300
170
117
135
165
130
-1
-189
-356
-442
-458
-468
-527
-629
-719
-763
-773
-796
-854
-931
-976
-955
-887
-825
-816
-848
-863
-822
-736
-652
-600
-574
-548
-492
-415
-342
-295
-267
-221
-145
-55
19
61
85
107
144
194
240
276
302
329
353
366
364
354
352
362
379
389
383
366
338
310
281
245
212
187
172
156
120
59
-16
-82
-121
-140
-155
-181
-224
-275
-321
-356
-384
-409
-429
-437
-432
-420
-411
-415
-425
-432
-426
-403
-370
-335
-303
-274
-250
-227
-201
-172
-135
-95
-52
-9
26
56
85
110
138
169
202
237
268
295
319
338
355
373
391
415
437
460
479
488
489
486
486
492
501
508
509
506
498
493
488
481
472
467
467
472
476
480
483
485
487
488
488
489
492
499
508
522
539
554
546
493
388
254
142
99
123
159
135
21
-150
-308
-393
-414
-422
-468
-547
-620
-656
-666
-687
-744
-821
-866
-847
-780
-722
-713
-741
-760
-732
-667
-597
-550
-522
-487
-427
-354
-299
-277
-267
-232
-158
-65
15
60
79
91
114
149
187
225
262
303
337
350
337
312
290
288
300
317
322
314
294
263
218
165
118
91
84
81
60
11
-58
-127
-177
-206
-228
-253
-284
-314
-341
-369
-400
-434
-458
-464
-450
-425
-405
-399
-405
-411
-409
-393
-370
-341
-309
-280
-255
-236
-222
-208
-190
-163
-126
-87
-47
-11
18
41
60
80
105
133
166
200
229
251
266
277
289
300
314
334
354
370
381
383
379
374
370
371
374
375
374
373
372
368
359
349
344
346
351
360
364
363
361
366
374
382
385
385
388
392
393
393
399
414
434
435
389
285
155
57
35
72
105
70
-49
-203
-324
-377
-383
-398
-452
-524
-573
-584
-584
-615
-683
-755
-781
-741
-670
-622
-620
-643
-647
-614
-558
-507
-475
-444
-395
-325
-261
-226
-219
-212
-176
-111
-32
31
70
93
110
126
143
159
182
219
266
304
322
315
296
280
274
278
285
293
301
303
292
259
210
159
121
98
85
69
45
10
-28
-69
-110
-147
-180
-203
-214
-224
-237
-259
-286
-310
-326
-333
-330
-319
-308
-296
-290
-289
-292
-289
-276
-255
-227
-200
-177
-158
-144
-130
-117
-102
-80
-51
-15
22
55
78
94
107
121
142
166
194
223
247
264
273
278
286
300
319
338
354
367
373
376
376
371
366
366
371
381
387
387
379
368
359
352
348
348
356
365
371
372
366
361
362
367
370
367
362
361
367
375
378
377
375
378
370
329
240
128
49
34
72
106
74
-35
-174
-281
-319
-318
-327
-372
-435
-480
-494
-501
-532
-596
-659
-676
-639
-579
-543
-546
-565
-567
-540
-499
-467
-446
-418
-370
-303
-244
-217
-216
-214
-189
-135
-69
-6
42
79
106
124
130
133
146
181
227
271
297
302
291
274
253
232
222
227
249
272
272
238
179
116
71
47
35
22
5
-18
-45
-80
-126
-179
-229
-259
-269
-266
-267
-282
-308
-343
-371
-388
-389
-377
-358
-340
-327
-326
-329
-331
-328
-313
-289
-256
-219
-184
-158
-146
-142
-139
-128
-105
-71
-31
2
25
42
56
66
77
94
119
148
178
206
227
240
248
257
266
277
291
309
327
338
344
339
331
322
317
316
318
319
315
305
293
279
268
261
259
260
261
261
262
258
253
247
244
247
250
254
259
259
257
251
248
250
261
279
288
265
203
110
28
-4
13
47
52
-5
-105
-203
-262
-279
-284
-304
-340
-368
-379
-378
-396
-442
-502
-539
-528
-481
-433
-412
-417
-426
-422
-408
-390
-375
-352
-314
-255
-197
-163
-161
-169
-167
-143
-97
-45
1
38
67
84
88
84
81
94
124
163
196
216
222
216
201
183
165
157
165
187
208
210
182
137
88
52
33
24
18
9
-3
-22
-49
-88
-130
-169
-196
-205
-202
-198
-201
-213
-236
-259
-276
-282
-279
-267
-252
-237
-228
-223
-224
-224
-222
-211
-189
-161
-130
-103
-83
-73
-65
-53
-35
-11
18
47
74
94
110
123
130
140
154
172
196
221
243
257
269
277
283
289
299
311
323
334
339
338
331
325
321
321
319
314
308
301
291
280
269
263
261
264
265
259
245
235
230
235
242
244
241
238
241
247
248
244
235
232
237
246
254
258
259
256
237
187
119
55
27
39
61
52
-14
-114
-201
-240
-237
-231
-253
-297
-339
-359
-360
-372
-411
-460
-488
-472
-432
-403
-403
-427
-447
-442
-419
-394
-380
-369
-345
-305
-264
-238
-233
-231
-221
-190
-145
-101
-64
-34
-7
16
31
38
51
71
101
131
155
167
173
176
174
166
152
139
134
141
150
144
121
87
51
24
3
-14
-31
-50
-69
-90
-111
-141
-174
-208
-233
-248
-254
-255
-258
-266
-278
-293
-304
-311
-311
-305
-295
-280
-267
-256
-247
-243
-240
-233
-218
-196
-169
-141
-120
-102
-87
-74
-56
-38
-16
9
34
61
84
103
120
134
148
164
182
201
216
230
243
251
256
259
259
262
264
263
263
261
257
252
244
234
221
207
198
190
184
178
172
163
153
144
138
134
133
132
133
130
126
123
120
121
123
127
132
138
145
150
151
153
155
158
163
168
171
176
182
184
175
144
101
64
51
59
70
64
29
-24
-73
-106
-119
-130
-145
-168
-186
-197
-209
-231
-265
-301
-322
-323
-311
-298
-297
-303
-311
-314
-314
-309
-302
-290
-268
-239
-212
-193
-183
-176
-168
-151
-128
-97
-64
-35
-10
7
15
21
27
42
60
79
97
111
120
124
120
107
95
91
97
108
115
111
97
76
58
45
36
27
17
9
0
-9
-22
-40
-59
-77
-90
-96
-99
-102
-105
-111
-119
-127
-134
-138
-137
-136
-130
-123
-116
-112
-108
-104
-100
-94
-85
-72
-57
-42
-29
-18
-8
1
11
23
39
56
74
91
105
116
126
135
147
158
171
181
192
201
208
213
217
216
217
217
218
220
219
217
212
206
197
190
183
175
169
163
158
150
141
130
121
114
109
103
97
92
87
84
81
78
74
71
70
73
77
81
83
85
84
85
86
89
91
95
98
101
101
101
102
102
99
86
67
49
40
41
46
44
27
2
-25
-47
-62
-73
-84
-95
-106
-114
-127
-146
-171
-195
-211
-219
-218
-218
-223
-232
-241
-250
-253
-257
-259
-257
-248
-233
-219
-209
-204
-200
-194
-185
-170
-155
-138
-119
-101
-86
-77
-72
-67
-59
-46
-31
-16
-3
6
12
14
10
5
0
2
10
19
24
21
10
-2
-14
-23
-29
-34
-38
-39
-43
-47
-59
-74
-89
-99
-105
-106
-105
-106
-109
-115
-120
-125
-129
-130
-127
-123
-116
-110
-104
-100
-97
-93
-90
-83
-71
-58
-44
-33
-26
-22
-16
-8
2
14
26
38
46
55
61
65
70
77
84
93
103
112
119
122
123
124
125
128
131
137
140
142
140
135
130
126
123
121
119
115
111
107
101
96
90
85
80
75
73
74
73
71
67
62
57
54
54
58
61
64
63
62
60
61
62
64
68
73
79
84
86
87
86
87
88
89
94
98
100
100
100
98
95
91
86
79
74
68
65
62
56
46
33
19
5
-6
-15
-23
-32
-42
-51
-61
-71
-83
-95
-105
-113
-118
-119
-121
-125
-128
-133
-137
-139
-139
-136
-132
-127
-121
-113
-108
-102
-98
-95
-89
-81
-71
-60
-49
-42
-36
-32
-27
-21
-16
-13
-9
-3
5
12
15
15
11
7
8
11
17
20
20
17
14
10
6
2
-1
-2
-3
-1
0
-2
-7
-12
-17
-18
-19
-19
-17
-15
-14
-14
-15
-17
-19
-20
-18
-15
-12
-6
-5
-3
-4
-4
-4
-1
2
6
11
15
18
20
22
22
24
26
32
38
43
46
49
50
49
52
53
56
59
64
67
66
67
66
63
63
64
66
67
68
68
66
64
60
56
56
54
54
54
53
50
46
43
39
36
35
35
36
35
34
30
28
24
21
20
21
22
22
22
21
19
17
16
15
15
16
18
19
20
19
17
14
11
10
9
9
8
7
6
3
0
-6
-12
-18
-20
-21
-22
-23
-28
-34
-44
-51
-56
-61
-65
-69
-73
-76
-79
-84
-91
-99
-105
-108
-109
-108
-109
-108
-110
-111
-112
-115
-115
-115
-111
-107
-102
-97
-93
-91
-88
-86
-83
-79
-74
-67
-61
-55
-50
-48
-46
-45
-44
-42
-38
-34
-30
-28
-25
-26
-26
-28
-28
-27
-26
-24
-23
-22
-23
-22
-24
-24
-25
-25
-23
-22
-19
-17
-15
-14
-14
-14
-13
-12
-9
-7
-5
-2
0
0
1
1
1
3
4
6
8
9
10
9
10
10
9
8
8
8
9
10
10
10
9
8
9
9
10
12
13
14
15
16
17
18
19
18
20
21
25
26
27
28
30
30
32
32
33
35
37
39
41
43
43
43
43
44
44
46
48
48
50
51
50
50
50
48
49
49
50
52
52
53
51
49
48
47
47
48
50
49
50
48
48
46
44
44
45
46
47
48
47
47
45
44
44
45
47
48
49
48
46
45
43
42
41
42
42
42
42
39
35
32
29
27
26
25
24
23
20
15
10
5
2
1
0
-1
-2
-6
-8
-13
-18
-22
-24
-25
-24
-24
-23
-24
-28
-32
-36
-37
-38
-35
-36
-34
-34
-36
-39
-42
-45
-44
-43
-41
-38
-36
-36
-38
-40
-41
-43
-41
-39
-35
-32
-30
-30
-30
-31
-32
-31
-28
-25
-21
-17
-14
-13
-13
-13
-14
-13
-10
-6
-2
1
3
4
2
0
1
1
3
5
7
9
9
7
6
2
1
2
2
3
3
2
0
-2
-5
-7
-8
-9
-9
-9
-9
-11
-13
-14
-16
-17
-18
-17
-16
-16
-15
-15
-16
-16
-17
-17
-15
-14
-13
-12
-10
-11
-11
-11
-10
-9
-9
-7
-6
-5
-4
-5
-5
-5
-3
-4
-4
-3
-2
-3
-2
-2
-2
-2
-2
-3
-2
-2
-2
-2
-1
-1
-1
-1
-1
-2
-1
-1
1
2
3
4
5
6
5
6
6
8
9
12
14
15
16
17
17
17
18
20
22
24
25
25
25
24
23
22
22
22
23
24
23
23
19
17
15
12
11
11
11
11
8
6
3
-1
-4
-7
-7
-7
-7
-8
-10
-13
-15
-18
-20
-20
-21
-19
-19
-20
-21
-22
-24
-24
-26
-24
-21
-20
-19
-18
-17
-18
-18
-19
-17
-14
-12
-9
-8
-6
-7
-8
-8
-6
-5
-3
-2
0
1
1
0
0
-1
-1
-1
0
0
0
0
-1
-3
-3
-5
-6
-7
-7
-7
-7
-8
-9
-11
-13
-14
-15
-14
-14
-14
-14
-15
-16
-17
-17
-17
-17
-15
-15
-14
-13
-13
-12
-11
-10
-9
-7
-5
-3
-1
0
2
4
5
7
10
12
15
18
19
22
24
26
29
31
34
36
38
40
41
43
44
46
48
48
50
50
51
51
50
50
49
50
49
50
48
46
45
43
40
39
37
35
33
31
29
27
24
22
18
16
14
12
10
7
7
5
2
0
-2
-4
-5
-7
-7
-8
-9
-11
-12
-14
-15
-15
-16
-16
-17
-17
-18
-19
-19
-19
-19
-19
-19
-19
-20
-19
-19
-19
-19
-20
-20
-19
-20
-21
-19
-21
-19
-20
-19
-19
-19
-20
-19
-20
-19
-19
-19
-19
-19
-18
-18
-18
-17
-16
-17
-17
-16
-15
-15
-15
-15
-15
-14
-13
-12
-13
-12
-11
-11
-11
-10
-9
-9
-8
-7
-7
-6
-6
-6
-4
-4
-4
-3
-2
-2
-1
-1
-1
-1
-1
0
1
1
2
3
2
3
3
3
3
4
5
4
5
4
5
4
5
4
4
4
4
3
4
3
2
1
2
1
0
0
-1
-2
-2
-3
-3
-4
-5
-6
-6
-7
-8
-8
-9
-8
-10
-10
-11
-11
-12
-12
-13
-12
-12
-12
-11
-10
-11
-10
-9
-10
-9
-8
-6
-7
-5
-5
-3
-3
-2
0
0
2
2
4
5
6
7
6
7
8
9
9
9
10
11
10
9
9
9
9
10
8
8
7
8
6
5
4
3
3
2
1
1
0
-1
-1
-3
-3
-4
-5
-4
-4
-6
-6
-6
-7
-7
-7
-7
-6
-7
-6
-6
-5
-6
-5
-5
-5
-4
-3
-3
-1
-2
-1
-2
-1
0
0
1
1
2
2
3
3
4
5
6
5
6
7
8
9
8
9
9
9
10
10
10
10
11
11
12
11
11
10
11
11
10
10
10
10
9
8
7
7
7
6
5
5
4
4
3
2
1
1
0
-1
-1
-2
-3
-3
-3
-4
-4
-4
-5
-5
-6
-6
-5
-5
-5
-5
-5
-4
-5
-5
-5
-3
-4
-3
-2
-2
-1
0
0
0
1
2
2
3
4
4
4
5
5
7
6
7
9
8
8
9
9
10
9
10
10
10
11
12
12
11
11
10
11
10
10
10
10
10
10
10
8
8
8
8
7
7
7
6
6
5
5
2
3
3
2
1
0
-1
-2
-2
-2
-2
-4
-5
-5
-6
-7
-7
-7
-7
-9
-9
-10
-9
-10
-11
-11
-11
-10
-12
-12
-13
-12
-12
-12
-11
-12
-12
-12
-11
-11
-10
-10
-10
-9
-9
-9
-9
-7
-7
-8
-6
-6
-7
-6
-5
-5
-5
-5
-6
-5
-6
-5
-6
-6
-7
-7
-7
-7
-8
-8
-8
-8
-8
-9
-9
-9
-9
-9
-9
-9
-8
-8
-7
-7
-7
-6
-5
-4
-4
-3
-2
0
0
1
2
4
4
5
6
7
8
9
10
10
11
11
12
12
12
13
12
12
13
11
10
10
9
8
7
7
7
4
4
2
2
1
-1
-2
-3
-3
-5
-5
-6
-7
-8
-8
-9
-8
-9
-9
-10
-9
-9
-9
-9
-9
-7
-7
-6
-6
-6
-5
-4
-4
-3
-2
-2
-1
-1
0
1
0
1
2
3
2
3
3
3
3
4
4
3
3
4
3
2
2
1
1
2
1
0
0
-1
-1
-1
-2
-2
-3
-3
-4
-3
-3
-5
-4
-5
-5
-6
-5
-7
-6
-5
-6
-6
-6
-5
-5
-5
-4
-4
-3
-2
-2
-2
-1
1
1
3
3
5
6
7
9
9
10
12
13
14
16
17
18
19
19
20
21
21
22
21
22
22
22
21
20
19
19
17
16
15
13
13
10
9
8
5
3
3
0
-2
-3
-5
-5
-7
-8
-9
-10
-11
-11
-11
-11
-10
-9
-8
-7
-6
-4
-3
-2
1
3
5
7
10
12
14
16
19
21
23
24
27
28
29
30
32
32
33
33
33
32
32
31
31
29
28
26
25
22
20
18
15
13
10
8
5
3
0
-3
-5
-8
-10
-11
-15
-17
-19
-21
-22
-24
-24
-26
-27
-28
-29
-29
-30
-31
-31
-31
-31
-30
-31
-31
-30
-29
-28
-29
-28
-27
-27
-27
-26
-26
-26
-24
-24
-24
-23
-23
-22
-22
-20
-21
-20
-19
-18
-17
-16
-16
-14
-14
-13
-12
-10
-10
-8
-7
-6
-5
-3
-2
-2
0
1
3
4
5
6
7
8
9
9
10
10
11
11
12
11
11
12
11
11
11
10
9
8
8
7
5
5
5
3
2
1
0
-1
-2
-2
-4
-3
-4
-5
-5
-4
-5
-4
-5
-5
-5
-5
-4
-3
-2
-3
-1
0
0
1
2
3
3
4
5
5
5
7
7
7
7
8
8
7
7
6
6
6
5
5
3
3
2
2
0
1
-1
-2
-2
-4
-4
-5
-7
-7
-6
-8
-8
-8
-9
-8
-10
-8
-9
-8
-8
-7
-7
-7
-5
-5
-3
-3
-2
-1
1
2
3
5
6
7
8
9
10
11
12
12
11
12
12
12
11
11
9
9
8
7
4
3
1
0
-3
-4
-6
-8
-10
-11
-12
-13
-15
-16
-16
-17
-17
-16
-16
-15
-14
-14
-12
-12
-10
-8
-7
-5
-3
-1
1
2
4
5
7
7
9
9
11
10
11
11
11
11
10
9
8
7
7
6
5
5
3
3
1
2
0
1
1
0
0
0
0
1
1
1
2
3
4
4
5
6
7
7
7
9
8
9
9
10
10
10
9
9
8
8
7
7
7
6
6
4
4
3
2
1
1
0
0
0
-1
-1
-1
-2
-2
-2
-1
-2
-2
-1
-1
-1
-1
0
-1
1
0
1
1
1
1
2
2
3
1
3
2
2
2
3
3
3
2
2
2
2
2
1
1
2
1
1
1
1
0
-1
0
0
0
-1
-2
-1
-3
-2
-3
-3
-4
-4
-4
-4
-5
-6
-5
-6
-7
-7
-8
-8
-8
-9
-9
-9
-9
-10
-10
-10
-11
-10
-11
-12
-11
-11
-11
-11
-12
-11
-11
-10
-10
-11
-11
-10
-10
-9
-9
-9
-10
-9
-9
-9
-8
-9
-8
-9
-8
-7
-6
-7
-7
-6
-6
-6
-5
-4
-5
-3
-3
-3
-2
-2
-1
-1
0
1
1
1
1
2
2
2
3
3
3
3
3
3
4
3
3
3
2
3
3
2
2
2
2
2
1
1
1
0
0
0
0
0
0
0
0
-1
-1
-1
-1
-2
-2
-2
-1
-2
-2
-4
-3
-3
-3
-3
-4
-4
-3
-4
-4
-4
-5
-5
-5
-5
-6
-5
-5
-5
-6
-5
-6
-5
-5
-5
-5
-5
-4
-3
-3
-2
-2
-2
0
1
1
3
3
5
6
7
9
11
12
14
15
17
18
20
22
23
24
25
27
28
28
28
29
29
30
30
28
28
27
25
24
23
21
19
17
15
11
9
6
4
1
-1
-4
-7
-9
-13
-15
-17
-20
-22
-25
-26
-27
-29
-30
-31
-32
-33
-33
-33
-33
-33
-32
-31
-30
-29
-28
-26
-24
-21
-20
-17
-15
-14
-12
-9
-7
-5
-2
0
1
3
5
7
8
9
10
11
12
12
12
12
13
12
12
12
12
11
10
11
11
10
10
10
9
10
10
11
11
11
13
14
16
16
18
19
21
23
25
27
28
30
32
34
36
36
39
40
40
41
41
42
42
41
39
39
36
35
33
31
28
25
21
17
14
10
5
1
-3
-8
-11
-16
-20
-24
-27
-31
-34
-37
-40
-43
-46
-48
-49
-51
-52
-53
-53
-53
-52
-52
-51
-49
-47
-46
-44
-41
-39
-37
-34
-30
-28
-24
-21
-19
-15
-11
-8
-6
-3
0
3
5
8
9
12
13
15
16
16
17
18
19
19
19
19
19
19
19
18
17
15
15
15
13
12
11
9
9
7
7
4
4
4
2
1
0
-1
-3
-3
-5
-6
-6
-7
-7
-8
-9
-10
-11
-11
-11
-13
-12
-13
-13
-13
-13
-14
-13
-14
-14
-13
-13
-12
-12
-11
-10
-10
-9
-8
-7
-5
-4
-4
-3
-1
-1
0
1
2
3
4
5
5
6
7
7
7
6
8
8
8
8
8
8
7
7
7
6
6
6
4
5
4
3
3
3
3
2
2
1
1
1
1
1
2
1
1
2
0
0
1
1
1
1
1
1
1
0
0
0
0
-1
-1
-2
-2
-2
-2
-3
-3
-3
-2
-4
-4
-4
-2
-2
-2
-2
0
1
3
5
7
8
11
13
16
18
21
24
27
30
33
36
39
41
44
46
48
49
50
50
51
50
49
48
45
42
38
34
30
25
19
14
7
0
-6
-13
-20
-27
-34
-40
-46
-52
-57
-62
-66
-70
-72
-74
-75
-76
-75
-75
-72
-70
-65
-61
-57
-50
-44
-38
-31
-23
-16
-8
-1
7
14
22
28
34
41
46
51
56
59
63
65
66
67
68
67
65
64
61
57
56
52
46
42
37
32
26
20
14
9
2
-3
-9
-14
-20
-25
-30
-34
-38
-43
-45
-48
-50
-53
-53
-54
-55
-55
-54
-54
-52
-51
-48
-45
-42
-38
-34
-31
-26
-21
-16
-12
-7
-2
3
7
12
17
20
25
27
31
34
37
39
40
42
41
42
43
41
41
39
37
33
30
27
23
18
14
10
5
-2
-6
-12
-17
-23
-28
-34
-39
-44
-48
-52
-55
-59
-62
-64
-66
-67
-67
-67
-66
-64
-63
-59
-56
-54
-49
-43
-39
-34
-28
-23
-17
-12
-7
-1
4
8
12
17
21
25
29
31
34
36
38
40
42
42
44
44
44
45
44
46
45
44
45
44
43
44
43
42
40
40
38
37
36
33
30
28
25
22
18
15
11
6
1
-4
-8
-13
-17
-23
-28
-34
-39
-44
-49
-53
-57
-60
-64
-67
-70
-70
-72
-73
-74
-73
-73
-71
-70
-67
-64
-62
-57
-54
-50
-45
-40
-35
-30
-24
-19
-14
-8
-3
3
8
13
17
23
27
33
37
41
44
48
52
55
58
61
63
64
66
68
69
69
71
71
71
70
69
68
67
65
63
61
58
55
52
48
45
41
37
33
28
25
19
15
11
7
3
-2
-6
-10
-13
-17
-20
-23
-26
-29
-32
-34
-35
-37
-38
-40
-41
-41
-41
-42
-41
-41
-41
-40
-39
-38
-37
-36
-34
-33
-31
-30
-27
-26
-24
-23
-21
-18
-16
-14
-12
-11
-9
-7
-5
-4
-1
-1
1
2
4
4
6
7
7
8
9
10
11
11
11
12
12
12
13
13
14
14
14
14
14
14
13
14
14
13
13
12
11
13
10
9
8
8
7
5
4
4
3
2
1
0
-1
-2
-3
-3
-4
-4
-4
-5
-5
-5
-5
-4
-3
-3
-3
-2
0
0
2
3
5
7
8
10
12
15
15
17
18
20
21
23
24
24
25
26
27
28
27
28
28
28
26
27
26
25
25
23
22
20
20
18
17
16
13
11
10
7
5
3
1
-2
-3
-6
-8
-12
-14
-17
-20
-23
-26
-30
-33
-36
-38
-42
-45
-47
-51
-54
-56
-60
-62
-65
-67
-69
-72
-74
-76
-77
-79
-81
-81
-82
-82
-82
-81
-80
-78
-76
-75
-71
-67
-63
-57
-52
-45
-39
-31
-22
-14
-3
6
16
28
39
51
62
75
88
99
112
123
134
145
154
164
171
177
182
186
188
189
188
184
179
173
164
155
143
130
116
100
85
67
51
33
15
-1
-17
-34
-47
-60
-72
-82
-90
-97
-102
-106
-107
-106
-104
-100
-95
-88
-82
-75
-67
-60
-53
-46
-39
-34
-30
-28
-25
-25
-26
-29
-33
-39
-46
-53
-62
-71
-79
-90
-99
-108
-115
-122
-127
-131
-134
-134
-133
-130
-125
-117
-109
-98
-86
-73
-58
-42
-27
-11
6
23
37
53
66
80
92
102
110
117
121
126
127
127
127
124
120
115
109
102
95
87
79
72
63
56
48
39
32
26
20
13
8
3
-3
-8
-12
-17
-20
-25
-28
-32
-36
-38
-41
-45
-47
-49
-52
-53
-55
-55
-54
-54
-53
-52
-49
-48
-45
-41
-37
-33
-28
-24
-19
-14
-9
-3
3
8
14
18
24
29
34
39
44
49
53
57
61
64
68
71
73
75
76
78
78
77
76
75
72
70
66
62
57
52
46
40
33
25
17
10
2
-6
-15
-22
-29
-36
-44
-50
-55
-62
-66
-71
-74
-77
-78
-80
-81
-81
-80
-79
-78
-75
-72
-70
-67
-62
-59
-55
-51
-48
-44
-39
-36
-32
-28
-25
-21
-20
-17
-14
-12
-9
-7
-6
-4
-3
-3
-1
0
1
2
2
3
3
4
4
5
5
6
6
7
7
7
7
7
8
7
9
9
9
9
9
9
10
9
9
9
9
10
9
9
8
9
8
8
8
8
6
6
6
6
5
4
5
5
4
6
6
7
8
10
13
15
18
22
25
28
32
37
41
46
49
54
59
63
67
69
73
74
77
77
77
77
76
75
71
70
64
59
54
48
40
33
26
17
9
1
-8
-16
-24
-33
-40
-48
-54
-60
-67
-71
-76
-80
-83
-85
-86
-86
-86
-85
-84
-82
-79
-76
-73
-68
-64
-60
-56
-50
-47
-42
-38
-34
-31
-27
-24
-22
-19
-18
-16
-14
-12
-12
-11
-10
-10
-9
-9
-8
-8
-9
-8
-8
-9
-9
-10
-11
-11
-11
-12
-13
-14
-16
-17
-19
-21
-22
-25
-25
-26
-27
-27
-26
-26
-24
-22
-19
-16
-13
-7
-1
4
10
16
24
32
40
47
54
62
69
76
82
87
91
94
98
99
100
99
97
95
91
88
83
77
70
62
55
46
37
28
20
10
-1
-10
-19
-28
-37
-46
-55
-62
-70
-75
-83
-87
-92
-95
-98
-100
-102
-102
-102
-101
-99
-98
-95
-91
-88
-84
-80
-76
-72
-69
-65
-61
-58
-56
-52
-50
-47
-44
-41
-37
-34
-30
-26
-21
-14
-7
0
9
18
29
41
53
66
79
93
107
121
134
146
158
169
178
185
190
195
196
195
191
186
179
169
156
143
127
110
92
73
54
34
15
-2
-21
-36
-51
-64
-75
-83
-90
-94
-96
-95
-92
-86
-78
-70
-58
-44
-31
-16
-1
14
29
44
59
73
85
95
105
112
116
119
121
121
118
113
107
98
88
78
66
52
37
23
8
-8
-24
-40
-55
-71
-85
-100
-113
-125
-136
-146
-155
-162
-169
-175
-178
-181
-183
-182
-180
-177
-173
-169
-163
-156
-148
-140
-132
-122
-113
-103
-92
-82
-71
-61
-51
-42
-33
-24
-15
-8
1
7
13
19
24
28
32
34
37
39
40
39
39
38
37
36
33
32
29
26
23
20
16
13
11
8
4
2
1
-1
-2
-4
-3
-3
-2
-1
1
2
5
7
10
13
15
19
22
25
27
29
33
33
34
35
35
35
34
33
31
29
27
24
21
17
14
11
8
4
2
0
-2
-4
-5
-6
-7
-7
-7
-7
-7
-6
-5
-4
-3
-2
-1
-1
1
1
2
3
3
3
4
4
4
4
4
3
4
4
4
4
4
5
4
5
4
5
7
7
7
8
9
10
10
11
12
11
11
12
12
10
9
9
7
6
5
3
0
0
-1
-4
-5
-6
-8
-8
-10
-10
-10
-10
-10
-8
-7
-7
-5
-5
-3
-2
1
2
3
4
7
8
9
11
11
12
13
13
14
12
13
12
12
12
10
9
9
8
8
9
8
9
8
10
11
12
14
15
18
19
22
25
27
30
32
34
36
37
38
37
36
33
30
26
20
15
7
-2
-10
-19
-27
-37
-47
-55
-63
-69
-74
-79
-79
-79
-76
-70
-62
-52
-40
-25
-7
13
32
56
78
101
125
149
170
191
211
228
243
255
264
269
272
272
269
261
251
239
225
208
189
168
147
125
101
78
55
33
11
-10
-30
-49
-67
-85
-99
-113
-126
-138
-148
-156
-164
-171
-175
-179
-182
-183
-183
-182
-179
-176
-171
-167
-159
-153
-144
-135
-127
-117
-107
-98
-88
-80
-72
-64
-59
-52
-48
-45
-43
-41
-41
-42
-43
-46
-49
-52
-55
-59
-60
-62
-64
-64
-64
-62
-59
-55
-51
-45
-39
-31
-24
-15
-8
0
8
15
22
28
33
37
39
41
42
41
39
36
33
29
24
19
13
7
0
-6
-11
-17
-22
-27
-31
-35
-38
-40
-42
-43
-44
-45
-45
-44
-44
-43
-42
-40
-38
-36
-35
-33
-32
-29
-27
-25
-23
-20
-17
-14
-12
-8
-5
-2
2
3
7
10
13
15
17
19
20
22
22
21
22
21
19
17
14
12
8
5
2
-2
-7
-11
-15
-21
-24
-29
-33
-37
-41
-44
-46
-49
-51
-54
-54
-56
-57
-58
-58
-56
-56
-55
-53
-50
-48
-45
-41
-37
-32
-28
-23
-16
-10
-3
4
10
17
26
33
40
48
55
61
68
73
78
82
86
88
89
89
88
85
81
77
72
65
58
50
41
32
23
13
3
-8
-18
-27
-36
-46
-54
-62
-69
-76
-81
-86
-91
-95
-97
-100
-100
-102
-101
-101
-100
-97
-94
-90
-86
-81
-76
-68
-60
-52
-42
-32
-20
-8
5
19
34
50
66
82
99
115
133
150
165
182
197
211
224
236
248
257
264
272
276
280
282
282
280
277
271
265
257
247
236
224
212
197
182
167
151
135
118
102
86
70
54
39
24
10
-3
-15
-27
-37
-48
-57
-65
-72
-76
-82
-85
-88
-91
-92
-92
-93
-91
-90
-88
-87
-84
-80
-77
-74
-71
-67
-64
-61
-57
-55
-51
-48
-46
-44
-42
-41
-39
-39
-37
-37
-37
-36
-36
-37
-37
-38
-38
-38
-38
-39
-38
-38
-38
-38
-37
-38
-38
-37
-36
-36
-36
-36
-34
-34
-34
-33
-32
-32
-31
-29
-28
-28
-27
-25
-24
-22
-21
-19
-19
-18
-17
-15
-15
-15
-14
-16
-16
-17
-18
-20
-22
-24
-27
-29
-32
-35
-39
-42
-44
-49
-51
-53
-55
-57
-57
-58
-59
-59
-58
-56
-55
-54
-52
-50
-48
-47
-44
-42
-40
-38
-38
-37
-36
-35
-34
-34
-35
-36
-36
-37
-38
-40
-40
-42
-43
-43
-43
-43
-42
-42
-41
-39
-37
-34
-30
-27
-23
-19
-14
-9
-2
4
10
16
22
28
34
38
44
47
52
55
56
57
57
55
52
48
42
35
27
18
7
-2
-15
-27
-38
-51
-64
-75
-86
-96
-105
-112
-118
-122
-124
-124
-123
-118
-113
-105
-95
-85
-73
-59
-45
-30
-13
2
17
34
48
63
77
90
101
113
121
129
135
140
144
146
146
145
144
142
139
134
129
123
116
108
100
93
86
77
67
60
51
43
35
26
19
11
4
-3
-10
-17
-23
-28
-32
-37
-41
-43
-46
-48
-50
-50
-51
-49
-48
-45
-42
-39
-35
-30
-25
-19
-13
-8
0
6
12
20
26
33
39
45
50
55
58
61
64
65
66
64
63
60
56
51
46
41
33
26
19
11
2
-5
-14
-22
-30
-37
-43
-51
-55
-60
-65
-67
-69
-70
-70
-69
-67
-65
-61
-58
-54
-48
-44
-38
-32
-27
-21
-15
-10
-4
0
5
9
13
16
19
21
25
27
27
28
30
31
31
31
32
31
32
32
31
31
31
31
31
31
30
31
30
30
30
31
31
31
31
31
30
31
31
31
30
30
29
28
28
28
28
25
25
24
23
23
21
19
19
17
16
15
13
11
10
8
7
5
4
2
0
-2
-4
-6
-8
-9
-12
-14
-17
-18
-21
-22
-25
-27
-29
-32
-33
-35
-36
-37
-38
-38
-39
-39
-40
-38
-37
-36
-35
-32
-31
-28
-26
-24
-20
-18
-16
-14
-12
-11
-8
-8
-6
-6
-6
-5
-6
-6
-9
-10
-11
-13
-16
-18
-20
-23
-26
-29
-30
-32
-34
-35
-36
-36
-35
-35
-34
-33
-31
-27
-25
-21
-17
-14
-10
-5
-1
3
8
12
17
21
24
28
32
34
38
40
41
42
42
43
43
43
42
41
39
39
36
34
32
31
28
27
24
22
21
19
17
15
14
12
11
10
10
8
7
6
5
5
4
4
2
2
0
0
-2
-3
-3
-4
-4
-6
-7
-7
-9
-10
-11
-11
-13
-12
-13
-13
-13
-14
-14
-13
-12
-13
-11
-11
-10
-9
-8
-7
-5
-4
-3
-1
-1
-1
1
2
3
4
5
5
5
7
7
6
7
6
6
5
5
4
3
3
1
0
-2
-3
-4
-6
-7
-9
-11
-12
-14
-15
-17
-17
-19
-20
-21
-20
-21
-21
-21
-22
-20
-20
-18
-19
-17
-16
-15
-13
-11
-10
-7
-6
-3
-1
0
3
4
7
9
10
12
13
15
16
17
18
19
20
21
22
23
22
22
22
22
21
21
21
19
17
17
16
14
14
13
12
10
8
7
6
5
4
3
2
2
1
1
0
-1
0
-1
-1
-1
0
0
0
0
0
1
1
1
2
3
3
3
4
4
4
4
5
5
4
4
5
5
5
5
4
5
5
4
3
4
3
3
3
2
2
2
1
2
2
2
1
2
1
2
1
1
1
1
1
1
1
1
1
1
0
1
0
0
-1
-1
-1
-2
-2
-4
-5
-6
-7
-8
-8
-9
-11
-12
-13
-15
-16
-17
-18
-20
-21
-21
-22
-22
-22
-23
-24
-24
-24
-24
-23
-23
-23
-22
-21
-20
-18
-17
-15
-13
-12
-10
-8
-7
-4
-2
0
2
4
5
7
8
9
10
11
11
11
11
12
12
11
10
9
8
7
5
4
1
0
-2
-5
-7
-9
-11
-13
-16
-17
-18
-20
-21
-22
-23
-24
-25
-26
-25
-24
-24
-23
-23
-21
-20
-20
-18
-15
-14
-12
-11
-8
-6
-4
-2
1
2
5
6
9
10
11
14
15
17
19
20
22
22
23
24
25
25
26
26
25
25
24
25
24
24
23
22
21
19
18
16
13
11
9
6
4
1
-1
-3
-6
-9
-11
-14
-16
-18
-21
-23
-25
-27
-28
-28
-30
-30
-29
-30
-28
-27
-26
-24
-21
-18
-15
-11
-8
-4
0
4
9
15
18
23
27
32
36
40
44
46
50
52
56
57
57
58
59
57
57
56
54
52
49
47
44
40
36
31
28
23
20
15
10
7
3
-2
-5
-9
-12
-15
-18
-20
-23
-25
-27
-28
-31
-32
-32
-33
-34
-35
-35
-35
-36
-35
-35
-34
-34
-33
-32
-32
-31
-30
-29
-28
-27
-26
-24
-23
-23
-20
-20
-17
-16
-14
-12
-11
-10
-7
-6
-4
-2
-1
0
2
4
6
6
8
9
10
10
11
13
13
13
13
13
14
14
14
14
13
14
13
12
13
13
12
12
12
11
12
11
10
11
11
10
10
10
11
11
10
9
9
9
9
9
10
9
10
9
9
9
9
9
10
10
9
9
8
9
9
9
8
7
7
7
6
7
5
5
3
4
3
2
2
1
0
-1
-2
-2
-3
-4
-5
-6
-6
-8
-8
-10
-10
-12
-13
-15
-15
-16
-18
-19
-20
-21
-22
-22
-22
-24
-23
-24
-25
-25
-25
-24
-25
-24
-24
-22
-22
-21
-19
-18
-17
-16
-14
-13
-12
-10
-10
-8
-8
-7
-7
-6
-6
-5
-5
-6
-6
-6
-6
-6
-8
-8
-8
-8
-8
-9
-8
-8
-7
-6
-5
-3
-1
1
5
8
12
16
19
25
31
35
40
45
50
55
60
64
68
71
73
75
78
77
78
76
73
70
67
62
58
51
44
35
28
19
10
1
-9
-18
-28
-37
-46
-55
-62
-70
-78
-85
-89
-94
-98
-102
-103
-104
-105
-103
-101
-98
-94
-89
-83
-75
-68
-61
-53
-43
-34
-26
-16
-6
3
11
19
26
34
41
47
52
57
61
64
66
67
69
69
70
68
67
66
63
62
59
57
53
51
47
44
39
35
31
27
23
18
13
8
1
-4
-10
-14
-21
-26
-31
-36
-40
-44
-48
-50
-53
-53
-54
-53
-51
-49
-47
-42
-38
-31
-26
-19
-11
-5
2
9
16
23
28
34
39
44
48
51
53
53
54
53
52
50
47
45
41
37
33
29
23
18
14
11
6
2
-1
-5
-7
-10
-12
-16
-16
-17
-18
-20
-20
-21
-21
-21
-20
-19
-20
-21
-20
-21
-21
-21
-22
-21
-23
-24
-25
-25
-26
-28
-28
-28
-28
-30
-28
-29
-27
-25
-23
-20
-18
-15
-12
-7
-4
1
6
10
15
20
24
28
33
37
39
43
45
45
47
48
47
46
44
41
40
36
33
28
25
19
15
11
6
1
-3
-7
-11
-15
-19
-22
-24
-27
-30
-31
-33
-34
-34
-35
-36
-36
-36
-35
-35
-35
-34
-34
-32
-32
-32
-31
-30
-30
-29
-28
-28
-27
-26
-25
-24
-24
-23
-22
-22
-20
-19
-19
-18
-15
-16
-14
-12
-11
-10
-8
-6
-3
-3
-1
1
3
5
6
8
10
12
13
15
16
16
17
18
18
19
19
19
18
18
18
17
16
15
15
13
13
12
10
10
8
7
6
5
4
3
1
0
0
-2
-3
-4
-5
-7
-8
-10
-10
-12
-13
-14
-15
-16
-17
-19
-20
-21
-22
-23
-22
-23
-23
-23
-23
-23
-22
-22
-21
-20
-19
-18
-16
-14
-14
-11
-10
-8
-7
-4
-3
0
3
4
6
8
11
13
14
16
17
19
20
21
22
23
24
24
25
25
25
25
24
23
22
21
20
19
17
17
14
13
11
9
6
5
3
1
-2
-3
-4
-6
-8
-10
-11
-12
0
0
0
0
0
0
0
0
0
0
0
0
0
0
0
0
0
0
0
0
0
0
0
0
0
0
0
0
0
0
0
0
0
0
0
0
0
0
0
0
0
0
0
0
0
0
0
0
0
0
0
0
0
0
0
0
0
0
0
0
0
0
0
0
0
0
0
0
0
0
0
0
0
0
0
0
0
0
0
0
0
0
0
0
0
0
0
0
0
0
0
0
0
0
0
0
0
0
0
0
0
0
0
0
0
0
0
0
0
0
0
0
0
0
0
0
0
0
0
0
0
0
0
0
0
0
0
0
0
0
0
0
0
0
0
0
0
0
0
0
0
0
0
0
0
0
0
0
0
0
0
0
0
0
0
0
0
0
0
0
0
0
0
0
0
0
0
0
0
0
0
0
0
0
0
0
0
0
0
0
0
0
0
0
0
0
0
0
0
0
0
0
0
0
0
0
0
0
