0
0
0
0
0
0
0
0
0
0
0
0
0
0
0
0
0
0
0
0
0
0
0
0
0
0
0
0
0
0
0
0
0
0
0
0
0
0
0
0
0
0
0
0
0
0
0
0
0
0
0
0
0
0
0
0
0
0
0
0
0
0
0
0
0
0
0
0
0
0
0
0
0
0
0
0
0
0
0
0
0
0
0
0
0
0
0
0
0
0
0
0
0
0
0
0
0
0
0
0
0
0
0
0
0
0
0
0
0
0
0
0
0
0
0
0
0
0
0
0
0
0
0
0
0
0
0
0
0
0
0
0
0
0
0
0
0
0
0
0
0
0
0
0
0
0
0
0
0
0
0
0
0
0
0
0
0
0
0
0
0
0
0
0
0
0
0
0
0
0
0
0
0
0
0
0
0
0
0
0
0
0
0
0
0
0
0
0
0
0
0
0
0
0
0
0
0
0
-9
-63
-144
-169
-106
-31
2
27
55
39
-9
-22
4
25
42
75
89
59
13
-14
-29
-30
-3
30
41
36
21
-10
-43
-50
-34
-16
-6
9
16
1
-16
-18
-22
-32
-25
-2
12
8
6
12
6
-14
-22
-6
3
-16
-26
-4
7
-20
-34
1
17
-19
-29
10
25
-7
-12
22
22
-13
-15
19
22
-13
-19
7
17
0
-5
12
20
15
16
17
13
13
10
-2
2
35
51
24
7
25
26
-2
2
52
79
39
-18
-63
-132
-215
-219
-141
-97
-119
-98
-32
-24
-59
-30
49
87
105
155
176
131
86
71
55
53
88
102
63
36
37
-2
-69
-76
-33
-20
-47
-54
-37
-30
-48
-69
-67
-37
0
14
7
0
-9
-12
4
36
50
37
25
19
2
-17
-3
20
23
29
39
14
-16
0
23
4
-3
44
71
23
-18
-4
1
-29
-29
14
30
3
-8
12
10
-26
-42
-17
-5
-14
3
42
38
-3
-19
-2
0
-12
-7
18
32
9
-31
-24
26
33
-24
-30
46
67
-7
-22
70
101
7
-43
21
48
-39
-83
6
80
36
-10
22
28
-49
-87
-10
74
74
38
33
29
-29
-93
-80
-6
33
35
51
55
-20
-116
-117
-51
-4
29
64
43
-28
-65
-48
-30
-25
-10
3
17
32
19
-34
-56
-16
8
-12
-3
48
50
0
-9
31
40
9
-1
18
41
70
79
31
-21
4
48
-11
-102
-70
30
27
-41
-24
37
3
-86
-100
-47
-20
-13
17
20
-47
-102
-91
-76
-85
-38
76
137
91
23
-16
-53
-59
18
109
118
81
54
-2
-98
-131
-60
11
22
33
46
-6
-105
-143
-106
-58
-17
37
65
16
-67
-108
-93
-57
-15
27
56
63
47
14
-4
9
49
90
138
178
163
84
6
-26
-30
-18
16
44
22
-32
-70
-81
-79
-58
-11
32
39
12
-25
-54
-68
-65
-52
-32
-7
10
10
-7
-25
-32
-20
7
29
33
24
17
14
12
10
9
1
-7
-2
7
6
-9
-45
-87
-94
-45
8
18
11
20
23
7
15
52
64
40
36
54
38
-15
-50
-64
-69
-49
12
54
33
-11
-26
-19
-3
29
64
77
73
70
67
48
19
-11
-19
11
50
50
18
-13
-44
-79
-84
-53
-16
2
18
19
-13
-54
-62
-47
-32
-7
33
62
55
23
-3
-20
-31
-15
37
95
105
57
-20
-87
-114
-91
-32
32
66
62
35
2
-19
-24
-9
18
42
62
71
47
-25
-106
-128
-81
-17
25
47
39
-11
-62
-68
-27
22
60
81
92
88
55
-1
-50
-64
-44
-5
38
61
35
-29
-77
-74
-32
16
53
64
44
14
-12
-38
-52
-36
4
28
29
37
46
16
-34
-39
7
51
67
74
67
21
-41
-63
-38
-7
2
1
11
24
25
16
5
-10
-23
-12
21
42
32
6
-21
-49
-63
-50
-22
-3
3
9
22
32
21
-13
-46
-52
-27
11
48
65
43
-3
-35
-37
-28
-24
-20
-14
-21
-36
-42
-37
-32
-26
-1
35
61
59
38
6
-33
-67
-82
-75
-57
-30
-2
20
25
16
3
-3
-3
0
4
14
15
-6
-42
-67
-66
-41
3
49
73
58
20
-12
-22
-10
10
31
43
37
13
-20
-50
-71
-80
-69
-46
-27
-28
-49
-77
-95
-88
-63
-35
-25
-26
-27
-35
-51
-60
-48
-26
-14
-7
1
2
-18
-44
-58
-57
-47
-29
-11
-7
-13
-16
-5
20
54
78
89
87
76
60
52
57
70
80
79
61
26
-19
-58
-77
-73
-52
-29
-11
-5
-10
-16
-5
23
60
97
126
127
105
85
83
88
98
124
162
183
171
144
118
100
104
139
189
225
235
223
207
197
203
222
243
270
302
321
321
307
292
280
272
278
293
303
301
289
265
233
191
140
79
14
-51
-112
-175
-256
-367
-498
-628
-729
-786
-805
-806
-815
-844
-880
-900
-892
-863
-820
-769
-705
-630
-555
-488
-429
-368
-296
-206
-95
18
103
150
168
180
195
214
239
262
273
257
215
154
90
32
-22
-69
-106
-139
-175
-213
-256
-294
-314
-301
-265
-219
-175
-138
-112
-95
-71
-31
28
94
154
203
243
278
309
337
366
396
422
442
451
443
426
413
417
424
421
401
373
366
394
436
461
444
394
360
390
489
602
653
623
566
558
629
743
847
933
1009
1060
1066
1051
1064
1137
1292
1532
1720
1568
899
-52
-762
-909
-606
-225
-104
-412
-1114
-1934
-2481
-2546
-2256
-1901
-1648
-1513
-1489
-1591
-1785
-1956
-1979
-1755
-1249
-561
70
382
301
-12
-249
-167
285
931
1480
1723
1638
1354
1044
835
761
783
837
891
916
847
610
200
-274
-647
-795
-711
-514
-384
-447
-700
-1015
-1235
-1267
-1117
-868
-620
-447
-394
-454
-565
-644
-636
-519
-290
5
264
376
301
122
-22
-43
63
223
336
338
214
8
-206
-350
-388
-334
-243
-174
-159
-204
-293
-389
-443
-415
-304
-145
-4
59
24
-67
-137
-127
-31
114
255
355
398
394
367
345
356
414
503
588
632
623
573
507
456
456
524
637
752
824
836
798
750
754
864
1064
1263
1374
1393
1385
1396
1437
1514
1639
1800
1972
2150
2265
2084
1375
271
-671
-953
-619
-179
-117
-576
-1425
-2386
-3103
-3303
-3017
-2568
-2269
-2185
-2229
-2332
-2471
-2580
-2541
-2261
-1719
-980
-245
233
317
121
-62
35
493
1178
1824
2192
2189
1917
1571
1306
1181
1160
1173
1163
1099
948
667
230
-305
-802
-1115
-1184
-1073
-937
-937
-1135
-1456
-1736
-1854
-1790
-1599
-1346
-1074
-823
-637
-536
-499
-476
-401
-222
69
408
679
783
707
530
364
293
322
400
452
430
320
141
-67
-265
-408
-472
-464
-423
-395
-418
-503
-626
-741
-784
-715
-552
-361
-215
-147
-135
-129
-91
0
138
305
472
612
697
723
707
683
689
746
840
928
961
920
822
720
664
677
750
837
891
882
823
759
753
832
979
1141
1269
1346
1395
1435
1482
1556
1663
1792
1930
2091
2265
2289
1879
933
-194
-859
-713
-66
364
83
-835
-1925
-2741
-3071
-2946
-2556
-2155
-1963
-2040
-2282
-2511
-2612
-2571
-2396
-2045
-1463
-720
-64
232
101
-213
-336
-34
643
1416
1972
2136
1947
1593
1279
1131
1147
1236
1305
1298
1200
1000
678
232
-266
-683
-887
-845
-671
-559
-667
-1000
-1415
-1721
-1812
-1689
-1429
-1137
-908
-800
-813
-888
-930
-860
-643
-318
32
316
463
457
344
215
161
225
383
548
630
577
407
184
-8
-112
-117
-58
4
8
-74
-233
-414
-556
-614
-580
-484
-371
-281
-242
-253
-290
-310
-256
-118
74
264
412
495
512
493
478
510
602
730
850
908
889
823
738
652
581
585
686
822
882
816
680
580
570
626
687
716
736
795
888
950
930
858
827
885
1006
1136
1237
1252
1076
623
-6
-511
-603
-282
116
192
-194
-835
-1381
-1616
-1571
-1435
-1363
-1379
-1413
-1407
-1387
-1417
-1519
-1630
-1638
-1472
-1143
-759
-456
-329
-357
-425
-403
-228
62
362
569
639
608
543
494
456
395
301
207
162
186
235
241
157
3
-148
-221
-193
-104
-24
0
-31
-78
-104
-91
-45
-6
5
-15
-40
-41
-8
40
75
79
59
33
12
-5
-26
-57
-99
-140
-167
-177
-186
-211
-256
-307
-344
-349
-320
-275
-241
-241
-274
-312
-332
-322
-284
-235
-189
-155
-139
-139
-142
-144
-134
-113
-84
-50
-15
16
33
31
17
6
18
55
109
153
176
170
151
145
163
201
243
277
293
297
292
281
269
262
262
277
299
319
322
305
268
228
201
201
227
265
295
302
280
247
217
208
223
262
312
355
377
367
319
248
180
145
157
201
241
243
195
111
23
-36
-58
-56
-49
-49
-59
-78
-108
-152
-202
-248
-277
-283
-274
-260
-255
-262
-278
-294
-295
-280
-251
-218
-197
-194
-203
-210
-203
-180
-150
-122
-102
-87
-75
-60
-48
-38
-32
-20
4
38
70
85
75
51
33
39
69
109
138
141
120
84
55
41
42
49
49
38
22
4
-14
-30
-47
-59
-62
-53
-38
-29
-41
-70
-100
-111
-92
-53
-16
0
-10
-31
-46
-41
-18
13
40
53
50
41
38
43
53
61
61
60
67
77
86
83
68
51
45
54
72
86
86
74
57
49
51
62
71
70
64
60
65
78
87
83
68
58
62
84
110
127
132
131
130
137
149
166
186
203
217
227
240
258
278
296
311
321
319
299
256
206
170
160
171
182
174
135
67
-12
-85
-143
-184
-216
-245
-277
-310
-344
-382
-425
-464
-486
-480
-441
-383
-330
-301
-301
-316
-328
-324
-302
-269
-238
-219
-213
-213
-212
-208
-207
-207
-201
-184
-160
-138
-130
-132
-140
-142
-134
-116
-88
-60
-40
-35
-41
-46
-40
-22
3
22
35
39
43
48
54
57
56
54
53
53
57
56
46
27
8
4
16
30
32
18
-1
-13
-15
-12
-6
-2
-1
-5
-17
-28
-29
-17
-5
-7
-18
-25
-18
0
9
-1
-23
-39
-37
-23
-6
3
-3
-14
-24
-22
-6
9
10
0
-11
-1
26
48
51
40
34
44
62
77
85
88
91
98
107
117
128
139
147
156
169
192
220
243
255
263
274
292
312
329
343
352
358
367
381
396
397
368
308
237
186
174
193
213
203
153
74
-9
-76
-120
-145
-160
-177
-201
-227
-256
-285
-319
-350
-367
-362
-333
-292
-257
-242
-254
-281
-298
-286
-243
-187
-146
-138
-152
-164
-156
-134
-112
-98
-86
-64
-33
-3
7
-2
-12
-7
15
43
69
84
96
103
103
93
83
81
90
101
105
100
93
86
76
57
31
8
-4
-6
-2
0
-5
-18
-37
-56
-70
-75
-72
-66
-56
-43
-31
-31
-43
-58
-61
-42
-16
-7
-19
-42
-49
-31
2
29
38
36
32
33
36
37
36
38
42
38
24
8
1
4
5
-2
-12
-10
9
27
21
-2
-16
-1
31
37
-12
-93
-147
-136
-72
5
74
125
154
159
154
174
258
392
516
564
532
478
459
485
536
589
641
689
724
733
714
664
573
446
314
232
234
287
302
205
3
-234
-420
-511
-521
-502
-505
-558
-659
-787
-906
-983
-1002
-969
-904
-828
-757
-702
-680
-689
-702
-676
-571
-393
-202
-65
-21
-41
-72
-61
12
135
273
374
397
343
264
219
231
267
288
295
300
297
260
182
94
32
-1
-20
-41
-66
-94
-144
-229
-333
-412
-423
-381
-342
-346
-379
-400
-391
-370
-350
-330
-309
-292
-278
-241
-167
-96
-85
-140
-186
-140
-11
106
130
87
74
131
181
145
75
97
223
302
198
2
-73
47
185
149
-15
-87
16
136
92
-71
-144
-26
149
193
85
-10
27
126
146
91
95
221
360
374
267
180
220
360
488
546
561
568
565
542
541
606
728
838
879
868
864
900
961
1037
1144
1253
1238
975
532
172
126
361
605
590
270
-205
-636
-899
-955
-849
-704
-674
-843
-1155
-1451
-1606
-1602
-1509
-1401
-1292
-1174
-1069
-1020
-1048
-1097
-1066
-877
-536
-146
156
274
216
102
77
217
487
774
954
967
837
661
538
522
585
658
678
624
519
402
285
158
27
-58
-59
-8
-3
-118
-326
-537
-667
-695
-651
-585
-541
-557
-644
-763
-839
-807
-662
-472
-343
-322
-382
-428
-400
-311
-209
-117
-20
91
186
209
160
112
142
243
348
409
423
417
366
249
113
61
136
249
281
201
68
-38
-81
-63
-16
28
55
68
59
14
-46
-52
42
179
245
202
149
192
304
360
324
304
403
575
679
654
576
560
636
750
845
915
962
979
967
972
1039
1171
1326
1470
1566
1540
1307
877
437
239
386
702
871
672
128
-535
-1045
-1233
-1103
-841
-697
-832
-1231
-1720
-2078
-2176
-2037
-1792
-1577
-1466
-1460
-1529
-1627
-1689
-1629
-1388
-997
-565
-233
-96
-142
-252
-257
-39
377
830
1132
1187
1034
822
707
765
951
1141
1215
1133
930
690
490
366
312
297
287
252
158
-21
-280
-561
-778
-868
-836
-766
-771
-902
-1116
-1306
-1374
-1300
-1129
-951
-844
-834
-884
-909
-857
-727
-557
-387
-238
-125
-52
-6
40
110
210
349
511
644
670
576
446
379
403
459
478
443
358
222
50
-87
-120
-66
-28
-72
-168
-223
-206
-159
-131
-117
-86
-34
13
57
108
152
186
240
358
511
611
619
616
699
847
968
1034
1108
1223
1309
1310
1294
1375
1567
1772
1905
1963
1952
1805
1456
994
654
639
897
1133
1022
471
-306
-959
-1238
-1148
-910
-797
-975
-1432
-1991
-2414
-2543
-2393
-2123
-1918
-1867
-1945
-2066
-2145
-2123
-1966
-1664
-1263
-860
-569
-449
-457
-467
-343
-18
455
920
1196
1209
1051
915
955
1184
1484
1695
1714
1540
1271
1040
936
946
980
952
825
616
373
138
-61
-215
-314
-362
-409
-546
-827
-1189
-1467
-1524
-1361
-1137
-1041
-1147
-1376
-1551
-1526
-1287
-950
-680
-571
-605
-677
-661
-499
-224
71
299
436
507
552
592
638
710
817
941
1028
1026
913
730
564
479
472
476
419
278
91
-82
-189
-209
-168
-136
-164
-241
-294
-278
-198
-106
-33
26
90
165
256
373
516
663
785
893
1017
1172
1312
1394
1438
1511
1662
1851
2014
2142
2265
2368
2350
2125
1729
1332
1117
1142
1295
1342
1068
439
-329
-894
-1062
-916
-755
-846
-1261
-1862
-2407
-2692
-2658
-2427
-2221
-2195
-2350
-2560
-2682
-2641
-2434
-2118
-1770
-1464
-1247
-1119
-1035
-916
-684
-304
161
578
826
887
852
867
1028
1325
1646
1845
1833
1650
1428
1307
1332
1430
1482
1399
1179
889
618
425
317
249
156
-18
-288
-625
-958
-1201
-1309
-1315
-1308
-1378
-1538
-1720
-1826
-1797
-1649
-1463
-1323
-1269
-1271
-1254
-1149
-945
-693
-469
-314
-214
-107
47
251
472
666
810
893
926
935
951
984
1013
1002
917
765
583
416
294
222
179
126
22
-136
-301
-404
-412
-350
-275
-241
-264
-322
-365
-329
-186
28
233
368
448
530
661
838
1034
1226
1420
1616
1784
1903
1997
2141
2369
2612
2727
2616
2298
1882
1517
1345
1426
1619
1605
1120
255
-568
-956
-886
-680
-702
-1086
-1719
-2376
-2820
-2914
-2712
-2459
-2409
-2620
-2926
-3113
-3074
-2847
-2518
-2177
-1892
-1705
-1602
-1506
-1327
-1006
-558
-68
334
553
610
628
755
1058
1464
1813
1965
1892
1706
1574
1601
1755
1906
1921
1753
1458
1149
931
836
804
731
526
175
-251
-632
-869
-947
-955
-1026
-1239
-1559
-1861
-2004
-1939
-1732
-1533
-1472
-1564
-1697
-1725
-1565
-1253
-914
-672
-577
-562
-503
-311
1
345
618
781
852
890
951
1058
1192
1300
1328
1255
1105
934
798
715
651
567
442
280
97
-81
-203
-238
-208
-188
-240
-353
-456
-478
-400
-247
-75
62
142
195
291
473
712
946
1147
1332
1519
1693
1838
1989
2212
2509
2776
2881
2782
2541
2244
1955
1764
1771
1927
1941
1497
632
-198
-551
-432
-262
-419
-939
-1609
-2207
-2583
-2661
-2502
-2342
-2427
-2767
-3122
-3260
-3153
-2916
-2649
-2398
-2209
-2119
-2076
-1957
-1677
-1252
-785
-379
-104
31
100
241
545
975
1383
1625
1653
1552
1477
1543
1747
1959
2033
1913
1665
1414
1260
1217
1207
1122
895
568
234
-36
-241
-426
-628
-849
-1071
-1275
-1454
-1618
-1753
-1833
-1840
-1793
-1749
-1744
-1757
-1730
-1621
-1434
-1217
-1028
-890
-775
-621
-392
-120
131
325
468
598
740
895
1037
1135
1173
1161
1134
1110
1077
1001
876
725
585
479
391
285
141
-18
-146
-222
-264
-301
-337
-363
-380
-393
-381
-315
-190
-47
82
208
358
535
709
879
1078
1321
1563
1745
1886
2072
2335
2589
2710
2651
2460
2189
1896
1712
1775
1993
1995
1467
569
-149
-314
-104
-10
-304
-884
-1516
-2042
-2356
-2381
-2215
-2138
-2357
-2769
-3079
-3131
-2997
-2808
-2604
-2404
-2279
-2269
-2267
-2113
-1761
-1315
-908
-617
-458
-384
-279
-21
399
846
1138
1220
1180
1162
1262
1479
1723
1869
1837
1664
1478
1385
1386
1396
1324
1154
913
643
387
181
30
-116
-335
-637
-929
-1112
-1190
-1264
-1404
-1579
-1708
-1754
-1734
-1684
-1624
-1573
-1536
-1489
-1392
-1233
-1039
-840
-649
-472
-308
-146
38
246
457
639
779
877
934
967
1007
1072
1125
1105
999
850
725
651
604
544
437
279
102
-38
-113
-138
-158
-206
-283
-358
-393
-362
-267
-144
-34
45
122
237
413
626
839
1032
1213
1388
1565
1774
2025
2273
2427
2443
2383
2302
2165
1936
1748
1781
1961
1907
1359
562
53
40
202
116
-296
-828
-1319
-1720
-1960
-1962
-1856
-1916
-2248
-2638
-2821
-2773
-2648
-2534
-2408
-2294
-2267
-2303
-2247
-1998
-1628
-1283
-1036
-866
-745
-626
-421
-75
338
661
805
834
875
1007
1224
1463
1642
1686
1602
1482
1418
1426
1453
1439
1359
1204
966
688
465
360
323
215
-48
-402
-703
-870
-933
-979
-1063
-1195
-1355
-1497
-1552
-1506
-1406
-1330
-1302
-1287
-1236
-1133
-972
-759
-542
-379
-274
-165
5
222
436
616
747
816
832
856
944
1059
1109
1051
934
827
756
701
647
585
489
351
196
80
26
3
-34
-106
-195
-265
-280
-240
-158
-68
12
80
152
254
396
579
788
1004
1188
1314
1438
1651
1951
2175
2188
2066
2003
2022
1946
1737
1610
1697
1743
1396
745
260
195
281
135
-250
-647
-982
-1344
-1672
-1784
-1710
-1733
-2020
-2382
-2556
-2543
-2496
-2456
-2359
-2235
-2211
-2280
-2260
-2035
-1704
-1422
-1226
-1069
-937
-818
-637
-327
49
333
457
497
579
735
936
1146
1318
1389
1332
1214
1155
1203
1291
1309
1202
1000
773
590
492
453
392
220
-58
-346
-537
-612
-649
-732
-882
-1061
-1210
-1281
-1265
-1209
-1176
-1190
-1213
-1184
-1092
-960
-811
-660
-530
-428
-328
-185
4
192
339
443
518
575
632
710
811
879
866
785
702
668
670
657
600
504
391
283
199
147
117
79
11
-73
-129
-140
-124
-91
-32
44
100
126
188
336
537
707
824
935
1072
1231
1434
1692
1916
1970
1870
1783
1786
1755
1611
1506
1581
1642
1359
767
305
248
363
261
-87
-459
-773
-1110
-1426
-1543
-1475
-1495
-1763
-2109
-2285
-2294
-2280
-2264
-2174
-2062
-2061
-2147
-2137
-1940
-1662
-1431
-1253
-1092
-971
-881
-720
-424
-87
152
266
347
455
593
770
990
1171
1209
1123
1061
1113
1203
1215
1136
1032
937
834
713
592
477
355
225
94
-48
-217
-390
-526
-604
-663
-749
-858
-953
-1006
-1014
-1001
-978
-955
-922
-868
-786
-677
-554
-433
-320
-213
-97
39
184
310
403
468
529
597
664
714
739
738
725
706
681
639
586
540
507
460
379
286
223
201
177
123
63
31
30
44
82
146
203
226
257
360
523
671
774
880
1012
1150
1303
1510
1722
1807
1734
1644
1635
1608
1473
1371
1467
1575
1335
753
292
260
405
307
-50
-391
-642
-943
-1268
-1394
-1316
-1336
-1621
-1952
-2077
-2061
-2087
-2123
-2042
-1917
-1929
-2043
-2030
-1815
-1560
-1395
-1264
-1113
-993
-910
-756
-461
-144
43
120
200
327
477
646
836
981
1000
933
911
979
1056
1062
1000
904
787
668
586
541
472
332
150
-13
-133
-228
-313
-400
-513
-652
-784
-858
-873
-867
-876
-907
-940
-942
-894
-797
-685
-590
-518
-445
-348
-223
-83
53
158
228
280
342
421
490
534
564
581
573
537
499
487
494
489
444
359
261
194
174
173
146
89
35
2
-15
-11
41
123
169
160
179
302
475
593
656
745
888
1039
1193
1382
1546
1571
1471
1428
1495
1504
1347
1208
1275
1378
1175
693
330
298
350
196
-96
-325
-528
-849
-1188
-1303
-1229
-1268
-1539
-1820
-1915
-1916
-1965
-2005
-1932
-1835
-1857
-1940
-1900
-1711
-1517
-1389
-1265
-1115
-1000
-921
-777
-524
-263
-99
-5
93
213
342
499
679
808
829
799
820
897
955
950
904
836
740
636
572
547
499
382
218
64
-52
-125
-175
-238
-349
-497
-623
-682
-691
-691
-700
-718
-744
-758
-725
-634
-522
-431
-365
-302
-222
-121
2
132
231
280
309
365
451
524
559
570
573
557
522
492
491
501
481
415
325
246
206
199
195
162
102
41
13
27
69
119
158
189
234
313
410
505
616
760
907
998
1077
1242
1477
1603
1533
1427
1458
1530
1423
1197
1142
1307
1344
996
503
267
302
285
74
-163
-340
-592
-960
-1222
-1217
-1142
-1264
-1544
-1742
-1795
-1834
-1888
-1849
-1727
-1681
-1769
-1829
-1717
-1508
-1336
-1207
-1075
-965
-908
-824
-624
-347
-132
-26
35
117
226
369
549
710
777
751
728
770
842
888
886
838
745
634
559
541
528
453
315
162
37
-48
-106
-157
-233
-348
-474
-563
-599
-604
-604
-617
-643
-665
-651
-585
-482
-384
-310
-255
-198
-117
3
139
250
308
329
362
423
494
554
594
596
552
494
473
493
502
462
390
320
249
177
135
135
130
68
-24
-71
-46
5
27
30
61
138
240
328
395
477
604
758
895
1024
1180
1321
1363
1321
1340
1444
1443
1219
996
1063
1296
1253
797
322
204
312
267
9
-243
-423
-671
-985
-1151
-1118
-1126
-1334
-1592
-1699
-1713
-1786
-1865
-1816
-1693
-1680
-1779
-1804
-1664
-1477
-1351
-1242
-1109
-1005
-955
-861
-640
-369
-191
-125
-73
25
157
309
469
587
611
575
578
657
748
776
730
649
566
505
478
472
434
336
203
81
-6
-65
-118
-179
-265
-379
-487
-553
-562
-546
-549
-585
-626
-628
-575
-486
-396
-322
-268
-214
-142
-38
90
208
287
328
361
412
485
557
607
621
600
569
554
560
557
528
475
411
351
305
272
239
191
132
73
29
11
33
72
89
75
93
177
283
342
387
497
667
795
865
980
1175
1314
1292
1230
1280
1353
1252
1045
1014
1202
1262
950
500
300
354
350
159
-57
-206
-423
-745
-967
-959
-917
-1076
-1354
-1510
-1521
-1557
-1653
-1666
-1570
-1532
-1623
-1689
-1593
-1414
-1296
-1225
-1116
-994
-929
-865
-693
-443
-257
-187
-137
-35
100
237
385
519
567
529
509
593
726
791
746
638
528
461
455
491
489
392
226
83
18
2
-17
-77
-179
-305
-415
-469
-463
-440
-451
-508
-573
-588
-530
-423
-326
-271
-244
-210
-144
-39
100
235
324
349
356
408
513
614
657
651
637
637
636
627
620
610
577
507
425
370
345
322
277
210
132
60
24
43
89
105
73
49
92
183
263
340
449
566
635
686
831
1063
1218
1196
1125
1156
1215
1125
953
956
1150
1205
904
475
288
339
339
173
-16
-155
-372
-689
-899
-882
-835
-982
-1249
-1409
-1437
-1482
-1565
-1560
-1469
-1454
-1566
-1637
-1540
-1369
-1257
-1189
-1096
-1007
-971
-910
-724
-478
-314
-263
-221
-121
-2
120
283
453
517
452
385
449
607
717
703
596
462
367
349
395
422
348
187
28
-61
-92
-106
-141
-220
-347
-482
-559
-559
-526
-524
-575
-643
-671
-625
-525
-414
-341
-313
-293
-233
-115
32
156
233
275
312
359
428
517
605
649
630
584
569
603
639
628
567
493
437
402
380
347
295
228
160
107
68
50
63
91
95
68
60
113
215
317
398
463
526
611
765
967
1102
1096
1042
1081
1173
1128
930
830
981
1158
1021
601
274
242
309
237
56
-107
-289
-573
-835
-893
-818
-872
-1116
-1340
-1403
-1412
-1475
-1512
-1445
-1383
-1450
-1554
-1516
-1350
-1212
-1151
-1081
-982
-922
-882
-756
-528
-337
-266
-234
-141
-12
96
212
371
502
520
459
439
511
623
703
707
612
449
324
327
412
435
319
127
-25
-93
-102
-101
-144
-261
-418
-533
-556
-521
-501
-539
-612
-670
-667
-593
-474
-374
-322
-303
-270
-187
-53
101
226
289
304
329
409
527
627
668
661
636
623
641
686
714
684
599
515
479
480
470
422
351
279
209
152
134
162
190
169
107
79
134
235
315
358
403
468
543
651
823
1007
1082
1014
953
1036
1151
1091
884
811
972
1088
876
474
252
293
331
180
-33
-177
-336
-589
-795
-812
-774
-906
-1167
-1319
-1305
-1299
-1384
-1438
-1390
-1357
-1424
-1472
-1375
-1214
-1134
-1111
-1035
-915
-840
-787
-652
-448
-305
-262
-219
-103
34
137
237
366
464
471
432
447
541
644
681
630
521
415
369
387
413
369
251
114
10
-45
-71
-105
-174
-284
-399
-476
-502
-503
-513
-557
-619
-661
-641
-562
-471
-410
-380
-351
-294
-196
-63
71
161
203
233
302
401
499
571
609
611
588
583
622
671
667
606
538
499
469
430
399
378
330
235
151
139
183
204
165
101
63
80
156
258
327
331
328
389
510
646
786
929
1007
965
895
942
1058
1045
864
751
857
966
793
429
213
242
264
106
-109
-239
-368
-596
-808
-854
-829
-943
-1168
-1306
-1305
-1314
-1400
-1446
-1389
-1353
-1414
-1465
-1382
-1230
-1141
-1108
-1038
-932
-858
-791
-651
-460
-331
-288
-233
-109
26
120
206
318
415
453
462
495
541
565
576
596
597
525
406
326
327
350
319
212
74
-37
-96
-113
-136
-210
-329
-444
-508
-518
-513
-532
-580
-628
-636
-590
-517
-451
-400
-351
-295
-225
-130
-11
103
180
227
283
363
453
530
583
612
614
610
632
676
693
655
593
548
522
490
451
413
363
289
226
206
210
196
163
140
130
122
141
220
311
338
323
371
506
629
700
800
953
1037
979
910
965
1034
951
802
817
950
896
565
263
236
317
228
-7
-174
-264
-441
-686
-800
-767
-804
-1011
-1214
-1259
-1237
-1289
-1359
-1340
-1294
-1333
-1406
-1366
-1214
-1098
-1072
-1040
-946
-848
-776
-669
-503
-358
-302
-268
-162
-6
117
188
262
356
430
460
484
535
596
631
628
592
536
471
420
401
399
367
277
149
35
-20
-34
-61
-138
-254
-365
-433
-457
-460
-475
-524
-584
-610
-574
-502
-436
-398
-369
-329
-261
-162
-39
73
147
189
238
315
404
478
533
571
591
599
609
632
652
644
606
562
526
501
486
461
403
311
241
230
248
233
182
143
138
150
169
222
283
303
297
349
485
614
678
745
875
980
956
885
926
1039
1022
847
743
830
900
723
410
244
259
231
59
-132
-247
-382
-598
-775
-809
-815
-948
-1155
-1261
-1254
-1270
-1351
-1395
-1362
-1341
-1377
-1386
-1301
-1189
-1132
-1098
-1018
-912
-839
-772
-644
-484
-382
-346
-283
-154
-22
61
126
214
301
346
369
414
483
528
531
509
476
427
376
348
346
331
264
157
57
-4
-29
-58
-121
-218
-318
-386
-417
-435
-463
-507
-553
-578
-569
-524
-462
-410
-383
-359
-304
-209
-94
11
90
143
187
246
337
437
501
514
509
530
579
616
613
580
548
532
524
498
448
395
359
329
279
220
194
205
202
151
95
100
162
217
230
236
279
365
467
549
610
693
825
950
970
900
884
985
1060
959
786
765
877
863
617
350
271
285
186
-10
-151
-243
-414
-646
-772
-761
-795
-968
-1143
-1192
-1190
-1249
-1325
-1314
-1263
-1276
-1329
-1306
-1196
-1107
-1078
-1030
-927
-839
-790
-710
-560
-415
-345
-304
-210
-78
22
86
165
266
335
358
383
446
511
539
529
513
494
465
424
378
333
296
264
221
144
46
-36
-82
-116
-168
-237
-307
-369
-422
-457
-473
-481
-497
-508
-490
-443
-390
-344
-299
-238
-164
-81
2
82
154
221
288
350
397
440
492
544
571
562
552
566
585
578
542
505
473
438
403
375
344
296
241
215
215
202
171
153
167
189
197
217
272
344
407
465
529
594
678
804
921
942
873
849
937
1007
922
775
753
835
801
581
359
288
276
177
13
-113
-232
-424
-621
-693
-681
-753
-944
-1102
-1135
-1135
-1189
-1244
-1235
-1216
-1254
-1290
-1235
-1125
-1060
-1047
-1004
-915
-837
-777
-682
-547
-439
-391
-340
-231
-98
-1
61
126
197
255
306
369
435
476
480
466
447
433
429
436
425
369
282
208
161
122
71
18
-45
-127
-220
-288
-316
-339
-390
-458
-505
-520
-515
-498
-473
-453
-440
-416
-356
-271
-193
-125
-61
-2
52
111
199
294
347
356
374
429
480
488
486
504
518
486
433
420
436
420
357
301
272
235
184
175
204
189
100
39
91
185
208
172
177
248
338
423
515
584
610
663
803
936
931
842
839
925
937
832
773
819
795
591
379
347
384
271
41
-104
-157
-284
-501
-628
-618
-653
-838
-1026
-1075
-1061
-1110
-1182
-1183
-1159
-1212
-1287
-1250
-1117
-1035
-1051
-1057
-982
-885
-815
-733
-612
-513
-472
-430
-319
-175
-72
-15
44
116
178
239
334
436
478
455
431
455
509
540
527
479
408
339
304
295
263
182
81
3
-50
-109
-175
-232
-282
-345
-418
-467
-478
-472
-476
-493
-500
-487
-447
-384
-309
-248
-207
-166
-96
0
87
154
207
265
321
362
400
450
497
516
505
502
516
529
516
485
457
425
379
339
322
308
266
209
175
163
143
119
126
154
160
138
153
239
337
386
406
467
578
700
794
845
849
844
882
937
923
837
793
845
862
713
494
398
426
390
214
36
-52
-147
-326
-486
-527
-552
-693
-885
-974
-975
-1013
-1101
-1134
-1111
-1138
-1220
-1228
-1125
-1036
-1043
-1062
-1000
-904
-846
-790
-682
-569
-519
-493
-400
-260
-156
-97
-20
79
143
177
255
390
493
503
474
482
531
579
604
598
544
456
384
367
375
346
259
147
39
-50
-107
-133
-161
-231
-345
-452
-502
-493
-466
-465
-500
-545
-555
-506
-413
-330
-293
-286
-256
-174
-65
31
100
149
191
232
286
356
428
471
472
457
455
475
502
511
486
422
348
314
330
339
287
192
128
121
133
117
87
81
89
82
76
114
197
273
316
355
420
492
564
668
807
889
846
768
803
935
984
885
783
785
789
666
486
421
443
370
160
-34
-121
-195
-337
-467
-524
-597
-770
-946
-994
-966
-1007
-1122
-1195
-1196
-1207
-1243
-1228
-1150
-1106
-1136
-1150
-1073
-959
-886
-835
-757
-673
-618
-558
-439
-293
-194
-146
-84
12
113
199
289
382
448
478
502
542
582
608
631
643
610
525
445
413
417
399
319
197
77
-6
-47
-70
-119
-219
-337
-421
-452
-453
-464
-495
-541
-573
-571
-522
-451
-396
-372
-357
-316
-238
-143
-52
19
67
102
147
214
290
356
396
400
382
378
420
479
484
416
345
339
363
342
276
232
229
207
145
102
120
141
108
61
66
111
148
180
239
298
327
363
466
600
671
692
763
882
940
902
887
956
1000
936
854
868
893
769
556
451
481
456
277
72
-39
-124
-276
-427
-487
-532
-680
-886
-993
-988
-1010
-1107
-1187
-1196
-1208
-1266
-1290
-1223
-1144
-1135
-1156
-1115
-1018
-940
-882
-798
-693
-618
-568
-483
-350
-226
-142
-66
25
116
194
283
393
486
537
572
622
674
704
716
727
730
708
672
635
580
496
409
351
315
258
159
41
-68
-154
-212
-248
-291
-364
-459
-528
-549
-536
-524
-533
-546
-549
-523
-467
-397
-332
-289
-254
-211
-142
-47
49
115
139
150
198
279
346
363
351
351
367
375
366
352
341
318
284
254
238
219
188
165
160
161
146
115
96
115
165
207
210
201
238
341
452
511
528
568
666
787
887
951
977
969
966
1005
1057
1041
957
899
901
862
699
506
431
445
374
163
-59
-187
-272
-390
-516
-606
-713
-883
-1043
-1090
-1073
-1119
-1237
-1325
-1334
-1328
-1341
-1326
-1266
-1226
-1236
-1234
-1156
-1040
-949
-877
-792
-704
-640
-565
-433
-276
-168
-115
-54
47
155
249
341
429
487
513
553
627
696
724
731
743
734
684
630
627
648
605
463
302
226
231
224
128
-39
-197
-279
-283
-272
-319
-434
-559
-625
-612
-570
-555
-582
-622
-639
-611
-541
-456
-396
-371
-352
-310
-235
-143
-52
14
39
34
53
126
215
260
243
215
211
227
243
260
274
264
226
185
167
178
207
229
215
152
102
134
227
277
242
197
231
320
385
414
454
518
577
627
691
765
821
871
945
1017
1023
965
932
963
992
953
875
808
724
583
434
359
337
255
67
-142
-286
-379
-474
-580
-676
-785
-932
-1076
-1145
-1143
-1151
-1216
-1294
-1332
-1327
-1306
-1265
-1203
-1155
-1145
-1132
-1059
-943
-834
-754
-682
-606
-530
-446
-327
-187
-78
-18
32
111
212
316
411
489
532
556
602
680
753
784
784
780
778
772
770
762
717
629
544
495
455
370
249
150
90
26
-69
-176
-262
-323
-375
-430
-489
-548
-600
-629
-634
-632
-639
-646
-638
-609
-558
-501
-451
-413
-372
-306
-220
-140
-81
-43
-7
52
130
193
215
217
241
295
330
322
307
322
351
348
319
304
319
342
346
325
288
263
287
346
374
337
298
326
394
418
399
414
490
560
570
561
596
669
731
758
767
778
811
864
896
863
781
722
708
701
665
608
528
392
218
102
93
95
-17
-230
-422
-518
-558
-606
-681
-785
-915
-1030
-1081
-1068
-1061
-1097
-1149
-1175
-1173
-1152
-1109
-1043
-985
-958
-941
-896
-814
-713
-611
-526
-466
-418
-355
-249
-116
2
77
117
161
238
350
461
531
557
573
610
662
708
737
746
735
712
688
664
626
570
507
449
388
311
215
118
32
-46
-124
-207
-292
-375
-448
-510
-563
-616
-668
-709
-730
-737
-735
-735
-730
-713
-680
-635
-584
-529
-470
-413
-356
-289
-211
-138
-82
-36
19
83
139
174
205
248
287
300
298
311
344
366
361
349
350
351
336
324
335
350
327
273
247
277
314
302
258
240
258
271
264
272
309
339
330
317
342
394
423
424
436
484
529
528
502
508
562
610
590
514
447
433
451
445
393
308
211
120
48
8
-21
-82
-196
-334
-439
-487
-504
-539
-614
-716
-802
-842
-841
-833
-845
-873
-899
-901
-880
-839
-785
-731
-691
-664
-631
-573
-486
-391
-314
-263
-222
-165
-78
19
104
160
196
233
286
354
419
464
482
483
484
502
527
536
509
463
433
429
420
375
298
230
193
165
115
40
-31
-79
-117
-164
-231
-300
-348
-367
-373
-392
-434
-477
-490
-470
-447
-439
-441
-435
-411
-367
-312
-259
-227
-215
-200
-149
-62
34
101
118
114
129
184
250
287
294
302
322
333
325
320
339
353
327
277
253
262
269
254
231
206
170
141
149
180
177
128
91
110
147
151
131
131
152
157
147
159
195
219
216
217
247
280
287
287
306
336
353
359
363
366
371
387
402
391
363
353
369
373
326
261
234
242
229
172
97
42
12
-17
-55
-109
-176
-238
-276
-294
-322
-379
-433
-466
-484
-502
-517
-524
-529
-542
-548
-535
-512
-492
-477
-450
-415
-385
-360
-328
-292
-254
-217
-176
-138
-115
-95
-55
-1
33
35
36
67
115
144
138
125
131
150
162
160
148
135
124
118
114
100
74
52
40
28
5
-23
-41
-50
-64
-84
-102
-114
-127
-136
-134
-131
-142
-166
-177
-160
-139
-140
-154
-161
-153
-147
-144
-132
-113
-107
-119
-122
-101
-69
-54
-57
-59
-48
-30
-12
-2
0
-2
-1
4
7
8
11
17
9
-9
-12
10
22
1
-28
-21
12
22
-1
-11
13
37
32
23
45
75
74
59
79
130
152
127
108
138
188
199
181
179
199
215
216
224
237
232
211
204
224
245
232
199
176
177
187
190
171
134
102
100
119
117
78
31
13
22
26
17
-6
-40
-74
-82
-57
-41
-71
-124
-145
-119
-96
-110
-141
-151
-142
-140
-147
-146
-139
-141
-151
-153
-140
-133
-140
-146
-133
-114
-110
-123
-132
-119
-90
-74
-84
-106
-103
-73
-46
-45
-65
-73
-57
-34
-27
-31
-35
-31
-22
-14
-9
-9
-14
-14
-7
1
-2
-13
-18
-10
-2
-6
-21
-30
-27
-23
-23
-29
-33
-39
-47
-52
-47
-35
-33
-51
-72
-72
-46
-27
-42
-75
-83
-54
-24
-33
-65
-73
-46
-17
-16
-37
-46
-30
-5
10
9
1
2
17
42
61
63
58
58
74
99
119
123
114
110
127
153
163
152
139
147
166
173
164
156
155
158
160
162
160
153
143
142
151
154
141
123
122
137
142
121
96
94
112
117
94
68
66
77
74
58
51
53
44
22
17
37
48
24
-9
-11
18
34
17
-8
-11
2
13
13
9
-3
-9
1
20
25
6
-10
-1
20
25
15
7
6
7
7
15
25
19
0
-9
4
17
12
-3
-9
-7
-7
-11
-14
-19
-26
-30
-31
-35
-47
-54
-49
-46
-57
-74
-76
-69
-71
-86
-93
-89
-89
-100
-110
-107
-107
-116
-123
-118
-114
-128
-143
-137
-116
-115
-137
-149
-134
-115
-117
-129
-128
-119
-116
-115
-106
-94
-98
-106
-97
-73
-61
-71
-79
-65
-47
-39
-41
-38
-31
-29
-24
-14
-7
-11
-14
-3
9
5
-7
-5
15
26
15
-1
-2
14
25
20
6
-2
5
15
13
-2
-13
-4
10
5
-19
-32
-16
6
3
-23
-40
-27
-5
3
-11
-26
-30
-13
7
8
-10
-19
0
25
22
-1
-3
27
49
33
8
16
50
57
33
22
44
63
45
21
35
69
70
34
12
35
74
76
40
16
29
57
64
48
28
23
35
45
41
28
19
22
30
28
18
9
9
16
18
10
-5
-8
2
7
-3
-18
-21
-11
-10
-22
-30
-24
-18
-23
-33
-29
-22
-22
-27
-23
-13
-11
-18
-17
-4
6
4
0
6
18
20
19
23
32
35
35
38
44
45
43
47
55
51
42
42
51
56
45
35
39
47
41
28
26
33
33
24
15
16
18
12
6
9
8
-1
-9
-6
1
-3
-13
-15
-10
-8
-15
-16
-8
-4
-11
-18
-12
-2
4
-3
-9
-5
2
8
10
10
9
10
15
23
28
26
24
26
34
42
43
38
38
45
53
56
51
45
46
56
63
61
50
44
47
57
61
51
38
32
38
44
39
25
13
11
15
16
7
-4
-13
-12
-7
-9
-22
-32
-32
-24
-21
-29
-38
-40
-36
-31
-28
-30
-35
-38
-33
-19
-16
-24
-30
-21
-5
1
-8
-15
-9
4
13
11
5
2
6
14
22
21
13
8
13
20
21
17
10
9
10
9
6
0
-2
-5
-9
-12
-15
-17
-18
-21
-25
-26
-25
-27
-32
-32
-30
-27
-32
-39
-40
-35
-32
-36
-42
-42
-40
-40
-44
-43
-41
-39
-45
-51
-49
-42
-39
-44
-52
-55
-53
-49
-48
-53
-58
-60
-58
-56
-56
-60
-60
-59
-57
-56
-57
-57
-54
-50
-47
-50
-52
-49
-43
-41
-39
-39
-39
-37
-35
-28
-24
-23
-26
-27
-21
-16
-17
-21
-24
-21
-20
-22
-26
-27
-28
-31
-34
-33
-34
-35
-37
-39
-38
-37
-36
-39
-40
-40
-38
-38
-38
-39
-37
-34
-33
-32
-30
-26
-22
-20
-17
-15
-10
-7
-5
-3
-1
1
3
2
4
6
6
8
10
13
15
17
19
27
30
34
36
40
47
50
52
53
56
60
63
65
67
69
71
75
80
85
88
90
95
101
104
107
110
113
114
113
113
114
117
116
111
109
110
111
110
107
105
105
106
105
104
101
98
97
97
94
90
85
84
85
83
79
78
78
82
81
81
81
85
86
89
89
89
91
92
94
94
94
93
95
97
98
98
99
101
103
106
107
109
110
112
111
112
110
108
106
102
100
96
91
86
80
74
70
66
58
53
45
41
36
29
21
13
7
0
-5
-13
-19
-24
-29
-32
-35
-39
-40
-39
-39
-40
-40
-40
-38
-37
-38
-39
-40
-40
-42
-45
-45
-47
-48
-50
-51
-50
-49
-47
-47
-46
-46
-44
-43
-43
-45
-48
-51
-53
-58
-64
-71
-77
-83
-90
-97
-101
-106
-111
-115
-119
-120
-122
-123
-127
-127
-128
-129
-130
-132
-133
-134
-136
-138
-139
-140
-141
-141
-142
-141
-140
-137
-136
-134
-131
-128
-125
-120
-117
-113
-109
-105
-103
-100
-96
-93
-92
-91
-89
-88
-88
-89
-90
-93
-95
-97
-100
-105
-110
-114
-118
-121
-125
-128
-130
-129
-129
-127
-128
-125
-122
-118
-114
-111
-108
-105
-100
-97
-95
-93
-93
-92
-90
-87
-87
-86
-85
-83
-80
-79
-76
-74
-72
-69
-66
-63
-61
-59
-58
-56
-53
-52
-51
-48
-46
-44
-42
-39
-35
-33
-30
-27
-24
-20
-19
-18
-18
-17
-19
-20
-22
-24
-29
-31
-35
-38
-42
-45
-49
-50
-52
-53
-55
-53
-52
-52
-48
-46
-42
-38
-33
-27
-21
-15
-10
-3
4
8
15
20
25
29
33
37
40
42
44
44
44
45
45
44
44
43
42
42
43
42
43
43
43
44
44
43
44
42
41
41
39
36
34
31
28
24
21
18
16
13
9
8
7
5
3
2
1
1
0
-2
-2
-4
-4
-5
-7
-8
-8
-8
-7
-7
-5
-2
-1
2
6
10
14
19
22
28
33
38
43
48
54
58
62
67
74
77
82
86
90
94
97
101
103
105
106
107
107
105
104
103
101
99
97
94
92
88
86
84
82
80
79
77
75
73
70
70
68
65
64
61
58
55
53
50
46
43
40
37
35
31
29
27
24
21
20
18
16
15
13
13
13
13
14
17
18
22
26
28
33
37
40
45
49
52
55
58
60
61
62
62
62
62
60
58
56
55
52
49
47
44
42
38
36
32
28
24
21
16
13
9
6
2
0
-1
-3
-4
-4
-5
-4
-3
-1
0
1
3
5
5
7
8
10
11
12
13
14
16
17
18
19
20
23
23
24
25
26
27
28
28
29
31
31
31
32
32
33
33
33
33
33
31
30
28
25
23
19
17
12
8
3
-1
-6
-10
-14
-18
-22
-26
-31
-35
-39
-44
-50
-55
-61
-68
-75
-81
-87
-93
-99
-104
-108
-110
-112
-112
-113
-111
-108
-106
-103
-99
-95
-92
-88
-84
-82
-79
-77
-76
-73
-71
-69
-67
-64
-60
-55
-51
-46
-40
-34
-27
-19
-11
-4
4
10
16
22
26
30
34
37
37
38
36
36
34
32
28
24
21
18
14
13
10
8
7
8
8
9
11
12
13
15
15
15
14
11
8
4
-1
-8
-15
-22
-29
-37
-44
-50
-54
-57
-59
-59
-58
-56
-52
-48
-43
-39
-33
-29
-26
-23
-20
-18
-18
-17
-17
-17
-18
-19
-18
-19
-18
-19
-17
-16
-14
-12
-11
-8
-6
-3
-2
0
2
5
6
7
9
10
11
13
12
13
13
13
12
10
9
7
6
4
2
0
-2
-3
-3
-3
-2
-2
-1
2
4
6
8
11
13
15
17
19
20
21
22
23
25
25
27
28
29
30
32
34
36
37
38
39
41
42
42
42
42
43
42
42
42
41
42
41
39
38
37
36
34
32
30
28
26
25
23
21
20
20
21
23
24
25
27
30
33
35
38
40
41
41
40
38
37
34
31
26
23
19
15
11
8
5
4
3
1
1
1
0
1
1
1
0
0
-1
-2
-5
-6
-7
-9
-10
-12
-12
-13
-15
-15
-15
-14
-15
-15
-14
-13
-13
-13
-13
-13
-13
-13
-13
-13
-12
-13
-13
-12
-13
-13
-14
-14
-15
-17
-18
-20
-21
-23
-25
-27
-29
-30
-31
-32
-33
-35
-35
-37
-37
-38
-39
-38
-39
-39
-39
-39
-40
-40
-40
-39
-38
-37
-36
-35
-34
-33
-31
-32
-30
-29
-29
-29
-29
-31
-31
-31
-31
-31
-31
-32
-31
-31
-31
-29
-28
-26
-25
-24
-23
0
0
0
0
0
0
0
0
0
0
0
0
0
0
0
0
0
0
0
0
0
0
0
0
0
0
0
0
0
0
0
0
0
0
0
0
0
0
0
0
0
0
0
0
0
0
0
0
0
0
0
0
0
0
0
0
0
0
0
0
0
0
0
0
0
0
0
0
0
0
0
0
0
0
0
0
0
0
0
0
0
0
0
0
0
0
0
0
0
0
0
0
0
0
0
0
0
0
0
0
0
0
0
0
0
0
0
0
0
0
0
0
0
0
0
0
0
0
0
0
0
0
0
0
0
0
0
0
0
0
0
0
0
0
0
0
0
0
0
0
0
0
0
0
0
0
0
0
0
0
0
0
0
0
0
0
0
0
0
0
0
0
0
0
0
0
0
0
0
0
0
0
0
0
0
0
0
0
0
0
0
0
0
0
0
0
0
0
0
0
0
0
0
0
0
0
0
0
