0
0
0
0
0
0
0
0
0
0
0
0
0
0
0
0
0
0
0
0
0
0
0
0
0
0
0
0
0
0
0
0
0
0
0
0
0
0
0
0
0
0
0
0
0
0
0
0
0
0
0
0
0
0
0
0
0
0
0
0
0
0
0
0
0
0
0
0
0
0
0
0
0
0
0
0
0
0
0
0
0
0
0
0
0
0
0
0
0
0
0
0
0
0
0
0
0
0
0
0
0
0
0
0
0
0
0
0
0
0
0
0
0
0
0
0
0
0
0
0
0
0
0
0
0
0
0
0
0
0
0
0
0
0
0
0
0
0
0
0
0
0
0
0
0
0
0
0
0
0
0
0
0
0
0
0
0
0
0
0
0
0
0
0
0
0
0
0
0
0
0
0
0
0
0
0
0
0
0
0
0
0
0
0
0
0
0
0
0
0
0
0
0
0
0
0
0
0
12
19
28
38
42
41
37
29
8
-30
-87
-148
-188
-203
-194
-173
-138
-90
-28
36
84
101
93
76
67
62
52
31
8
-1
9
26
34
33
29
40
62
77
73
51
23
5
-8
-30
-63
-97
-112
-105
-83
-65
-57
-51
-36
-17
-9
-18
-42
-57
-54
-39
-21
-8
10
37
68
93
98
86
71
61
58
56
54
58
70
89
107
110
98
77
52
26
-1
-29
-52
-65
-67
-60
-48
-37
-29
-24
-24
-32
-48
-69
-87
-98
-99
-87
-63
-31
7
46
78
98
104
98
82
62
39
17
1
-5
-1
11
28
46
62
74
80
76
60
34
1
-29
-55
-70
-76
-69
-53
-30
-6
16
27
25
8
-14
-38
-59
-73
-81
-76
-59
-33
-3
24
39
46
43
35
22
3
-16
-32
-36
-30
-21
-11
-2
7
19
27
27
16
3
-13
-28
-46
-65
-81
-89
-86
-75
-59
-44
-30
-16
-8
-8
-17
-32
-45
-53
-54
-46
-31
-10
15
42
64
77
84
83
82
80
79
80
86
98
112
127
140
150
155
157
153
145
138
132
128
129
132
138
150
163
171
177
176
171
165
155
144
132
123
121
125
131
141
154
173
192
213
229
238
240
239
228
207
175
133
86
38
-10
-53
-92
-126
-151
-168
-180
-189
-202
-217
-233
-252
-271
-287
-301
-306
-301
-285
-258
-223
-183
-141
-96
-55
-21
3
15
19
15
5
-9
-26
-39
-49
-50
-45
-36
-26
-17
-13
-16
-28
-51
-85
-125
-168
-208
-247
-275
-295
-305
-302
-292
-275
-252
-229
-208
-188
-173
-160
-150
-140
-128
-111
-89
-63
-31
0
33
64
89
106
117
119
117
113
109
109
114
123
137
154
171
186
201
213
223
232
239
247
261
277
300
325
352
382
416
453
491
528
565
605
646
683
712
727
728
708
665
596
499
375
236
88
-62
-208
-344
-464
-565
-644
-709
-763
-811
-858
-904
-949
-994
-1035
-1068
-1086
-1082
-1053
-999
-921
-823
-706
-576
-444
-313
-191
-77
27
118
201
277
351
425
498
572
642
706
761
803
828
833
818
782
728
660
582
499
412
327
243
164
86
5
-79
-168
-265
-368
-477
-586
-690
-780
-851
-896
-912
-901
-860
-798
-722
-639
-557
-484
-422
-376
-341
-317
-295
-271
-242
-198
-141
-72
8
93
178
256
321
370
394
397
382
350
305
255
205
161
126
100
83
75
73
74
78
79
81
81
84
92
109
136
174
223
284
355
434
516
596
672
740
800
854
899
940
977
1015
1051
1086
1113
1128
1125
1094
1032
930
788
610
404
180
-49
-271
-480
-661
-811
-932
-1023
-1093
-1149
-1198
-1246
-1295
-1344
-1393
-1433
-1460
-1465
-1443
-1387
-1298
-1175
-1022
-848
-661
-469
-281
-103
57
197
316
417
503
577
646
713
780
847
913
973
1024
1057
1069
1057
1020
956
868
760
639
512
384
261
145
34
-71
-172
-271
-372
-477
-587
-700
-808
-908
-992
-1056
-1092
-1099
-1076
-1024
-949
-857
-758
-657
-564
-483
-417
-367
-329
-299
-271
-239
-198
-143
-76
5
94
185
272
347
403
436
442
424
382
323
252
177
108
48
5
-19
-23
-12
15
53
98
145
188
229
262
292
319
349
384
425
476
538
611
694
782
873
962
1046
1123
1186
1232
1259
1259
1234
1179
1092
972
819
639
438
229
15
-196
-396
-575
-734
-870
-985
-1084
-1170
-1246
-1318
-1383
-1442
-1492
-1530
-1552
-1549
-1519
-1461
-1375
-1257
-1115
-951
-775
-591
-407
-229
-60
94
233
356
465
561
646
725
797
865
927
982
1029
1061
1078
1076
1052
1007
942
855
752
640
521
400
279
161
46
-66
-175
-283
-392
-500
-610
-719
-819
-907
-981
-1032
-1059
-1058
-1030
-977
-905
-819
-724
-628
-539
-458
-391
-334
-291
-255
-221
-185
-143
-95
-35
36
113
197
278
351
409
449
466
461
434
386
321
251
179
115
65
34
21
31
60
105
161
222
284
342
391
434
468
495
520
547
578
618
669
731
804
888
979
1071
1162
1236
1292
1321
1319
1280
1199
1078
919
729
517
296
74
-139
-337
-511
-659
-781
-881
-965
-1037
-1104
-1170
-1235
-1300
-1363
-1420
-1466
-1491
-1492
-1466
-1406
-1316
-1195
-1045
-876
-694
-506
-322
-149
12
154
280
385
474
549
618
684
748
811
873
929
981
1022
1049
1055
1042
1004
941
859
758
645
523
398
274
154
41
-68
-173
-275
-376
-475
-576
-675
-773
-860
-934
-990
-1025
-1034
-1019
-978
-916
-835
-745
-651
-561
-478
-409
-350
-302
-267
-236
-207
-175
-133
-79
-13
63
148
235
318
392
449
484
496
481
443
384
313
238
167
106
59
37
36
60
104
161
228
296
362
420
465
498
518
530
538
546
560
586
627
686
761
852
949
1045
1132
1197
1236
1234
1188
1093
950
768
555
323
83
-151
-366
-555
-709
-829
-917
-978
-1021
-1052
-1080
-1112
-1154
-1205
-1262
-1323
-1378
-1418
-1439
-1431
-1387
-1307
-1188
-1040
-865
-671
-471
-274
-87
79
222
336
423
489
537
573
605
637
672
714
762
814
865
909
938
951
940
903
841
754
645
520
382
239
97
-39
-166
-282
-384
-474
-552
-621
-680
-733
-777
-817
-848
-870
-883
-882
-870
-843
-802
-750
-687
-618
-543
-466
-389
-316
-249
-186
-127
-71
-16
34
87
141
193
244
292
336
372
397
412
414
401
376
342
301
257
215
180
155
141
143
160
189
230
278
330
383
434
482
524
562
597
632
668
710
759
815
881
951
1024
1093
1151
1189
1199
1177
1115
1013
871
693
488
264
34
-190
-399
-584
-738
-860
-952
-1015
-1058
-1084
-1103
-1121
-1139
-1164
-1192
-1223
-1251
-1272
-1279
-1264
-1223
-1155
-1055
-926
-770
-595
-407
-215
-29
144
299
429
533
611
667
703
726
740
750
761
777
795
817
837
856
868
867
850
813
755
673
570
447
308
160
9
-140
-282
-409
-520
-612
-684
-734
-766
-781
-782
-771
-751
-725
-695
-663
-630
-597
-566
-534
-502
-467
-427
-382
-328
-266
-196
-117
-33
53
138
218
288
350
397
428
444
444
432
406
372
331
289
248
211
184
167
161
166
182
207
237
270
305
338
367
394
418
443
470
497
532
576
629
693
764
843
924
1004
1076
1132
1165
1169
1135
1064
953
804
623
418
201
-21
-234
-429
-600
-743
-857
-942
-1002
-1044
-1075
-1097
-1119
-1144
-1170
-1202
-1235
-1267
-1293
-1304
-1297
-1267
-1208
-1120
-1001
-858
-689
-508
-321
-135
40
197
331
443
525
585
624
647
659
666
670
676
687
701
718
735
749
755
750
728
686
620
531
420
290
145
-9
-163
-313
-450
-573
-674
-752
-806
-837
-847
-839
-816
-784
-746
-706
-665
-632
-601
-577
-557
-538
-519
-496
-465
-423
-368
-299
-220
-128
-33
64
157
242
314
371
410
429
429
415
384
344
298
250
204
165
137
122
119
129
151
182
219
259
297
331
363
390
411
431
452
476
505
543
593
653
726
807
895
981
1060
1124
1164
1173
1145
1076
966
817
636
432
212
-9
-223
-421
-593
-737
-849
-932
-990
-1026
-1046
-1057
-1066
-1077
-1094
-1116
-1142
-1171
-1197
-1214
-1214
-1194
-1149
-1073
-968
-836
-679
-506
-323
-136
42
209
355
480
577
649
695
720
730
728
720
711
705
705
711
722
735
746
749
741
716
671
603
514
402
273
130
-23
-175
-324
-461
-582
-682
-755
-803
-822
-817
-791
-747
-693
-634
-576
-523
-480
-450
-429
-417
-412
-406
-397
-379
-348
-301
-238
-161
-70
30
133
234
327
405
465
502
516
507
476
428
367
301
235
175
128
97
83
88
109
145
191
244
296
347
392
429
459
482
501
518
538
566
603
651
714
789
873
963
1052
1131
1190
1221
1218
1172
1082
949
779
575
349
113
-121
-345
-546
-719
-858
-964
-1039
-1085
-1109
-1118
-1117
-1114
-1113
-1119
-1131
-1150
-1172
-1192
-1206
-1205
-1185
-1139
-1065
-961
-825
-666
-486
-292
-96
95
274
430
563
665
738
782
799
798
781
756
728
701
681
669
665
668
673
677
674
655
620
560
476
368
236
84
-80
-251
-419
-575
-711
-821
-900
-946
-958
-936
-889
-820
-740
-654
-573
-500
-445
-405
-382
-376
-380
-388
-394
-392
-374
-338
-280
-202
-105
5
123
238
346
437
504
544
551
530
481
410
323
228
138
54
-12
-57
-78
-74
-47
-2
57
125
197
264
326
376
418
449
473
493
513
540
577
624
687
761
844
931
1013
1080
1126
1140
1117
1050
940
789
601
383
151
-90
-326
-546
-741
-905
-1032
-1124
-1181
-1208
-1210
-1195
-1169
-1141
-1117
-1099
-1090
-1091
-1098
-1106
-1110
-1102
-1076
-1028
-951
-846
-713
-552
-373
-180
17
209
389
550
683
785
854
892
900
885
852
807
758
712
673
642
623
615
612
610
602
583
548
489
407
300
170
20
-143
-312
-477
-629
-758
-861
-932
-968
-965
-932
-870
-787
-693
-595
-501
-419
-354
-307
-278
-267
-266
-271
-277
-274
-257
-223
-168
-92
0
106
217
329
433
518
580
614
618
590
535
458
364
263
163
72
-1
-53
-79
-79
-52
-6
60
136
215
294
367
429
482
523
556
582
609
639
678
727
789
861
942
1021
1095
1153
1188
1189
1153
1075
956
797
602
385
149
-90
-322
-538
-730
-889
-1013
-1102
-1157
-1181
-1181
-1164
-1135
-1102
-1072
-1049
-1033
-1024
-1020
-1018
-1012
-995
-962
-908
-830
-724
-593
-437
-264
-77
114
302
479
637
771
875
946
987
996
981
946
896
840
781
726
679
641
612
589
570
549
521
483
427
352
256
137
1
-148
-305
-461
-609
-739
-843
-918
-958
-963
-933
-875
-793
-698
-596
-495
-403
-327
-268
-226
-203
-192
-190
-190
-186
-173
-144
-100
-38
39
129
224
319
406
477
527
552
548
517
459
381
288
187
86
-5
-84
-143
-179
-191
-176
-140
-85
-15
63
145
227
304
375
438
493
542
589
636
686
740
799
863
927
986
1035
1071
1081
1063
1010
921
797
639
451
242
18
-207
-431
-640
-827
-986
-1114
-1211
-1276
-1311
-1323
-1315
-1292
-1265
-1233
-1204
-1176
-1153
-1132
-1108
-1082
-1047
-1001
-938
-853
-746
-620
-476
-315
-142
35
212
380
534
665
773
852
900
924
920
897
857
804
747
690
636
586
542
503
465
426
384
335
275
200
111
6
-109
-233
-362
-488
-605
-708
-790
-848
-876
-876
-850
-801
-735
-655
-568
-480
-397
-323
-263
-214
-176
-149
-126
-106
-84
-57
-23
21
76
140
208
277
343
399
441
465
468
449
408
348
274
190
105
24
-48
-106
-147
-166
-163
-139
-97
-41
26
101
179
257
337
411
484
553
622
694
768
847
925
1004
1080
1149
1206
1242
1255
1237
1184
1094
970
812
626
418
195
-34
-261
-476
-670
-839
-982
-1092
-1175
-1230
-1259
-1268
-1261
-1245
-1226
-1203
-1184
-1163
-1142
-1120
-1094
-1060
-1016
-955
-875
-775
-652
-511
-353
-183
-7
173
347
509
654
776
872
941
983
1001
995
971
933
885
831
778
726
675
628
583
538
489
437
375
301
217
119
9
-106
-227
-346
-462
-567
-656
-726
-772
-794
-792
-767
-723
-663
-592
-514
-434
-359
-289
-230
-179
-137
-104
-73
-47
-20
10
45
86
133
185
239
289
335
369
392
399
388
358
311
249
177
101
26
-46
-110
-160
-191
-206
-201
-177
-136
-82
-15
61
143
228
315
403
488
573
657
742
825
909
991
1069
1140
1199
1245
1269
1269
1239
1175
1077
945
783
595
386
164
-64
-289
-501
-695
-866
-1008
-1122
-1208
-1267
-1300
-1314
-1313
-1302
-1284
-1264
-1245
-1226
-1204
-1180
-1151
-1116
-1066
-1001
-918
-814
-692
-551
-394
-224
-48
129
301
463
608
731
830
902
951
973
972
951
915
867
814
757
701
646
593
543
492
439
382
317
242
157
60
-48
-163
-284
-406
-523
-631
-726
-801
-856
-884
-887
-869
-828
-770
-699
-619
-535
-454
-378
-311
-251
-202
-160
-127
-96
-66
-36
-2
37
81
130
179
228
272
309
334
346
340
317
278
225
161
90
17
-53
-116
-168
-203
-221
-220
-199
-161
-107
-41
36
118
207
297
385
473
560
645
730
814
895
975
1050
1119
1175
1217
1238
1236
1203
1139
1046
919
763
580
380
166
-53
-269
-476
-665
-833
-977
-1094
-1183
-1247
-1286
-1304
-1306
-1296
-1278
-1253
-1226
-1196
-1166
-1131
-1093
-1048
-993
-925
-842
-743
-626
-491
-342
-181
-12
159
328
488
633
760
865
945
999
1027
1032
1017
984
939
886
828
770
711
655
600
546
490
431
367
292
209
115
11
-102
-218
-337
-452
-559
-652
-729
-787
-820
-831
-820
-787
-738
-675
-603
-528
-452
-381
-315
-258
-209
-166
-130
-95
-61
-26
13
56
105
156
207
257
301
337
359
366
355
330
287
230
164
93
21
-46
-104
-149
-177
-188
-178
-153
-111
-56
10
83
160
238
318
393
468
543
617
694
771
849
931
1012
1092
1167
1233
1281
1309
1310
1279
1216
1117
983
816
622
407
179
-53
-284
-503
-702
-877
-1022
-1137
-1222
-1278
-1306
-1313
-1303
-1280
-1249
-1215
-1181
-1146
-1114
-1080
-1045
-1004
-955
-894
-817
-722
-611
-478
-332
-171
1
176
352
519
673
809
921
1007
1064
1095
1098
1078
1039
985
920
852
780
711
645
581
522
461
400
335
263
181
91
-11
-121
-239
-363
-484
-602
-710
-802
-876
-925
-951
-952
-928
-883
-820
-743
-660
-571
-484
-404
-331
-267
-212
-166
-127
-92
-60
-27
10
48
91
136
181
223
259
287
303
303
286
254
206
145
76
3
-70
-137
-193
-235
-260
-266
-251
-219
-169
-107
-34
47
135
223
312
401
489
573
659
743
826
908
988
1066
1136
1196
1240
1265
1266
1238
1176
1082
955
796
611
403
180
-51
-280
-504
-710
-896
-1056
-1186
-1287
-1357
-1400
-1418
-1414
-1395
-1364
-1325
-1281
-1236
-1188
-1143
-1093
-1040
-982
-914
-833
-736
-625
-495
-349
-189
-16
163
345
523
691
844
976
1082
1161
1213
1235
1230
1202
1156
1096
1026
951
874
796
722
649
577
505
431
352
268
176
75
-35
-151
-273
-395
-514
-627
-727
-811
-874
-915
-932
-926
-896
-848
-784
-709
-625
-539
-455
-375
-301
-233
-175
-121
-78
-35
5
43
83
123
163
203
240
272
295
308
308
297
271
232
180
122
57
-9
-72
-129
-177
-210
-230
-233
-219
-188
-142
-83
-12
68
155
244
335
424
512
598
680
757
834
906
975
1039
1096
1145
1180
1198
1195
1168
1111
1024
907
761
583
385
170
-55
-282
-504
-712
-901
-1063
-1198
-1302
-1374
-1417
-1432
-1424
-1396
-1355
-1305
-1247
-1189
-1129
-1069
-1009
-946
-881
-811
-731
-640
-537
-420
-289
-144
11
174
340
507
664
810
939
1046
1129
1185
1214
1217
1196
1154
1094
1023
943
860
773
690
610
532
457
385
309
232
148
57
-41
-145
-257
-374
-491
-603
-707
-800
-875
-932
-965
-974
-961
-926
-872
-802
-721
-633
-541
-453
-368
-290
-220
-159
-106
-58
-15
25
63
100
138
176
211
244
272
291
300
299
285
259
220
170
113
52
-12
-72
-124
-167
-196
-209
-206
-186
-149
-96
-29
46
133
226
323
420
515
609
699
782
859
931
995
1054
1105
1145
1177
1193
1194
1176
1135
1067
973
852
704
530
337
128
-90
-311
-527
-732
-918
-1082
-1220
-1326
-1402
-1449
-1467
-1460
-1430
-1386
-1329
-1262
-1189
-1117
-1045
-974
-901
-827
-753
-672
-584
-488
-380
-262
-131
7
156
310
463
613
755
882
990
1075
1136
1170
1180
1162
1124
1066
994
911
822
731
639
549
461
376
293
210
128
42
-50
-145
-246
-351
-459
-569
-675
-774
-863
-937
-994
-1031
-1047
-1040
-1013
-966
-903
-827
-741
-649
-558
-466
-380
-302
-229
-165
-109
-57
-11
32
74
114
152
187
220
247
266
278
278
266
243
210
167
116
63
9
-40
-83
-116
-139
-148
-141
-121
-88
-41
17
83
156
233
314
396
475
556
633
710
783
855
923
986
1047
1099
1142
1173
1188
1183
1155
1100
1019
907
767
602
414
208
-7
-227
-443
-650
-840
-1007
-1147
-1259
-1340
-1392
-1415
-1414
-1391
-1352
-1301
-1241
-1177
-1110
-1043
-977
-910
-842
-772
-697
-612
-520
-414
-297
-167
-25
127
285
447
606
760
901
1025
1127
1206
1258
1282
1279
1253
1205
1138
1060
976
887
798
711
628
549
473
399
323
242
157
64
-36
-146
-262
-383
-505
-624
-737
-838
-922
-987
-1030
-1046
-1037
-1005
-950
-876
-788
-690
-589
-488
-389
-298
-214
-141
-76
-20
29
71
111
150
187
223
260
295
324
351
368
378
376
362
336
298
252
198
139
82
25
-23
-62
-88
-102
-101
-84
-54
-11
45
109
182
258
339
421
502
581
657
729
797
860
917
969
1013
1049
1074
1086
1081
1057
1012
943
848
728
583
418
235
38
-166
-371
-571
-761
-933
-1085
-1210
-1311
-1383
-1426
-1446
-1440
-1417
-1375
-1322
-1259
-1188
-1116
-1041
-963
-884
-804
-720
-632
-537
-435
-327
-208
-80
56
199
343
489
632
767
888
994
1081
1144
1183
1197
1187
1155
1101
1032
954
865
774
680
589
503
419
340
263
186
107
22
-68
-165
-270
-385
-504
-625
-743
-857
-958
-1044
-1111
-1154
-1172
-1163
-1130
-1073
-996
-905
-801
-691
-581
-475
-375
-283
-203
-134
-74
-23
22
61
97
132
168
202
237
270
299
325
344
354
355
344
321
288
246
196
140
82
26
-22
-61
-90
-103
-99
-79
-44
6
69
144
226
311
398
484
565
640
708
767
819
863
901
931
956
973
982
985
975
951
910
852
773
671
546
402
240
63
-124
-317
-509
-693
-867
-1020
-1153
-1256
-1335
-1384
-1403
-1398
-1369
-1320
-1257
-1181
-1098
-1009
-919
-830
-741
-655
-570
-484
-398
-308
-214
-114
-6
108
230
358
489
621
749
870
977
1070
1143
1195
1221
1221
1200
1155
1091
1010
917
818
713
609
508
412
320
235
156
80
3
-74
-155
-240
-333
-431
-532
-636
-738
-835
-923
-997
-1052
-1089
-1101
-1089
-1053
-996
-920
-830
-726
-618
-507
-398
-295
-199
-116
-41
22
76
121
160
195
225
254
279
305
326
347
363
373
377
372
359
338
309
272
232
190
145
104
68
39
18
11
13
26
53
89
134
189
249
314
380
447
513
578
638
695
747
795
837
873
904
926
936
937
923
893
845
776
686
578
448
302
142
-30
-207
-386
-560
-726
-877
-1009
-1120
-1208
-1270
-1307
-1320
-1311
-1283
-1238
-1180
-1113
-1040
-963
-883
-801
-719
-635
-552
-465
-376
-282
-181
-76
36
152
273
398
523
644
760
867
960
1038
1098
1137
1154
1147
1120
1074
1010
933
843
748
649
551
455
363
275
191
112
37
-38
-113
-191
-272
-359
-449
-543
-639
-735
-828
-912
-985
-1043
-1083
-1102
-1098
-1072
-1024
-955
-870
-772
-665
-555
-445
-340
-243
-156
-82
-19
29
69
99
124
143
162
180
199
220
242
265
287
307
322
330
332
321
300
268
228
181
130
77
28
-14
-47
-67
-71
-60
-35
6
60
125
196
272
348
424
494
556
609
654
691
719
738
753
762
767
768
765
755
739
713
674
621
551
465
359
237
100
-49
-206
-367
-527
-680
-823
-951
-1060
-1147
-1209
-1246
-1258
-1248
-1215
-1165
-1101
-1025
-942
-857
-769
-682
-597
-515
-436
-359
-282
-203
-124
-41
45
136
233
335
437
540
643
738
828
903
964
1006
1027
1028
1008
965
906
830
740
643
540
436
334
237
147
65
-9
-74
-135
-190
-245
-299
-355
-416
-480
-550
-623
-695
-769
-837
-895
-940
-970
-981
-973
-942
-891
-821
-736
-637
-532
-422
-313
-210
-115
-32
39
94
137
168
189
201
208
211
214
219
225
236
250
263
278
291
300
304
301
289
267
238
203
163
122
83
46
19
1
-4
3
24
59
106
164
230
299
373
445
512
576
632
680
719
752
776
794
807
814
819
816
810
796
774
743
700
642
570
481
377
257
125
-19
-169
-323
-473
-619
-754
-875
-975
-1055
-1111
-1141
-1148
-1131
-1094
-1039
-971
-891
-804
-714
-624
-536
-452
-372
-298
-225
-157
-90
-23
46
117
193
271
355
441
529
616
698
775
841
893
929
947
945
924
883
823
748
663
565
462
358
257
157
67
-17
-92
-159
-219
-271
-318
-363
-408
-453
-500
-551
-604
-660
-715
-770
-818
-859
-889
-906
-905
-889
-857
-808
-742
-665
-580
-486
-392
-298
-208
-127
-53
7
57
95
125
142
156
163
166
169
172
177
184
191
199
209
216
220
223
218
210
195
178
154
129
102
77
53
34
22
18
25
37
60
91
128
171
217
264
312
359
402
443
479
510
538
561
579
596
609
619
627
631
629
621
605
580
541
489
421
339
240
130
8
-124
-262
-401
-538
-668
-787
-892
-978
-1045
-1090
-1111
-1110
-1089
-1049
-994
-925
-850
-767
-683
-600
-518
-439
-365
-295
-228
-162
-97
-33
32
103
176
253
334
418
502
584
663
735
797
845
879
896
896
878
843
791
726
647
563
471
378
286
198
117
42
-22
-78
-126
-167
-202
-234
-266
-299
-335
-373
-417
-465
-516
-566
-617
-664
-703
-733
-752
-755
-743
-716
-673
-616
-548
-469
-387
-302
-217
-138
-64
-1
54
98
133
158
178
190
198
204
210
216
224
235
248
262
276
290
301
307
309
305
293
277
253
227
197
166
136
109
86
70
60
62
71
90
117
153
193
236
279
322
361
396
424
447
463
475
482
485
487
490
493
498
506
514
523
529
531
526
509
480
435
374
295
200
90
-33
-166
-304
-440
-572
-694
-802
-893
-961
-1007
-1029
-1028
-1005
-962
-906
-837
-760
-680
-599
-523
-451
-384
-325
-272
-223
-178
-134
-89
-41
10
67
131
202
277
356
436
513
586
651
703
741
764
768
752
719
671
608
534
449
361
272
183
100
26
-37
-93
-137
-171
-197
-216
-233
-249
-267
-288
-316
-351
-392
-439
-489
-540
-588
-630
-664
-685
-693
-686
-662
-621
-567
-499
-422
-339
-250
-164
-83
-8
56
111
154
186
209
223
231
234
235
236
239
243
249
258
268
279
289
296
300
299
291
276
253
223
184
144
99
54
11
-29
-60
-82
-94
-94
-82
-58
-23
20
69
122
177
229
276
316
349
373
388
395
396
394
389
385
384
386
394
406
423
444
462
477
486
484
467
431
379
305
213
101
-25
-162
-304
-448
-586
-714
-828
-921
-993
-1039
-1060
-1057
-1030
-984
-921
-845
-762
-678
-593
-512
-439
-373
-316
-268
-227
-191
-157
-125
-89
-48
0
55
119
190
267
350
432
513
588
652
704
737
754
751
727
685
627
555
472
383
291
201
113
36
-32
-89
-134
-169
-194
-212
-224
-236
-249
-265
-287
-314
-347
-388
-431
-476
-521
-562
-594
-617
-627
-622
-603
-567
-517
-454
-381
-302
-219
-135
-55
18
83
139
182
214
237
249
253
251
245
238
230
225
222
220
222
226
232
239
242
245
243
240
230
216
197
173
147
119
91
65
40
22
10
6
10
23
46
76
114
156
203
247
292
332
367
394
413
423
424
419
408
392
376
359
346
339
335
338
346
358
370
382
388
385
371
340
295
231
150
53
-57
-178
-303
-430
-554
-669
-770
-853
-918
-960
-978
-975
-949
-904
-843
-772
-692
-609
-528
-448
-374
-309
-253
-204
-163
-128
-98
-68
-40
-7
30
73
123
178
240
308
378
446
510
567
613
646
663
663
645
610
562
501
427
349
268
186
110
40
-21
-73
-112
-140
-162
-174
-180
-185
-190
-195
-205
-221
-240
-267
-297
-331
-364
-395
-423
-441
-450
-449
-434
-408
-370
-321
-264
-201
-134
-67
-2
60
114
160
196
224
243
252
255
252
245
236
227
218
210
205
201
199
198
198
195
193
188
180
170
156
139
120
97
77
53
32
11
-7
-20
-30
-35
-33
-27
-14
5
27
54
81
109
136
161
181
194
203
205
202
193
179
162
144
127
112
102
97
100
111
127
148
173
196
217
232
236
228
205
167
112
44
-39
-131
-230
-333
-435
-530
-615
-687
-745
-783
-802
-801
-782
-748
-699
-638
-572
-502
-432
-364
-304
-249
-203
-165
-135
-111
-91
-74
-55
-35
-11
19
57
102
154
212
273
335
396
452
500
539
564
574
569
549
514
468
412
348
282
214
148
89
36
-10
-45
-73
-92
-104
-113
-116
-121
-126
-134
-144
-159
-177
-199
-223
-249
-272
-294
-310
-320
-324
-318
-305
-284
-255
-219
-179
-135
-89
-43
1
42
78
110
137
156
170
179
181
181
177
171
163
156
148
141
135
130
125
124
121
117
113
107
102
92
82
71
58
44
30
17
5
-6
-15
-21
-24
-23
-21
-13
-5
8
21
38
54
69
85
99
109
118
125
129
131
132
131
129
127
129
132
138
147
162
180
203
228
254
281
303
322
331
332
322
298
262
213
152
79
1
-83
-170
-254
-333
-404
-465
-513
-546
-565
-571
-561
-541
-511
-474
-431
-389
-344
-303
-265
-233
-206
-185
-166
-152
-140
-129
-116
-101
-83
-58
-28
7
48
95
142
193
242
287
327
361
385
398
401
393
374
346
311
271
226
182
137
98
63
32
10
-9
-21
-30
-35
-41
-45
-53
-63
-77
-95
-115
-141
-166
-194
-221
-245
-266
-282
-291
-294
-290
-280
-263
-242
-215
-185
-155
-124
-92
-61
-33
-9
13
32
47
58
67
73
76
79
79
80
79
77
76
76
76
75
75
75
75
74
75
74
73
71
69
65
62
57
53
49
46
47
47
49
54
60
69
79
89
101
111
121
130
140
145
149
150
150
147
142
135
127
118
110
103
98
95
95
98
103
112
124
137
152
168
182
194
201
204
200
188
167
138
101
53
1
-54
-116
-176
-235
-291
-340
-382
-414
-437
-449
-451
-443
-427
-404
-377
-346
-312
-280
-248
-220
-194
-172
-152
-136
-121
-106
-91
-77
-59
-40
-17
8
37
69
104
138
173
205
234
259
278
290
295
291
283
266
244
218
189
160
130
102
78
55
39
27
17
11
9
5
1
-4
-12
-25
-40
-59
-82
-107
-132
-159
-183
-206
-225
-239
-248
-253
-250
-244
-232
-218
-201
-183
-163
-144
-127
-110
-94
-81
-69
-59
-50
-39
-32
-23
-13
-3
8
19
31
45
57
70
83
95
105
113
120
125
128
128
127
123
117
112
105
99
94
88
84
83
83
83
86
91
95
99
103
106
107
107
102
97
89
79
68
57
45
32
21
11
1
-6
-14
-17
-20
-20
-20
-16
-11
-5
5
15
27
41
58
74
93
111
127
142
155
165
170
170
167
156
141
120
95
65
33
0
-35
-69
-100
-130
-154
-174
-188
-199
-203
-201
-196
-186
-173
-160
-144
-128
-112
-98
-85
-74
-63
-54
-46
-39
-29
-20
-9
2
18
35
54
73
92
113
132
149
164
174
182
184
183
178
169
160
147
132
119
106
94
84
77
71
65
63
59
55
51
44
36
24
10
-8
-27
-49
-72
-96
-120
-143
-163
-181
-195
-207
-215
-219
-221
-219
-215
-209
-201
-194
-186
-178
-172
-164
-157
-152
-145
-140
-134
-128
-121
-111
-101
-91
-78
-65
-51
-38
-26
-14
-3
5
12
18
22
24
24
23
22
20
16
14
11
10
10
11
13
17
20
24
29
33
38
41
42
42
41
37
32
24
16
6
-5
-14
-25
-33
-40
-46
-48
-49
-46
-42
-35
-29
-20
-10
-2
7
14
21
28
34
41
49
56
65
74
85
97
109
122
134
144
151
156
156
149
139
124
103
78
50
19
-14
-48
-81
-112
-139
-165
-184
-200
-211
-216
-219
-218
-213
-206
-198
-188
-178
-167
-157
-147
-137
-128
-118
-109
-99
-88
-75
-60
-45
-29
-10
9
29
49
70
89
107
121
135
146
154
158
160
159
155
151
143
136
128
121
111
104
96
90
83
75
69
62
55
47
39
31
22
12
2
-8
-19
-31
-42
-52
-64
-73
-83
-92
-99
-105
-110
-113
-114
-114
-112
-108
-102
-94
-84
-73
-60
-47
-33
-18
-3
11
25
38
51
63
74
84
93
100
108
115
121
126
130
134
137
137
138
138
136
133
129
123
117
108
98
88
77
65
53
41
29
17
5
-6
-15
-24
-32
-38
-43
-48
-51
-53
-54
-54
-54
-51
-49
-47
-45
-41
-38
-33
-30
-26
-21
-15
-9
-4
3
10
19
27
37
47
57
65
75
86
95
103
110
117
121
124
127
126
124
120
114
106
97
85
73
58
42
27
13
-2
-17
-31
-42
-53
-62
-70
-77
-81
-86
-87
-90
-91
-91
-91
-91
-92
-89
-90
-89
-88
-86
-84
-79
-76
-71
-64
-57
-51
-43
-36
-29
-22
-16
-10
-6
-3
-1
1
2
1
1
0
0
-1
0
0
2
4
7
10
13
16
18
20
22
21
20
18
15
11
7
1
-5
-10
-17
-22
-28
-32
-37
-41
-44
-48
-51
-53
-54
-56
-58
-58
-59
-60
-59
-59
-58
-55
-51
-48
-43
-38
-33
-26
-20
-13
-5
0
8
14
20
25
31
35
38
40
43
43
42
42
41
39
35
31
28
24
19
14
9
5
0
-4
-7
-10
-13
-15
-15
-16
-15
-15
-14
-13
-11
-9
-8
-6
-5
-4
-3
-3
-2
-2
0
1
2
4
6
9
13
16
19
24
27
31
32
35
37
38
38
37
36
35
33
32
31
30
30
31
33
35
37
40
42
44
45
46
45
42
39
33
27
18
8
-2
-14
-25
-37
-47
-56
-64
-71
-75
-79
-80
-80
-79
-77
-74
-71
-68
-65
-62
-61
-59
-57
-57
-57
-57
-55
-54
-52
-50
-45
-41
-35
-29
-21
-15
-7
0
7
13
18
22
26
27
28
28
27
25
25
23
21
20
19
19
19
20
21
22
25
26
27
27
27
26
24
22
20
16
12
9
5
0
-4
-6
-9
-12
-13
-14
-14
-13
-12
-9
-7
-5
-1
2
5
9
12
16
18
22
23
26
29
30
32
33
35
36
36
37
36
36
37
37
37
36
34
33
31
30
27
23
21
16
13
9
4
1
-3
-7
-10
-13
-14
-15
-17
-15
-15
-13
-11
-9
-6
-4
-2
0
3
4
5
7
8
9
11
11
14
15
17
19
22
25
28
32
35
37
40
43
44
45
45
46
46
45
44
42
40
39
37
35
33
31
29
27
25
23
19
18
14
10
6
3
-2
-7
-11
-16
-20
-23
-27
-29
-32
-34
-34
-34
-36
-35
-35
-34
-34
-34
-35
-36
-36
-37
-39
-41
-41
-42
-44
-44
-44
-44
-44
-42
-41
-39
-37
-35
-33
-31
-30
-28
-28
-28
-28
-28
-29
-30
-30
-31
-32
-33
-34
-35
-35
-34
-35
-34
-33
-33
-31
-31
-30
-28
-28
-26
-24
-24
-23
-22
-19
-18
-16
-14
-12
-11
-8
-5
-4
-2
0
2
4
4
6
8
9
9
11
12
11
12
10
10
9
9
8
7
6
6
5
5
5
5
5
6
6
8
7
9
9
11
12
11
11
11
10
11
12
10
10
9
9
10
10
11
11
12
13
13
15
16
16
16
16
16
15
13
10
9
5
3
1
-2
-4
-6
-8
-8
-8
-8
-7
-7
-5
-3
-2
0
0
2
2
3
2
2
0
-2
-4
-6
-7
-10
-11
-14
-16
-17
-17
-18
-18
-17
-17
-16
-15
-15
-15
-14
-13
-12
-12
-12
-11
-10
-10
-9
-7
-5
-2
0
3
5
9
11
15
17
19
21
22
23
23
22
20
18
16
14
11
9
6
4
2
1
0
-1
-2
-3
-4
-3
-4
-5
-5
-7
-7
-9
-10
-11
-13
-14
-15
-16
-15
-15
-14
-13
-10
-7
-5
-2
0
2
4
7
9
11
13
14
15
15
17
17
18
19
20
21
23
24
26
27
29
30
31
31
31
31
31
29
28
26
23
21
17
14
12
9
7
5
2
-1
-2
-3
-4
-6
-7
-7
-9
-9
-10
-11
-11
-12
-13
-13
-13
-13
-13
-13
-12
-10
-9
-8
-6
-5
-1
0
2
4
7
9
11
12
15
16
17
18
18
19
19
19
18
17
18
16
16
15
14
14
13
12
10
10
9
8
8
7
7
5
5
4
2
2
0
0
-2
-4
-5
-5
-7
-8
-9
-9
-10
-10
-10
-10
-9
-10
-9
-9
-8
-7
-7
-7
-7
-6
-6
-6
-5
-5
-5
-4
-5
-6
-5
-5
-6
-6
-7
-7
-7
-8
-7
-8
-7
-8
-8
-8
-8
-9
-10
-10
-9
-9
-9
-9
-9
-9
-9
-10
-10
-11
-11
-11
-11
-12
-13
-13
-13
-13
-12
-13
-12
-12
-12
-12
-10
-10
-9
-9
-9
-8
-8
-7
-7
0
0
0
0
0
0
0
0
0
0
0
0
0
0
0
0
0
0
0
0
0
0
0
0
0
0
0
0
0
0
0
0
0
0
0
0
0
0
0
0
0
0
0
0
0
0
0
0
0
0
0
0
0
0
0
0
0
0
0
0
0
0
0
0
0
0
0
0
0
0
0
0
0
0
0
0
0
0
0
0
0
0
0
0
0
0
0
0
0
0
0
0
0
0
0
0
0
0
0
0
0
0
0
0
0
0
0
0
0
0
0
0
0
0
0
0
0
0
0
0
0
0
0
0
0
0
0
0
0
0
0
0
0
0
0
0
0
0
0
0
0
0
0
0
0
0
0
0
0
0
0
0
0
0
0
0
0
0
0
0
0
0
0
0
0
0
0
0
0
0
0
0
0
0
0
0
0
0
0
0
0
0
0
0
0
0
0
0
0
0
0
0
0
0
0
0
0
0
