0
0
0
0
0
0
0
0
0
0
0
0
0
0
0
0
0
0
0
0
0
0
0
0
0
0
0
0
0
0
0
0
0
0
0
0
0
0
0
0
0
0
0
0
0
0
0
0
0
0
0
0
0
0
0
0
0
0
0
0
0
0
0
0
0
0
0
0
0
0
0
0
0
0
0
0
0
0
0
0
0
0
0
0
0
0
0
0
0
0
0
0
0
0
0
0
0
0
0
0
0
0
0
0
0
0
0
0
0
0
0
0
0
0
0
0
0
0
0
0
0
0
0
0
0
0
0
0
0
0
0
0
0
0
0
0
0
0
0
0
0
0
0
0
0
0
0
0
0
0
0
0
0
0
0
0
0
0
0
0
0
0
0
0
0
0
0
0
0
0
0
0
0
0
0
0
0
0
0
0
0
0
0
0
0
0
0
0
0
0
0
0
0
0
0
0
0
0
38
40
42
43
45
46
48
49
50
50
50
49
50
48
46
44
41
38
34
31
27
22
19
13
7
2
-3
-9
-15
-22
-29
-37
-43
-50
-56
-61
-68
-73
-79
-83
-86
-90
-93
-95
-97
-100
-99
-98
-100
-96
-93
-91
-87
-81
-76
-69
-63
-54
-45
-37
-27
-17
-7
4
13
23
33
43
52
62
71
79
87
95
101
106
112
115
118
119
120
118
116
113
106
101
95
87
77
68
58
47
36
24
12
0
-13
-26
-37
-49
-61
-72
-83
-93
-102
-109
-117
-122
-128
-131
-133
-134
-133
-133
-130
-127
-123
-116
-111
-104
-95
-87
-77
-68
-57
-47
-35
-24
-13
-3
8
19
29
39
48
55
63
69
75
79
84
88
89
91
91
89
89
87
84
79
75
69
64
56
50
44
35
29
22
15
9
3
-1
-6
-11
-12
-15
-17
-17
-16
-15
-12
-9
-4
0
7
15
23
32
41
49
59
69
79
89
97
104
111
117
123
127
130
131
130
129
127
122
115
110
99
90
77
64
49
34
18
2
-15
-33
-49
-65
-82
-96
-112
-127
-138
-151
-160
-171
-180
-186
-190
-193
-196
-196
-193
-189
-185
-177
-168
-158
-146
-133
-120
-104
-89
-71
-55
-38
-20
-2
15
34
50
67
85
100
115
128
141
152
161
168
173
178
178
178
175
170
163
154
144
132
117
102
85
67
48
30
9
-11
-31
-51
-72
-90
-109
-127
-142
-157
-170
-180
-189
-196
-200
-202
-203
-200
-196
-190
-182
-172
-162
-148
-134
-120
-103
-86
-71
-53
-36
-20
-1
14
29
44
58
72
84
96
106
115
123
129
134
137
138
138
138
135
131
127
120
113
105
96
87
78
68
57
47
37
25
16
5
-4
-12
-21
-29
-35
-39
-45
-46
-47
-45
-41
-36
-29
-21
-12
-2
8
20
29
41
52
62
70
81
90
98
105
111
116
119
121
121
119
114
106
96
86
72
56
40
25
7
-8
-24
-39
-53
-66
-77
-88
-99
-108
-119
-128
-136
-143
-150
-154
-157
-160
-159
-157
-154
-148
-141
-133
-125
-116
-106
-97
-87
-77
-69
-60
-51
-40
-31
-19
-8
6
19
32
48
63
78
92
105
118
127
136
145
148
153
155
155
154
151
145
138
132
121
108
95
79
62
43
22
2
-20
-43
-67
-89
-110
-130
-149
-165
-180
-190
-200
-204
-208
-209
-207
-204
-197
-190
-180
-169
-158
-144
-129
-116
-99
-83
-67
-50
-34
-17
-3
12
26
40
51
63
75
84
93
101
108
114
119
124
128
132
135
137
139
141
141
140
140
136
132
129
122
115
108
99
88
79
70
61
53
46
40
36
33
31
31
34
35
38
42
45
50
54
58
63
68
74
79
86
90
97
102
105
106
105
100
95
85
74
60
43
24
5
-14
-33
-52
-68
-82
-95
-107
-114
-121
-128
-133
-136
-140
-144
-147
-149
-152
-154
-153
-153
-149
-145
-139
-133
-123
-114
-105
-96
-86
-78
-70
-62
-57
-50
-43
-36
-30
-22
-11
0
13
27
43
60
77
92
108
123
134
145
155
162
167
168
170
168
166
162
156
149
139
128
113
98
80
60
37
13
-13
-38
-65
-92
-118
-141
-164
-184
-201
-215
-226
-234
-241
-243
-244
-243
-239
-231
-223
-211
-197
-181
-163
-143
-123
-101
-78
-57
-35
-14
4
21
38
52
63
73
81
87
91
94
97
97
98
98
97
96
96
93
93
92
90
90
88
87
86
83
81
79
75
71
66
61
54
45
36
28
19
10
2
-5
-11
-15
-18
-19
-16
-13
-8
-1
7
16
26
37
48
60
72
86
99
112
124
136
147
157
163
167
168
165
159
147
132
113
92
68
42
16
-9
-35
-58
-78
-97
-113
-127
-137
-147
-155
-160
-166
-172
-176
-180
-182
-184
-185
-182
-179
-175
-167
-157
-146
-134
-123
-110
-98
-87
-77
-69
-61
-55
-48
-42
-35
-26
-16
-5
7
24
39
55
73
91
107
123
137
148
159
167
173
178
181
182
183
182
180
176
169
161
149
135
117
96
73
47
18
-11
-41
-71
-100
-127
-153
-174
-193
-210
-223
-232
-241
-246
-249
-249
-247
-243
-237
-228
-216
-203
-185
-165
-142
-119
-93
-66
-40
-14
11
34
56
74
90
103
115
125
132
138
145
150
153
157
160
162
163
163
161
159
154
149
143
135
128
121
112
104
96
89
79
70
60
51
39
26
13
1
-12
-23
-35
-45
-53
-58
-60
-60
-56
-51
-45
-35
-26
-14
-3
9
22
34
47
61
74
88
101
116
129
142
153
163
168
169
168
161
151
137
117
95
71
44
18
-10
-35
-60
-81
-101
-119
-134
-148
-159
-170
-179
-187
-194
-199
-204
-206
-206
-205
-201
-194
-185
-173
-160
-146
-129
-115
-99
-86
-73
-63
-54
-46
-40
-33
-25
-17
-8
2
13
26
39
54
67
81
94
105
115
124
130
136
141
145
147
148
150
150
149
147
143
136
127
114
99
79
57
33
7
-19
-46
-73
-97
-121
-140
-159
-174
-186
-195
-204
-210
-214
-217
-219
-219
-218
-215
-210
-201
-190
-178
-162
-143
-124
-103
-79
-57
-34
-14
6
24
39
53
66
76
86
95
103
111
118
125
133
138
143
147
150
150
150
148
145
139
134
125
119
111
103
95
86
78
70
59
49
38
26
14
2
-10
-22
-34
-43
-52
-57
-61
-62
-59
-56
-49
-40
-30
-17
-5
8
21
34
48
62
75
89
102
115
127
139
149
157
162
165
165
161
153
141
125
106
85
59
34
7
-18
-44
-68
-90
-110
-127
-143
-157
-169
-178
-186
-192
-197
-200
-201
-200
-197
-191
-185
-175
-163
-150
-135
-120
-103
-87
-70
-56
-43
-30
-21
-12
-4
3
9
15
22
29
36
46
55
66
76
86
97
107
114
122
127
133
135
138
139
138
138
136
134
130
126
119
111
102
90
77
60
43
24
4
-16
-36
-56
-74
-91
-106
-119
-130
-139
-146
-151
-155
-157
-159
-159
-159
-158
-157
-152
-146
-139
-130
-118
-105
-88
-72
-53
-33
-16
2
20
34
47
59
70
78
87
94
100
106
112
118
121
125
127
127
127
122
116
109
98
86
74
61
46
34
22
12
4
0
-4
-7
-10
-10
-12
-14
-15
-19
-22
-24
-26
-27
-28
-25
-21
-15
-5
4
15
28
41
55
69
81
93
102
113
124
132
141
149
157
164
170
175
177
175
171
162
148
130
107
80
49
16
-18
-52
-87
-119
-150
-178
-201
-222
-239
-253
-264
-272
-276
-278
-277
-274
-267
-257
-242
-225
-203
-180
-153
-125
-95
-65
-38
-11
12
32
48
61
69
75
79
80
79
78
78
77
78
80
82
84
87
89
92
92
92
91
88
86
81
78
74
71
67
64
61
57
53
47
41
33
22
10
-4
-18
-34
-51
-66
-80
-94
-104
-114
-121
-126
-129
-130
-132
-130
-130
-128
-126
-125
-121
-118
-114
-107
-101
-92
-82
-71
-58
-45
-31
-18
-5
7
17
27
36
43
49
56
61
68
73
78
83
87
91
93
94
93
91
87
82
76
70
62
55
48
42
38
34
31
30
28
26
24
21
19
14
10
5
0
-4
-8
-11
-13
-12
-9
-5
1
9
18
28
38
48
59
70
80
90
99
111
121
131
143
154
165
174
180
185
185
184
176
163
146
126
100
72
40
8
-26
-59
-90
-122
-149
-174
-196
-216
-233
-245
-257
-264
-269
-271
-269
-263
-254
-242
-225
-205
-182
-155
-128
-99
-72
-44
-18
3
24
40
54
64
70
75
79
81
83
85
87
89
91
94
97
100
102
103
103
103
102
100
98
95
93
90
88
87
85
82
79
74
68
61
52
41
30
15
0
-14
-29
-43
-57
-68
-80
-89
-96
-102
-108
-112
-115
-117
-119
-120
-120
-120
-118
-116
-113
-108
-103
-96
-87
-78
-69
-58
-47
-36
-25
-14
-4
5
14
23
30
39
45
53
59
65
70
74
78
79
79
77
75
71
65
59
52
44
37
30
22
16
10
6
1
-3
-6
-8
-10
-14
-15
-17
-19
-20
-20
-20
-19
-17
-13
-11
-5
1
8
16
25
34
44
55
65
76
87
100
111
123
135
146
156
165
173
178
181
181
178
170
160
146
127
104
80
51
21
-9
-42
-72
-104
-133
-161
-188
-211
-231
-249
-261
-270
-274
-276
-273
-265
-254
-240
-222
-200
-177
-153
-126
-100
-73
-47
-23
0
19
37
52
64
74
80
86
89
90
90
90
88
87
85
83
81
80
78
77
76
74
72
70
69
68
65
62
58
56
51
46
41
35
27
20
11
1
-9
-21
-32
-44
-55
-66
-76
-87
-95
-102
-106
-110
-113
-113
-114
-111
-108
-103
-98
-92
-85
-78
-69
-59
-51
-41
-32
-22
-13
-4
5
12
20
27
33
38
42
46
49
51
52
53
53
53
51
51
49
46
43
38
34
29
25
21
16
11
7
4
1
-1
-2
-2
-3
-3
-2
0
0
1
1
2
3
4
5
8
10
13
17
21
27
35
43
52
61
71
83
94
105
118
129
141
153
162
172
179
185
188
189
186
179
169
156
137
116
90
61
29
-5
-40
-76
-111
-145
-177
-206
-233
-254
-271
-284
-292
-295
-293
-286
-274
-259
-241
-217
-191
-163
-131
-100
-67
-34
-3
28
56
81
102
121
134
145
150
151
150
146
138
129
120
109
99
89
79
71
64
57
52
49
47
43
40
39
37
35
33
29
28
25
22
18
13
8
2
-4
-11
-19
-29
-37
-47
-58
-68
-79
-88
-96
-103
-109
-113
-116
-118
-117
-115
-112
-108
-104
-97
-90
-84
-75
-68
-58
-49
-40
-30
-21
-12
-3
6
14
22
28
34
39
43
45
47
48
48
47
46
44
41
39
35
32
29
26
23
19
17
14
12
11
10
10
9
10
10
10
11
10
9
11
9
9
9
9
11
13
16
21
27
34
44
54
65
78
91
106
121
135
149
164
177
190
201
210
217
222
223
220
212
200
183
160
133
100
63
22
-22
-67
-112
-156
-199
-238
-272
-303
-326
-344
-354
-359
-357
-350
-337
-319
-296
-268
-240
-206
-170
-133
-95
-57
-20
18
52
84
111
135
152
165
173
174
171
164
153
138
123
107
91
75
62
50
41
34
30
27
27
26
27
28
28
29
29
28
28
26
25
22
20
16
13
9
3
-4
-10
-20
-29
-39
-51
-62
-75
-87
-98
-108
-118
-123
-129
-131
-131
-130
-125
-120
-113
-107
-98
-89
-80
-71
-62
-53
-44
-35
-27
-18
-9
0
8
17
25
34
40
46
49
51
53
51
48
44
37
31
24
17
11
7
3
2
1
1
4
7
10
13
16
17
17
15
14
12
9
7
6
5
10
14
22
32
45
59
76
93
110
129
146
163
180
196
212
229
245
262
278
294
309
320
329
332
329
318
299
269
231
183
127
65
-2
-71
-142
-210
-272
-329
-378
-418
-447
-467
-475
-477
-468
-452
-430
-402
-367
-327
-283
-233
-180
-123
-64
-4
56
114
166
213
251
278
294
301
294
279
254
223
186
147
109
72
37
8
-16
-35
-49
-59
-65
-67
-66
-64
-60
-56
-49
-39
-28
-15
0
14
32
47
62
75
86
91
91
87
79
64
43
19
-9
-37
-68
-96
-127
-151
-172
-190
-202
-210
-213
-212
-207
-199
-189
-176
-162
-146
-129
-112
-95
-78
-62
-45
-30
-16
-2
11
23
35
46
57
64
70
75
77
76
72
65
54
41
27
12
-3
-16
-26
-33
-36
-36
-30
-21
-9
4
17
30
41
48
54
55
55
54
52
50
52
57
65
78
95
116
140
165
190
215
239
258
275
292
306
322
338
359
383
409
437
463
483
492
486
458
406
328
222
94
-52
-211
-371
-524
-660
-771
-853
-901
-916
-901
-858
-797
-722
-641
-556
-476
-397
-320
-243
-164
-79
12
109
211
313
411
500
568
612
626
612
566
493
399
290
176
64
-39
-127
-197
-249
-283
-302
-310
-314
-311
-309
-305
-301
-291
-274
-245
-202
-142
-66
23
122
225
321
406
472
512
524
507
463
398
317
226
133
44
-38
-109
-173
-228
-277
-324
-370
-416
-460
-498
-528
-543
-539
-513
-465
-396
-310
-212
-114
-22
55
113
151
166
164
151
131
112
97
89
89
94
99
102
95
77
47
4
-45
-94
-139
-172
-188
-187
-164
-128
-81
-26
26
74
112
141
161
175
184
196
212
233
258
283
306
324
334
339
335
323
302
279
261
251
255
275
305
346
393
447
510
579
648
711
756
777
770
727
647
524
355
139
-121
-407
-693
-952
-1172
-1341
-1445
-1480
-1448
-1357
-1215
-1030
-826
-630
-460
-314
-186
-67
47
159
280
406
533
659
783
899
989
1024
991
893
740
543
324
99
-118
-318
-489
-621
-698
-718
-694
-647
-594
-549
-511
-477
-437
-386
-323
-248
-161
-53
81
244
420
590
733
833
880
877
830
746
631
486
321
148
-17
-158
-275
-368
-448
-521
-588
-647
-691
-720
-733
-731
-714
-680
-621
-536
-424
-296
-161
-32
85
183
264
326
361
369
349
311
263
211
157
103
49
-9
-73
-138
-199
-249
-296
-338
-371
-387
-382
-353
-302
-233
-152
-75
-2
65
129
185
230
260
281
292
300
314
336
359
373
372
354
325
295
265
238
212
184
160
149
165
211
284
367
447
515
578
653
750
861
967
1053
1110
1136
1122
1057
930
731
429
13
-481
-982
-1418
-1759
-2005
-2144
-2158
-2056
-1867
-1612
-1293
-932
-599
-363
-222
-109
23
179
350
545
765
980
1148
1269
1372
1438
1409
1234
931
559
168
-209
-531
-765
-912
-1010
-1071
-1079
-1009
-881
-742
-629
-553
-502
-460
-404
-298
-121
108
345
559
752
936
1097
1201
1221
1148
991
764
501
249
48
-99
-213
-317
-410
-487
-551
-612
-678
-753
-839
-922
-972
-960
-872
-712
-507
-284
-74
106
247
345
398
402
360
280
194
129
97
94
102
111
107
78
16
-67
-153
-234
-318
-401
-457
-462
-421
-348
-256
-151
-53
13
46
61
78
92
98
105
130
176
233
290
347
387
389
349
281
208
138
66
2
-37
-44
-24
22
91
177
253
305
337
380
444
529
624
716
792
852
911
997
1108
1212
1273
1290
1279
1229
1110
920
674
339
-156
-807
-1469
-1975
-2283
-2453
-2504
-2383
-2094
-1753
-1443
-1109
-679
-245
22
95
139
287
511
732
973
1277
1563
1680
1608
1470
1335
1126
748
249
-248
-673
-1028
-1283
-1368
-1289
-1159
-1075
-1025
-935
-786
-628
-493
-363
-212
-48
121
333
616
939
1212
1357
1374
1306
1181
1000
771
523
276
23
-232
-446
-565
-591
-586
-603
-651
-703
-750
-785
-784
-723
-623
-532
-461
-368
-219
-30
153
295
386
410
354
252
160
108
64
-15
-116
-197
-237
-255
-264
-254
-238
-254
-323
-393
-399
-337
-262
-215
-174
-118
-62
-23
16
85
152
165
122
90
112
165
204
226
243
241
201
139
99
82
58
4
-52
-72
-59
-37
-8
39
94
136
162
200
267
339
391
434
497
592
699
801
885
951
996
1036
1085
1132
1156
1154
1149
1126
1049
897
689
403
-52
-721
-1477
-2093
-2452
-2601
-2601
-2416
-2022
-1559
-1192
-917
-593
-202
90
172
161
258
497
765
1014
1299
1591
1717
1566
1224
863
520
118
-356
-792
-1101
-1296
-1410
-1403
-1246
-1015
-843
-780
-760
-702
-593
-444
-238
39
355
642
871
1064
1235
1339
1315
1153
901
616
330
77
-110
-215
-274
-346
-456
-573
-659
-707
-734
-748
-744
-703
-614
-464
-248
13
273
463
529
468
328
174
51
-42
-117
-175
-214
-246
-276
-302
-317
-344
-403
-485
-547
-553
-491
-369
-216
-76
10
37
42
46
42
25
1
-16
-34
-50
-37
27
117
182
201
188
168
142
109
87
79
70
46
24
27
53
76
85
92
98
101
103
132
204
302
388
451
494
529
547
545
535
539
571
626
691
754
819
907
1017
1123
1176
1169
1140
1124
1096
1010
873
717
491
55
-646
-1438
-2038
-2333
-2420
-2380
-2156
-1723
-1248
-944
-792
-589
-264
9
91
111
286
617
940
1185
1425
1652
1677
1372
865
392
23
-328
-684
-940
-1038
-1061
-1094
-1099
-1006
-855
-762
-757
-745
-639
-440
-184
137
525
903
1152
1229
1191
1111
996
823
603
389
210
58
-75
-170
-225
-289
-418
-609
-797
-915
-942
-879
-714
-462
-191
33
196
337
467
552
565
528
458
343
169
-27
-181
-288
-394
-525
-646
-716
-741
-752
-743
-686
-574
-439
-311
-185
-55
61
132
153
148
123
80
25
-6
3
31
34
2
-37
-56
-64
-73
-74
-45
3
45
74
107
139
132
74
1
-39
-41
-29
-3
62
167
264
316
334
347
357
352
338
347
381
414
429
437
453
473
483
495
531
598
679
774
896
1033
1144
1200
1220
1221
1171
1032
830
624
375
-76
-791
-1574
-2115
-2300
-2268
-2150
-1913
-1507
-1081
-842
-776
-660
-380
-74
117
274
554
926
1203
1321
1379
1405
1247
807
228
-240
-519
-715
-903
-1028
-1053
-1058
-1117
-1185
-1168
-1067
-956
-838
-625
-273
137
495
780
1022
1208
1267
1178
1003
823
660
500
352
243
155
28
-171
-407
-616
-784
-923
-1011
-993
-850
-628
-385
-134
120
343
477
521
528
536
534
519
511
525
504
389
183
-54
-306
-611
-968
-1284
-1446
-1424
-1275
-1055
-788
-499
-250
-86
11
91
172
241
299
363
422
433
371
257
129
-11
-176
-344
-448
-442
-351
-226
-100
18
106
137
121
101
107
118
109
97
120
173
218
233
233
246
259
262
264
298
355
406
425
425
420
402
362
317
302
318
345
379
448
572
725
873
1007
1135
1234
1274
1262
1238
1201
1103
936
772
624
338
-273
-1121
-1852
-2177
-2163
-2052
-1923
-1659
-1243
-864
-676
-580
-396
-123
109
308
622
1068
1425
1502
1384
1262
1131
822
297
-250
-626
-839
-985
-1082
-1096
-1089
-1182
-1354
-1432
-1301
-1028
-744
-457
-94
346
753
1044
1223
1318
1302
1164
983
858
792
695
516
296
96
-104
-357
-648
-894
-1038
-1077
-1028
-872
-620
-342
-114
64
245
432
562
605
612
648
713
750
728
647
493
243
-73
-367
-588
-780
-1003
-1224
-1340
-1308
-1194
-1075
-955
-793
-587
-372
-166
46
253
405
482
514
533
512
408
229
54
-76
-181
-284
-366
-393
-371
-335
-289
-212
-112
-35
-5
21
86
172
225
240
246
269
282
270
259
274
298
305
299
320
365
393
370
315
268
239
212
190
196
237
289
339
409
523
653
761
850
952
1065
1155
1212
1247
1250
1163
982
792
614
291
-364
-1244
-1944
-2159
-2001
-1802
-1690
-1524
-1223
-937
-796
-706
-496
-195
57
287
673
1201
1571
1538
1219
902
675
397
4
-374
-622
-805
-1008
-1174
-1213
-1202
-1306
-1516
-1620
-1452
-1075
-650
-240
180
571
842
978
1062
1133
1140
1042
914
864
868
799
578
259
-66
-362
-632
-837
-932
-931
-886
-809
-656
-425
-187
-21
74
170
310
474
619
712
731
659
509
328
152
-31
-250
-487
-681
-790
-835
-867
-901
-911
-879
-812
-714
-586
-431
-273
-143
-44
44
118
154
145
127
135
160
171
161
146
128
91
31
-19
-31
-19
-15
-19
-8
19
34
23
8
21
53
85
121
183
269
346
388
411
438
460
458
437
424
426
421
390
351
321
294
258
226
224
269
352
453
562
672
773
858
925
976
1017
1052
1066
1023
915
786
647
396
-118
-856
-1515
-1785
-1672
-1456
-1338
-1251
-1062
-817
-668
-625
-543
-347
-108
127
445
883
1255
1304
1021
663
433
286
91
-154
-345
-461
-593
-774
-938
-1035
-1135
-1286
-1394
-1296
-972
-568
-223
50
309
539
686
749
792
854
901
913
921
942
908
732
423
88
-177
-355
-468
-527
-534
-512
-491
-465
-417
-347
-274
-190
-64
107
271
360
360
320
276
224
147
47
-60
-166
-268
-362
-444
-521
-607
-698
-753
-735
-653
-563
-507
-479
-443
-382
-301
-214
-133
-64
-4
58
133
202
233
216
186
178
188
192
182
170
163
146
116
83
57
32
4
-7
20
79
142
179
201
228
265
303
331
356
380
400
409
412
412
405
381
351
337
349
370
386
409
452
508
564
619
684
754
809
848
878
887
842
744
623
457
141
-385
-985
-1388
-1437
-1247
-1062
-995
-969
-885
-770
-715
-722
-683
-500
-189
158
471
712
828
750
496
207
43
29
50
-8
-146
-289
-411
-557
-758
-969
-1110
-1144
-1079
-935
-721
-463
-225
-58
38
116
222
357
485
593
704
824
916
914
791
587
367
174
34
-49
-81
-86
-112
-187
-302
-408
-471
-483
-449
-368
-238
-77
61
106
43
-72
-156
-157
-99
-38
-19
-47
-98
-163
-250
-364
-486
-565
-557
-477
-384
-328
-328
-359
-398
-428
-434
-402
-322
-212
-99
-4
64
99
100
84
80
114
185
262
321
353
361
345
303
243
189
167
176
196
210
209
194
162
125
100
103
132
174
221
266
303
324
318
293
271
265
287
333
396
456
497
517
522
530
547
572
602
643
696
759
804
797
729
624
498
327
54
-323
-692
-894
-871
-724
-612
-605
-643
-651
-640
-658
-701
-686
-542
-292
-29
173
292
325
259
105
-64
-142
-83
52
152
148
54
-78
-218
-361
-504
-617
-662
-619
-510
-381
-274
-211
-197
-217
-232
-198
-89
73
241
374
467
533
575
576
526
448
388
379
420
478
509
484
399
272
140
36
-25
-54
-66
-72
-82
-103
-145
-209
-286
-358
-402
-405
-367
-311
-267
-253
-269
-293
-312
-311
-291
-253
-204
-160
-131
-121
-126
-142
-166
-189
-196
-179
-138
-95
-64
-55
-58
-57
-47
-30
-11
7
31
68
111
146
162
162
156
154
164
178
189
195
194
191
183
170
154
134
112
97
91
96
106
111
105
89
76
74
87
107
129
148
165
179
194
209
224
237
254
279
309
340
369
394
417
432
439
438
430
406
362
301
244
210
202
199
173
122
53
-7
-48
-77
-115
-174
-250
-319
-354
-357
-359
-390
-465
-558
-626
-642
-617
-586
-576
-587
-596
-579
-541
-500
-486
-498
-513
-496
-435
-342
-251
-191
-171
-165
-144
-93
-30
23
58
83
117
169
227
271
288
276
253
251
282
332
374
388
378
364
361
366
364
339
297
253
224
215
211
194
147
79
13
-26
-40
-47
-75
-125
-184
-230
-255
-274
-300
-342
-391
-429
-446
-442
-434
-441
-467
-497
-506
-490
-455
-420
-397
-383
-361
-325
-276
-226
-185
-155
-125
-82
-23
42
97
134
157
181
212
250
289
322
345
362
378
391
398
392
375
354
339
334
338
340
337
324
308
294
286
287
288
289
293
301
312
325
333
335
332
332
339
353
368
377
375
368
353
329
288
227
161
110
86
85
78
45
-19
-96
-159
-194
-216
-250
-308
-378
-428
-439
-425
-427
-471
-549
-618
-638
-604
-549
-515
-518
-534
-529
-486
-422
-371
-353
-361
-356
-310
-223
-128
-61
-34
-23
2
60
136
199
229
230
230
251
295
340
363
357
338
332
351
383
408
405
378
347
331
335
342
335
306
259
216
188
174
153
113
52
-15
-66
-93
-100
-111
-147
-205
-271
-322
-349
-358
-371
-396
-429
-454
-460
-446
-434
-444
-473
-499
-499
-464
-410
-362
-336
-326
-312
-276
-220
-159
-111
-73
-36
12
71
126
165
184
190
209
244
293
340
366
374
374
378
389
399
399
388
371
358
353
353
346
326
295
267
253
253
259
258
248
237
233
241
258
272
279
283
290
304
325
344
349
344
332
325
318
297
254
198
145
114
100
85
43
-28
-109
-174
-207
-226
-259
-320
-400
-465
-494
-492
-497
-536
-604
-666
-682
-644
-583
-548
-554
-581
-587
-547
-475
-412
-383
-384
-376
-332
-248
-160
-103
-88
-86
-61
1
84
153
181
179
175
197
242
288
308
298
283
287
314
351
370
359
329
303
297
310
318
305
266
222
188
171
159
132
82
19
-37
-76
-99
-126
-168
-222
-273
-308
-330
-351
-383
-427
-464
-486
-489
-482
-482
-492
-503
-501
-483
-457
-429
-408
-387
-356
-311
-257
-207
-165
-129
-89
-39
16
68
111
144
176
208
245
277
302
320
333
347
360
371
375
374
371
366
360
353
339
323
307
290
277
261
246
233
224
220
219
218
216
214
217
225
236
243
249
258
270
288
305
316
320
320
320
321
309
278
231
181
149
139
135
112
56
-21
-91
-134
-154
-174
-219
-290
-359
-398
-403
-402
-428
-488
-558
-594
-576
-521
-471
-458
-480
-504
-490
-440
-380
-344
-340
-342
-315
-250
-168
-108
-89
-94
-90
-49
22
95
142
155
159
178
219
266
299
305
296
301
331
376
413
423
405
377
359
358
361
354
324
281
239
213
197
176
135
73
6
-50
-83
-101
-120
-154
-203
-254
-292
-312
-328
-349
-381
-414
-435
-435
-421
-409
-411
-424
-432
-421
-391
-351
-318
-296
-280
-255
-215
-169
-124
-91
-62
-31
12
62
109
143
167
189
219
256
293
321
336
341
346
353
360
362
357
346
335
325
316
305
292
271
248
229
216
210
208
204
197
190
187
192
203
215
222
225
227
239
260
282
298
303
301
303
308
309
293
252
203
168
156
157
143
92
12
-67
-119
-140
-158
-200
-272
-352
-403
-415
-412
-432
-492
-571
-621
-615
-565
-512
-499
-526
-559
-557
-509
-442
-397
-389
-395
-379
-321
-240
-174
-148
-153
-154
-118
-49
26
75
89
89
103
142
194
235
251
250
254
282
327
370
390
382
358
342
341
350
350
328
287
244
215
198
184
155
104
39
-21
-63
-86
-107
-142
-192
-249
-296
-324
-339
-358
-387
-424
-450
-457
-446
-431
-427
-436
-446
-440
-416
-379
-345
-320
-304
-282
-245
-201
-156
-119
-89
-59
-19
29
74
108
132
152
180
217
258
292
312
324
332
343
356
365
366
362
354
349
344
334
320
302
282
264
252
245
239
233
223
212
205
203
208
218
226
230
233
239
251
270
285
292
294
300
309
318
313
282
235
191
168
167
164
138
79
2
-62
-100
-122
-152
-210
-290
-359
-394
-399
-404
-440
-506
-573
-605
-584
-534
-496
-495
-517
-531
-509
-456
-402
-374
-370
-365
-329
-261
-185
-133
-115
-114
-97
-49
20
84
119
129
135
159
201
245
274
280
281
294
327
367
395
397
375
349
336
338
345
339
311
268
228
200
184
168
136
86
29
-20
-51
-69
-95
-139
-201
-259
-300
-317
-324
-340
-371
-408
-432
-433
-419
-407
-410
-421
-426
-405
-364
-321
-292
-278
-266
-238
-190
-135
-88
-58
-35
-6
38
89
129
152
163
180
210
250
287
311
319
323
330
345
358
363
358
347
337
331
323
310
289
264
241
227
220
212
201
184
168
156
151
152
156
160
164
168
177
191
207
224
237
245
256
271
291
307
307
283
241
200
176
170
167
145
91
21
-43
-85
-110
-140
-195
-274
-348
-391
-402
-402
-426
-482
-550
-591
-582
-537
-494
-483
-502
-518
-503
-455
-400
-368
-367
-371
-349
-290
-217
-161
-140
-142
-136
-97
-34
31
69
81
87
107
148
193
221
229
228
238
269
310
342
348
333
313
300
302
307
303
284
251
216
188
167
150
123
85
36
-14
-56
-89
-118
-149
-194
-248
-298
-336
-356
-367
-382
-406
-434
-453
-455
-441
-426
-418
-419
-419
-400
-363
-318
-282
-259
-243
-219
-179
-129
-83
-47
-19
6
40
79
116
142
159
177
203
233
262
281
289
296
303
315
323
326
320
311
308
306
303
292
272
248
229
218
211
205
195
180
165
152
146
146
149
152
157
162
169
178
192
211
231
249
261
273
289
314
339
347
328
287
243
216
215
220
206
157
81
5
-46
-72
-96
-146
-221
-298
-348
-362
-360
-376
-427
-495
-545
-544
-504
-456
-435
-449
-472
-472
-440
-392
-359
-350
-353
-340
-295
-230
-174
-146
-144
-140
-114
-59
4
51
75
88
105
134
173
205
221
228
239
265
302
333
347
341
322
306
302
303
304
291
264
229
200
178
161
135
96
47
-4
-43
-70
-93
-122
-167
-219
-267
-298
-315
-329
-346
-368
-390
-398
-393
-382
-374
-375
-378
-372
-352
-319
-285
-256
-238
-221
-196
-161
-122
-84
-51
-20
12
48
81
108
125
140
160
188
220
247
263
273
280
289
300
311
318
318
316
316
316
315
305
288
267
249
237
232
228
222
211
193
177
161
148
140
140
146
156
168
174
178
183
196
217
239
256
266
275
292
313
328
317
276
223
182
171
179
179
144
70
-15
-78
-105
-118
-150
-217
-301
-365
-385
-375
-372
-408
-480
-546
-562
-523
-464
-432
-447
-484
-501
-474
-416
-369
-355
-367
-366
-325
-254
-183
-148
-147
-151
-131
-77
-10
40
64
71
85
116
159
191
204
207
215
240
276
307
317
308
290
280
281
283
280
264
241
218
199
180
154
117
75
33
-2
-32
-61
-95
-136
-180
-222
-260
-292
-320
-343
-360
-373
-381
-389
-398
-408
-412
-408
-397
-380
-360
-341
-318
-292
-262
-235
-209
-185
-158
-124
-87
-49
-16
11
33
54
76
99
123
147
169
193
213
231
241
250
258
267
276
284
290
294
298
299
296
285
271
254
240
228
221
215
203
188
172
159
150
142
136
133
136
147
163
177
184
185
189
204
228
252
269
273
276
285
301
311
297
257
206
170
164
170
159
111
34
-41
-86
-101
-113
-152
-224
-303
-351
-357
-345
-354
-402
-468
-512
-506
-457
-409
-396
-417
-443
-440
-397
-343
-306
-299
-305
-288
-239
-171
-119
-100
-104
-103
-75
-21
35
73
86
92
107
137
170
194
204
209
222
249
278
299
301
291
279
274
273
272
264
251
237
224
209
190
160
126
92
66
44
18
-15
-53
-91
-126
-152
-180
-212
-244
-271
-287
-294
-298
-309
-327
-342
-347
-339
-322
-304
-292
-282
-271
-250
-223
-195
-171
-150
-129
-103
-74
-43
-19
3
22
42
66
92
116
138
156
171
187
202
215
224
232
238
244
249
254
257
256
254
249
243
234
226
217
207
194
182
171
163
159
156
154
146
138
132
134
145
160
168
170
165
165
175
196
219
229
228
222
227
246
266
271
244
195
148
124
125
129
110
56
-18
-78
-109
-119
-136
-184
-256
-323
-356
-352
-341
-356
-404
-462
-492
-477
-431
-391
-384
-403
-419
-408
-369
-326
-304
-302
-306
-286
-236
-179
-139
-125
-126
-119
-88
-39
9
38
52
64
84
113
143
162
170
177
192
219
246
264
267
258
246
238
235
233
229
222
208
191
170
145
116
87
57
24
-10
-43
-76
-105
-133
-164
-200
-237
-267
-285
-292
-296
-305
-320
-337
-346
-346
-339
-329
-320
-310
-294
-271
-247
-228
-212
-200
-183
-159
-128
-99
-73
-51
-29
-7
17
40
64
87
112
138
163
182
196
206
214
223
234
244
254
262
268
273
274
270
265
261
260
258
251
241
227
212
197
187
176
167
159
150
141
135
126
120
118
118
121
124
127
129
135
147
163
177
182
182
185
198
217
229
218
183
138
106
96
98
89
50
-11
-68
-103
-113
-122
-156
-217
-280
-318
-320
-306
-309
-344
-397
-435
-432
-393
-353
-338
-351
-369
-365
-333
-294
-270
-269
-275
-265
-227
-173
-131
-115
-116
-115
-91
-49
-6
24
38
46
63
91
121
145
157
167
182
206
234
258
269
268
260
253
251
251
250
245
232
215
194
171
149
124
97
70
40
11
-17
-44
-71
-100
-132
-162
-190
-212
-224
-232
-240
-251
-266
-282
-290
-289
-284
-276
-269
-262
-252
-237
-219
-200
-184
-168
-151
-131
-104
-78
-55
-35
-16
2
23
46
70
94
118
142
163
183
198
212
226
239
252
260
267
273
277
281
283
281
275
269
262
258
251
236
219
202
188
175
164
152
140
130
125
122
117
108
99
95
102
113
123
121
110
102
107
127
149
158
152
137
134
146
164
163
133
84
43
30
41
50
26
-28
-90
-130
-136
-128
-139
-182
-244
-288
-297
-281
-273
-294
-340
-381
-388
-356
-317
-300
-313
-338
-346
-328
-292
-265
-259
-264
-259
-234
-193
-158
-140
-135
-130
-110
-75
-37
-6
12
24
37
55
75
97
114
128
142
161
177
192
202
204
201
195
189
186
184
180
169
148
124
101
82
65
45
18
-13
-42
-65
-87
-110
-139
-172
-200
-218
-229
-234
-243
-256
-269
-276
-276
-271
-266
-263
-258
-249
-235
-221
-207
-196
-186
-171
-151
-128
-105
-86
-68
-49
-28
-6
16
35
54
75
98
120
141
158
174
188
203
216
230
241
253
260
264
266
266
262
260
257
253
247
238
227
215
202
187
173
157
142
126
114
102
91
83
75
67
58
53
50
56
65
75
83
84
84
89
103
123
138
143
139
137
143
160
170
166
143
113
93
91
98
93
68
25
-15
-39
-47
-52
-72
-111
-155
-184
-193
-193
-198
-223
-259
-290
-298
-287
-272
-268
-282
-300
-305
-294
-273
-257
-252
-252
-245
-225
-197
-170
-151
-141
-130
-111
-82
-50
-22
1
19
38
60
85
108
128
145
163
181
199
214
222
227
225
224
219
217
212
201
187
170
152
134
112
87
60
34
10
-12
-35
-62
-91
-117
-140
-160
-178
-196
-213
-228
-238
-244
-249
-255
-263
-268
-266
-257
-247
-236
-227
-219
-208
-190
-169
-149
-130
-110
-88
-63
-37
-11
12
33
55
78
103
129
152
174
190
206
222
236
248
259
266
270
274
275
274
271
264
254
242
231
219
208
196
179
162
143
127
112
97
83
67
52
40
33
28
23
16
9
6
9
14
20
25
29
37
47
59
70
79
87
96
109
121
132
135
137
139
141
140
133
120
105
93
85
75
61
36
6
-20
-40
-56
-78
-106
-138
-166
-184
-196
-211
-233
-259
-281
-292
-293
-293
-296
-306
-315
-317
-310
-298
-289
-283
-277
-264
-244
-219
-198
-181
-167
-149
-126
-98
-71
-48
-28
-9
12
36
57
74
90
104
120
136
148
156
161
163
163
160
155
149
142
133
121
106
89
70
51
32
12
-9
-33
-58
-78
-97
-115
-136
-158
-178
-193
-203
-211
-221
-231
-239
-244
-244
-240
-236
-233
-228
-219
-205
-189
-173
-157
-141
-122
-100
-78
-54
-30
-8
15
38
63
86
107
128
148
167
186
200
213
224
234
244
250
255
257
255
254
251
246
240
231
219
206
193
180
165
148
133
116
101
86
71
56
42
29
17
5
-4
-10
-15
-17
-19
-19
-17
-14
-9
-1
7
16
27
38
54
69
81
91
101
112
127
142
152
158
160
163
168
172
169
159
146
132
123
118
106
86
59
31
10
-7
-23
-47
-78
-107
-130
-145
-158
-173
-197
-222
-239
-246
-248
-249
-255
-264
-269
-266
-256
-243
-234
-226
-218
-202
-181
-157
-136
-119
-101
-81
-59
-33
-8
14
32
48
66
85
102
117
129
138
145
153
159
163
164
161
155
147
141
133
124
113
98
81
62
45
28
10
-9
-30
-51
-68
-85
-103
-119
-136
-150
-164
-173
-181
-188
-196
-199
-202
-202
-201
-197
-193
-186
-176
-165
-153
-140
-126
-111
-96
-78
-59
-40
-22
-4
15
35
55
73
89
104
119
133
147
161
170
177
182
187
190
193
193
190
187
182
176
170
161
151
140
127
114
103
91
79
66
54
41
29
17
7
-2
-10
-18
-23
-27
-32
-34
-37
-37
-37
-33
-28
-22
-16
-10
-4
6
14
25
34
44
53
64
76
86
94
101
106
112
117
122
125
126
124
119
115
107
99
88
76
63
50
35
18
0
-19
-38
-57
-76
-94
-113
-129
-145
-162
-178
-193
-206
-218
-226
-234
-238
-242
-244
-243
-242
-238
-234
-226
-217
-205
-191
-178
-163
-148
-132
-116
-98
-79
-60
-42
-26
-8
9
25
40
52
63
74
85
94
101
108
110
111
110
109
107
103
97
91
81
72
60
47
36
22
6
-8
-22
-35
-49
-63
-77
-90
-103
-114
-123
-130
-138
-142
-147
-150
-151
-151
-149
-146
-141
-134
-127
-117
-107
-97
-86
-73
-59
-45
-30
-15
-1
15
30
44
57
72
84
96
107
118
127
134
142
147
150
152
154
155
155
153
150
145
140
134
127
120
112
104
94
85
74
66
57
47
36
28
19
12
5
-1
-6
-11
-14
-17
-18
-17
-17
-14
-11
-7
-2
4
11
19
26
34
43
52
62
72
81
90
98
106
113
122
128
134
139
143
146
149
150
149
147
145
140
135
129
122
112
103
90
79
66
54
41
25
9
-7
-21
-35
-51
-65
-81
-95
-108
-119
-130
-141
-150
-160
-166
-171
-174
-175
-176
-175
-173
-168
-163
-156
-147
-137
-128
-116
-104
-91
-77
-64
-50
-38
-23
-10
2
14
25
35
45
53
60
67
71
74
76
76
75
73
71
68
61
54
45
38
29
20
10
0
-10
-23
-31
-42
-50
-59
-69
-76
-84
-90
-95
-99
-104
-106
-107
-108
-107
-105
-104
-101
-95
-90
-84
-77
-69
-62
-54
-44
-34
-24
-15
-6
5
14
23
32
41
48
56
63
69
73
78
82
85
87
87
87
86
84
81
79
74
69
63
57
49
42
35
27
18
9
2
-6
-12
-20
-26
-33
-37
-42
-45
-47
-49
-50
-49
-47
-45
-42
-39
-33
-29
-22
-16
-10
-2
7
13
21
29
36
43
51
58
65
69
75
79
83
87
88
89
89
90
88
87
85
81
77
73
67
63
57
51
44
37
31
24
17
9
3
-5
-11
-18
-25
-31
-38
-45
-50
-55
-60
-65
-69
-73
-76
-78
-79
-80
-80
-81
-79
-79
-76
-74
-70
-67
-63
-59
-54
-50
-45
-40
-35
-30
-24
-20
-15
-10
-5
-1
3
6
9
12
14
15
16
17
16
16
15
12
10
8
4
2
-1
-4
-8
-12
-14
-18
-22
-25
-27
-30
-32
-35
-37
-39
-39
-40
-40
-40
-40
-40
-39
-37
-36
-34
-32
-29
-26
-22
-19
-15
-12
-8
-5
-1
2
6
9
13
16
19
21
23
25
27
29
30
30
31
32
32
33
33
31
31
31
29
28
27
25
25
23
22
21
19
18
17
16
16
16
15
15
15
15
15
16
16
18
19
21
22
23
25
27
29
31
33
35
37
41
42
44
46
49
51
52
53
55
55
57
56
58
56
56
55
54
52
49
48
44
42
39
36
32
29
25
21
18
14
11
9
4
1
-1
-4
-6
-7
-8
-10
-11
-12
-12
-11
-10
-11
-9
-7
-6
-4
-2
0
2
4
6
7
9
11
11
12
13
13
13
13
12
11
11
8
7
5
4
0
-3
-5
-8
-11
-15
-18
-21
-25
-29
-33
-36
-40
-43
-46
-49
-53
-55
-58
-61
-62
-64
-65
-66
-67
-68
-68
-67
-67
-66
-65
-64
-62
-61
-58
-56
-54
-50
-48
-45
-42
-40
-37
-34
-31
-28
-27
-24
-21
-19
-18
-16
-15
-14
-13
-12
-11
-9
-10
-10
-9
-9
-10
-9
-10
-10
-10
-11
-11
-11
-12
-12
-12
-12
-13
-13
-13
-12
-13
-13
-12
-12
-12
-10
-10
-9
-9
-7
-6
-5
-3
-2
-1
1
2
4
5
7
8
10
11
14
15
16
17
18
19
20
19
20
22
22
22
22
21
22
20
21
19
19
17
17
15
14
13
12
12
10
10
9
9
8
8
8
8
8
9
9
10
10
11
12
12
14
15
16
17
19
19
21
22
23
23
25
25
26
25
26
27
27
26
26
26
26
24
22
22
20
19
18
16
14
12
9
8
4
3
1
-2
-3
-5
-7
-9
-11
-12
-13
-14
-16
-16
-17
-16
-17
-17
-16
-16
-15
-14
-13
-13
-12
-10
-8
-7
-5
-5
-2
-3
1
1
3
4
5
6
6
7
8
9
8
8
8
7
7
6
6
4
3
1
0
-2
-3
-5
-6
-8
-9
-11
-12
-13
-14
-16
-15
-16
-16
-15
-16
-15
-14
-14
-13
-10
-10
-7
-5
-3
-1
2
4
7
9
12
14
17
19
21
23
25
27
27
30
29
30
30
30
30
30
29
28
25
24
22
20
18
16
14
11
8
6
3
1
-2
-4
-7
-8
-9
-11
-13
-14
-15
-17
-16
-16
-16
-16
-16
-14
-15
-13
-11
-9
-8
-6
-4
-1
0
2
5
6
8
10
11
13
14
15
16
17
19
18
19
19
19
20
19
18
18
17
16
15
13
13
11
11
9
7
5
4
3
2
1
-1
-3
-3
-5
-7
-7
-9
-10
-11
-12
-12
-12
-15
-15
-16
-16
-17
-17
-17
-19
-19
-19
-20
-19
-20
-20
-20
-20
-20
-20
-20
-20
-19
-19
-19
-17
0
0
0
0
0
0
0
0
0
0
0
0
0
0
0
0
0
0
0
0
0
0
0
0
0
0
0
0
0
0
0
0
0
0
0
0
0
0
0
0
0
0
0
0
0
0
0
0
0
0
0
0
0
0
0
0
0
0
0
0
0
0
0
0
0
0
0
0
0
0
0
0
0
0
0
0
0
0
0
0
0
0
0
0
0
0
0
0
0
0
0
0
0
0
0
0
0
0
0
0
0
0
0
0
0
0
0
0
0
0
0
0
0
0
0
0
0
0
0
0
0
0
0
0
0
0
0
0
0
0
0
0
0
0
0
0
0
0
0
0
0
0
0
0
0
0
0
0
0
0
0
0
0
0
0
0
0
0
0
0
0
0
0
0
0
0
0
0
0
0
0
0
0
0
0
0
0
0
0
0
0
0
0
0
0
0
0
0
0
0
0
0
0
0
0
0
0
0
