0
0
0
0
0
0
0
0
0
0
0
0
0
0
0
0
0
0
0
0
0
0
0
0
0
0
0
0
0
0
0
0
0
0
0
0
0
0
0
0
0
0
0
0
0
0
0
0
0
0
0
0
0
0
0
0
0
0
0
0
0
0
0
0
0
0
0
0
0
0
0
0
0
0
0
0
0
0
0
0
0
0
0
0
0
0
0
0
0
0
0
0
0
0
0
0
0
0
0
0
0
0
0
0
0
0
0
0
0
0
0
0
0
0
0
0
0
0
0
0
0
0
0
0
0
0
0
0
0
0
0
0
0
0
0
0
0
0
0
0
0
0
0
0
0
0
0
0
0
0
0
0
0
0
0
0
0
0
0
0
0
0
0
0
0
0
0
0
0
0
0
0
0
0
0
0
0
0
0
0
0
0
0
0
0
0
0
0
0
0
0
0
0
0
0
0
0
0
-10
-43
45
-22
-44
40
-16
-33
33
-14
-25
28
-9
-21
14
-15
-23
9
-5
-8
19
-1
-19
1
-13
-27
16
9
-14
28
-6
-47
20
-9
-39
56
3
-48
52
-21
-64
62
-6
-52
70
-11
-64
52
-9
-47
53
4
-40
28
-9
-35
28
9
-12
23
-7
-33
7
0
-12
34
16
-28
8
-3
-42
17
28
-21
25
17
-42
3
6
-28
22
19
-8
15
-12
-14
8
-22
15
27
-27
23
20
-49
21
24
-50
24
31
-41
21
30
-38
2
17
-25
2
27
2
0
13
-5
-22
6
8
-8
24
16
-15
12
-8
-22
23
-1
3
38
-21
-8
24
-42
9
42
-29
23
33
-47
16
22
-36
34
18
-31
33
1
-28
40
-6
-27
41
-12
-19
49
-7
-16
42
-14
-19
31
-11
-11
32
3
-4
21
1
-14
6
5
-7
15
17
1
18
7
-15
8
-12
-17
33
10
3
47
-7
-30
18
-23
-23
44
15
5
44
-13
-31
8
-29
-11
49
9
15
48
-25
-32
16
-35
-15
57
9
3
47
-19
-43
15
-18
-23
54
24
-12
37
-9
-52
15
-2
-22
50
20
-21
26
-13
-38
28
4
-16
41
-1
-38
27
-4
-37
53
19
-49
42
0
-75
50
23
-51
75
17
-77
44
-7
-70
64
16
-42
58
-9
-53
38
-15
-24
52
-16
-17
37
-38
-10
48
-35
-1
41
-56
-12
37
-42
13
51
-32
1
15
-47
-9
16
-12
17
20
-8
-6
-10
-19
-12
0
0
7
13
-1
6
-1
-26
-5
-12
-23
23
10
-5
27
-16
-33
2
-29
-8
34
-1
11
16
-27
-10
-4
-22
6
5
-5
9
-7
-6
7
-18
-8
7
-26
0
29
-19
4
29
-42
-9
28
-43
11
38
-51
4
16
-56
23
31
-35
25
1
-54
9
8
-11
34
17
-23
-18
-14
-27
-12
31
11
-14
26
-15
-49
31
4
-27
54
-9
-53
30
-27
-31
64
-16
-20
45
-61
-25
57
-41
16
75
-52
-7
39
-71
-14
43
-48
-2
52
-25
-3
46
-28
-31
25
-26
-21
57
9
-9
39
-35
-57
5
-33
-2
62
7
22
30
-54
-9
3
-54
39
36
-31
52
3
-69
29
-25
-53
71
-4
-15
82
-40
-27
60
-68
-15
66
-63
3
62
-58
6
47
-50
-1
32
-29
8
34
-6
-1
8
-20
-22
2
2
3
23
2
-13
7
-18
-9
39
6
0
32
-32
-46
12
-21
-14
59
21
-10
19
-26
-48
-8
5
23
36
37
17
-43
-36
-19
-45
23
62
14
36
25
-47
-28
-10
-23
15
37
19
9
4
-18
-29
-5
-5
-8
28
13
-4
26
3
-16
11
-8
-30
-4
5
-8
16
41
0
-11
13
-41
-39
22
-11
9
58
-2
-3
12
-53
-30
10
-20
19
60
13
3
22
-40
-67
5
-8
-28
75
45
-45
29
-16
-107
10
21
-41
75
60
-46
24
-12
-92
10
5
-26
82
29
-29
36
-63
-83
34
-30
5
110
-22
-35
16
-113
-52
64
-8
49
80
-56
-51
-21
-68
9
78
30
21
11
-70
-81
-17
-11
11
72
26
-34
-12
-48
-64
15
24
7
38
8
-37
-26
-15
-19
2
29
4
-15
11
-20
-27
30
-7
-29
20
-34
-48
26
-5
-15
44
0
-40
3
-10
-38
18
39
-16
9
32
-59
-41
24
-61
-26
70
-24
-13
69
-48
-56
30
-51
-29
68
-1
1
35
-48
-43
-7
-36
11
34
-1
16
-4
-36
-13
-20
-22
10
-1
-4
17
-15
-19
5
-29
-18
30
-10
0
44
-32
-32
26
-48
-29
56
-27
-25
53
-47
-56
50
-22
-33
79
0
-56
43
-24
-77
51
5
-52
59
-9
-64
52
-21
-57
52
-33
-46
65
-22
-19
63
-51
-48
26
-69
-15
80
-10
29
67
-71
-47
12
-65
17
92
-7
14
22
-88
-32
25
-37
43
74
-34
20
41
-76
-3
47
-69
6
70
-50
-5
49
-69
-46
22
-47
-13
59
4
-14
2
-53
-67
-11
16
30
53
32
-21
-35
-17
-2
34
76
61
20
9
-16
-49
0
28
-5
48
49
-34
27
39
-41
55
76
-22
70
83
-13
82
94
5
78
67
3
80
64
34
111
64
30
89
10
-13
54
-9
-3
76
27
35
69
-4
-12
-4
-27
27
59
47
63
18
-35
-40
-51
-26
14
41
63
29
6
-6
-56
-16
25
-5
48
31
-66
-33
-64
-150
-80
-95
-184
-118
-139
-242
-208
-240
-346
-310
-289
-333
-282
-246
-285
-275
-235
-219
-174
-75
-5
12
64
97
60
115
201
199
272
334
253
250
266
204
262
328
292
316
295
198
187
171
131
182
211
189
214
190
106
84
70
51
103
152
134
111
74
-2
-57
-50
-40
-29
34
68
28
13
0
-65
-55
36
45
35
89
33
-60
12
9
-94
-32
-53
-188
-101
-44
-133
-61
-47
-191
-183
-167
-227
-139
-31
7
69
72
7
-33
-29
35
149
248
284
250
165
59
4
5
2
29
70
30
-15
-45
-140
-204
-183
-170
-129
-37
-22
-50
-52
-97
-121
-67
-35
5
74
82
84
94
49
12
-2
-21
-8
21
40
28
-21
-66
-125
-166
-124
-100
-78
-14
-29
-76
-73
-125
-151
-88
-55
-21
31
3
-45
-59
-76
-50
13
48
57
46
12
-13
-17
-9
-3
1
-5
-22
-40
-60
-76
-79
-63
-34
-16
-15
-31
-67
-84
-66
-30
8
36
37
5
-17
-13
-11
19
69
88
106
106
64
31
2
-8
26
40
44
36
-30
-76
-79
-98
-82
-52
-79
-90
-79
-93
-79
-52
-58
-60
-46
-46
-37
-10
7
15
29
29
4
-15
-31
-50
-35
-11
-8
-10
-22
-50
-60
-40
-18
1
31
37
27
46
49
37
53
46
20
28
16
-7
5
-6
-15
2
-16
-44
-52
-81
-84
-40
-13
10
33
9
-22
-20
-20
3
54
82
97
103
81
53
34
25
39
64
85
94
77
51
34
19
19
27
21
18
17
10
12
11
2
-2
-5
-6
0
1
6
20
35
49
48
23
-12
-38
-42
-13
30
64
73
49
5
-40
-63
-52
-17
22
51
57
26
-11
-42
-71
-62
-31
-16
4
10
-23
-52
-72
-92
-78
-38
-3
31
49
42
24
16
18
29
49
59
45
21
-13
-56
-94
-124
-152
-168
-171
-174
-172
-169
-172
-172
-171
-166
-150
-127
-101
-68
-46
-44
-52
-72
-96
-98
-91
-78
-60
-57
-69
-81
-95
-108
-110
-108
-110
-106
-100
-102
-105
-110
-126
-137
-133
-128
-115
-92
-76
-56
-32
-22
-16
-14
-20
-17
0
19
44
71
93
131
172
195
197
172
144
147
186
253
311
335
324
293
278
287
313
352
389
417
441
445
420
376
342
350
424
554
688
802
865
866
852
846
887
1046
1285
1527
1681
1546
1067
374
-374
-920
-1098
-1009
-820
-758
-997
-1479
-2057
-2549
-2771
-2676
-2299
-1773
-1288
-990
-958
-1137
-1342
-1388
-1146
-633
-21
509
809
837
694
511
402
448
630
869
1070
1112
918
532
58
-368
-615
-664
-621
-583
-662
-886
-1155
-1404
-1558
-1561
-1449
-1241
-980
-736
-537
-431
-380
-298
-153
97
406
653
801
820
737
645
562
504
468
417
368
301
188
50
-122
-284
-373
-395
-348
-286
-265
-262
-264
-221
-97
69
263
449
602
751
882
995
1098
1198
1316
1462
1644
1818
1951
2048
2102
2186
2332
2453
2570
2688
2828
3146
3538
3737
3519
2551
960
-695
-1972
-2464
-2242
-1845
-1682
-2089
-3041
-4104
-4971
-5337
-5056
-4235
-3016
-1787
-954
-682
-972
-1443
-1591
-1146
-80
1234
2302
2868
2845
2411
1865
1416
1248
1390
1730
2116
2272
2002
1287
284
-661
-1298
-1544
-1472
-1345
-1340
-1512
-1841
-2183
-2463
-2623
-2564
-2278
-1772
-1134
-556
-149
29
53
120
321
663
1058
1358
1508
1484
1295
1002
632
225
-127
-352
-441
-496
-652
-1009
-1527
-2018
-2329
-2336
-2051
-1688
-1360
-1129
-1023
-926
-793
-604
-292
99
530
940
1198
1252
1131
951
873
939
1095
1232
1226
1062
785
480
237
78
8
33
103
164
156
57
-70
-144
-70
188
562
934
1230
1438
1575
1689
1862
2125
2445
2741
2963
3179
3385
3497
3527
3491
3485
3682
4112
4668
4869
3960
1861
-742
-2936
-3941
-3722
-2845
-2085
-2219
-3296
-4719
-5925
-6512
-6317
-5256
-3437
-1451
55
679
337
-533
-1193
-957
378
2238
3825
4632
4514
3682
2530
1511
962
912
1249
1770
2117
1888
878
-641
-2119
-3107
-3391
-3070
-2492
-2052
-1984
-2208
-2520
-2811
-2966
-2822
-2258
-1312
-208
767
1373
1473
1211
963
1008
1364
1858
2283
2499
2384
1908
1207
429
-329
-924
-1209
-1200
-1105
-1184
-1526
-2036
-2580
-2996
-3102
-2868
-2424
-1906
-1392
-940
-614
-466
-412
-287
-6
432
961
1413
1597
1441
1064
664
360
179
111
112
96
-11
-219
-507
-844
-1122
-1196
-1013
-680
-359
-165
-115
-141
-121
62
423
866
1325
1752
2072
2238
2293
2353
2492
2689
2939
3251
3525
3609
3497
3322
3236
3373
3855
4527
4668
3418
772
-2211
-4325
-4993
-4367
-3153
-2316
-2616
-3983
-5576
-6675
-7014
-6433
-4803
-2396
-63
1348
1563
793
-352
-986
-380
1443
3603
5096
5480
4821
3435
1816
536
-26
87
592
1173
1396
811
-655
-2486
-3933
-4548
-4309
-3455
-2428
-1721
-1584
-1862
-2208
-2419
-2375
-1883
-846
532
1807
2595
2760
2379
1753
1330
1405
1905
2471
2787
2734
2279
1473
499
-411
-1071
-1422
-1483
-1324
-1208
-1412
-1940
-2552
-2950
-2955
-2549
-1845
-1126
-630
-374
-230
-84
43
203
520
938
1326
1568
1580
1335
870
367
48
-58
-77
-155
-340
-589
-853
-1078
-1231
-1302
-1258
-1070
-749
-372
-73
81
157
276
528
904
1322
1714
1997
2136
2186
2228
2275
2274
2236
2261
2385
2522
2564
2527
2486
2454
2460
2570
2795
3076
3472
4093
4590
4028
1843
-1212
-3664
-4594
-4077
-2833
-1780
-1789
-3116
-4979
-6315
-6683
-6160
-4790
-2625
-272
1307
1643
956
-158
-943
-666
936
3208
4952
5412
4669
3241
1655
358
-291
-234
227
728
967
618
-548
-2297
-3880
-4601
-4319
-3370
-2254
-1423
-1165
-1433
-1848
-2049
-1919
-1435
-540
701
1956
2784
2973
2595
1916
1327
1188
1562
2132
2472
2373
1855
1017
31
-869
-1473
-1722
-1693
-1505
-1324
-1375
-1774
-2374
-2855
-2951
-2581
-1858
-1037
-389
-64
5
8
66
214
468
825
1197
1433
1415
1121
623
60
-397
-621
-654
-657
-769
-1008
-1306
-1567
-1729
-1737
-1567
-1269
-905
-508
-171
21
96
176
393
761
1197
1570
1783
1840
1794
1713
1663
1673
1724
1768
1768
1763
1745
1673
1585
1565
1680
1922
2211
2530
2823
3023
3304
3957
4835
4836
2950
-209
-3081
-4542
-4349
-3160
-1960
-1654
-2743
-4728
-6417
-7044
-6716
-5600
-3532
-984
941
1625
1145
6
-981
-1003
363
2687
4826
5749
5213
3764
2030
419
-603
-759
-225
545
1021
811
-287
-2142
-4053
-5157
-5045
-3943
-2513
-1366
-864
-1069
-1674
-2197
-2253
-1724
-672
772
2258
3277
3498
2954
2025
1235
967
1308
1991
2552
2604
2014
958
-260
-1355
-2078
-2313
-2137
-1747
-1406
-1336
-1645
-2243
-2776
-2887
-2475
-1718
-895
-201
224
341
302
262
290
435
702
1043
1326
1376
1130
652
73
-439
-771
-931
-1007
-1097
-1247
-1423
-1565
-1662
-1723
-1708
-1532
-1180
-732
-288
110
408
599
774
1015
1308
1559
1727
1848
1918
1917
1881
1812
1689
1524
1376
1294
1239
1190
1173
1197
1285
1444
1660
1914
2131
2342
2629
2991
3479
4196
5221
5983
5114
2136
-1622
-4254
-4805
-3779
-2210
-1047
-1304
-3230
-5821
-7648
-7960
-6992
-5035
-2301
362
1871
1732
418
-976
-1567
-798
1395
4215
6359
6774
5452
3296
1149
-399
-940
-424
733
1676
1715
705
-1187
-3431
-5213
-5801
-4968
-3274
-1625
-677
-672
-1369
-2249
-2732
-2371
-1162
555
2282
3536
4031
3668
2687
1655
1095
1246
1923
2668
3043
2699
1607
116
-1296
-2226
-2539
-2352
-1879
-1423
-1244
-1472
-2064
-2709
-3038
-2852
-2132
-1083
-1
738
832
445
-21
-229
-15
512
1158
1642
1695
1300
600
-156
-754
-1082
-1107
-958
-834
-917
-1262
-1705
-2034
-2135
-1973
-1584
-1046
-516
-144
98
309
506
716
988
1362
1755
1999
2070
2018
1889
1753
1647
1608
1596
1498
1331
1166
1051
1002
1002
1075
1228
1440
1697
1957
2212
2516
2870
3263
3771
4566
5658
6118
4569
1049
-2734
-4869
-4798
-3391
-1696
-818
-1714
-4233
-7065
-8609
-8303
-6670
-4176
-1348
931
1834
1142
-350
-1510
-1584
-186
2422
5302
7177
7053
5125
2465
151
-1066
-1027
11
1362
2016
1448
-260
-2589
-4746
-6088
-6112
-4807
-2869
-1197
-518
-923
-1926
-2879
-3124
-2320
-588
1542
3290
4155
4068
3249
2131
1217
943
1413
2260
2955
3071
2402
1036
-671
-2144
-2915
-2916
-2400
-1771
-1368
-1408
-1925
-2684
-3304
-3420
-2895
-1869
-627
419
953
825
190
-441
-635
-247
560
1388
1893
1809
1113
128
-748
-1219
-1271
-1070
-796
-687
-886
-1357
-1916
-2294
-2356
-2087
-1536
-867
-282
61
143
152
252
504
913
1405
1855
2114
2111
1954
1765
1612
1510
1452
1433
1387
1243
1045
875
770
733
776
924
1151
1424
1750
2105
2445
2818
3272
3796
4398
5187
6200
6589
5011
1418
-2524
-4783
-4723
-3240
-1480
-590
-1553
-4308
-7505
-9267
-8802
-6720
-3858
-987
1104
1795
992
-442
-1390
-1198
353
2914
5727
7681
7701
5757
2839
267
-996
-819
428
1932
2595
1801
-313
-2927
-5051
-6139
-5962
-4663
-2822
-1221
-582
-1013
-2005
-2907
-3118
-2318
-544
1731
3648
4564
4375
3434
2302
1452
1248
1780
2690
3418
3467
2690
1273
-447
-1999
-2912
-2989
-2428
-1742
-1362
-1451
-2014
-2853
-3573
-3720
-3091
-1899
-556
540
1072
938
331
-281
-450
-38
790
1659
2194
2151
1487
449
-569
-1203
-1312
-1053
-684
-479
-645
-1194
-1910
-2447
-2584
-2297
-1656
-852
-133
288
378
295
232
369
804
1460
2135
2582
2677
2447
2014
1604
1386
1393
1541
1669
1669
1493
1161
813
583
560
797
1225
1763
2262
2607
2882
3130
3416
3941
4889
6007
6074
3974
217
-3378
-5146
-4847
-3298
-1505
-769
-2059
-5042
-8094
-9412
-8513
-6091
-3066
-382
1221
1384
397
-772
-1278
-757
782
2996
5360
7005
7038
5343
2649
151
-1186
-1085
177
1729
2430
1603
-611
-3241
-5218
-6024
-5621
-4377
-2846
-1617
-1164
-1447
-2086
-2651
-2778
-2231
-868
1084
2962
4122
4258
3541
2460
1529
1200
1612
2460
3179
3244
2523
1232
-294
-1676
-2599
-2912
-2706
-2281
-1909
-1777
-2013
-2575
-3225
-3572
-3306
-2407
-1105
178
998
1089
524
-251
-681
-433
406
1410
2118
2223
1660
634
-445
-1143
-1319
-1097
-717
-444
-479
-902
-1571
-2199
-2528
-2396
-1809
-956
-121
434
608
468
239
217
570
1238
1981
2545
2750
2549
2077
1593
1326
1333
1516
1730
1828
1714
1422
1072
829
807
1019
1445
1949
2390
2768
3077
3357
3763
4516
5532
5805
4184
800
-2870
-5106
-5322
-3996
-1983
-627
-1184
-3796
-7136
-9193
-8956
-6774
-3609
-643
1243
1639
788
-352
-921
-572
591
2198
4028
5691
6489
5962
4156
1784
-224
-1266
-1030
208
1557
1997
906
-1328
-3686
-5287
-5695
-5056
-3806
-2487
-1658
-1445
-1613
-1844
-1931
-1848
-1436
-500
900
2445
3655
4183
3940
3052
1973
1252
1229
1816
2505
2778
2374
1333
-31
-1358
-2326
-2773
-2778
-2515
-2191
-1966
-1907
-2086
-2454
-2816
-2901
-2483
-1631
-616
246
671
598
213
-115
-58
409
1071
1616
1784
1504
904
229
-309
-647
-798
-833
-852
-903
-1015
-1209
-1482
-1748
-1841
-1642
-1163
-516
102
514
636
560
521
703
1154
1749
2256
2500
2428
2151
1846
1652
1633
1741
1850
1872
1790
1650
1509
1425
1493
1731
2051
2436
2876
3316
3755
4290
5016
5398
4412
1736
-1741
-4515
-5651
-5165
-3498
-1623
-929
-2254
-5120
-7835
-8875
-7876
-5336
-2281
229
1495
1378
534
-134
-119
568
1529
2542
3633
4636
5229
5050
4020
2437
679
-714
-1216
-755
190
731
259
-1095
-2785
-4166
-4850
-4779
-4097
-3235
-2574
-2171
-1855
-1434
-990
-694
-508
-279
195
986
2014
3079
3804
3875
3300
2390
1628
1285
1321
1513
1551
1250
575
-350
-1273
-1995
-2448
-2680
-2793
-2794
-2666
-2459
-2252
-2145
-2139
-2180
-2185
-2007
-1529
-771
79
748
1104
1179
1095
1012
1013
1105
1197
1135
872
442
-30
-434
-735
-931
-1065
-1186
-1315
-1430
-1459
-1341
-1098
-793
-489
-213
32
246
450
666
918
1203
1494
1785
2051
2246
2308
2223
2076
1959
1935
2019
2155
2276
2308
2236
2141
2086
2162
2442
2882
3421
4029
4720
5211
4705
2672
-481
-3580
-5524
-5948
-4974
-3140
-1584
-1453
-3076
-5545
-7401
-7770
-6557
-4265
-1731
257
1209
1239
967
901
1204
1647
1987
2321
2805
3457
4086
4359
4063
3089
1571
26
-990
-1195
-832
-497
-586
-1184
-2096
-2996
-3624
-3800
-3609
-3324
-3094
-2858
-2407
-1676
-841
-113
353
541
585
701
1114
1841
2650
3236
3386
3134
2668
2159
1723
1367
1037
669
211
-291
-753
-1127
-1423
-1740
-2124
-2525
-2842
-2973
-2925
-2759
-2537
-2320
-2102
-1817
-1366
-718
0
602
962
1085
1106
1153
1305
1520
1637
1493
1020
346
-283
-683
-801
-740
-648
-648
-791
-1003
-1148
-1129
-944
-684
-424
-194
6
207
420
645
864
1050
1219
1401
1632
1917
2197
2393
2452
2385
2280
2216
2251
2380
2547
2689
2733
2725
2792
2989
3342
3864
4534
5001
4521
2660
-186
-3018
-4943
-5629
-5091
-3712
-2393
-2081
-3087
-4771
-6099
-6456
-5753
-4287
-2553
-1034
-66
431
821
1353
1981
2403
2439
2263
2166
2362
2838
3389
3743
3566
2729
1479
276
-489
-796
-906
-1063
-1390
-1867
-2380
-2786
-2948
-2911
-2860
-2917
-3012
-2924
-2508
-1808
-972
-190
393
733
902
1087
1416
1859
2278
2532
2603
2555
2449
2310
2112
1805
1345
718
11
-616
-1028
-1222
-1322
-1478
-1757
-2149
-2593
-2989
-3238
-3275
-3100
-2748
-2238
-1583
-836
-117
438
763
888
914
960
1094
1313
1512
1535
1289
809
249
-227
-534
-663
-678
-675
-725
-821
-891
-857
-718
-540
-394
-304
-244
-162
-13
222
511
797
1032
1221
1403
1606
1836
2058
2228
2317
2340
2342
2362
2411
2483
2552
2580
2581
2649
2853
3182
3622
4184
4697
4605
3370
1048
-1651
-3886
-5185
-5385
-4594
-3378
-2600
-2847
-3942
-5135
-5783
-5638
-4782
-3514
-2206
-1179
-491
98
820
1678
2394
2679
2539
2224
2046
2181
2590
3100
3396
3184
2438
1416
501
-122
-539
-905
-1314
-1774
-2225
-2588
-2756
-2724
-2641
-2674
-2848
-2988
-2893
-2494
-1835
-1055
-318
240
582
816
1091
1465
1887
2232
2419
2459
2400
2306
2198
2055
1822
1420
831
149
-477
-935
-1235
-1462
-1703
-2021
-2413
-2831
-3184
-3368
-3331
-3070
-2619
-2012
-1294
-555
90
559
841
987
1069
1155
1280
1414
1471
1354
1046
630
219
-95
-296
-403
-469
-550
-664
-764
-786
-701
-550
-396
-289
-237
-208
-148
-1
247
559
881
1173
1419
1624
1812
1998
2172
2308
2405
2479
2542
2604
2671
2737
2757
2728
2732
2838
3083
3490
4078
4646
4615
3422
1098
-1664
-4007
-5393
-5626
-4826
-3583
-2769
-2961
-3981
-5096
-5671
-5470
-4602
-3378
-2158
-1217
-571
37
830
1770
2553
2878
2738
2386
2152
2227
2586
3041
3289
3059
2333
1367
520
-45
-442
-854
-1368
-1949
-2492
-2882
-3003
-2868
-2673
-2628
-2775
-2942
-2893
-2522
-1860
-1052
-282
304
662
898
1164
1541
1969
2309
2477
2489
2408
2294
2159
1988
1727
1306
713
40
-571
-1031
-1380
-1722
-2119
-2563
-2988
-3316
-3451
-3340
-3012
-2574
-2119
-1661
-1162
-608
-44
468
877
1166
1334
1412
1451
1466
1413
1218
875
464
96
-160
-294
-344
-383
-482
-661
-851
-940
-878
-703
-510
-377
-318
-288
-210
-26
278
660
1036
1334
1539
1698
1884
2116
2358
2564
2699
2748
2727
2680
2670
2701
2742
2810
2944
3159
3466
3891
4354
4435
3560
1541
-1140
-3632
-5277
-5813
-5291
-4164
-3212
-3120
-3942
-5067
-5763
-5678
-4870
-3641
-2355
-1307
-586
2
721
1631
2498
2978
2953
2617
2305
2263
2523
2931
3218
3087
2432
1449
504
-154
-576
-956
-1420
-1970
-2516
-2937
-3123
-3048
-2855
-2755
-2832
-2963
-2918
-2559
-1906
-1097
-314
307
718
988
1269
1647
2075
2414
2565
2545
2437
2319
2203
2050
1790
1344
698
-36
-692
-1159
-1474
-1774
-2156
-2624
-3104
-3493
-3691
-3614
-3267
-2745
-2146
-1505
-818
-130
466
891
1133
1247
1306
1374
1488
1616
1654
1492
1108
601
124
-206
-364
-403
-407
-460
-592
-756
-870
-875
-782
-656
-546
-460
-366
-219
15
342
730
1111
1426
1669
1881
2106
2345
2584
2799
2956
3029
3024
2993
2975
2969
2983
3068
3251
3517
3870
4313
4622
4258
2750
222
-2572
-4776
-5888
-5825
-4856
-3636
-2989
-3376
-4510
-5589
-5952
-5432
-4255
-2814
-1489
-523
115
698
1456
2331
3009
3226
3012
2655
2456
2550
2864
3173
3194
2721
1817
789
-41
-578
-980
-1424
-1955
-2487
-2901
-3101
-3060
-2866
-2707
-2726
-2866
-2894
-2591
-1937
-1077
-220
471
925
1187
1399
1697
2090
2453
2643
2633
2498
2331
2172
1999
1736
1314
703
-25
-727
-1280
-1663
-1961
-2277
-2637
-2992
-3264
-3388
-3326
-3085
-2717
-2273
-1748
-1105
-358
389
988
1340
1451
1415
1362
1380
1477
1558
1496
1210
746
241
-156
-379
-461
-490
-552
-688
-859
-974
-962
-832
-663
-532
-459
-400
-288
-72
255
657
1048
1362
1597
1801
2017
2250
2480
2692
2859
2958
3004
3034
3057
3050
3033
3080
3244
3512
3899
4402
4753
4353
2713
13
-2908
-5135
-6166
-5954
-4829
-3506
-2854
-3315
-4530
-5631
-5940
-5318
-4024
-2469
-1052
-36
604
1136
1784
2476
2927
2940
2613
2247
2096
2226
2501
2680
2505
1855
865
-127
-842
-1252
-1546
-1897
-2308
-2659
-2832
-2775
-2526
-2217
-2034
-2060
-2173
-2100
-1652
-875
7
761
1256
1490
1566
1651
1841
2088
2240
2180
1942
1650
1412
1229
1025
695
181
-485
-1169
-1705
-2002
-2122
-2219
-2405
-2663
-2872
-2924
-2766
-2411
-1940
-1457
-1014
-562
-19
605
1182
1548
1615
1430
1135
890
783
780
752
568
180
-326
-779
-1044
-1099
-1022
-919
-856
-840
-822
-733
-538
-280
-39
138
277
437
664
948
1239
1484
1644
1733
1799
1896
2037
2191
2310
2367
2375
2366
2387
2460
2555
2634
2728
2906
3192
3562
4007
4473
4608
3817
1784
-1071
-3802
-5576
-6078
-5421
-4078
-2833
-2458
-3160
-4354
-5157
-5049
-4063
-2569
-1004
262
1063
1513
1885
2330
2730
2821
2489
1907
1391
1152
1165
1225
1106
656
-121
-1036
-1803
-2231
-2381
-2456
-2578
-2676
-2602
-2298
-1831
-1320
-894
-661
-600
-525
-205
422
1183
1815
2156
2203
2065
1893
1802
1786
1738
1542
1175
730
342
73
-131
-393
-789
-1273
-1726
-2043
-2176
-2157
-2071
-2020
-2034
-2037
-1917
-1616
-1175
-701
-288
38
317
599
908
1187
1339
1274
987
581
199
-62
-216
-346
-526
-788
-1100
-1379
-1526
-1498
-1324
-1085
-841
-616
-400
-178
66
328
583
811
1012
1204
1393
1567
1708
1804
1852
1860
1844
1822
1802
1789
1787
1806
1855
1941
2070
2222
2355
2468
2642
2948
3381
3912
4508
4952
4692
3194
553
-2393
-4619
-5559
-5227
-4025
-2669
-2007
-2489
-3775
-4949
-5249
-4517
-3086
-1443
-8
978
1511
1797
2052
2292
2343
2045
1489
983
762
782
787
547
-15
-838
-1739
-2463
-2823
-2842
-2746
-2716
-2716
-2570
-2177
-1617
-1052
-610
-340
-193
-26
348
987
1725
2280
2473
2333
2033
1745
1553
1441
1313
1084
734
338
3
-219
-396
-654
-1054
-1521
-1900
-2080
-2036
-1838
-1588
-1399
-1316
-1281
-1197
-1024
-813
-612
-415
-171
158
542
890
1085
1037
738
286
-157
-447
-557
-587
-673
-875
-1162
-1458
-1682
-1763
-1677
-1450
-1146
-811
-464
-131
150
371
549
728
929
1151
1368
1533
1605
1585
1517
1465
1462
1486
1491
1448
1365
1294
1296
1404
1600
1834
2067
2277
2460
2677
3008
3461
3964
4456
4901
5071
4439
2593
-198
-3010
-4872
-5367
-4664
-3334
-2194
-1992
-2934
-4435
-5506
-5463
-4288
-2468
-630
775
1582
1888
1933
1933
1931
1832
1535
1139
873
846
889
685
71
-859
-1868
-2705
-3181
-3241
-3022
-2765
-2611
-2490
-2231
-1770
-1222
-746
-410
-148
166
642
1296
2007
2557
2756
2573
2169
1772
1527
1417
1310
1097
764
374
-4
-328
-604
-872
-1189
-1543
-1812
-1864
-1688
-1396
-1150
-1051
-1095
-1200
-1238
-1117
-835
-463
-106
178
396
568
704
761
697
516
252
-37
-301
-512
-676
-853
-1089
-1365
-1614
-1769
-1795
-1686
-1447
-1113
-732
-350
-12
257
463
639
821
1025
1247
1459
1611
1657
1587
1463
1358
1309
1309
1328
1342
1328
1293
1285
1360
1521
1733
1959
2191
2425
2671
3000
3454
3978
4494
4978
5339
5162
3864
1326
-1754
-4265
-5425
-5143
-3893
-2501
-1853
-2406
-3851
-5280
-5804
-5059
-3294
-1157
683
1860
2368
2392
2132
1767
1450
1230
1088
1033
1082
1089
771
-47
-1227
-2404
-3256
-3633
-3566
-3218
-2820
-2519
-2303
-2056
-1690
-1224
-742
-311
92
561
1172
1871
2479
2810
2796
2505
2075
1665
1392
1263
1162
955
610
198
-214
-605
-967
-1271
-1484
-1592
-1585
-1454
-1233
-1006
-846
-798
-841
-905
-905
-791
-580
-331
-98
88
208
254
251
229
191
122
19
-128
-333
-590
-869
-1137
-1381
-1585
-1718
-1766
-1737
-1628
-1422
-1116
-751
-379
-35
258
494
696
905
1129
1327
1457
1507
1478
1372
1227
1107
1053
1054
1084
1132
1178
1194
1183
1202
1319
1535
1824
2160
2506
2793
2998
3219
3571
4051
4607
5212
5666
5382
3717
731
-2600
-5035
-5873
-5193
-3670
-2314
-2030
-2998
-4540
-5677
-5773
-4678
-2648
-319
1530
2482
2682
2469
2021
1475
1098
1077
1279
1411
1297
849
-22
-1260
-2532
-3436
-3823
-3787
-3495
-3100
-2762
-2548
-2346
-2003
-1503
-948
-362
290
987
1634
2168
2583
2833
2851
2656
2367
2075
1778
1457
1131
809
454
50
-363
-744
-1094
-1398
-1583
-1598
-1487
-1330
-1143
-930
-717
-532
-360
-199
-95
-74
-66
3
101
137
78
-51
-210
-346
-388
-326
-266
-325
-520
-793
-1073
-1295
-1407
-1421
-1416
-1460
-1533
-1564
-1503
-1324
-1018
-621
-207
147
418
624
800
972
1152
1324
1434
1444
1349
1187
1006
852
755
734
779
850
906
950
991
1041
1141
1351
1675
2039
2382
2690
2962
3193
3442
3801
4254
4702
5126
5476
5351
4113
1615
-1418
-3906
-5157
-5071
-4025
-2830
-2424
-3141
-4434
-5463
-5738
-5081
-3430
-1122
1030
2323
2685
2428
1826
1188
935
1216
1686
1895
1692
1086
51
-1268
-2454
-3192
-3531
-3638
-3522
-3198
-2858
-2644
-2457
-2153
-1733
-1217
-545
267
1047
1673
2187
2624
2897
2943
2835
2651
2376
2011
1658
1372
1083
711
278
-173
-642
-1100
-1441
-1594
-1599
-1517
-1357
-1128
-902
-734
-596
-439
-267
-103
60
218
305
270
141
-15
-161
-273
-309
-259
-204
-238
-384
-616
-893
-1169
-1366
-1441
-1450
-1468
-1519
-1592
-1657
-1665
-1540
-1251
-865
-460
-91
208
414
558
715
921
1140
1323
1421
1396
1243
1029
855
766
756
813
905
971
970
928
905
942
1066
1301
1626
1972
2274
2515
2718
2911
3152
3480
3858
4229
4580
4813
4596
3507
1489
-976
-3103
-4208
-4071
-3089
-2121
-1925
-2611
-3689
-4558
-4829
-4358
-3230
-1776
-416
590
1134
1178
808
318
42
80
304
567
726
627
203
-435
-1106
-1711
-2192
-2441
-2392
-2127
-1821
-1574
-1401
-1308
-1264
-1164
-941
-623
-271
123
575
1015
1333
1488
1500
1407
1276
1211
1258
1352
1392
1340
1203
987
714
447
229
49
-120
-256
-344
-409
-483
-563
-621
-657
-671
-654
-607
-563
-535
-486
-385
-265
-182
-150
-146
-147
-149
-148
-162
-245
-420
-627
-786
-877
-926
-956
-984
-1030
-1090
-1125
-1108
-1060
-1013
-951
-861
-762
-669
-562
-428
-282
-144
-12
104
183
225
273
356
458
552
629
682
694
673
659
683
735
798
870
941
987
1006
1026
1078
1160
1260
1378
1494
1565
1583
1577
1586
1623
1701
1824
1920
1860
1577
1150
748
503
478
622
756
680
344
-101
-485
-747
-917
-1033
-1135
-1244
-1321
-1319
-1290
-1363
-1581
-1841
-2013
-2041
-1919
-1694
-1466
-1334
-1287
-1243
-1175
-1118
-1074
-996
-871
-727
-572
-411
-288
-232
-204
-152
-84
-43
-18
34
129
254
411
580
693
714
680
665
683
716
758
799
819
811
808
818
807
754
677
609
553
503
471
453
426
382
329
264
165
29
-120
-249
-352
-423
-458
-472
-501
-562
-647
-741
-841
-922
-952
-918
-840
-758
-696
-675
-699
-739
-745
-702
-626
-535
-440
-359
-304
-270
-246
-226
-211
-185
-129
-57
6
51
88
126
175
251
358
476
580
669
757
851
949
1057
1167
1269
1353
1417
1462
1474
1463
1446
1441
1450
1478
1521
1569
1623
1691
1724
1640
1397
1065
783
659
715
857
912
732
332
-110
-437
-621
-728
-824
-948
-1106
-1235
-1285
-1304
-1399
-1593
-1792
-1903
-1898
-1794
-1623
-1456
-1352
-1290
-1220
-1150
-1119
-1108
-1051
-932
-780
-620
-475
-381
-353
-337
-282
-209
-151
-99
-22
80
183
285
373
422
431
447
497
557
588
594
600
618
653
707
752
751
691
612
548
496
446
399
361
329
295
249
175
51
-106
-253
-354
-411
-447
-474
-500
-532
-570
-616
-670
-739
-803
-822
-782
-705
-632
-587
-584
-614
-650
-657
-632
-594
-555
-510
-456
-404
-358
-321
-298
-289
-275
-236
-173
-104
-33
47
135
227
327
431
528
612
692
781
880
981
1075
1146
1188
1208
1224
1240
1255
1271
1294
1322
1345
1367
1399
1446
1523
1623
1700
1664
1461
1140
837
673
684
791
833
665
289
-146
-480
-666
-760
-839
-953
-1094
-1205
-1245
-1244
-1294
-1423
-1566
-1639
-1613
-1507
-1360
-1227
-1143
-1093
-1041
-984
-953
-939
-894
-812
-710
-610
-520
-448
-386
-311
-212
-127
-96
-101
-86
-18
97
233
352
420
436
436
452
476
492
506
544
609
689
761
799
778
705
630
586
569
556
532
493
435
353
252
137
1
-139
-252
-317
-350
-379
-414
-452
-487
-514
-529
-536
-553
-577
-585
-558
-513
-473
-453
-460
-489
-524
-544
-550
-547
-537
-512
-462
-404
-357
-323
-300
-277
-245
-187
-112
-32
46
134
231
328
417
499
570
636
699
767
833
887
932
971
1008
1043
1079
1124
1162
1188
1211
1249
1301
1362
1425
1486
1539
1598
1663
1696
1613
1377
1046
747
587
589
674
679
481
101
-313
-612
-763
-818
-852
-915
-1006
-1081
-1105
-1109
-1159
-1265
-1370
-1420
-1404
-1334
-1230
-1133
-1067
-1026
-997
-987
-1009
-1029
-992
-889
-755
-629
-532
-474
-442
-400
-335
-263
-210
-158
-75
38
157
257
322
344
344
364
415
478
526
554
578
604
630
657
672
662
626
581
534
482
421
361
314
276
233
169
77
-40
-162
-257
-310
-336
-352
-366
-374
-381
-395
-425
-476
-544
-607
-630
-607
-565
-537
-543
-585
-646
-704
-736
-742
-730
-706
-665
-610
-553
-507
-471
-440
-410
-366
-299
-217
-132
-53
25
98
161
214
262
305
344
388
445
513
582
650
717
780
835
885
933
980
1026
1077
1131
1177
1213
1246
1277
1296
1296
1284
1270
1269
1291
1315
1275
1113
842
558
364
313
365
407
311
47
-288
-558
-697
-734
-741
-779
-865
-969
-1043
-1080
-1124
-1206
-1295
-1344
-1339
-1294
-1229
-1160
-1109
-1076
-1047
-1025
-1023
-1030
-1003
-919
-802
-689
-598
-528
-470
-403
-318
-234
-173
-129
-60
47
176
296
380
416
422
423
449
490
526
546
560
577
593
603
605
586
546
498
458
430
406
386
374
360
336
293
231
153
64
-26
-100
-148
-182
-204
-220
-246
-298
-376
-468
-552
-613
-641
-636
-614
-598
-607
-635
-675
-715
-741
-739
-709
-664
-613
-562
-517
-482
-452
-423
-392
-358
-312
-252
-183
-110
-42
22
83
140
203
273
344
413
483
552
622
691
757
812
853
878
894
909
926
944
965
986
1007
1028
1041
1041
1025
1010
1008
1019
1035
1050
1059
1070
1090
1100
1049
896
670
449
317
301
354
367
251
4
-279
-498
-617
-671
-717
-784
-871
-945
-982
-1002
-1047
-1132
-1217
-1262
-1255
-1207
-1133
-1057
-992
-936
-888
-857
-849
-842
-798
-710
-604
-508
-437
-386
-339
-277
-203
-134
-90
-59
-10
67
159
242
304
342
364
385
416
445
466
484
513
552
586
604
601
582
551
521
496
466
426
384
348
312
263
190
96
-8
-98
-160
-190
-214
-256
-315
-375
-421
-448
-461
-473
-499
-532
-557
-562
-551
-540
-539
-550
-565
-584
-594
-594
-585
-574
-554
-526
-494
-461
-428
-386
-340
-293
-243
-192
-139
-82
-17
55
128
189
238
282
323
359
398
440
483
526
568
609
641
661
677
696
716
737
760
782
801
819
839
858
865
863
860
869
885
905
918
920
917
917
925
913
839
689
496
327
231
215
227
187
43
-183
-413
-583
-677
-724
-763
-812
-871
-918
-945
-969
-1013
-1070
-1111
-1120
-1095
-1048
-994
-943
-898
-860
-829
-814
-807
-785
-726
-638
-543
-463
-404
-360
-311
-245
-171
-105
-56
-11
44
113
187
253
302
333
354
372
394
414
428
445
461
475
482
481
476
462
440
410
373
332
298
274
256
231
188
126
56
-15
-80
-134
-174
-207
-234
-259
-288
-326
-367
-401
-421
-427
-428
-427
-432
-438
-442
-441
-442
-447
-461
-474
-478
-471
-456
-436
-416
-394
-371
-343
-315
-286
-256
-219
-172
-117
-57
6
71
133
192
248
295
337
380
429
481
533
578
612
633
644
655
666
682
701
720
733
740
742
744
752
764
782
801
815
823
828
832
838
842
843
847
852
861
867
846
768
629
460
315
235
221
226
188
62
-136
-343
-502
-591
-629
-653
-688
-742
-798
-846
-884
-918
-951
-969
-962
-933
-885
-830
-779
-738
-707
-683
-663
-643
-607
-550
-478
-406
-347
-299
-256
-210
-156
-102
-55
-16
26
80
143
207
257
295
320
342
363
384
402
416
430
446
460
468
465
448
419
378
335
294
257
227
203
176
141
92
32
-32
-96
-148
-183
-200
-207
-217
-233
-265
-302
-334
-351
-354
-351
-349
-354
-364
-371
-377
-380
-388
-400
-413
-419
-418
-408
-395
-381
-369
-354
-335
-309
-272
-232
-188
-144
-100
-59
-19
28
82
139
197
247
284
313
338
366
398
435
470
501
525
540
548
554
558
566
578
590
601
607
612
614
617
624
632
641
648
652
653
651
652
656
656
650
640
625
610
593
562
498
397
272
153
71
34
18
-17
-95
-219
-359
-479
-560
-600
-623
-647
-680
-716
-753
-790
-823
-853
-872
-876
-861
-836
-803
-770
-735
-708
-686
-668
-651
-622
-575
-512
-445
-385
-336
-295
-251
-201
-149
-100
-56
-17
23
69
116
162
200
231
255
274
289
301
314
326
337
345
342
327
305
279
254
229
199
164
123
81
46
19
-4
-25
-53
-86
-120
-155
-186
-211
-231
-246
-260
-272
-283
-295
-305
-318
-331
-343
-349
-349
-341
-328
-316
-308
-308
-308
-309
-302
-290
-271
-250
-228
-204
-180
-155
-128
-102
-75
-48
-19
13
48
86
128
169
208
244
274
299
321
340
362
384
408
430
450
466
477
485
491
495
497
496
496
495
497
502
507
512
513
508
500
493
489
493
502
513
519
519
508
494
481
467
452
430
397
349
289
221
152
87
30
-21
-72
-130
-196
-271
-346
-410
-459
-495
-520
-541
-564
-587
-609
-629
-641
-647
-642
-629
-609
-585
-559
-537
-517
-497
-475
-450
-420
-386
-348
-309
-273
-241
-212
-184
-152
-117
-81
-47
-20
6
33
62
97
130
155
173
187
201
215
229
239
244
240
234
226
218
209
190
159
119
78
41
14
-1
-13
-29
-56
-93
-132
-167
-187
-197
-198
-196
-197
-203
-209
-218
-224
-229
-232
-229
-222
-211
-201
-193
-191
-193
-198
-202
-201
-196
-187
-175
-166
-159
-154
-145
-132
-111
-86
-61
-36
-16
6
31
56
87
116
146
171
193
213
232
249
267
284
300
313
322
330
337
343
348
351
352
351
350
350
350
349
347
344
341
343
347
352
355
354
350
345
340
334
330
325
322
315
302
281
252
221
187
153
117
74
27
-22
-65
-99
-130
-165
-210
-264
-320
-366
-395
-409
-417
-427
-444
-467
-491
-508
-518
-519
-516
-508
-498
-486
-474
-462
-449
-434
-420
-402
-381
-354
-320
-284
-250
-221
-195
-171
-142
-112
-82
-50
-21
9
36
59
76
86
94
102
112
126
138
146
144
134
123
114
110
110
110
104
89
67
46
29
19
14
10
2
-12
-30
-45
-59
-71
-79
-85
-88
-92
-98
-103
-110
-118
-124
-127
-131
-131
-132
-133
-135
-137
-139
-141
-143
-141
-139
-134
-128
-121
-112
-103
-90
-77
-62
-46
-29
-13
6
25
43
61
79
99
119
139
156
172
185
195
207
217
229
240
250
257
262
266
269
272
276
279
284
288
291
296
302
307
311
313
314
315
315
317
318
316
314
309
306
301
295
287
276
264
252
239
226
214
201
186
169
148
124
100
76
55
33
9
-14
-37
-60
-80
-102
-128
-158
-190
-216
-236
-245
-251
-259
-272
-292
-314
-332
-341
-342
-338
-332
-326
-321
-321
-316
-309
-298
-283
-265
-246
-226
-205
-182
-158
-135
-113
-91
-70
-47
-25
-1
19
36
49
61
72
84
94
101
104
103
100
99
97
95
90
84
76
69
64
62
58
52
42
30
20
11
7
4
0
-9
-23
-38
-53
-63
-73
-80
-85
-93
-99
-107
-115
-121
-126
-128
-130
-132
-131
-131
-129
-127
-123
-120
-115
-109
-101
-95
-85
-76
-65
-52
-40
-28
-16
-3
10
24
38
50
62
73
85
96
109
121
132
142
149
155
162
170
178
188
194
200
204
206
209
212
214
215
216
215
214
211
207
202
195
190
184
179
173
166
156
145
134
124
114
105
99
91
81
72
63
54
46
40
34
31
26
19
10
0
-8
-14
-18
-21
-28
-39
-50
-61
-70
-76
-79
-84
-88
-97
-107
-115
-122
-126
-129
-132
-136
-142
-147
-150
-152
-154
-153
-154
-152
-150
-148
-145
-141
-138
-134
-128
-122
-114
-109
-104
-100
-97
-93
-87
-79
-73
-68
-63
-60
-58
-54
-51
-46
-41
-36
-30
-28
-25
-26
-28
-30
-29
-26
-24
-21
-22
-26
-32
-40
-47
-49
-51
-50
-49
-52
-55
-61
-66
-68
-69
-68
-64
-60
-59
-57
-58
-56
-53
-51
-46
-39
-34
-31
-28
-25
-23
-19
-13
-9
-4
-1
2
4
6
8
13
18
24
31
37
42
46
49
53
56
62
67
74
78
84
87
89
92
94
97
98
102
105
108
112
113
114
115
115
117
118
119
119
120
121
121
122
124
124
124
124
123
122
120
119
117
116
114
112
109
107
103
98
94
89
86
82
80
80
78
77
75
74
71
71
71
71
70
70
67
65
61
57
52
47
42
36
29
22
16
8
3
-3
-10
-15
-22
-27
-35
-40
-43
-47
-51
-55
-59
-64
-68
-73
-74
-76
-78
-80
-82
-85
-87
-90
-91
-92
-92
-91
-93
-92
-92
-93
-93
-92
-91
-90
-87
-86
-83
-80
-78
-75
-73
-71
-69
-67
-65
-63
-61
-59
-57
-55
-54
-53
-53
-50
-49
-48
-47
-45
-46
-44
-44
-44
-43
-42
-43
-43
-42
-43
-43
-42
-41
-41
-40
-39
-38
-36
-34
-33
-32
-29
-29
-26
-26
-25
-23
-24
-23
-23
-22
-20
-20
-19
-18
-18
-18
-15
-15
-13
-11
-10
-9
-9
-8
-8
-7
-8
-7
-7
-8
-8
-8
-9
-10
-10
-11
-11
-9
-9
-8
-7
-6
-5
-5
-2
-1
-1
1
2
4
4
5
6
5
5
5
4
4
5
6
7
8
7
6
6
5
5
4
5
5
5
4
5
4
4
2
1
1
-1
-1
-4
-4
-5
-6
-7
-8
-11
-12
-15
-15
-15
-15
-15
-16
-17
-19
-22
-22
-22
-22
-22
-23
-24
-26
-29
-32
-33
-33
-33
-33
-34
-36
-39
-41
-42
-44
-43
-41
-40
-40
-40
-41
-42
-43
-43
-41
-41
-40
-40
-41
-42
-43
-45
-44
-46
-47
-47
-48
-50
-51
-51
-53
-53
-53
-54
-53
-53
-53
-52
-49
-49
-47
-45
-43
-40
-38
-35
-32
-30
-26
-23
-20
-18
-15
-13
-10
-7
-6
-5
-2
-1
1
3
4
6
7
8
10
11
13
14
16
16
19
18
19
19
19
18
19
19
19
18
17
16
17
17
17
17
19
20
20
23
24
26
29
31
34
37
40
42
45
48
49
54
55
57
58
60
62
65
66
70
72
73
75
77
79
81
83
84
87
90
92
94
97
99
101
103
104
106
107
108
111
113
114
116
117
118
119
120
122
124
125
127
130
133
135
137
140
142
146
149
151
154
156
158
159
160
160
161
161
161
158
158
155
151
147
143
138
133
127
120
115
108
100
93
84
78
70
61
55
50
41
34
27
21
16
10
5
0
-6
-11
-16
-21
-27
-30
-34
-39
-43
-46
-50
-53
-56
-59
-61
-61
-64
-65
-66
-68
-69
-70
-69
-70
-70
-70
-71
-71
-73
-73
-73
-75
-74
-74
-74
-74
-74
-74
-74
-73
-73
-71
-70
-69
-67
-67
-66
-65
-65
-63
-60
-60
-59
-57
-57
-55
-53
-53
-51
-50
-48
-47
-45
-44
-43
-41
-41
-39
-37
-37
-37
-37
-36
-37
-38
-39
-41
-41
-42
-42
-44
-46
-48
-48
-50
-50
-50
-50
-50
-48
-47
-44
-44
-41
-40
-38
-36
-34
-33
-31
-29
-28
-28
-26
-27
-26
-25
-26
-24
-23
-22
-21
-20
-20
-18
-15
-14
-12
-11
-9
-7
-5
-4
-2
0
1
2
4
4
5
6
6
7
7
7
8
7
7
7
5
6
4
3
1
-1
-4
-5
-9
-11
-13
-16
-19
-22
-23
-25
-29
-30
-32
-35
-37
-38
-39
-40
-42
-45
-46
-48
-48
-49
-50
-52
-52
-53
-55
-55
-56
-55
-55
-55
-55
-53
-53
-53
-50
-48
-47
-45
-42
-40
-38
-37
-36
-33
-32
-31
-29
-26
-26
-24
-24
-24
-23
-22
-21
-19
-16
-16
-14
-14
-10
-9
-6
-4
-1
2
4
7
10
11
13
15
19
20
22
24
25
26
28
28
31
32
32
34
36
38
38
40
41
43
44
45
46
48
49
50
50
51
52
52
52
53
52
52
51
50
49
47
47
45
44
41
40
38
36
36
33
32
29
28
26
25
23
20
18
16
15
12
10
8
6
5
3
1
0
-1
-1
-3
-4
-5
-5
-5
-8
-7
-8
-9
-10
-12
-13
-15
-18
-18
-20
-22
-24
-27
-27
-29
-32
-33
-35
-36
-38
-38
-39
-39
-41
-42
-43
-43
-45
-44
-44
-45
-46
-45
-46
-44
-45
-44
-44
-42
-41
-40
-38
-37
-35
-33
-30
-27
-25
-21
-19
-17
-15
-11
-9
-7
-5
-3
-1
0
2
4
5
5
8
9
11
11
12
12
13
13
13
14
13
13
11
11
9
8
7
5
3
1
0
-1
-4
-6
-7
-9
-11
-13
-14
-16
-18
-18
-21
-22
-24
-25
-26
-27
-29
-30
-31
-31
-31
-32
-32
-31
-33
-32
-33
-31
-31
-31
-30
-29
-28
-28
-27
-27
-26
-25
-24
-23
-22
-21
-20
-19
-18
-16
-15
-13
-11
-11
-9
-7
-6
-4
-2
0
1
4
5
8
10
11
13
15
17
18
20
22
23
25
26
27
26
27
28
29
29
28
28
27
26
24
24
21
20
19
16
14
12
9
8
6
5
4
2
-1
-2
-3
-5
-7
-7
-8
-11
-13
-15
-16
-18
-20
-22
-23
-25
-28
-27
-29
-28
-29
-30
-28
-28
-28
-27
-25
-25
-23
-21
-21
-18
-17
-16
-15
-11
-10
-9
-6
-4
-4
-2
0
2
4
5
5
8
8
9
10
11
10
11
11
10
9
9
8
8
7
6
5
5
4
3
4
2
2
2
2
2
2
2
2
2
2
3
3
4
4
4
3
4
3
4
4
4
4
5
6
6
7
7
8
9
11
12
12
14
16
15
17
18
19
19
20
21
23
22
22
23
24
24
24
24
25
26
26
27
27
27
27
28
28
28
28
28
27
27
27
26
26
25
25
24
24
24
22
22
22
20
19
18
16
14
11
9
7
3
1
-2
-5
-9
-11
-15
-17
-21
-23
-26
-28
-30
-32
-34
-35
-37
-38
-39
-38
-40
-40
-41
-41
-41
-40
-40
-39
-38
-37
-35
-33
-31
-29
-26
-24
-21
-19
-15
-14
-10
-7
-6
-5
-3
0
1
2
3
3
3
4
4
3
3
4
4
5
5
5
5
5
6
6
7
8
8
9
11
11
12
13
13
14
15
16
16
16
17
19
19
18
19
20
21
21
22
21
20
22
21
20
20
18
17
16
14
11
10
6
5
2
0
-3
-6
-10
-12
-15
-17
-19
-22
-23
-25
-27
-28
-29
-31
-31
-31
-31
-32
-31
-31
-30
-29
-28
-26
-25
-24
-19
-17
-14
-10
-6
-2
3
8
13
19
25
29
37
41
46
52
56
59
62
65
66
67
67
66
65
63
60
55
51
46
42
37
30
24
19
13
8
3
-2
-7
-12
-16
-20
-23
-25
-29
-30
-32
-33
-33
-34
-34
-33
-32
-31
-30
-28
-26
-26
-24
-22
-20
-18
-16
-15
-13
-11
-11
-8
-8
-7
-7
-7
-7
-6
-6
-6
-6
-5
-6
-6
-7
-5
-6
-5
-3
-3
-3
0
1
1
4
6
9
11
14
15
18
20
22
23
24
26
27
27
28
27
27
27
26
25
24
23
23
22
22
23
23
24
27
29
31
35
38
41
45
49
52
56
58
60
62
64
63
63
61
59
56
52
48
43
38
32
26
20
13
6
0
-7
-16
-23
-30
-38
-46
-53
-61
-69
-77
-82
-89
-96
-101
-106
-109
-111
-113
-112
-111
-107
-102
-96
-89
-79
-68
-58
-45
-33
-19
-7
5
18
31
43
53
63
70
78
83
89
90
93
93
94
92
89
87
83
79
73
68
62
56
50
43
36
29
22
13
5
-3
-12
-19
-27
-35
-41
-46
-50
-53
-52
-51
-46
-39
-30
-18
-4
11
28
46
65
84
101
117
132
144
153
158
159
157
151
141
128
111
92
70
47
23
-3
-25
-50
-74
-96
-119
-139
-160
-180
-197
-215
-232
-248
-261
-273
-281
-287
-288
-282
-271
-252
-226
-192
-151
-100
-43
20
87
158
227
297
359
417
464
501
525
535
530
511
477
432
375
308
236
160
82
6
-66
-132
-191
-241
-282
-312
-333
-344
-348
-344
-334
-320
-303
-284
-265
-246
-228
-211
-195
-182
-169
-157
-146
-136
-125
-115
-102
-91
-77
-63
-50
-36
-22
-10
1
11
21
28
34
39
43
45
47
49
48
50
50
52
53
55
58
61
64
68
69
72
75
78
79
81
82
81
79
77
73
69
64
57
49
42
32
22
11
-1
-12
-23
-34
-43
-51
-59
-66
-69
-74
-73
-73
-70
-66
-60
-53
-45
-38
-30
-20
-13
-6
2
8
15
22
26
30
35
38
39
40
39
39
37
33
27
23
16
8
0
-10
-18
-27
-35
-42
-49
-54
-57
-59
-59
-57
-54
-50
-44
-38
-32
-23
-17
-10
-4
1
6
11
13
16
18
20
23
26
29
31
35
38
41
44
45
47
49
49
47
44
40
35
28
23
15
9
3
-3
-9
-14
-18
-20
-21
-22
-22
-22
-19
-18
-18
-17
-16
-16
-17
-19
-21
-23
-25
-28
-31
-33
-34
-35
-36
-35
-34
-33
-31
-27
-24
-21
-15
-10
-6
-1
2
8
13
18
24
30
36
43
50
56
63
69
75
80
84
87
88
88
87
81
75
68
59
49
37
26
13
3
-9
-20
-29
-38
-45
-50
-55
-58
-59
-60
-59
-58
-56
-54
-51
-49
-46
-44
-40
-39
-35
-32
-29
-27
-26
-23
-22
-22
-22
-21
-22
-24
-25
-28
-30
-32
-35
-36
-36
-36
-34
-31
-27
-23
-16
-9
0
8
16
24
31
40
45
51
54
57
59
58
58
57
54
50
47
42
36
29
23
15
5
-4
-13
-23
-32
-44
-53
-62
-72
-80
-85
-91
-95
-95
-94
-91
-86
-79
-70
-62
-51
-40
-28
-18
-9
1
10
19
25
30
36
41
44
47
51
53
55
57
60
61
62
62
62
61
59
58
55
51
47
44
39
36
31
27
23
20
16
13
10
6
3
-1
-6
-9
-15
-20
-26
-33
-39
-46
-51
-57
-63
-68
-70
-72
-73
-72
-71
-70
-66
-63
-59
-56
-53
-51
-48
-45
-44
-42
-41
-41
-39
-36
-34
-31
-27
-22
-17
-11
-3
4
11
19
26
33
39
44
48
50
51
51
47
44
40
34
28
21
15
8
2
-5
-12
-17
-20
-24
-28
-30
-31
-31
-31
-29
-26
-21
-16
-9
-1
7
17
29
41
53
65
78
90
102
112
120
127
130
135
136
134
130
124
117
108
97
87
73
62
51
38
27
17
7
-2
-8
-14
-20
-23
-25
-27
-29
-29
-31
-32
-32
-32
-33
-32
-33
-33
-32
-31
-31
-28
-27
-25
-21
-18
-14
-11
-5
-1
2
7
10
13
16
17
18
19
18
16
14
11
8
3
-1
-6
-12
-17
-23
-29
-34
-40
-43
-49
-52
-55
-58
-59
-61
-62
-62
-62
-62
-60
-61
-58
-57
-56
-54
-52
-50
-49
-46
-45
-43
-40
-37
-35
-30
-27
-22
-16
-11
-5
3
11
19
27
37
45
54
62
70
78
84
88
93
95
96
96
93
89
85
79
73
64
56
47
40
33
26
20
17
15
14
15
17
20
26
32
39
45
52
59
65
71
74
77
79
78
76
73
69
63
56
48
40
31
24
15
7
0
-6
-13
-17
-21
-25
-27
-29
-31
-32
-32
-32
-33
-32
-32
-32
-33
-33
-34
-36
-37
-39
-41
-43
-46
-47
-50
-51
-52
-52
-52
-52
-52
-50
-48
-47
-45
-43
-42
-41
-39
-39
-38
-39
-41
-41
-43
-44
-46
-48
-48
-49
-50
-49
-48
-46
-44
-41
-36
-32
-25
-20
-16
-10
-4
2
5
9
13
17
18
20
20
21
21
19
19
17
16
15
14
13
13
12
13
13
14
15
16
17
19
20
22
24
25
26
26
27
27
26
26
24
23
21
20
18
15
14
12
11
8
7
5
3
2
0
-1
-4
-5
-6
-9
-11
-13
-15
-16
-17
-18
-18
-19
-18
-16
-14
-13
-9
-6
-2
2
5
9
12
14
17
18
18
17
14
11
5
-1
-7
-15
-24
-33
-43
-53
-63
-74
-82
-89
-97
-104
-109
-113
-114
-116
-116
-113
-110
-106
-100
-92
-83
-74
-63
-53
-42
-31
-19
-9
2
12
22
31
38
47
52
60
65
70
76
79
82
86
90
92
93
95
95
96
96
94
92
89
86
81
76
71
64
57
48
40
32
24
17
8
1
-7
-14
-21
-26
-31
-36
-38
-42
-44
-46
-45
-44
-43
-39
-35
-30
-24
-17
-8
1
11
22
32
42
53
63
72
80
87
92
93
95
94
92
88
81
71
62
50
39
27
12
-1
-14
-28
-40
-52
-62
-71
-80
-87
-91
-96
-100
-100
-102
-101
-100
-99
-97
-95
-92
-88
-85
-83
-78
-74
-71
-66
-62
-58
-53
-49
-43
-40
-35
-30
-26
-21
-17
-14
-10
-7
-4
-2
0
1
2
2
2
3
2
2
1
0
0
0
-1
-1
-1
-1
0
1
2
3
4
7
8
9
11
14
15
16
17
19
21
22
25
27
27
30
31
33
34
36
37
38
39
40
39
39
38
36
34
32
30
28
25
21
17
15
10
7
5
2
-1
-4
-7
-8
-11
-14
-15
-17
-21
-21
-23
-26
-25
-28
-30
-31
-32
-32
-33
-33
-33
-33
-33
-32
-31
-30
-29
-28
-27
-25
-24
-23
-22
-21
-20
-20
-19
-17
-18
-18
-17
-16
-18
-17
-17
-17
-17
-18
-18
-18
-18
-19
-19
-20
-19
-19
-18
-17
-16
-14
-13
-10
-7
-5
-1
2
6
8
13
15
17
21
22
24
24
25
25
25
24
22
21
20
19
17
16
17
15
17
17
19
20
22
25
27
29
32
34
36
38
40
40
41
42
42
41
41
38
36
35
33
30
27
25
23
21
19
16
16
14
13
11
11
11
11
11
11
12
13
14
15
16
18
17
18
20
19
21
20
19
20
17
15
14
12
9
6
3
0
-4
-6
-10
-13
-16
-19
-22
-24
-25
-26
-27
-28
-30
-29
-29
-28
-28
-28
-27
-27
-26
-26
-26
-26
-26
-25
-25
-25
-24
-23
-22
-20
-19
-16
-14
-12
-8
-4
0
6
11
17
23
29
36
44
50
58
67
74
82
88
96
103
109
113
117
120
121
122
121
118
114
107
100
92
81
71
58
46
32
20
6
-5
-18
-27
-37
-45
-51
-56
-59
-60
-60
-58
-55
-49
-45
-38
-33
-25
-18
-12
-5
0
4
9
12
15
17
18
18
17
16
15
13
12
10
9
6
6
5
2
1
0
0
-1
-1
-2
-4
-5
-6
-8
-10
-13
-15
-18
-21
-24
-27
-31
-34
-37
-41
-42
-45
-46
-47
-47
-47
-46
-44
-43
-40
-36
-32
-29
-25
-23
-19
-15
-13
-11
-8
-8
-7
-9
-9
-11
-13
-16
-21
-24
-29
-34
-39
-45
-50
-55
-61
-66
-72
-75
-79
-83
-86
-89
-91
-92
-93
-92
-92
-90
-89
-87
-84
-82
-79
-75
-72
-68
-64
-60
-55
-50
-46
-42
-37
-34
-29
-25
-21
-18
-13
-10
-7
-4
-1
1
4
6
7
9
10
11
11
11
11
9
9
9
7
6
4
2
1
-3
-5
-7
-10
-12
-15
-18
-21
-25
-29
-31
-33
-37
-39
-41
-42
-43
-43
-42
-40
-39
-35
-31
-27
-21
-15
-10
-3
5
11
20
28
34
41
49
56
63
69
74
80
86
91
95
100
103
106
108
110
111
112
110
108
107
104
100
96
93
88
83
79
75
72
68
66
64
63
62
64
64
65
68
71
76
80
83
88
92
96
100
102
105
106
108
108
107
106
104
101
97
94
87
81
74
66
58
50
41
32
24
16
7
1
-6
-12
-16
-20
-22
-24
-25
-26
-25
-24
-23
-22
-19
-17
-16
-15
-14
-13
-14
-13
-14
-15
-15
-18
-20
-21
-25
-28
-32
-36
-41
-46
-52
-59
-65
-74
-81
-89
-96
-105
-111
-118
-125
-129
-133
-136
-136
-137
-135
-133
-131
-126
-123
-119
-115
-110
-107
-104
-101
-99
-97
-96
-94
-93
-93
-91
-88
-85
-82
-78
-73
-68
-62
-54
-48
-42
-34
-27
-22
-16
-11
-6
-2
2
5
7
10
11
12
14
15
14
14
14
13
13
11
10
8
6
5
2
0
-2
-5
-6
-8
-10
-11
-11
-12
-12
-11
-11
-9
-8
-8
-7
-7
-7
-7
-9
-9
-11
-13
-15
-18
-21
-23
-26
-28
-29
-31
-31
-30
-29
-27
-24
-21
-19
-16
-14
-11
-9
-7
-5
-4
-2
-2
-1
-1
-2
-3
-4
-4
-4
-4
-5
-6
-6
-6
-7
-7
-8
-9
-9
-10
-9
-9
-9
-7
-5
-2
0
2
5
8
11
13
16
18
20
20
20
19
17
14
11
8
3
0
-4
-8
-11
-14
-16
-18
-19
-20
-22
-24
-25
-28
-30
-34
-38
-41
-44
-48
-52
-55
-59
-62
-64
-65
-66
-64
-63
-58
-55
-50
-44
-37
-32
-26
-22
-18
-16
-15
-14
-15
-17
-20
-23
-26
-31
-35
-39
-43
-48
-52
-57
-58
-59
-61
-60
-59
-55
-52
-49
-44
-41
-36
-31
-26
-19
-13
-7
1
9
17
25
33
41
46
52
56
59
61
61
60
58
55
52
48
42
38
32
25
20
16
11
8
4
3
2
1
0
0
-1
-2
-3
-6
-7
-11
-13
-17
-20
-23
-26
-28
-30
-33
-34
-33
-34
-33
-31
-28
-23
-18
-12
-5
2
10
19
27
37
46
57
67
78
89
99
110
117
124
131
136
139
140
140
139
135
133
127
122
116
110
104
99
93
89
86
85
84
84
84
85
87
87
88
87
88
88
86
84
81
77
72
67
60
54
48
43
37
31
26
22
16
12
8
4
0
-4
-7
-12
-17
-22
-27
-34
-38
-42
-47
-51
-54
-57
-58
-61
-62
-62
-63
-64
-63
-65
-67
-68
-68
-71
-71
-70
-69
-70
-67
-63
-60
-55
-48
-41
-33
-25
-17
-9
-3
2
7
10
12
13
11
10
8
7
5
3
1
3
3
5
9
12
15
20
24
27
28
30
30
29
27
20
13
5
-4
-12
-21
-31
-39
-48
-55
-61
-68
-73
-80
-85
-91
-96
-101
-107
-113
-119
-126
-132
-138
-143
-147
-150
-151
-150
-146
-143
-136
-129
-122
-112
-103
-93
-84
-76
-69
-62
-56
-50
-46
-41
-36
-30
-23
-16
-7
1
12
24
37
50
65
78
92
107
121
133
145
157
167
177
185
193
200
207
215
221
226
230
232
233
230
225
216
203
188
168
145
120
93
62
32
2
-27
-54
-79
-97
-112
-123
-128
-130
-125
-116
-105
-91
-75
-58
-40
-23
-7
8
21
34
44
54
61
68
72
74
78
79
80
81
81
78
74
67
60
51
39
25
12
-2
-17
-33
-49
-64
-77
-87
-97
-102
-105
-108
-108
-106
-102
-99
-94
-88
-84
-80
-76
-74
-72
-71
-70
-69
-68
-67
-64
-62
-58
-53
-46
-39
-30
-22
-16
-7
-1
6
13
18
23
27
31
36
39
41
45
49
52
56
58
61
66
69
72
74
77
76
75
75
75
74
72
67
65
62
61
59
59
60
62
65
68
70
74
76
78
81
81
83
83
83
80
79
77
74
72
68
65
64
63
63
63
66
67
67
67
66
64
60
57
53
47
44
37
33
28
22
18
15
13
10
9
10
10
12
15
14
14
9
2
-8
-21
-35
-51
-66
-81
-95
-111
-125
-138
-151
-162
-170
-176
-180
-180
-178
-173
-165
-157
-148
-137
-128
-120
-112
-105
-99
-92
-84
-74
-65
-55
-47
-37
-30
-23
-17
-12
-9
-5
-3
-1
0
2
2
1
-2
-5
-9
-13
-18
-20
-23
-24
-23
-21
-20
-17
-16
-14
-15
-17
-19
-22
-25
-30
-34
-39
-42
-46
-51
-55
-59
-63
-67
-70
-72
-72
-69
-63
-57
-51
-44
-39
-35
-33
-30
-29
-28
-26
-23
-19
-15
-11
-4
-1
4
7
10
11
13
14
16
19
20
23
24
24
20
15
7
-1
-10
-18
-24
-30
-34
-36
-38
-41
-42
-44
-47
-51
-54
-57
-59
-57
-55
-48
-41
-32
-24
-16
-9
-3
1
8
14
21
28
35
43
48
51
50
47
40
32
25
16
11
7
6
9
13
20
29
37
45
52
61
70
80
90
102
113
124
133
140
143
144
141
137
131
125
120
116
113
112
109
105
99
93
82
69
56
41
25
11
-1
-14
-25
-36
-45
-55
-64
-73
-80
-88
-92
-94
-92
-88
-82
-74
-67
-58
-51
-47
-44
-43
-45
-47
-47
-47
-45
-43
-38
-32
-27
-20
-15
-10
-5
1
6
14
22
32
42
51
58
63
65
63
58
53
45
38
33
27
25
24
26
26
26
23
20
16
10
4
-3
-7
-13
-18
-22
-27
-33
-41
-51
-61
-73
-83
-91
-97
-101
-101
-100
-97
-92
-88
-87
-87
-90
-94
-98
-104
-108
-108
-109
-104
-100
-96
-90
-85
-81
-77
-72
-67
-60
-50
-37
-24
-8
4
17
27
32
34
34
34
34
36
41
48
59
71
84
95
105
113
119
124
128
131
135
139
142
146
144
139
131
118
102
85
67
50
38
29
24
21
22
24
24
23
21
18
12
8
2
-2
-5
-6
-9
-11
-13
-17
-24
-31
-37
-42
-45
-45
-43
-35
-26
-18
-12
-8
-10
-14
-21
-32
-45
-56
-65
-73
-78
-83
-86
-90
-92
-97
-100
-101
-102
-98
-92
-82
-71
-60
-51
-44
-42
-45
-48
-56
-62
-67
-70
-71
-69
-67
-64
-61
-59
-58
-58
-58
-59
-59
-60
-60
-60
-63
-68
-76
-85
-97
-108
-120
-129
-137
-139
-139
-137
-129
-120
-109
-94
-78
-62
-43
-22
0
24
49
74
98
125
148
172
194
215
235
251
265
278
287
295
301
304
303
300
292
283
269
251
231
212
190
169
149
130
113
96
81
66
53
40
28
17
7
-1
-7
-14
-21
-28
-37
-48
-62
-77
-90
-103
-111
-117
-118
-116
-110
-103
-95
-85
-75
-64
-55
-43
-29
-16
-2
9
19
28
31
33
32
28
24
24
24
26
29
35
39
42
46
46
45
44
45
44
46
47
47
45
42
36
28
19
11
4
0
-2
-1
1
3
6
9
9
9
8
7
5
5
3
1
-2
-6
-12
-21
-30
-40
-50
-59
-64
-70
-73
-77
-80
-83
-90
-97
-105
-114
-122
-130
-138
-144
-150
-155
-161
-167
-170
-175
-178
-180
-179
-176
-169
-161
-151
-139
-127
-114
-104
-93
-85
-77
-69
-60
-50
-39
-27
-15
-2
11
24
36
48
61
74
86
97
110
122
134
145
155
160
164
164
164
159
155
151
149
148
150
152
155
157
158
157
153
148
140
132
124
118
109
102
93
82
71
55
39
21
5
-12
-24
-34
-42
-44
-47
-47
-48
-50
-51
-54
-58
-61
-65
-68
-67
-67
-66
-65
-64
-64
-63
-61
-59
-54
-48
-37
-24
-9
8
25
42
59
75
88
99
111
120
131
140
149
158
165
173
178
181
183
181
177
171
164
156
148
139
130
121
109
98
86
71
56
39
21
4
-13
-29
-46
-61
-76
-91
-104
-115
-127
-137
-145
-151
-153
-154
-151
-149
-142
-135
-127
-117
-106
-94
-78
-61
-42
-24
-4
14
31
45
57
65
73
77
82
85
90
93
96
98
99
100
100
98
96
94
93
90
86
82
74
64
53
40
25
10
-5
-19
-34
-47
-59
-72
-85
-98
-111
-123
-134
-144
-150
-157
-160
-161
-162
-162
-162
-164
-166
-170
-175
-179
-182
-185
-186
-186
-183
-180
-176
-171
-167
-162
-159
-155
-152
-151
-150
-148
-148
-147
-147
-148
-147
-148
-148
-149
-148
-148
-147
-144
-141
-137
-134
-131
-128
-127
-127
-130
-133
-136
-136
-138
-135
-130
-125
-119
-111
-103
-96
-90
-84
-78
-70
-62
-52
-41
-28
-15
-5
5
10
13
15
15
16
17
20
25
33
44
53
66
75
85
95
104
112
122
132
141
150
158
164
169
171
172
171
169
169
169
172
177
183
191
200
208
213
220
222
224
226
226
226
226
225
225
221
217
211
201
189
174
158
144
129
115
103
92
83
75
64
54
42
29
16
2
-10
-19
-26
-30
-34
-33
-31
-32
-30
-31
-32
-34
-36
-39
-39
-38
-38
-37
-38
-39
-43
-48
-53
-56
-61
-63
-63
-60
-55
-48
-41
-34
-27
-20
-16
-11
-6
-1
6
13
21
30
36
42
44
45
44
42
38
35
32
28
26
24
22
18
13
6
-5
-18
-32
-47
-63
-79
-94
-106
-118
-127
-137
-145
-151
-158
-165
-168
-169
-169
-166
-161
-154
-145
-135
-125
-115
-107
-97
-87
-79
-67
-56
-46
-33
-21
-11
-2
5
9
10
11
10
11
12
11
13
14
17
18
18
19
18
19
19
23
26
33
41
51
61
73
83
90
95
97
96
92
84
77
67
58
47
35
22
8
-4
-18
-32
-45
-55
-63
-69
-73
-74
-74
-73
-73
-73
-75
-77
-78
-81
-83
-83
-82
-79
-75
-69
-62
-56
-49
-42
-34
-27
-17
-8
3
15
27
38
49
56
60
63
61
60
54
49
44
40
35
34
31
29
26
23
20
16
15
13
11
12
14
16
18
21
22
21
19
15
11
8
5
3
3
4
8
12
17
22
26
30
34
39
40
45
49
52
57
61
64
65
64
62
58
52
46
40
34
30
27
24
21
18
14
8
3
-2
-6
-7
-8
-7
-1
5
15
26
37
47
58
68
79
90
102
111
121
129
135
136
135
130
118
104
88
68
50
30
12
-5
-19
-31
-43
-51
-59
-63
-67
-68
-67
-64
-60
-55
-50
-45
-41
-40
-39
-40
-43
-46
-49
-53
-56
-58
-57
-59
-58
-57
-56
-56
-55
-55
-55
-55
-57
-59
-61
-64
-67
-73
-79
-86
-94
-103
-110
-116
-119
-120
-119
-114
-105
-94
-80
-67
-53
-39
-25
-14
-5
3
7
10
10
6
1
-9
-20
-32
-48
-63
-79
-95
-107
-117
-127
-133
-138
-139
-138
-134
-128
-118
-108
-93
-76
-56
-35
-11
12
35
59
83
104
124
140
156
169
181
190
198
204
209
214
216
219
219
218
217
214
210
206
203
199
196
192
189
185
180
175
168
159
149
140
129
119
110
100
91
85
77
71
66
61
56
52
50
49
50
52
55
58
61
62
63
60
56
52
47
42
35
31
27
21
18
12
5
-4
-12
-22
-31
-40
-47
-50
-53
-53
-51
-48
-44
-41
-36
-32
-27
-22
-18
-11
-5
2
6
10
12
12
11
9
4
-1
-7
-13
-17
-22
-25
-30
-35
-42
-50
-60
-71
-82
-93
-105
-115
-125
-134
-143
-152
-162
-174
-184
-196
-204
-212
-215
-215
-211
-203
-191
-177
-164
-147
-130
-114
-97
-81
-64
-47
-30
-15
1
12
23
30
33
33
31
25
20
14
6
-1
-11
-23
-35
-50
-67
-84
-102
-119
-137
-151
-162
-169
-174
-178
-178
-179
-178
-180
-177
-176
-171
-165
-157
-146
-136
-125
-115
-105
-97
-88
-81
-75
-67
-59
-50
-41
-28
-19
-9
0
7
11
18
25
30
38
46
55
66
76
86
95
103
109
117
124
132
139
148
158
166
174
178
181
181
176
169
162
151
140
128
117
104
93
83
71
60
50
41
33
27
22
18
16
15
14
13
11
9
7
5
4
3
5
8
14
21
29
38
46
54
63
66
68
70
70
67
65
60
55
46
36
23
9
-7
-25
-40
-55
-66
-74
-76
-74
-69
-60
-48
-36
-21
-8
6
20
36
53
70
87
104
121
133
144
152
157
160
161
161
161
161
159
156
150
142
131
115
97
79
59
38
21
4
-8
-22
-33
-44
-54
-64
-72
-82
-89
-96
-100
-104
-104
-106
-107
-110
-112
-114
-115
-118
-120
-119
-118
-115
-110
-104
-97
-89
-82
-76
-72
-68
-67
-66
-68
-72
-78
-84
-90
-96
-103
-107
-109
-108
-104
-98
-88
-75
-58
-36
-11
16
47
79
112
144
173
200
223
243
258
272
280
288
293
297
300
302
300
298
294
288
281
273
263
254
243
232
219
204
187
168
147
121
96
71
43
19
-3
-24
-44
-60
-77
-90
-104
-118
-131
-143
-155
-165
-175
-183
-190
-197
-203
-209
-214
-217
-221
-223
-223
-222
-218
-214
-206
-197
-186
-177
-167
-156
-148
-142
-136
-134
-133
-133
-133
-133
-133
-132
-129
-127
-122
-117
-111
-107
-101
-94
-87
-79
-71
-62
-54
-46
-41
-37
-35
-35
-37
-40
-43
-45
-45
-43
-41
-36
-29
-22
-15
-8
1
8
16
24
33
42
51
57
63
67
68
67
63
57
51
44
37
30
25
19
13
7
2
-6
-14
-23
-31
-40
-48
-56
-62
-68
-74
-80
-84
-88
-92
-94
-94
-95
-93
-90
-87
-84
-79
-76
-72
-69
-67
-66
-64
-63
-63
-60
-59
-56
-53
-50
-47
-42
-37
-32
-27
-20
-15
-9
-5
0
1
1
2
1
-1
-4
-8
-13
-17
-21
-26
-30
-33
-35
-37
-38
-37
-35
-31
-25
-18
-11
-2
5
10
16
21
22
25
24
25
26
26
25
24
23
20
18
16
13
11
10
11
12
18
25
34
43
55
64
73
80
88
93
98
104
109
114
119
122
124
123
121
117
112
106
103
99
97
98
100
105
108
111
113
117
117
116
117
116
117
117
120
120
121
120
118
113
108
103
97
93
88
87
88
91
93
96
99
100
100
97
95
93
90
89
89
88
88
88
87
84
82
76
71
66
61
58
58
56
57
58
58
57
54
49
42
34
28
20
15
11
7
4
2
-1
-5
-8
-12
-16
-19
-19
-19
-18
-13
-9
-5
-3
-3
-2
-4
-8
-14
-19
-25
-31
-37
-42
-47
-53
-58
-64
-71
-76
-81
-84
-84
-82
-78
-73
-65
-58
-48
-40
-31
-23
-15
-9
-4
1
7
12
16
20
22
24
23
21
19
15
12
8
6
5
5
6
9
11
13
14
15
16
17
19
22
24
27
32
34
37
37
37
36
35
33
32
32
31
32
34
34
36
36
36
35
34
32
31
31
31
33
32
32
30
29
26
22
17
13
8
5
-1
-3
-6
-9
-13
-17
-21
-26
-30
-32
-34
-36
-36
-35
-35
-33
-34
-35
-37
-39
-42
-45
-46
-49
-52
-56
-61
-64
-71
-75
-80
-83
-86
-87
-87
-85
-85
-83
-80
-79
-77
-75
-74
-72
-70
-70
-68
-65
-64
-65
-65
-66
-67
-68
-69
-70
-68
-66
-65
-61
-58
-53
-49
-44
-40
-37
-33
-28
-24
-19
-15
-11
-8
-2
1
5
11
15
19
24
30
35
41
46
52
58
64
67
72
74
74
75
75
74
73
70
69
67
65
63
59
56
50
46
41
36
33
28
24
21
17
14
11
6
2
-3
-9
-11
-14
-18
-19
-19
-19
-18
-19
-18
-19
-18
-18
-18
-17
-15
-12
-10
-7
-4
-3
-2
-2
-3
-4
-5
-5
-6
-6
-8
-7
-7
-8
-10
-13
-15
-17
-20
-22
-24
-25
-26
-25
-25
-25
-25
-25
-25
-25
-24
-25
-24
-24
-25
-24
-25
-24
-24
-25
-26
-27
-29
-29
-30
-31
-31
-31
-30
-29
-28
-27
-25
-24
-23
-23
-21
-22
-20
-19
-19
-18
-18
-16
-16
-16
-16
-17
-17
-18
-19
-20
-20
-19
-19
-17
-15
-14
-13
-13
-12
-13
-12
-12
-11
-10
-8
-7
-5
-2
-2
-1
-1
-1
-1
-1
1
2
3
4
6
8
8
9
8
8
6
5
5
5
6
6
7
8
9
9
10
10
9
10
12
12
13
15
17
17
19
21
22
22
22
22
22
22
22
22
23
24
24
26
27
29
29
31
33
34
35
37
39
41
43
45
48
49
49
50
49
49
46
45
42
41
38
36
34
29
26
21
17
13
6
2
-3
-8
-12
-17
-20
-24
-28
-32
-35
-39
-41
-44
-45
-48
-48
-47
-48
-47
-45
-46
-45
-45
-45
-44
-44
-45
-45
-44
-43
-43
-43
-42
-43
-44
-45
-46
-47
-47
-47
-48
-48
-47
-48
-48
-47
-47
-47
-47
-46
-47
-48
-48
-47
-48
-47
-47
-47
-45
-44
-43
-42
-40
-39
-38
-37
-35
-33
-30
-28
-25
-23
-22
-20
-18
-16
-16
-16
-16
-15
-14
-14
-13
-11
-12
-10
-9
-10
-10
-11
-12
-12
-13
-12
-13
-10
-9
-10
-10
-9
-10
-12
-12
-13
-14
-12
-12
-11
-10
-8
-7
-7
-7
-6
-7
-7
-6
-6
-5
-3
-2
-1
0
0
0
0
0
-2
-3
-4
-4
-4
-4
-4
-3
-2
-3
-3
-3
-3
-3
-2
0
2
6
10
14
18
23
27
31
35
40
44
49
53
57
62
67
71
76
79
82
85
85
87
89
91
94
97
101
103
107
109
112
115
115
116
118
117
118
117
115
114
112
108
103
97
88
78
69
58
46
36
24
12
2
-10
-20
-30
-41
-52
-61
-68
-75
-81
-85
-88
-87
-87
-86
-85
-81
-78
-74
-69
-63
-59
-52
-44
-37
-30
-23
-16
-10
-5
0
4
8
11
13
16
19
21
22
24
25
26
28
30
30
31
33
34
37
40
43
48
52
55
60
64
68
71
74
76
78
78
80
80
79
77
74
71
66
59
52
45
36
26
18
9
0
-9
-17
-26
-34
-42
-50
-58
-64
-70
-76
-80
-84
-87
-89
-92
-94
-95
-98
-99
-101
-104
-107
-108
-109
-111
-113
-114
-116
-115
-115
-117
-116
-115
-112
-109
-104
-96
-87
-79
-67
-55
-42
-29
-14
1
17
35
51
69
85
102
117
132
146
157
167
175
181
185
188
189
188
186
182
176
168
160
150
140
126
114
102
88
75
62
51
39
28
16
7
-2
-10
-17
-24
-28
-34
-37
-39
-42
-41
-42
-42
-42
-41
-38
-38
-37
-35
-33
-31
-31
-28
-25
-22
-19
-18
-16
-14
-12
-9
-6
-2
1
5
8
11
15
19
22
26
30
33
37
40
41
45
49
51
52
53
53
54
52
52
51
49
46
42
40
37
33
29
24
19
14
11
6
3
-2
-5
-8
-12
-14
-18
-19
-20
-21
-21
-21
-20
-19
-17
-15
-15
-11
-11
-8
-5
-3
0
2
4
5
8
10
10
11
10
10
11
10
10
8
6
3
0
-4
-8
-13
-19
-24
-31
-38
-46
-53
-61
-69
-77
-85
-92
-99
-106
-111
-115
-119
-121
-122
-122
-120
-116
-112
-105
-97
-89
-80
-68
-56
-43
-31
-18
-5
8
21
34
45
55
63
71
77
83
86
88
89
87
85
82
76
69
64
56
49
41
32
25
17
9
2
-4
-11
-16
-20
-24
-27
-30
-33
-34
-36
-37
-40
-40
-41
-43
-44
-46
-49
-51
-52
-54
-56
-59
-62
-64
-67
-69
-71
-72
-73
-75
-75
-75
-74
-74
-72
-72
-69
-66
-63
-60
-58
-54
-49
-47
-43
-40
-34
-31
-27
-23
-18
-13
-9
-4
0
3
8
11
14
17
22
24
27
30
32
33
35
37
37
39
40
40
41
41
39
39
39
37
36
34
32
30
27
24
21
18
14
10
7
2
-1
-6
-11
-13
-19
-24
-27
-30
-33
-37
-40
-41
-42
-44
-44
-43
-42
-41
-40
-36
-33
-30
-26
-22
-19
-16
-12
-8
-4
-2
-1
1
3
2
3
2
1
1
-1
-3
-5
-7
-12
-14
-18
-20
-23
-25
-28
-30
-32
-35
-36
-37
-39
-40
-41
-41
-42
-41
-41
-42
-41
-40
-40
-39
-37
-37
0
0
0
0
0
0
0
0
0
0
0
0
0
0
0
0
0
0
0
0
0
0
0
0
0
0
0
0
0
0
0
0
0
0
0
0
0
0
0
0
0
0
0
0
0
0
0
0
0
0
0
0
0
0
0
0
0
0
0
0
0
0
0
0
0
0
0
0
0
0
0
0
0
0
0
0
0
0
0
0
0
0
0
0
0
0
0
0
0
0
0
0
0
0
0
0
0
0
0
0
0
0
0
0
0
0
0
0
0
0
0
0
0
0
0
0
0
0
0
0
0
0
0
0
0
0
0
0
0
0
0
0
0
0
0
0
0
0
0
0
0
0
0
0
0
0
0
0
0
0
0
0
0
0
0
0
0
0
0
0
0
0
0
0
0
0
0
0
0
0
0
0
0
0
0
0
0
0
0
0
0
0
0
0
0
0
0
0
0
0
0
0
0
0
0
0
0
0
