0
0
0
0
0
0
0
0
0
0
0
0
0
0
0
0
0
0
0
0
0
0
0
0
0
0
0
0
0
0
0
0
0
0
0
0
0
0
0
0
0
0
0
0
0
0
0
0
0
0
0
0
0
0
0
0
0
0
0
0
0
0
0
0
0
0
0
0
0
0
0
0
0
0
0
0
0
0
0
0
0
0
0
0
0
0
0
0
0
0
0
0
0
0
0
0
0
0
0
0
0
0
0
0
0
0
0
0
0
0
0
0
0
0
0
0
0
0
0
0
0
0
0
0
0
0
0
0
0
0
0
0
0
0
0
0
0
0
0
0
0
0
0
0
0
0
0
0
0
0
0
0
0
0
0
0
0
0
0
0
0
0
0
0
0
0
0
0
0
0
0
0
0
0
0
0
0
0
0
0
0
0
0
0
0
0
0
0
0
0
0
0
0
0
0
0
0
0
-58
-59
-61
-62
-64
-64
-65
-66
-64
-64
-60
-60
-58
-55
-52
-48
-41
-38
-33
-27
-21
-14
-6
4
12
19
25
31
36
42
48
55
61
66
71
77
84
91
97
102
105
109
113
119
126
136
146
155
166
178
194
208
223
239
250
260
269
282
300
323
346
366
381
386
387
386
387
392
396
392
381
362
341
321
302
273
216
113
-53
-279
-548
-820
-1059
-1232
-1321
-1325
-1254
-1121
-942
-717
-460
-181
93
335
519
628
666
649
605
561
530
510
489
453
394
309
201
70
-75
-236
-413
-605
-796
-960
-1067
-1100
-1052
-927
-737
-502
-252
-9
216
412
566
662
696
674
608
514
406
302
212
138
69
-9
-103
-219
-352
-501
-655
-795
-906
-966
-971
-915
-806
-654
-478
-294
-120
32
158
251
307
328
315
283
246
221
215
226
245
256
245
202
125
27
-77
-176
-256
-316
-351
-356
-326
-256
-153
-23
124
271
407
538
673
815
963
1110
1244
1349
1419
1462
1516
1606
1731
1859
1956
2013
2045
2061
2067
2057
1988
1751
1204
267
-990
-2382
-3687
-4716
-5330
-5466
-5166
-4568
-3808
-2939
-1946
-840
298
1335
2157
2688
2899
2815
2542
2246
2051
1968
1909
1790
1572
1236
775
202
-444
-1103
-1755
-2412
-3038
-3535
-3784
-3722
-3358
-2737
-1916
-981
-51
767
1435
1962
2339
2531
2517
2336
2067
1772
1477
1208
993
814
615
337
-27
-442
-870
-1296
-1703
-2054
-2301
-2409
-2361
-2138
-1728
-1153
-483
190
801
1306
1686
1921
2005
1957
1807
1578
1286
958
630
329
58
-210
-502
-812
-1120
-1416
-1684
-1894
-2007
-2007
-1907
-1721
-1444
-1073
-636
-193
199
504
707
794
769
672
563
476
404
335
271
230
207
185
151
107
52
-28
-142
-275
-391
-460
-477
-445
-367
-246
-101
39
158
266
373
484
594
710
840
990
1143
1278
1391
1486
1547
1550
1485
1400
1358
1372
1402
1417
1438
1483
1538
1569
1583
1591
1500
1123
316
-861
-2185
-3408
-4359
-4898
-4911
-4414
-3594
-2689
-1799
-877
111
1076
1871
2420
2715
2757
2539
2138
1738
1501
1424
1364
1199
905
499
-31
-694
-1420
-2087
-2627
-3056
-3362
-3459
-3235
-2674
-1871
-950
7
915
1673
2182
2444
2529
2485
2301
1971
1561
1175
863
602
369
163
-38
-304
-682
-1134
-1565
-1903
-2129
-2232
-2177
-1932
-1524
-1007
-424
204
833
1378
1748
1909
1888
1728
1463
1141
828
565
330
56
-300
-722
-1150
-1525
-1815
-1997
-2042
-1953
-1772
-1534
-1238
-851
-375
124
553
841
964
921
727
437
137
-98
-248
-333
-372
-355
-275
-154
-34
66
136
165
144
88
37
29
62
107
146
174
203
232
263
314
395
505
629
751
881
1038
1217
1379
1481
1524
1560
1623
1696
1738
1748
1760
1793
1816
1822
1836
1829
1629
986
-194
-1737
-3318
-4657
-5550
-5823
-5406
-4447
-3277
-2160
-1129
-101
920
1811
2454
2828
2947
2804
2441
2016
1732
1648
1626
1466
1078
483
-281
-1190
-2155
-3024
-3662
-4032
-4144
-3956
-3397
-2475
-1324
-137
935
1807
2415
2716
2733
2572
2335
2061
1732
1360
1008
717
457
162
-203
-638
-1145
-1731
-2328
-2796
-3003
-2903
-2528
-1929
-1149
-268
596
1341
1927
2332
2519
2450
2155
1728
1266
825
435
128
-88
-257
-449
-699
-982
-1265
-1541
-1808
-2033
-2167
-2169
-2028
-1732
-1272
-671
-16
576
1011
1243
1274
1135
883
586
298
48
-162
-342
-488
-590
-642
-655
-646
-631
-615
-590
-536
-431
-258
-21
243
483
664
766
789
736
624
484
350
242
182
187
272
426
621
813
962
1040
1039
973
864
731
604
547
640
905
1273
1632
1925
2141
2272
2297
2234
2151
2023
1639
756
-647
-2288
-3801
-4925
-5490
-5365
-4576
-3410
-2262
-1334
-557
203
950
1599
2096
2446
2637
2643
2500
2341
2266
2223
2031
1546
773
-187
-1239
-2296
-3220
-3859
-4146
-4101
-3757
-3097
-2130
-967
194
1180
1901
2347
2535
2522
2399
2269
2171
2053
1842
1522
1119
656
117
-498
-1156
-1807
-2408
-2904
-3189
-3163
-2791
-2128
-1270
-334
565
1324
1873
2184
2276
2189
1964
1639
1273
935
662
435
214
-29
-313
-651
-1035
-1425
-1758
-1977
-2053
-1988
-1797
-1495
-1098
-644
-190
211
528
736
802
736
590
424
275
160
73
-1
-100
-245
-430
-626
-791
-888
-903
-847
-736
-574
-362
-121
121
347
530
634
643
577
477
382
313
281
286
322
383
464
557
641
696
712
685
640
615
642
706
773
838
941
1122
1372
1639
1872
2057
2194
2268
2250
2175
2091
1879
1247
2
-1679
-3389
-4798
-5731
-5988
-5437
-4257
-2910
-1747
-784
107
947
1649
2174
2541
2750
2779
2653
2475
2359
2303
2150
1706
916
-118
-1265
-2421
-3452
-4182
-4503
-4442
-4062
-3360
-2337
-1097
161
1252
2064
2550
2716
2640
2445
2259
2138
2042
1876
1577
1135
577
-83
-831
-1598
-2310
-2910
-3341
-3510
-3334
-2799
-1978
-985
41
976
1727
2234
2483
2503
2351
2082
1734
1360
1016
726
448
135
-231
-645
-1116
-1624
-2096
-2434
-2570
-2473
-2149
-1626
-960
-248
397
884
1169
1239
1118
838
476
118
-161
-327
-388
-369
-317
-279
-303
-409
-574
-740
-854
-889
-833
-673
-420
-131
137
349
491
552
527
429
294
168
97
99
173
298
453
601
693
701
641
547
434
320
238
214
254
361
522
707
871
998
1120
1300
1566
1881
2149
2308
2373
2394
2371
2301
2233
2121
1672
541
-1226
-3177
-4849
-6002
-6450
-6003
-4759
-3215
-1854
-778
155
995
1680
2203
2600
2859
2953
2912
2819
2743
2670
2475
1968
1057
-156
-1478
-2757
-3852
-4580
-4819
-4615
-4077
-3245
-2131
-848
406
1474
2260
2713
2844
2753
2582
2448
2392
2376
2278
1969
1416
657
-252
-1240
-2187
-2960
-3491
-3754
-3697
-3281
-2546
-1596
-543
485
1350
1966
2333
2475
2429
2262
2053
1831
1587
1324
1046
708
255
-305
-921
-1554
-2149
-2599
-2795
-2708
-2367
-1805
-1078
-304
394
939
1297
1441
1362
1080
668
215
-195
-506
-678
-691
-586
-454
-387
-415
-514
-648
-762
-799
-717
-532
-296
-61
126
238
266
227
152
67
2
-28
-13
52
172
333
506
651
746
780
732
605
445
295
186
129
134
207
335
502
685
848
954
1013
1089
1247
1523
1869
2176
2363
2440
2461
2430
2343
2250
2102
1577
325
-1559
-3554
-5178
-6220
-6515
-5887
-4498
-2916
-1626
-676
106
786
1345
1827
2280
2666
2932
3095
3181
3190
3080
2739
2007
833
-610
-2075
-3374
-4362
-4875
-4846
-4397
-3698
-2812
-1763
-658
352
1180
1796
2175
2336
2379
2426
2530
2674
2782
2708
2298
1526
495
-659
-1808
-2797
-3467
-3762
-3718
-3377
-2768
-1974
-1114
-283
451
1027
1424
1677
1837
1940
2018
2089
2115
2031
1802
1424
870
152
-643
-1408
-2074
-2571
-2813
-2786
-2543
-2143
-1616
-1033
-510
-98
227
488
681
820
942
1050
1098
1034
839
522
129
-285
-674
-1008
-1248
-1365
-1361
-1246
-1030
-735
-419
-142
68
197
242
227
193
177
191
226
265
286
282
266
258
263
281
321
397
487
561
610
645
655
621
543
450
357
284
281
374
534
730
963
1257
1605
1957
2230
2342
2295
2190
2087
1962
1825
1734
1535
834
-572
-2350
-3965
-5155
-5821
-5741
-4813
-3398
-2076
-1084
-307
341
835
1234
1685
2192
2644
2985
3229
3331
3228
2887
2259
1283
14
-1345
-2581
-3567
-4188
-4339
-4042
-3459
-2747
-1958
-1135
-367
291
857
1350
1757
2086
2387
2677
2909
3020
2940
2582
1893
924
-189
-1297
-2250
-2901
-3177
-3121
-2832
-2390
-1859
-1320
-832
-390
31
445
851
1252
1643
2005
2298
2465
2443
2204
1761
1144
403
-365
-1045
-1571
-1922
-2088
-2093
-2007
-1887
-1719
-1475
-1181
-877
-552
-187
176
485
743
970
1134
1162
1029
765
406
-6
-399
-699
-867
-920
-888
-811
-724
-639
-554
-467
-376
-277
-172
-54
75
204
331
430
471
445
374
292
234
221
276
399
562
725
839
875
837
746
630
509
424
412
468
545
608
688
832
1066
1393
1762
2064
2214
2243
2223
2152
2030
1926
1798
1325
209
-1400
-3009
-4267
-5078
-5296
-4744
-3607
-2420
-1562
-997
-582
-281
-6
447
1163
1999
2774
3387
3742
3741
3396
2763
1841
645
-647
-1802
-2710
-3330
-3590
-3459
-3096
-2711
-2369
-2030
-1679
-1305
-834
-199
565
1372
2143
2793
3220
3376
3276
2915
2276
1423
499
-384
-1168
-1764
-2101
-2210
-2204
-2157
-2088
-2021
-1967
-1847
-1551
-1048
-375
404
1197
1872
2323
2519
2462
2185
1769
1316
872
442
48
-291
-602
-934
-1290
-1636
-1943
-2171
-2253
-2163
-1929
-1581
-1132
-624
-120
343
741
1015
1113
1053
888
659
404
180
23
-95
-233
-409
-617
-832
-1008
-1079
-1015
-839
-594
-326
-97
49
113
132
137
150
196
290
408
513
593
652
684
689
685
694
707
719
742
773
790
796
822
859
863
838
842
922
1092
1349
1650
1894
2007
2037
2032
1968
1860
1755
1484
685
-726
-2310
-3544
-4284
-4570
-4305
-3476
-2462
-1726
-1365
-1192
-1089
-983
-662
72
1151
2310
3301
3921
4020
3621
2909
2022
1007
-19
-861
-1448
-1870
-2170
-2311
-2346
-2433
-2605
-2732
-2706
-2507
-2092
-1390
-437
611
1592
2381
2866
3005
2876
2587
2200
1766
1363
1012
642
199
-285
-778
-1296
-1809
-2228
-2485
-2577
-2487
-2168
-1640
-992
-314
323
845
1202
1406
1494
1513
1532
1606
1701
1723
1605
1335
904
324
-320
-904
-1355
-1668
-1884
-2035
-2127
-2127
-2007
-1775
-1459
-1059
-594
-129
265
572
810
970
1030
1000
908
761
538
229
-124
-439
-646
-731
-721
-652
-562
-487
-449
-425
-378
-285
-140
45
258
453
582
632
619
573
530
531
599
714
841
959
1040
1059
1033
1017
1047
1097
1149
1208
1288
1410
1591
1800
1945
1974
1941
1881
1778
1665
1562
1220
257
-1274
-2750
-3635
-3942
-3887
-3484
-2795
-2172
-1896
-1835
-1739
-1577
-1340
-834
98
1310
2486
3355
3718
3511
2900
2174
1485
855
337
-27
-338
-733
-1199
-1658
-2144
-2675
-3101
-3242
-3073
-2672
-2076
-1328
-557
130
732
1238
1588
1791
1945
2087
2167
2169
2137
2020
1699
1158
503
-191
-887
-1485
-1865
-2028
-2053
-1974
-1800
-1599
-1433
-1268
-1047
-760
-399
52
542
977
1330
1622
1795
1775
1610
1390
1123
796
481
199
-155
-613
-1024
-1259
-1406
-1611
-1864
-2064
-2136
-2041
-1738
-1268
-755
-314
17
238
372
457
509
519
500
485
469
402
260
71
-137
-336
-478
-521
-479
-397
-311
-238
-190
-164
-125
-52
28
87
136
197
272
363
479
615
730
813
896
992
1064
1103
1151
1238
1328
1400
1476
1562
1650
1764
1905
1981
1921
1779
1616
1432
1274
1192
949
107
-1342
-2734
-3437
-3496
-3292
-2965
-2558
-2317
-2392
-2494
-2279
-1794
-1243
-578
330
1341
2172
2683
2837
2644
2264
1951
1795
1639
1356
968
474
-167
-873
-1480
-1951
-2354
-2656
-2744
-2616
-2391
-2119
-1773
-1372
-955
-490
45
576
1029
1418
1756
1993
2107
2158
2147
1985
1648
1222
776
311
-141
-517
-819
-1104
-1361
-1526
-1613
-1663
-1667
-1575
-1390
-1129
-796
-423
-73
244
561
858
1058
1139
1148
1119
1065
1018
964
815
538
201
-125
-449
-767
-1022
-1198
-1328
-1416
-1427
-1371
-1305
-1227
-1093
-894
-677
-467
-267
-91
34
122
205
284
351
404
429
404
328
243
190
180
203
230
224
175
108
58
26
6
4
28
64
105
158
223
286
371
518
716
901
1045
1176
1314
1456
1618
1815
2018
2199
2353
2429
2346
2133
1922
1761
1599
1476
1372
904
-328
-2002
-3180
-3373
-3012
-2695
-2573
-2648
-3034
-3554
-3622
-2943
-1880
-895
-34
763
1324
1525
1550
1653
1905
2293
2784
3150
3048
2370
1359
364
-386
-783
-880
-905
-1093
-1514
-2076
-2636
-3029
-3091
-2781
-2215
-1542
-901
-434
-211
-113
84
494
1069
1723
2326
2663
2580
2166
1674
1281
1033
920
870
723
355
-213
-856
-1445
-1852
-1991
-1877
-1634
-1411
-1311
-1363
-1468
-1423
-1121
-641
-102
436
870
1072
1084
1077
1079
935
652
488
587
731
622
207
-374
-958
-1368
-1443
-1200
-903
-817
-999
-1287
-1494
-1513
-1322
-979
-601
-310
-173
-165
-213
-236
-161
62
414
774
979
956
773
581
508
596
776
906
858
611
277
-4
-147
-143
-29
134
257
278
217
165
222
441
812
1250
1618
1831
1929
2009
2098
2184
2301
2459
2547
2492
2348
2028
1169
-325
-1792
-2388
-2088
-1664
-1711
-2230
-3047
-3994
-4622
-4382
-3333
-2147
-1309
-772
-395
-232
-201
39
707
1667
2636
3356
3554
3090
2198
1379
983
1023
1267
1372
1025
183
-892
-1854
-2475
-2656
-2432
-2025
-1739
-1712
-1900
-2181
-2359
-2160
-1452
-459
439
1026
1264
1201
1018
1020
1376
1935
2410
2612
2468
1973
1267
622
243
120
130
126
-60
-527
-1192
-1829
-2219
-2254
-1943
-1469
-1125
-1081
-1243
-1380
-1315
-985
-431
184
643
843
850
780
724
738
840
975
1028
926
660
268
-158
-502
-690
-743
-756
-823
-984
-1204
-1393
-1465
-1386
-1171
-882
-615
-446
-364
-284
-133
110
421
741
988
1099
1103
1074
1067
1090
1136
1180
1175
1077
900
705
552
470
454
481
514
523
517
534
609
739
900
1090
1299
1466
1539
1555
1610
1717
1834
1962
1993
1590
555
-652
-1237
-1017
-630
-697
-1224
-1963
-2779
-3421
-3476
-2883
-2134
-1671
-1452
-1296
-1237
-1274
-1118
-516
423
1354
1987
2164
1898
1438
1154
1270
1689
2101
2182
1782
1024
207
-417
-752
-798
-665
-590
-787
-1244
-1773
-2185
-2348
-2141
-1591
-978
-622
-589
-708
-780
-661
-248
421
1102
1525
1604
1453
1232
1084
1115
1328
1581
1679
1508
1086
530
13
-318
-423
-396
-385
-515
-850
-1321
-1716
-1825
-1678
-1523
-1543
-1650
-1607
-1334
-968
-695
-569
-485
-317
-17
355
676
846
847
752
653
589
515
394
246
105
-30
-200
-432
-680
-860
-902
-825
-718
-658
-650
-648
-593
-453
-239
-11
175
312
430
550
686
831
983
1131
1260
1363
1430
1461
1472
1498
1574
1696
1812
1881
1914
1891
1760
1548
1386
1359
1408
1459
1420
1016
-3
-1320
-2089
-1874
-1234
-1030
-1454
-2146
-2848
-3412
-3516
-2955
-2069
-1413
-1127
-1006
-992
-1095
-1069
-556
413
1402
1993
2044
1669
1166
904
1076
1558
2009
2106
1724
991
217
-324
-548
-517
-366
-313
-570
-1131
-1737
-2115
-2173
-1924
-1448
-985
-818
-986
-1219
-1248
-996
-504
142
738
1045
1023
863
775
848
1094
1455
1770
1837
1596
1168
741
465
392
445
471
333
-3
-478
-963
-1307
-1419
-1329
-1164
-1093
-1236
-1560
-1837
-1824
-1506
-1081
-743
-552
-481
-476
-438
-259
60
395
618
685
623
487
363
321
372
442
414
230
-48
-290
-415
-430
-388
-360
-404
-517
-629
-651
-563
-400
-216
-52
58
107
139
228
421
690
950
1129
1204
1205
1199
1262
1419
1608
1752
1826
1837
1799
1752
1756
1797
1806
1775
1739
1684
1580
1461
1256
677
-327
-1194
-1299
-839
-650
-1141
-1940
-2616
-3099
-3311
-3036
-2394
-1887
-1768
-1805
-1767
-1692
-1548
-1080
-214
714
1306
1445
1266
1023
996
1342
1906
2349
2424
2095
1499
891
509
406
444
458
329
-43
-654
-1295
-1683
-1739
-1583
-1351
-1169
-1200
-1478
-1772
-1793
-1487
-1009
-512
-113
73
39
-30
72
394
844
1285
1576
1618
1439
1193
1049
1085
1250
1371
1293
1000
594
172
-186
-368
-364
-372
-587
-954
-1284
-1513
-1684
-1754
-1657
-1471
-1368
-1390
-1434
-1404
-1274
-1022
-666
-315
-111
-68
-65
25
218
431
579
629
584
456
308
232
262
321
312
215
67
-90
-220
-267
-211
-117
-79
-124
-204
-250
-230
-127
51
253
403
477
520
588
714
901
1136
1377
1564
1680
1752
1825
1921
2015
2064
2067
2062
2061
2037
2016
1973
1634
747
-340
-823
-482
-77
-372
-1227
-2055
-2671
-3136
-3264
-2905
-2425
-2293
-2444
-2546
-2559
-2569
-2350
-1637
-642
123
414
394
315
386
761
1427
2111
2483
2427
2083
1689
1425
1357
1431
1523
1480
1149
514
-215
-735
-931
-928
-888
-927
-1159
-1603
-2067
-2259
-2095
-1751
-1409
-1153
-1041
-1088
-1163
-1045
-657
-120
392
765
930
907
836
895
1146
1498
1782
1853
1677
1367
1068
842
704
679
708
599
205
-365
-872
-1182
-1313
-1314
-1265
-1312
-1542
-1851
-2055
-2047
-1834
-1490
-1141
-928
-891
-923
-865
-641
-292
64
321
417
373
288
283
421
636
793
803
685
514
374
324
375
457
469
365
187
14
-92
-101
-25
79
129
94
20
2
86
263
492
716
882
986
1090
1252
1464
1689
1903
2058
2103
2074
2072
2119
2177
2248
2242
1863
978
76
-154
224
413
-71
-878
-1554
-2107
-2575
-2699
-2408
-2128
-2206
-2455
-2607
-2721
-2817
-2597
-1901
-1079
-590
-490
-532
-508
-286
230
953
1585
1881
1857
1685
1533
1515
1658
1890
2066
2034
1697
1128
573
267
204
204
127
-86
-492
-1046
-1515
-1671
-1552
-1380
-1288
-1283
-1388
-1586
-1701
-1541
-1127
-668
-321
-123
-62
-70
-1
271
704
1120
1363
1387
1270
1133
1072
1108
1218
1333
1327
1095
671
230
-70
-178
-154
-142
-300
-670
-1105
-1406
-1519
-1513
-1453
-1368
-1327
-1396
-1529
-1578
-1453
-1182
-866
-605
-461
-441
-449
-357
-113
203
460
575
563
513
508
588
736
884
944
872
716
568
491
495
549
588
539
391
211
93
83
154
262
351
383
372
372
445
611
824
1031
1216
1385
1507
1546
1562
1643
1783
1920
2059
2129
1833
1036
226
95
575
843
405
-374
-1013
-1511
-1939
-2060
-1809
-1609
-1789
-2133
-2360
-2536
-2711
-2593
-2010
-1332
-1024
-1097
-1242
-1244
-1016
-509
181
764
1008
958
832
813
976
1298
1669
1936
1962
1692
1244
884
796
901
982
906
651
201
-363
-788
-886
-776
-708
-784
-970
-1257
-1577
-1740
-1607
-1283
-995
-851
-836
-902
-950
-828
-486
-43
324
498
466
333
286
442
732
993
1100
1018
779
500
335
336
415
456
379
153
-192
-527
-692
-664
-574
-571
-707
-933
-1155
-1271
-1227
-1063
-890
-802
-823
-890
-903
-796
-575
-310
-79
41
37
-3
42
221
469
680
785
774
684
612
641
764
887
930
874
752
620
544
572
674
761
766
705
640
630
702
841
984
1085
1133
1143
1135
1145
1209
1313
1432
1544
1525
1159
476
-52
-1
412
554
164
-452
-986
-1404
-1652
-1586
-1311
-1198
-1395
-1681
-1873
-2020
-2082
-1856
-1344
-888
-761
-886
-1024
-1020
-795
-335
216
586
639
504
404
455
664
969
1272
1441
1380
1115
816
667
721
872
960
890
632
232
-157
-357
-332
-229
-220
-355
-599
-892
-1123
-1173
-1017
-791
-647
-639
-735
-857
-892
-748
-458
-165
-6
-6
-79
-110
-24
152
337
474
529
482
361
262
255
307
332
306
242
121
-53
-204
-260
-268
-319
-422
-521
-592
-659
-715
-724
-696
-679
-692
-695
-662
-603
-535
-447
-341
-244
-177
-122
-36
94
229
348
448
523
569
612
683
780
858
892
900
912
932
950
968
988
1001
1003
1018
1058
1102
1139
1187
1242
1253
1198
1137
1132
1179
1239
1267
1138
740
208
-107
-51
117
47
-303
-749
-1170
-1518
-1682
-1613
-1478
-1488
-1634
-1785
-1901
-1998
-1968
-1700
-1289
-969
-849
-848
-843
-746
-492
-84
333
586
632
579
563
645
814
1023
1192
1228
1103
886
705
638
661
694
671
553
317
12
-243
-349
-337
-321
-378
-512
-701
-899
-1018
-996
-874
-763
-726
-746
-788
-805
-751
-612
-443
-313
-242
-203
-164
-106
-25
74
173
239
255
228
193
189
216
240
232
178
69
-68
-169
-188
-163
-179
-272
-404
-530
-618
-637
-594
-539
-535
-591
-659
-686
-662
-591
-489
-388
-320
-291
-264
-205
-96
47
196
317
388
424
468
561
697
831
918
961
975
985
1011
1066
1145
1212
1254
1272
1267
1259
1275
1321
1358
1344
1285
1215
1164
1139
1107
985
690
298
14
-59
-49
-155
-421
-756
-1092
-1372
-1515
-1498
-1445
-1482
-1600
-1701
-1762
-1799
-1760
-1579
-1309
-1075
-940
-872
-813
-711
-502
-173
180
424
518
528
558
660
829
1024
1172
1216
1141
996
865
796
784
776
729
613
417
171
-44
-165
-207
-236
-312
-438
-602
-764
-866
-874
-811
-744
-729
-764
-808
-817
-763
-640
-478
-343
-304
-351
-377
-277
-68
129
228
223
160
100
106
206
338
396
344
217
82
-23
-82
-80
-42
-38
-122
-273
-421
-511
-524
-478
-413
-399
-465
-566
-617
-581
-483
-376
-292
-247
-239
-229
-169
-44
106
232
316
378
434
500
600
731
860
944
984
1010
1050
1111
1187
1273
1352
1395
1396
1393
1424
1480
1516
1506
1464
1407
1340
1280
1225
1109
858
513
232
96
19
-131
-383
-691
-1013
-1299
-1473
-1511
-1514
-1589
-1720
-1822
-1866
-1868
-1806
-1652
-1443
-1260
-1123
-1001
-869
-713
-499
-215
92
327
456
524
599
721
888
1061
1192
1230
1164
1049
960
932
934
912
834
696
501
285
105
-6
-69
-142
-253
-401
-564
-721
-830
-864
-842
-812
-812
-840
-878
-893
-848
-740
-604
-485
-405
-359
-314
-236
-113
-4
27
0
-1
82
206
283
256
152
44
1
48
130
157
75
-80
-220
-283
-275
-254
-268
-338
-441
-536
-586
-582
-553
-532
-521
-516
-511
-499
-458
-377
-272
-171
-92
-29
30
98
195
325
466
574
633
671
719
796
901
1020
1121
1182
1205
1222
1259
1323
1402
1474
1520
1520
1480
1421
1377
1351
1324
1268
1140
901
587
303
134
55
-37
-217
-500
-846
-1176
-1392
-1445
-1415
-1427
-1539
-1705
-1848
-1912
-1864
-1706
-1503
-1341
-1252
-1191
-1103
-960
-752
-484
-197
42
204
311
407
533
700
893
1070
1173
1178
1113
1038
1005
1013
1025
998
898
724
517
330
203
124
49
-54
-198
-373
-551
-686
-758
-774
-769
-787
-838
-902
-948
-942
-866
-742
-628
-571
-569
-563
-495
-357
-185
-40
37
44
24
41
125
245
338
359
308
220
144
116
131
152
134
58
-57
-177
-265
-309
-319
-327
-358
-423
-500
-559
-577
-551
-500
-452
-424
-413
-396
-351
-266
-153
-31
72
150
213
285
388
520
661
782
865
920
975
1053
1161
1279
1379
1439
1463
1476
1508
1563
1622
1649
1623
1551
1459
1374
1304
1212
1048
794
509
264
85
-61
-226
-449
-738
-1058
-1322
-1463
-1502
-1523
-1590
-1703
-1819
-1891
-1878
-1759
-1577
-1406
-1283
-1190
-1084
-939
-745
-506
-251
-22
155
289
412
540
680
828
968
1073
1120
1110
1074
1036
1008
987
959
903
800
648
481
335
222
130
38
-73
-212
-374
-527
-634
-689
-715
-743
-783
-831
-875
-898
-882
-820
-739
-661
-594
-534
-489
-467
-439
-364
-222
-57
61
100
68
13
0
69
206
331
358
267
121
9
-21
28
92
98
2
-169
-330
-407
-389
-334
-308
-349
-453
-562
-609
-560
-448
-343
-287
-287
-303
-285
-201
-52
117
249
325
365
411
496
625
779
924
1028
1089
1133
1191
1274
1379
1484
1569
1621
1632
1610
1577
1550
1530
1499
1437
1316
1116
851
573
346
187
50
-123
-368
-680
-1016
-1299
-1466
-1523
-1542
-1606
-1737
-1899
-2026
-2056
-1967
-1790
-1598
-1462
-1389
-1327
-1218
-1028
-763
-466
-195
2
135
246
377
547
738
919
1054
1119
1120
1085
1051
1033
1023
1008
961
868
726
556
390
256
155
64
-35
-156
-306
-470
-612
-704
-747
-767
-792
-835
-891
-942
-959
-920
-837
-756
-706
-685
-657
-596
-492
-359
-236
-148
-111
-92
-51
28
126
208
244
236
202
170
161
177
191
171
113
35
-43
-107
-154
-191
-233
-291
-357
-416
-455
-478
-488
-491
-487
-472
-443
-400
-345
-281
-212
-134
-45
58
161
261
357
452
555
664
776
883
976
1055
1128
1206
1294
1383
1461
1526
1574
1604
1615
1612
1594
1563
1515
1445
1347
1208
1015
779
540
324
141
-34
-223
-451
-722
-1006
-1253
-1422
-1510
-1561
-1613
-1694
-1795
-1890
-1927
-1869
-1727
-1548
-1385
-1263
-1165
-1059
-905
-683
-417
-160
48
208
344
487
645
809
957
1068
1133
1161
1167
1158
1133
1091
1039
978
895
786
652
505
361
229
113
-1
-121
-256
-393
-513
-605
-670
-722
-768
-811
-844
-861
-851
-820
-778
-736
-703
-666
-610
-528
-426
-321
-232
-172
-135
-102
-48
32
121
194
229
225
191
156
143
154
172
168
126
52
-35
-112
-166
-199
-222
-257
-308
-363
-412
-446
-459
-454
-435
-410
-381
-344
-295
-237
-168
-91
-5
91
196
303
410
514
611
701
795
890
991
1089
1178
1253
1313
1363
1413
1469
1526
1570
1584
1563
1517
1456
1389
1317
1225
1087
898
669
434
222
39
-127
-306
-521
-774
-1036
-1261
-1415
-1502
-1552
-1602
-1675
-1767
-1847
-1871
-1812
-1682
-1522
-1371
-1251
-1149
-1039
-891
-691
-451
-212
-5
160
294
417
547
686
822
938
1016
1054
1065
1055
1033
998
951
889
809
714
611
498
377
245
109
-23
-145
-256
-352
-442
-529
-619
-702
-768
-805
-812
-799
-779
-767
-761
-752
-719
-648
-546
-443
-375
-356
-375
-383
-336
-216
-59
70
121
79
-14
-86
-80
15
144
234
226
119
-36
-167
-218
-191
-127
-90
-115
-199
-312
-408
-456
-454
-422
-378
-340
-313
-294
-282
-272
-252
-209
-133
-22
107
232
326
381
418
471
562
693
844
982
1077
1127
1152
1188
1247
1332
1423
1493
1525
1517
1482
1439
1403
1362
1299
1202
1057
871
661
458
271
103
-66
-252
-462
-691
-915
-1109
-1257
-1362
-1441
-1510
-1579
-1645
-1693
-1708
-1676
-1602
-1500
-1384
-1257
-1125
-987
-835
-672
-500
-325
-148
28
206
374
524
648
744
818
883
945
1005
1049
1067
1048
994
919
836
758
686
610
521
412
287
157
37
-67
-156
-234
-312
-390
-466
-535
-585
-616
-627
-624
-614
-601
-590
-584
-573
-548
-500
-428
-340
-256
-195
-161
-148
-134
-102
-42
35
106
151
157
126
86
57
51
63
77
75
46
-9
-75
-138
-186
-219
-239
-250
-261
-271
-287
-304
-321
-333
-328
-303
-256
-187
-111
-41
19
72
124
184
262
353
455
555
646
723
784
837
887
940
1001
1064
1126
1182
1224
1255
1274
1282
1280
1267
1248
1222
1195
1162
1111
1025
899
729
530
330
151
1
-127
-255
-405
-587
-790
-992
-1165
-1288
-1360
-1396
-1416
-1435
-1459
-1480
-1486
-1462
-1403
-1312
-1197
-1063
-921
-775
-629
-487
-356
-228
-103
28
168
313
455
577
666
722
749
760
768
780
794
799
788
750
687
602
509
413
320
234
151
72
-5
-83
-163
-241
-321
-394
-457
-505
-536
-551
-554
-549
-543
-537
-535
-537
-538
-530
-505
-460
-397
-330
-274
-237
-223
-226
-225
-207
-171
-121
-71
-40
-32
-46
-74
-99
-120
-133
-139
-145
-153
-165
-184
-207
-234
-264
-289
-302
-301
-283
-256
-229
-207
-192
-180
-162
-131
-85
-26
37
101
159
211
259
309
358
410
465
522
578
631
676
715
745
772
798
830
864
903
939
966
979
979
969
953
937
919
892
846
774
670
538
394
245
104
-24
-150
-277
-412
-557
-702
-839
-958
-1057
-1135
-1195
-1240
-1271
-1282
-1276
-1250
-1209
-1159
-1098
-1028
-940
-832
-708
-570
-433
-300
-178
-67
40
146
250
351
444
521
582
627
654
672
677
672
656
629
593
550
499
443
381
313
241
168
94
25
-42
-102
-159
-215
-265
-309
-349
-379
-398
-409
-412
-412
-409
-407
-403
-395
-380
-357
-326
-291
-254
-219
-188
-165
-146
-131
-117
-103
-86
-68
-53
-42
-41
-47
-61
-76
-89
-100
-107
-114
-126
-141
-158
-174
-186
-190
-190
-185
-175
-162
-149
-132
-114
-92
-67
-35
3
49
100
150
197
235
265
293
325
363
408
457
502
537
558
571
581
594
615
646
681
713
741
761
774
783
789
793
794
793
788
778
760
729
677
602
504
388
265
143
31
-71
-170
-274
-387
-507
-630
-743
-842
-919
-980
-1023
-1051
-1063
-1063
-1045
-1015
-976
-928
-875
-811
-732
-635
-524
-406
-288
-178
-78
13
98
181
263
341
411
469
516
551
575
585
585
570
545
510
470
427
384
338
289
235
175
112
47
-15
-72
-122
-167
-208
-245
-276
-303
-323
-337
-345
-350
-354
-356
-355
-350
-335
-314
-289
-261
-235
-212
-193
-176
-156
-137
-120
-106
-94
-87
-82
-81
-82
-86
-95
-107
-118
-130
-140
-148
-156
-166
-178
-190
-201
-205
-208
-204
-201
-196
-188
-177
-161
-142
-118
-93
-67
-40
-10
23
59
93
127
158
187
215
242
270
296
318
338
357
376
397
420
443
463
483
501
521
542
565
587
607
622
631
637
640
640
635
623
601
566
515
451
373
287
196
103
8
-87
-186
-286
-388
-489
-582
-669
-744
-809
-863
-905
-936
-954
-956
-945
-921
-889
-845
-794
-732
-660
-577
-487
-390
-293
-195
-100
-10
75
153
225
287
341
388
427
459
482
491
489
472
444
409
372
336
299
264
224
180
131
79
29
-17
-59
-95
-125
-153
-178
-199
-214
-222
-229
-232
-236
-240
-243
-245
-240
-229
-213
-194
-175
-159
-143
-127
-113
-97
-83
-70
-61
-55
-50
-46
-43
-40
-42
-51
-65
-81
-97
-108
-116
-121
-123
-130
-137
-145
-150
-150
-144
-135
-122
-109
-97
-84
-71
-55
-38
-16
9
36
65
95
124
150
176
199
219
240
263
288
314
338
359
374
389
402
419
441
467
492
517
537
555
576
598
623
650
674
689
695
690
678
658
634
603
560
503
432
349
255
158
60
-37
-132
-226
-319
-410
-495
-575
-648
-711
-766
-808
-837
-852
-853
-839
-812
-774
-728
-673
-611
-540
-462
-377
-288
-199
-110
-25
56
132
203
266
322
370
408
437
456
466
467
459
444
423
397
369
335
299
260
216
173
129
89
52
22
-7
-34
-59
-83
-105
-123
-137
-146
-152
-154
-151
-149
-147
-145
-143
-142
-138
-134
-128
-116
-103
-91
-79
-71
-69
-71
-77
-85
-95
-102
-107
-112
-117
-124
-134
-148
-162
-180
-195
-207
-215
-218
-219
-217
-215
-213
-210
-205
-199
-188
-173
-158
-139
-119
-98
-76
-54
-32
-12
7
26
46
68
94
121
148
174
195
211
223
233
244
255
272
292
312
331
347
363
375
389
403
418
436
457
478
500
520
535
541
539
531
514
490
460
423
375
315
244
164
77
-13
-104
-195
-282
-371
-454
-533
-604
-668
-720
-765
-802
-827
-842
-845
-832
-807
-769
-722
-666
-603
-534
-457
-376
-292
-209
-126
-48
27
99
168
232
287
331
364
385
394
394
389
378
363
345
321
293
261
226
188
149
107
66
27
-9
-39
-64
-85
-102
-120
-135
-148
-160
-169
-172
-171
-166
-158
-146
-132
-121
-111
-104
-99
-99
-99
-97
-93
-84
-72
-63
-59
-63
-73
-88
-104
-117
-126
-130
-131
-132
-136
-141
-148
-156
-163
-171
-178
-182
-182
-178
-168
-157
-145
-135
-125
-117
-108
-94
-76
-56
-32
-11
8
23
40
58
73
91
109
125
140
157
172
191
213
232
250
263
272
278
281
286
293
301
312
326
339
351
362
369
376
382
390
402
417
432
443
450
449
438
422
399
371
337
296
244
185
119
47
-27
-101
-174
-247
-317
-384
-449
-505
-555
-597
-630
-655
-670
-678
-674
-659
-634
-597
-552
-499
-439
-374
-305
-234
-165
-94
-29
34
95
152
207
254
294
324
343
351
350
341
330
314
296
276
250
223
193
158
122
85
49
15
-16
-43
-65
-83
-97
-109
-118
-126
-130
-131
-130
-126
-117
-105
-91
-79
-65
-53
-44
-39
-38
-40
-43
-47
-48
-48
-47
-48
-48
-53
-61
-72
-84
-94
-102
-107
-111
-114
-117
-122
-129
-136
-144
-152
-160
-165
-166
-166
-160
-152
-143
-132
-120
-109
-95
-80
-66
-48
-31
-15
2
18
33
46
58
68
77
83
90
98
108
121
138
153
167
177
182
184
188
191
200
211
223
237
250
260
269
277
286
297
311
330
348
367
382
392
396
392
383
371
352
333
306
273
232
183
126
63
-2
-69
-137
-202
-268
-332
-389
-441
-485
-522
-553
-576
-593
-604
-606
-598
-578
-548
-509
-462
-411
-356
-301
-244
-190
-135
-81
-26
26
76
123
163
195
219
234
242
244
241
236
229
218
207
192
174
152
128
103
79
55
34
16
-1
-15
-29
-40
-52
-63
-73
-81
-85
-88
-85
-78
-72
-62
-52
-43
-33
-23
-14
-8
-5
-2
-1
-1
-2
-1
-2
-3
-7
-14
-24
-34
-45
-53
-61
-69
-75
-81
-89
-97
-102
-109
-114
-117
-120
-121
-119
-118
-115
-110
-103
-95
-86
-74
-60
-45
-30
-15
0
12
23
33
43
54
63
74
84
96
106
118
128
139
148
158
166
175
186
194
204
211
219
227
233
241
250
259
268
274
284
291
300
309
320
332
345
358
369
378
385
385
378
366
349
326
300
269
233
192
145
94
38
-21
-80
-139
-194
-248
-295
-341
-379
-412
-441
-460
-473
-479
-475
-467
-449
-425
-397
-361
-323
-281
-236
-189
-141
-92
-43
3
45
84
118
147
170
188
200
207
210
210
206
198
189
177
162
148
130
112
95
77
60
46
32
19
9
-2
-10
-19
-25
-30
-33
-34
-34
-32
-30
-26
-21
-17
-12
-9
-7
-6
-8
-9
-14
-19
-25
-33
-41
-50
-61
-72
-82
-92
-100
-108
-115
-121
-126
-131
-137
-143
-147
-151
-153
-153
-151
-149
-143
-137
-129
-120
-111
-102
-93
-82
-70
-59
-47
-34
-20
-9
1
10
17
25
32
39
46
51
58
63
68
73
79
83
90
96
103
109
116
122
126
131
136
141
148
155
162
173
184
194
208
218
228
235
240
245
249
252
253
255
254
248
240
225
203
180
148
113
75
35
-5
-47
-88
-128
-169
-209
-246
-282
-317
-347
-374
-396
-412
-422
-425
-423
-416
-403
-388
-367
-343
-317
-288
-255
-219
-183
-143
-103
-64
-26
8
38
65
86
101
114
121
126
126
124
118
110
99
88
76
62
47
34
20
7
-6
-15
-24
-32
-37
-43
-46
-49
-49
-49
-49
-49
-51
-51
-48
-48
-46
-45
-42
-43
-44
-46
-50
-56
-62
-68
-76
-83
-88
-93
-94
-97
-97
-99
-100
-100
-101
-102
-102
-103
-102
-100
-96
-92
-85
-77
-69
-60
-53
-46
-37
-29
-20
-13
-3
6
14
20
25
31
35
38
43
47
54
60
67
75
82
89
94
101
109
118
129
141
153
163
170
178
183
186
189
191
193
193
193
192
192
192
191
189
185
180
176
172
171
169
170
173
175
180
183
186
187
184
179
168
151
132
107
79
52
22
-8
-39
-70
-101
-132
-162
-190
-215
-236
-254
-268
-277
-281
-282
-278
-270
-259
-245
-228
-209
-188
-166
-144
-118
-94
-67
-40
-15
9
30
48
62
72
79
85
89
91
93
94
92
89
82
76
66
57
48
41
35
30
27
25
25
25
23
23
19
18
15
13
12
11
11
11
8
4
-4
-17
-35
-57
-79
-101
-119
-131
-137
-137
-136
-132
-130
-131
-131
-131
-130
-129
-127
-123
-117
-110
-101
-93
-84
-79
-75
-73
-71
-68
-63
-58
-51
-44
-38
-34
-31
-29
-30
-32
-35
-38
-40
-40
-35
-28
-18
-8
2
14
26
40
55
70
84
94
104
110
118
125
134
143
150
157
160
162
162
162
163
164
164
164
163
163
161
159
158
157
157
158
159
163
165
168
171
173
173
169
157
136
103
63
16
-32
-75
-115
-150
-181
-208
-234
-256
-275
-292
-306
-318
-329
-338
-340
-337
-326
-307
-286
-263
-245
-229
-216
-205
-194
-183
-171
-157
-142
-127
-111
-94
-79
-66
-60
-58
-59
-63
-65
-66
-63
-58
-53
-46
-35
-25
-14
-2
9
20
30
41
54
66
77
87
96
106
114
121
124
123
116
101
81
58
33
9
-14
-35
-55
-73
-86
-91
-91
-89
-86
-83
-84
-83
-82
-78
-71
-62
-54
-45
-36
-27
-17
-7
6
16
26
35
41
46
51
55
59
61
60
59
55
51
49
50
54
61
71
86
101
117
132
148
164
179
198
216
235
254
274
291
305
319
328
335
339
341
341
340
336
331
327
321
316
312
306
301
296
291
287
284
283
284
288
294
301
307
310
303
279
238
179
109
34
-34
-93
-138
-171
-198
-222
-244
-266
-284
-299
-313
-325
-335
-342
-341
-330
-308
-276
-241
-208
-183
-165
-154
-148
-140
-130
-119
-104
-89
-70
-52
-35
-20
-13
-15
-24
-39
-57
-71
-80
-82
-77
-69
-59
-49
-42
-34
-27
-23
-19
-15
-10
-5
2
13
23
31
36
35
26
10
-10
-29
-50
-69
-89
-109
-132
-156
-179
-201
-216
-224
-228
-227
-224
-219
-215
-210
-203
-195
-186
-179
-173
-166
-160
-149
-135
-119
-104
-87
-74
-65
-58
-57
-58
-63
-71
-79
-83
-86
-83
-81
-76
-73
-69
-63
-53
-38
-18
3
25
45
62
77
92
107
123
139
156
172
189
204
218
229
235
235
229
222
215
209
207
207
208
207
205
200
194
187
183
180
181
183
187
195
206
217
223
216
194
152
91
19
-54
-120
-173
-211
-235
-251
-264
-276
-288
-301
-316
-330
-347
-362
-374
-377
-369
-351
-324
-293
-265
-240
-223
-210
-198
-186
-177
-166
-153
-136
-116
-92
-66
-43
-28
-22
-25
-33
-43
-50
-52
-49
-41
-29
-14
5
30
52
70
82
89
90
90
91
93
95
97
95
94
92
89
85
75
57
34
6
-19
-39
-51
-56
-57
-58
-62
-65
-68
-66
-60
-55
-48
-43
-38
-31
-22
-9
2
10
18
23
28
33
41
50
57
62
66
67
68
68
67
63
58
52
46
44
48
54
66
82
99
117
136
154
172
188
201
212
223
233
243
253
259
267
271
274
276
277
277
275
271
266
260
257
257
256
254
247
234
210
179
143
104
67
39
20
13
18
29
44
57
65
64
54
38
16
-7
-31
-49
-62
-69
-69
-67
-64
-62
-65
-71
-81
-92
-102
-112
-121
-126
-128
-124
-117
-109
-103
-100
-100
-106
-111
-116
-115
-111
-103
-91
-77
-62
-48
-33
-22
-15
-12
-13
-17
-20
-22
-22
-22
-20
-18
-14
-9
-6
-4
-6
-11
-23
-36
-51
-61
-68
-71
-67
-60
-51
-43
-39
-39
-42
-52
-63
-72
-79
-83
-82
-76
-71
-66
-62
-62
-65
-68
-72
-77
-79
-79
-77
-72
-65
-56
-47
-39
-35
-30
-27
-25
-23
-22
-18
-12
-5
2
10
18
28
36
44
52
58
63
67
69
72
72
74
76
77
81
83
85
90
93
97
101
102
103
102
103
105
106
106
106
106
105
104
104
104
102
101
100
99
99
99
99
100
100
99
97
94
91
86
81
76
70
65
59
54
51
48
45
43
38
34
27
17
5
-9
-25
-39
-52
-61
-67
-72
-75
-80
-86
-93
-100
-109
-117
-125
-131
-137
-140
-141
-141
-138
-136
-136
-137
-139
-141
-142
-144
-144
-142
-140
-136
-133
-128
-124
-122
-122
-124
-127
-131
-134
-134
-131
-126
-121
-115
-108
-102
-98
-95
-94
-95
-97
-98
-98
-96
-93
-90
-88
-86
-84
-83
-81
-79
-78
-76
-75
-75
-72
-70
-67
-64
-63
-60
-60
-59
-58
-56
-54
-52
-48
-43
-38
-33
-26
-20
-16
-12
-10
-8
-5
-2
1
6
11
16
21
27
32
38
42
46
49
52
57
61
66
71
75
81
85
90
96
100
106
110
113
117
121
123
124
125
126
124
122
120
119
117
116
115
113
112
110
109
107
107
105
103
100
96
91
85
77
69
61
54
46
41
37
35
33
32
30
27
23
16
10
3
-4
-11
-17
-22
-27
-30
-34
-37
-41
-46
-50
-55
-58
-61
-62
-62
-62
-61
-62
-62
-64
-66
-67
-70
-70
-71
-69
-67
-64
-60
-56
-53
-50
-49
-47
-47
-49
-50
-51
-51
-53
-53
-53
-51
-50
-50
-48
-47
-46
-46
-46
-45
-46
-48
-50
-54
-57
-58
-60
-61
-60
-59
-57
-52
-49
-45
-41
-37
-36
-33
-32
-31
-30
-30
-28
-25
-24
-21
-18
-15
-12
-9
-7
-5
-5
-5
-4
-4
-5
-6
-6
-5
-5
-4
-3
-1
0
2
5
10
13
18
22
26
30
33
37
38
40
40
42
43
44
46
48
50
52
54
56
58
59
60
60
60
59
58
58
55
55
54
52
52
52
52
52
52
53
51
51
49
46
42
38
33
28
24
18
14
11
9
6
4
3
1
0
-3
-5
-7
-9
-10
-11
-12
-11
-10
-9
-10
-9
-11
-14
-16
-18
-19
-21
-22
-22
-23
-23
-23
-26
-27
-30
-33
-39
-42
-43
-45
-44
-43
-40
-38
-36
-35
-36
-37
-39
-43
-46
-49
-51
-51
-52
-52
-52
-52
-52
-54
-56
-57
-59
-60
-60
-59
-57
-54
-50
-46
-43
-40
-38
-37
-35
-32
-30
-27
-24
-19
-15
-12
-8
-6
-5
-4
-3
-3
-3
-3
-1
1
4
7
11
12
14
16
18
18
19
21
22
25
29
33
37
40
43
45
47
49
50
51
53
55
56
59
60
61
61
62
61
60
59
59
60
61
62
65
67
69
69
71
71
71
70
68
67
66
67
68
68
68
68
69
68
67
65
65
63
62
61
61
60
60
59
58
58
57
57
57
56
57
56
56
57
59
59
60
60
60
60
60
58
58
57
58
59
59
60
61
62
62
63
61
60
58
56
52
50
46
43
41
38
35
32
30
26
23
19
14
10
5
0
-6
-10
-16
-21
-25
-30
-35
-40
-44
-48
-50
-54
-57
-59
-61
-63
-65
-68
-71
-73
-76
-78
-81
-83
-83
-84
-84
-84
-82
-80
-79
-78
-77
-77
-77
-77
-78
-77
-75
-75
-75
-72
-69
-66
-63
-60
-55
-50
-46
-41
-35
-31
-25
-19
-13
-8
-3
4
9
16
22
29
35
44
52
59
67
74
81
87
93
98
103
106
111
115
117
122
124
127
129
131
132
133
132
131
130
128
126
122
119
114
109
103
98
94
88
82
77
72
66
61
55
48
42
36
29
21
15
8
1
-4
-9
-14
-19
-24
-28
-33
-36
-39
-43
-44
-47
-49
-51
-53
-55
-57
-58
-59
-61
-61
-62
-61
-62
-62
-64
-64
-65
-68
-70
-71
-73
-75
-77
-79
-81
-83
-84
-87
-89
-91
-94
-97
-99
-102
-103
-106
-108
-109
-110
-111
-113
-114
-114
-115
-114
-113
-111
-111
-108
-106
-104
-102
-99
-96
-95
-92
-89
-87
-83
-81
-78
-75
-72
-69
-67
-65
-64
-62
-62
-62
-62
-61
-62
-62
-61
-62
-62
-63
-63
-65
-66
-68
-69
-71
-72
-74
-76
-77
-79
-80
-81
-83
-84
-86
-87
-88
-89
-90
-89
-88
-89
-89
-87
-88
-87
-88
-88
-86
-85
-84
-82
-80
-79
-75
-74
-71
-70
-69
-67
-67
-65
-66
-65
-63
-62
-62
-62
-62
-62
-62
-63
-62
-63
-63
-63
-63
-63
-62
-62
-62
-61
-61
-59
-59
-56
-55
-53
-50
-47
-43
-39
-34
-30
-25
-20
-16
-11
-6
-2
4
9
14
19
24
31
38
44
49
55
60
68
73
79
85
93
98
106
112
118
125
130
135
141
145
149
154
157
162
163
166
167
166
167
165
162
158
155
148
143
136
129
122
114
106
97
88
80
71
61
53
45
37
33
26
22
17
13
9
7
5
3
3
2
2
3
4
6
8
9
11
13
13
13
15
15
16
16
16
16
15
16
15
12
11
9
8
6
4
2
0
-1
-2
-4
-6
-7
-7
-8
-9
-9
-10
-8
-7
-5
-4
-1
1
4
7
11
15
18
22
25
30
33
37
37
39
40
40
40
40
38
37
33
30
27
22
18
13
8
3
-4
-8
-14
-19
-25
-30
-34
-37
-40
-43
-45
-47
-49
-49
-49
-48
-46
-44
-40
-37
-33
-28
-22
-17
-11
-4
3
9
15
22
27
33
38
41
44
47
47
48
45
41
37
31
24
16
7
-3
-13
-24
-35
-45
-56
-65
-73
-78
-85
-88
-90
-92
-92
-90
-87
-84
-80
-74
-68
-62
-56
-50
-44
-38
-33
-29
-25
-20
-17
-13
-10
-7
-4
-1
1
4
6
9
11
13
13
17
16
17
18
18
18
18
17
17
16
16
16
18
18
20
21
25
29
33
38
42
47
53
58
63
68
72
76
79
81
80
80
77
74
68
62
55
46
36
26
13
0
-13
-27
-42
-56
-70
-85
-98
-111
-123
-133
-143
-151
-157
-163
-167
-168
-169
-167
-163
-160
-154
-147
-139
-130
-122
-113
-103
-93
-83
-75
-65
-55
-47
-40
-32
-26
-18
-12
-6
1
7
14
22
30
38
49
61
73
85
101
116
132
149
167
184
202
219
235
252
267
280
291
300
308
312
313
313
311
303
293
280
265
248
227
204
180
153
126
98
69
40
12
-14
-40
-64
-85
-105
-121
-137
-148
-157
-162
-166
-166
-165
-163
-158
-152
-144
-136
-127
-117
-108
-98
-89
-80
-71
-64
-55
-48
-42
-35
-31
-25
-20
-16
-13
-8
-4
0
5
9
15
21
27
34
42
49
57
66
72
80
88
93
99
104
108
112
115
116
117
118
118
118
117
114
112
109
106
102
97
92
85
77
68
58
45
31
16
0
-20
-38
-58
-79
-100
-121
-140
-160
-179
-196
-212
-225
-236
-245
-251
-256
-256
-254
-251
-244
-235
-224
-211
-197
-181
-165
-147
-130
-112
-94
-75
-56
-38
-19
-1
18
36
53
70
84
97
108
115
119
119
116
109
101
90
78
64
53
40
30
24
18
19
21
28
38
52
68
90
113
139
168
197
226
253
279
299
312
318
317
306
287
262
231
195
156
117
80
46
17
-8
-27
-42
-52
-58
-62
-61
-59
-55
-49
-40
-30
-16
-1
15
35
54
72
89
105
119
131
140
148
157
165
174
185
196
206
215
219
220
215
203
182
154
118
74
27
-26
-77
-129
-178
-223
-263
-296
-322
-342
-355
-363
-364
-361
-351
-338
-321
-301
-279
-255
-230
-207
-184
-164
-148
-136
-127
-123
-123
-126
-133
-140
-151
-161
-170
-178
-186
-192
-197
-201
-204
-207
-209
-211
-216
-220
-225
-231
-237
-241
-243
-245
-241
-236
-225
-211
-193
-171
-148
-122
-97
-70
-46
-23
-2
15
32
45
58
68
77
84
88
90
87
82
72
59
43
21
-1
-26
-51
-76
-102
-125
-148
-169
-188
-207
-223
-238
-252
-261
-269
-271
-269
-262
-246
-224
-198
-164
-125
-82
-37
10
58
105
149
192
230
265
294
319
336
346
351
348
339
324
303
280
255
231
210
193
182
178
182
191
208
229
253
279
304
328
349
367
380
389
393
392
388
380
369
356
341
324
308
293
278
263
250
238
228
217
206
196
184
170
153
135
113
91
67
42
18
-4
-26
-44
-60
-73
-83
-89
-93
-95
-93
-89
-84
-75
-66
-55
-43
-29
-15
-1
13
27
42
56
69
81
92
101
107
113
115
116
112
106
98
87
74
58
42
24
7
-8
-25
-40
-52
-64
-76
-86
-96
-104
-113
-121
-129
-140
-149
-159
-170
-180
-192
-203
-215
-226
-238
-247
-257
-266
-272
-279
-283
-286
-288
-288
-288
-287
-286
-285
-284
-283
-281
-279
-277
-275
-273
-270
-267
-264
-260
-257
-252
-246
-242
-237
-231
-226
-219
-212
-205
-198
-191
-186
-180
-175
-171
-167
-165
-163
-165
-166
-170
-173
-177
-183
-188
-194
-200
-206
-210
-215
-217
-218
-218
-216
-212
-206
-198
-186
-173
-156
-137
-117
-92
-65
-36
-5
29
63
97
132
164
192
219
242
259
273
281
284
285
281
276
267
257
244
232
217
202
186
170
153
137
121
105
91
80
71
64
61
60
63
69
79
91
107
127
150
175
202
232
263
295
325
355
381
404
422
437
447
451
450
445
435
419
400
375
347
313
276
234
188
140
91
39
-10
-55
-97
-133
-162
-184
-196
-204
-202
-195
-181
-164
-144
-121
-98
-73
-50
-29
-9
8
23
35
42
49
51
51
48
44
40
35
29
24
21
17
14
13
11
10
11
12
15
20
27
38
49
64
79
94
108
118
122
119
110
93
69
36
1
-39
-82
-123
-162
-198
-230
-258
-280
-297
-308
-317
-323
-325
-324
-319
-310
-300
-284
-264
-241
-215
-185
-152
-119
-82
-46
-12
22
58
89
121
151
179
204
226
246
263
274
283
287
286
282
274
263
249
232
214
195
173
152
129
106
84
61
39
18
-3
-23
-41
-61
-77
-93
-108
-122
-135
-147
-158
-169
-179
-187
-196
-204
-212
-218
-224
-228
-232
-237
-240
-241
-244
-245
-245
-246
-246
-244
-243
-241
-237
-235
-229
-224
-219
-212
-205
-197
-187
-178
-166
-154
-141
-127
-112
-96
-79
-63
-47
-29
-13
2
17
31
45
56
68
79
89
99
107
117
124
132
139
146
151
155
158
161
162
164
164
166
165
166
167
169
171
173
177
178
181
182
182
182
180
177
171
166
158
151
144
134
126
118
111
106
101
99
98
98
101
107
114
123
133
146
159
171
186
198
210
221
229
236
239
241
240
235
228
220
210
198
187
176
165
156
147
141
136
133
130
128
126
125
122
118
111
103
90
75
56
35
8
-20
-52
-88
-125
-162
-201
-238
-271
-302
-328
-348
-363
-372
-373
-368
-358
-343
-324
-302
-277
-253
-226
-202
-178
-155
-134
-115
-100
-86
-76
-69
-65
-64
-67
-72
-79
-89
-100
-111
-124
-135
-145
-154
-162
-166
-169
-171
-170
-167
-165
-160
-158
-154
-153
-154
-158
-166
-176
-191
-207
-225
-244
-263
-279
-292
-303
-307
-305
-298
-286
-266
-244
-219
-192
-163
-135
-109
-84
-62
-42
-25
-11
2
11
21
29
37
46
56
67
78
93
108
125
143
161
181
201
220
238
255
269
283
293
302
305
308
306
303
296
287
278
268
258
248
240
231
225
218
211
205
199
195
191
189
190
195
204
215
228
243
256
263
262
251
225
188
136
76
7
-65
-134
-196
-248
-283
-302
-306
-296
-274
-245
-212
-183
-157
-136
-123
-118
-117
-121
-127
-132
-137
-139
-139
-135
-130
-125
-118
-111
-104
-96
-87
-74
-59
-41
-19
6
33
62
89
116
142
164
183
199
211
221
228
234
238
239
238
233
227
216
206
193
182
170
161
155
150
151
154
158
161
163
161
154
140
121
96
65
31
-4
-37
-68
-93
-110
-120
-122
-117
-107
-91
-74
-55
-38
-21
-9
-2
2
0
-6
-16
-29
-45
-63
-85
-106
-129
-154
-177
-199
-222
-241
-259
-272
-283
-289
-291
-289
-283
-274
-262
-250
-234
-220
-205
-191
-177
-164
-153
-142
-132
-125
-116
-109
-102
-96
-88
-80
-71
-61
-50
-39
-27
-15
-4
5
13
17
17
14
8
-2
-14
-26
-39
-50
-60
-67
-70
-72
-71
-69
-66
-63
-62
-62
-64
-69
-75
-81
-89
-95
-100
-105
-106
-104
-102
-96
-88
-78
-69
-58
-47
-36
-24
-13
-3
8
17
26
34
40
47
53
58
63
65
68
70
70
69
65
58
47
34
17
-2
-22
-45
-69
-91
-112
-130
-144
-158
-166
-171
-172
-170
-163
-153
-141
-124
-105
-83
-58
-33
-6
20
47
72
93
113
130
145
157
166
176
183
189
193
197
201
203
203
202
199
194
189
182
172
163
153
143
133
122
112
102
92
83
74
65
57
50
43
36
29
23
18
13
8
4
2
-1
-4
-7
-12
-14
-17
-19
-21
-23
-24
-24
-24
-23
-21
-19
-15
-11
-7
-2
4
9
15
21
28
34
41
47
54
62
68
76
83
90
97
102
107
112
115
116
118
116
114
110
104
98
92
83
75
66
58
49
43
35
29
22
16
11
5
-1
-6
-10
-14
-18
-21
-25
-27
-27
-29
-28
-28
-28
-26
-25
-23
-24
-22
-21
-19
-17
-16
-14
-13
-10
-10
-8
-7
-7
-6
-7
-6
-6
-6
-6
-4
-3
0
3
8
13
18
25
33
41
50
58
68
77
86
93
101
108
113
119
124
127
130
131
131
128
126
121
115
106
97
87
76
65
52
41
29
19
8
-2
-12
-22
-33
-44
-54
-67
-79
-92
-105
-118
-130
-140
-150
-159
-166
-171
-174
-175
-175
-172
-168
-162
-154
-144
-132
-121
-107
-93
-78
-62
-48
-33
-20
-8
2
9
16
19
20
19
16
10
3
-4
-12
-21
-30
-38
-47
-53
-58
-63
-65
-66
-66
-63
-61
-58
-53
-48
-43
-37
-32
-26
-21
-16
-10
-5
0
6
11
17
23
29
34
40
46
53
57
63
69
74
78
83
89
92
96
99
101
103
106
106
107
106
105
104
101
98
93
90
84
79
72
65
58
52
45
37
30
23
15
9
1
-6
-14
-22
-29
-36
-45
-52
-59
-66
-71
-77
-80
-84
-84
-83
-83
-80
-74
-68
-61
-50
-40
-28
-14
0
15
31
47
63
78
93
108
121
134
144
152
159
164
166
167
165
162
158
152
145
136
127
117
106
95
84
74
62
52
42
32
23
15
7
1
-5
-11
-15
-19
-23
-25
-27
-29
-30
-32
-32
-33
-33
-34
-34
-34
-35
-35
-35
-36
-37
-37
-38
-38
-39
-40
-41
-41
-42
-44
-44
-44
-44
-42
-41
-38
-34
-30
-25
-19
-13
-5
5
14
24
36
49
62
76
91
106
122
137
152
168
181
195
208
218
226
233
238
240
239
235
229
221
210
197
181
164
145
125
104
82
58
37
15
-5
-26
-45
-62
-78
-92
-105
-115
-125
-132
-138
-143
-146
-149
-151
-153
-154
-156
-156
-158
-160
-161
-163
-165
-167
-168
-169
-168
-168
-168
-165
-160
-156
-150
-143
-135
-126
-117
-107
-97
-88
-78
-69
-60
-52
-44
-37
-32
-25
-21
-15
-11
-8
-4
-1
1
2
4
6
7
8
9
9
10
8
7
6
4
2
0
-3
-4
-7
-10
-12
-13
-15
-18
-19
-20
-21
-20
-20
-21
-22
-22
-22
-24
-25
-27
-29
-32
-35
-39
-42
-47
-51
-55
-59
-62
-66
-68
-71
-72
-74
-74
-74
-75
-74
-73
-72
-72
-71
-69
-68
-66
-65
-64
-63
-61
-59
-57
-56
-53
-51
-48
-45
-42
-38
-35
-32
-30
-26
-23
-20
-17
-14
-11
-9
-5
-1
2
6
9
13
16
19
23
25
27
30
31
32
32
32
31
32
30
29
27
25
23
23
21
20
18
17
16
14
14
14
13
13
13
12
13
13
12
12
14
14
13
14
14
14
13
13
13
13
12
11
12
12
12
14
14
16
17
20
22
25
27
29
31
32
35
36
39
39
41
42
43
44
45
47
47
47
49
48
49
50
49
48
48
47
45
44
43
40
37
34
31
29
27
25
23
22
20
19
19
19
20
20
23
24
26
27
30
32
34
36
37
38
40
40
41
41
40
41
41
40
39
38
38
38
37
37
36
36
35
35
35
34
33
32
31
31
30
28
26
25
23
21
20
19
18
15
14
15
13
12
12
11
10
8
8
6
4
2
1
-1
-4
-6
-7
-9
-11
-12
-15
-15
-17
-18
-20
-21
-22
-22
-23
-23
-25
-25
-24
-25
-24
-24
-24
-25
-26
-26
-27
-29
-30
-33
-36
-38
-42
-45
-49
-52
-55
-58
-61
-63
-64
-64
-63
-62
-61
-59
-54
-51
-48
-44
-39
-34
-30
-25
-20
-18
-13
-10
-7
-5
-2
-2
-1
0
-1
-3
-4
-6
-10
-12
-15
-19
-21
-24
-28
-30
-31
-32
-32
-31
-29
-28
-26
-22
-18
-15
-11
-6
-1
1
6
10
13
19
21
23
26
29
32
34
35
37
38
39
39
40
40
40
40
41
41
42
42
42
42
43
43
44
45
46
45
45
46
44
44
44
43
43
41
40
39
38
36
35
33
33
32
32
31
31
30
30
30
30
28
29
27
26
24
24
22
19
18
14
11
7
4
0
-4
-8
-14
-19
-23
-29
-35
-40
-43
-49
-53
-57
-61
-66
-69
-72
-75
-77
-80
-83
-84
-86
-87
-89
-91
-91
-93
-95
-96
-98
-99
-99
-99
-101
-101
-101
-100
-100
-99
-98
-95
-94
-91
-89
-86
-82
-78
-75
-71
-66
-62
-58
-53
-49
-44
-41
-37
-33
-30
-26
-24
-22
-19
-19
-18
-17
-16
-16
-17
-16
-17
-18
-18
-20
-19
-20
-20
-20
-20
-19
-19
-18
-17
-17
-14
-14
-11
-10
-9
-6
-5
-3
-2
0
2
3
6
7
7
10
12
13
16
17
20
21
23
25
27
29
31
34
36
38
39
41
43
44
45
47
49
50
51
52
53
55
54
55
54
54
54
54
52
52
51
49
48
47
46
45
44
43
42
40
40
38
39
37
36
35
34
34
33
32
31
30
31
29
30
28
29
29
28
28
27
26
26
25
25
25
24
23
23
22
21
21
21
21
21
21
22
23
22
23
25
26
27
29
31
33
35
39
42
46
49
53
57
61
65
69
73
77
80
83
86
88
90
91
91
90
89
87
84
81
76
72
67
60
53
46
39
31
23
16
8
1
-7
-13
-21
-27
-32
-38
-41
-46
-49
-52
-54
-55
-55
-57
-56
-56
-54
-53
-52
-50
-49
-47
-45
-43
-40
-38
-36
-34
-32
-30
-29
-28
-26
-25
-24
-23
-23
-21
-20
-19
-19
-17
-17
-16
-15
-14
-14
-12
-11
-11
-9
-8
-8
-7
-6
-5
-5
-5
-4
-4
-4
-4
-6
-5
-5
-6
-6
-6
-7
-7
-9
-9
-9
-9
-10
-10
-10
-10
-12
-13
-12
-13
-14
-15
-16
-16
-18
-19
-21
-21
-23
-25
-26
-28
-30
-33
-36
-38
-39
-42
-43
-45
-47
-49
-49
-50
-49
-49
-49
-48
-46
-44
-42
-39
-37
-33
-30
-27
-23
-19
-17
-14
-10
-7
-4
-2
1
3
5
7
9
10
11
12
13
14
14
14
14
12
12
12
11
10
8
8
8
6
5
4
4
2
3
1
1
1
1
1
1
3
2
3
4
6
7
9
11
12
15
17
19
21
23
24
26
27
30
31
31
32
32
32
32
32
32
31
30
29
27
26
25
24
22
21
20
18
17
17
15
13
12
11
10
10
8
7
6
4
4
3
3
1
1
0
-2
-2
-3
-4
-4
-6
-6
-7
-8
-8
-9
-11
-11
-10
-11
-11
-12
-12
-12
-12
-12
-11
-12
-11
-9
-9
-8
-6
-5
-4
-3
-1
-1
0
2
4
5
5
6
7
7
8
8
8
8
7
7
6
5
3
2
1
-2
-3
-6
-8
-10
-13
-14
-16
-18
-20
-23
-24
-26
-28
-30
-30
-32
-34
-35
-37
-37
-38
-39
-40
-40
-42
-41
-43
-42
-42
-41
-40
-40
-39
-37
-35
-34
-32
-30
-28
-24
-22
-19
-16
-14
-11
-9
-7
-4
-2
0
3
4
6
8
10
11
11
12
12
13
14
15
15
15
15
15
15
15
15
15
16
15
16
16
16
16
17
18
17
17
18
18
19
19
20
21
21
21
22
21
21
21
21
21
21
20
20
19
19
18
17
16
15
13
11
10
9
6
5
4
1
0
-1
-2
-4
-5
-7
-9
-10
-10
-11
-12
-13
-12
-13
-13
-13
-12
-12
-11
-10
-9
-8
-7
-5
-3
-1
0
2
5
6
8
10
12
13
15
15
17
17
18
18
17
18
17
15
14
12
10
8
6
4
2
-1
-3
-6
-8
-10
-13
-14
-17
-18
-19
-21
-21
-22
-23
-24
-24
-24
-23
-24
-22
-22
-21
-20
-20
-19
-19
-19
-19
-18
-18
-19
-19
-20
-20
-19
-21
-21
-21
-21
-21
-21
-20
-20
-19
-18
-18
-16
-14
-13
-10
-9
-6
-3
-1
2
5
7
11
13
16
19
21
24
26
29
30
31
34
34
35
36
37
37
38
37
37
36
36
34
34
32
30
29
28
25
24
22
21
20
19
17
16
15
14
14
12
12
12
12
12
12
12
12
13
13
13
14
14
14
14
14
15
14
14
13
13
12
12
12
11
11
9
9
7
7
7
6
5
5
4
5
4
5
7
6
7
8
9
10
10
12
12
14
15
16
15
16
17
15
15
14
13
12
10
8
8
5
2
1
-1
-4
-6
-10
-12
-14
-14
-16
-18
-20
-19
-21
-21
-20
-21
-21
-20
-20
-19
-19
-19
-18
-18
-17
-18
-18
-18
-19
-19
-19
-20
-20
-22
-22
-22
-22
-22
-23
-21
-21
-20
-17
-16
-14
-11
-7
-4
-1
3
6
10
13
17
22
24
28
30
31
33
34
34
33
32
30
28
25
22
17
14
8
3
-2
-7
-13
-19
-25
-30
-36
-42
-46
-53
-59
-64
-68
-73
-78
-81
-85
-88
-92
-95
-98
-100
-101
-103
-105
-107
-107
-107
-107
-107
-105
-104
-101
-100
-96
-92
-87
-82
-76
-69
-62
-54
-46
-37
-27
-17
-7
3
15
26
36
47
57
67
77
85
94
101
108
114
119
124
125
128
129
128
128
127
124
121
117
113
108
102
98
91
85
79
74
68
61
55
49
43
36
32
26
21
17
12
9
5
3
0
-2
-3
-4
-4
-4
-4
-2
-2
0
2
3
5
7
8
9
9
9
8
6
3
-2
-6
-13
-19
-27
-35
-44
-54
-64
-73
-83
-92
-101
-108
-115
-120
-125
-128
-128
-129
-128
-125
-120
-115
-108
-100
-91
-81
-71
-62
-52
-43
-32
-25
-17
-10
-4
0
4
6
7
7
5
3
-1
-3
-8
-12
-17
-22
-25
-29
-31
-33
-34
-32
-30
-26
-22
-16
-8
0
9
19
30
40
52
63
72
83
91
98
104
107
110
111
110
107
102
97
89
79
69
59
48
37
26
15
6
-3
-11
-17
-22
-24
-25
-25
-23
-19
-14
-8
-2
6
15
24
33
41
48
55
62
66
70
72
73
72
70
67
62
56
48
40
32
23
13
4
-5
-13
-22
-29
-36
-43
-47
-51
-53
-56
-57
-56
-55
-52
-49
-45
-41
-37
-32
-27
-20
-15
-9
-4
0
5
10
14
17
20
22
25
26
25
26
25
25
23
21
19
15
12
8
3
-1
-6
-12
-17
-24
-29
-35
-41
-47
-52
-57
-62
-68
-71
-75
-77
-80
-82
-83
-83
-84
-83
-81
-81
-79
-77
-74
-72
-70
-67
-65
-62
-60
-58
-57
-55
-53
-52
-51
-50
-49
-47
-47
-46
-45
-45
-43
-41
-38
-36
-32
-30
-27
-23
-20
-17
-12
-8
-3
0
4
9
13
17
20
24
27
30
34
36
39
41
43
45
46
48
50
50
51
51
52
52
53
53
54
54
54
54
55
56
56
57
57
58
58
57
57
56
56
55
53
50
50
47
44
42
40
37
35
34
32
31
29
30
31
32
34
38
40
44
49
54
59
64
70
73
77
80
82
82
81
77
71
64
55
42
27
11
-7
-29
-51
-74
-98
-122
-145
-168
-190
-211
-229
-245
-259
-270
-277
-281
-282
-280
-272
-262
-250
-235
-218
-199
-177
-154
-131
-107
-83
-61
-37
-16
4
23
41
56
70
82
93
101
108
113
117
119
119
120
119
117
114
110
104
98
93
86
78
70
61
52
43
33
25
15
8
1
-6
-10
-13
-15
-15
-13
-10
-4
5
16
27
42
56
72
89
106
123
138
154
167
179
189
195
200
202
202
198
193
184
174
163
149
134
119
104
88
75
61
48
37
26
17
9
3
-4
-8
-13
-18
-22
-27
-32
-38
-45
-53
-60
-68
-76
-85
-95
-104
-112
-120
-126
-128
-129
-128
-126
-118
-107
-94
-77
-58
-35
-11
15
43
71
100
128
156
182
205
225
243
255
264
268
268
263
256
242
225
206
183
158
131
104
77
49
23
0
-21
-41
-55
-68
-75
-81
-83
-81
-77
-70
-61
-50
-39
-26
-14
-2
9
19
27
34
40
42
43
42
39
34
28
19
11
1
-9
-20
-32
-41
-53
-63
-73
-81
-89
-97
-103
-109
-114
-117
-121
-125
-125
-129
-130
-131
-133
-133
-134
-134
-135
-135
-135
-135
-135
-136
-136
-137
-136
-135
-136
-136
-135
-135
-134
-134
-132
-132
-130
-128
-127
-125
-123
-120
-117
-114
-111
-107
-104
-100
-95
-91
-86
-83
-80
-75
-73
-70
-68
-65
-64
-62
-62
-61
-61
-60
-58
-59
-58
-56
-54
-51
-49
-47
-42
-37
-31
-26
-19
-13
-5
1
9
16
24
30
37
43
48
53
57
61
62
63
64
64
63
63
60
57
54
49
45
40
35
30
24
18
12
7
1
-4
-9
-14
-20
-22
-27
-30
-33
-36
-37
-39
-40
-41
-41
-42
-40
-41
-40
-39
-38
-37
-36
-35
-35
-35
-34
-34
-34
-35
-35
-36
-37
-39
-40
-41
-42
-43
-44
-44
-43
-44
-44
-44
-43
-42
-42
-40
-39
-38
-36
-35
-33
-32
-30
-28
-27
-25
-24
-22
-20
-18
-15
-13
-11
-8
-6
-2
2
5
8
12
15
20
23
26
29
32
33
36
36
37
36
35
33
31
28
23
19
13
8
2
-4
-11
-18
-22
-28
-34
-39
-42
-48
-50
-53
-54
-54
-54
-52
-50
-48
-43
-39
-34
-29
-22
-17
-8
-2
6
13
21
28
36
44
50
58
64
71
77
82
87
93
97
102
106
109
111
116
119
122
125
127
130
132
136
138
139
142
144
146
147
149
150
151
152
153
152
151
150
149
146
143
139
134
130
124
119
112
105
97
89
80
73
65
56
47
39
31
22
16
6
0
-7
-13
-18
-23
-29
-32
-36
-40
-42
-45
-47
-49
-50
-51
-53
-52
-53
-52
-52
-51
-50
-48
-46
-43
-40
-36
-34
-30
-27
-23
-19
-15
-11
-8
-5
-2
1
2
4
5
5
4
2
0
-3
-7
-11
-16
-22
-27
-34
-39
-47
-54
-60
-68
-74
-80
-86
-92
-96
-101
-106
-108
-112
-114
-116
-117
-118
-119
-119
-119
-118
-117
-116
-114
-113
-111
-109
-106
-104
-102
-100
-97
-94
-92
-90
-86
-84
-81
-78
-75
-71
-69
-66
-63
-60
-56
-54
-51
-49
-45
-44
-42
-40
-38
-36
-34
-32
-31
-29
-28
-26
-24
-23
-21
-20
-18
-16
-16
-14
-13
-12
-11
-9
-8
-7
-6
-6
-5
-3
-4
-2
-2
-1
-1
0
2
3
5
6
7
8
10
12
13
15
16
17
18
20
21
22
22
23
24
24
23
24
24
24
25
25
25
25
26
27
27
29
31
33
36
37
41
45
48
52
55
59
63
67
69
73
75
78
80
80
81
81
81
80
77
76
73
69
66
61
57
52
47
40
36
30
25
20
14
10
5
0
-3
-5
-9
-11
-14
-16
-16
-18
-18
-18
-18
-17
-16
-15
-15
-14
-12
-11
-10
-8
-7
-5
-5
-4
-3
-2
-2
-1
-1
-2
-2
-2
-1
-1
-1
-1
-1
-1
-2
-1
-1
-2
-2
-2
-2
-1
-2
-1
0
0
-1
0
1
1
2
1
2
2
2
3
4
3
5
6
6
7
8
8
9
10
11
12
13
14
14
15
15
17
18
17
17
17
18
18
17
17
16
16
16
16
15
14
13
13
11
11
10
9
9
8
8
8
7
7
6
7
6
7
7
6
7
8
7
7
7
8
8
7
8
8
8
7
7
6
6
7
5
5
5
5
4
3
4
4
5
5
6
6
6
7
8
9
10
11
11
13
13
13
15
15
17
17
18
18
18
16
17
15
14
13
12
9
7
6
4
0
-2
-5
-9
-14
-17
-20
-23
-28
-32
-35
-38
-40
-43
-46
-48
-49
-51
-52
-52
-51
-51
-50
0
0
0
0
0
0
0
0
0
0
0
0
0
0
0
0
0
0
0
0
0
0
0
0
0
0
0
0
0
0
0
0
0
0
0
0
0
0
0
0
0
0
0
0
0
0
0
0
0
0
0
0
0
0
0
0
0
0
0
0
0
0
0
0
0
0
0
0
0
0
0
0
0
0
0
0
0
0
0
0
0
0
0
0
0
0
0
0
0
0
0
0
0
0
0
0
0
0
0
0
0
0
0
0
0
0
0
0
0
0
0
0
0
0
0
0
0
0
0
0
0
0
0
0
0
0
0
0
0
0
0
0
0
0
0
0
0
0
0
0
0
0
0
0
0
0
0
0
0
0
0
0
0
0
0
0
0
0
0
0
0
0
0
0
0
0
0
0
0
0
0
0
0
0
0
0
0
0
0
0
0
0
0
0
0
0
0
0
0
0
0
0
0
0
0
0
0
0
