0
0
0
0
0
0
0
0
0
0
0
0
0
0
0
0
0
0
0
0
0
0
0
0
0
0
0
0
0
0
0
0
0
0
0
0
0
0
0
0
0
0
0
0
0
0
0
0
0
0
0
0
0
0
0
0
0
0
0
0
0
0
0
0
0
0
0
0
0
0
0
0
0
0
0
0
0
0
0
0
0
0
0
0
0
0
0
0
0
0
0
0
0
0
0
0
0
0
0
0
0
0
0
0
0
0
0
0
0
0
0
0
0
0
0
0
0
0
0
0
0
0
0
0
0
0
0
0
0
0
0
0
0
0
0
0
0
0
0
0
0
0
0
0
0
0
0
0
0
0
0
0
0
0
0
0
0
0
0
0
0
0
0
0
0
0
0
0
0
0
0
0
0
0
0
0
0
0
0
0
0
0
0
0
0
0
0
0
0
0
0
0
0
0
0
0
0
0
19
-62
51
4
-89
11
12
-58
25
56
-40
-11
22
-76
-29
42
-30
25
50
-36
8
-15
-61
25
-10
-11
73
-19
-23
34
-74
-34
41
-33
15
56
-20
-20
0
-18
-34
1
47
-15
6
73
-46
-40
53
-62
-30
89
-8
6
64
-45
-44
13
-39
5
69
0
5
41
-45
-37
29
-22
-3
60
9
2
27
-20
-32
9
2
-4
42
23
-12
17
-26
-33
28
-32
-1
75
-23
-3
50
-49
-26
19
-9
20
28
24
-7
-28
17
-33
-16
79
-12
-15
66
-41
-49
28
-20
-10
30
7
3
-12
-16
-6
-15
23
29
-3
32
-5
-51
21
9
-27
55
29
-37
22
-4
-54
24
15
-25
48
26
-40
5
-8
-56
5
42
6
31
43
-37
-27
28
-35
12
105
-28
-23
79
-89
-52
102
-54
-1
125
-56
-15
78
-74
-28
68
-8
10
57
13
-28
-26
12
6
6
64
26
-24
23
-8
-32
49
14
-32
46
12
-40
61
30
-51
48
23
-58
64
52
-52
37
32
-64
9
50
-15
7
57
-3
-39
36
13
-46
53
53
-42
24
33
-59
1
60
-5
10
54
-32
-41
37
-9
-9
59
-8
-34
15
-12
2
32
18
23
2
-8
4
-15
-1
13
-12
11
13
-36
-6
10
-39
2
36
-17
-3
18
-18
-12
4
0
-6
1
14
-5
6
22
-22
-12
10
-32
-17
9
-18
-12
0
-9
-6
-19
-17
8
-3
3
38
4
-27
-4
-34
-45
6
3
-10
5
-9
-31
-32
0
11
-17
19
15
-67
-20
25
-38
10
52
-40
-45
2
-30
-8
53
22
-29
-26
-41
-79
-20
41
-3
10
35
-47
-41
9
-14
20
46
12
9
-23
-44
-23
-35
-11
19
-12
2
5
-28
-2
-8
-32
7
-3
-4
41
-1
-14
2
-63
-24
44
-10
36
69
-51
-46
10
-50
-20
41
-7
-9
8
-25
-4
13
-4
18
10
3
24
-9
7
33
-46
-36
6
-75
-41
49
1
19
45
-44
-43
-23
-51
35
65
1
26
-10
-90
-29
0
-25
51
61
-22
2
9
-79
-51
16
-22
-12
44
11
-40
-27
-10
-22
-11
34
29
-9
0
6
-35
-41
-7
-30
-42
32
30
-27
25
5
-92
-17
37
-30
25
62
-33
-30
-1
-39
-14
1
-14
13
0
-21
1
-27
-60
-34
-26
-31
9
36
11
12
30
-11
-23
27
20
7
62
53
-21
-26
-39
-88
-42
6
6
30
-2
-41
-23
-54
-25
55
14
22
70
-4
-10
42
-10
-11
33
7
2
19
4
-20
-30
-7
-13
-33
6
6
-20
21
45
33
8
-24
-18
-38
-24
80
71
11
37
-35
-105
-22
4
-7
72
86
14
10
10
-55
-68
-1
37
50
82
68
-26
-89
-86
-75
-34
44
63
32
13
-23
-55
-39
-8
18
46
71
73
30
-6
-9
-34
-32
21
26
1
2
-14
-47
-44
-27
-31
-32
-12
-4
-7
-2
-5
-18
-9
22
34
34
39
7
-32
-15
1
1
23
8
-30
-48
-68
-56
-23
-15
4
23
11
-3
-15
-29
-40
-39
-5
31
36
35
15
-25
-46
-46
-38
-12
7
14
15
11
-6
-39
-49
-36
-32
0
52
50
22
5
-26
-59
-56
-41
-50
-38
-8
-6
7
23
-17
-53
-49
-49
-11
61
88
83
54
-11
-58
-73
-78
-34
28
55
74
64
-5
-78
-115
-110
-57
21
87
97
46
-17
-73
-96
-67
-20
29
69
73
45
4
-50
-93
-99
-57
13
70
97
85
25
-33
-52
-40
-1
49
71
59
21
-29
-76
-96
-76
-36
10
48
39
-3
-38
-58
-40
16
67
96
87
46
12
-9
-12
12
43
61
60
39
0
-57
-100
-99
-69
-22
32
51
24
-17
-59
-69
-33
17
66
96
83
38
-9
-48
-63
-44
-5
39
68
62
34
0
-25
-19
14
54
84
80
48
7
-28
-39
-31
-14
4
2
-18
-41
-63
-80
-66
-32
2
31
41
24
2
-14
-6
29
69
94
92
59
11
-31
-55
-51
-27
0
15
16
-1
-34
-61
-64
-51
-20
27
55
53
34
1
-30
-37
-24
0
27
45
42
26
7
-13
-26
-19
-1
16
30
32
19
-6
-24
-26
-20
-7
7
9
2
-4
-9
-8
3
14
18
22
20
12
10
12
14
19
22
16
2
-13
-21
-18
-4
10
14
10
1
-8
-7
5
16
20
19
12
3
0
2
4
6
8
7
4
0
-8
-11
-4
7
20
32
29
15
-1
-11
-11
0
12
17
13
2
-12
-19
-22
-16
-2
13
28
39
39
30
16
9
3
6
11
9
3
-2
-10
-20
-21
-23
-20
-13
-5
8
21
27
27
25
18
14
13
10
8
4
1
-1
-5
-12
-19
-29
-38
-38
-28
-13
4
15
17
9
0
-11
-16
-9
2
14
24
18
1
-21
-42
-47
-34
-5
25
43
40
23
3
-12
-10
6
24
41
44
30
7
-18
-37
-38
-20
4
28
43
41
28
14
8
18
37
55
65
60
44
23
3
-7
-7
3
14
25
26
17
6
0
3
14
28
35
35
22
6
-7
-17
-24
-26
-27
-31
-37
-47
-57
-66
-73
-73
-68
-63
-60
-65
-80
-103
-130
-154
-173
-186
-196
-201
-208
-215
-223
-229
-228
-219
-200
-172
-135
-103
-84
-84
-104
-133
-166
-191
-201
-198
-191
-184
-183
-191
-203
-210
-202
-175
-129
-74
-22
17
40
51
57
66
84
110
140
173
203
231
256
281
307
336
363
386
401
403
393
380
379
397
430
456
442
377
283
208
203
294
458
651
821
931
965
936
888
901
1053
1365
1738
1948
1758
1060
15
-1006
-1623
-1660
-1267
-822
-717
-1128
-1922
-2755
-3279
-3295
-2805
-1976
-1070
-362
-33
-120
-485
-846
-886
-419
479
1488
2214
2400
2045
1386
759
431
479
793
1172
1413
1363
963
269
-542
-1242
-1631
-1637
-1353
-1001
-817
-921
-1256
-1655
-1928
-1947
-1673
-1155
-513
107
566
772
709
484
295
311
577
991
1360
1506
1346
931
407
-75
-421
-596
-607
-513
-425
-471
-722
-1127
-1544
-1789
-1744
-1428
-985
-603
-395
-350
-375
-365
-254
-18
323
712
1069
1301
1342
1195
947
737
666
733
844
878
774
553
288
58
-81
-113
-60
51
190
313
380
397
426
554
814
1172
1572
1955
2278
2504
2642
2748
2912
3208
3627
3994
3964
3192
1634
-300
-1936
-2741
-2641
-2067
-1683
-2015
-3121
-4557
-5685
-6056
-5587
-4481
-3067
-1721
-766
-365
-454
-772
-927
-533
576
2149
3622
4435
4355
3548
2446
1533
1128
1246
1622
1917
1868
1347
365
-912
-2169
-3066
-3405
-3205
-2674
-2136
-1896
-2062
-2477
-2850
-2928
-2590
-1841
-808
263
1125
1635
1780
1646
1423
1366
1638
2164
2700
3009
2956
2501
1730
862
141
-319
-541
-613
-694
-990
-1635
-2507
-3283
-3689
-3647
-3254
-2688
-2142
-1728
-1424
-1117
-744
-325
117
610
1149
1649
1972
2030
1823
1440
1038
767
661
612
485
224
-134
-522
-869
-1123
-1243
-1235
-1126
-963
-800
-677
-606
-543
-409
-141
264
733
1177
1539
1810
2011
2170
2348
2592
2868
3081
3180
3211
3212
3144
2987
2836
2803
2881
2961
2901
2432
1199
-834
-3047
-4523
-4796
-4128
-3163
-2574
-2870
-4073
-5488
-6176
-5724
-4386
-2569
-604
1051
1915
1923
1465
992
844
1360
2675
4322
5429
5431
4406
2783
1082
-168
-616
-401
-27
95
-194
-950
-2164
-3556
-4630
-5007
-4634
-3693
-2499
-1486
-1031
-1165
-1527
-1664
-1336
-519
670
1981
3062
3621
3599
3148
2500
1912
1630
1750
2110
2374
2245
1613
563
-650
-1697
-2319
-2471
-2296
-1997
-1758
-1720
-1936
-2311
-2642
-2718
-2404
-1723
-882
-185
180
249
215
249
430
760
1166
1506
1668
1628
1410
1032
534
41
-309
-485
-571
-688
-902
-1210
-1538
-1766
-1799
-1629
-1324
-955
-571
-213
90
340
576
854
1195
1590
1986
2289
2415
2365
2233
2135
2110
2133
2170
2217
2227
2131
1954
1812
1774
1798
1857
2017
2264
2426
2376
2122
1537
325
-1448
-3045
-3701
-3386
-2648
-2010
-1864
-2533
-3845
-4927
-4959
-3977
-2544
-986
504
1481
1613
1207
832
725
932
1664
2921
4072
4380
3734
2526
1127
-142
-862
-842
-429
-172
-305
-793
-1618
-2691
-3642
-4041
-3771
-3021
-2038
-1088
-490
-425
-704
-905
-745
-198
644
1644
2550
3063
3065
2683
2126
1563
1159
1061
1245
1460
1420
996
236
-701
-1573
-2127
-2269
-2111
-1833
-1570
-1423
-1455
-1624
-1770
-1728
-1431
-876
-152
558
1048
1213
1051
613
37
-410
-471
-117
425
830
842
365
-451
-1239
-1634
-1506
-1012
-464
-163
-270
-747
-1371
-1859
-1980
-1649
-964
-171
437
680
560
256
47
189
749
1542
2244
2585
2462
1960
1321
823
665
855
1231
1559
1644
1426
1023
649
498
676
1180
1875
2503
2838
2866
2699
2460
2295
2315
2300
1681
193
-1602
-2835
-3206
-3028
-2666
-2437
-2773
-3765
-4768
-5000
-4410
-3452
-2306
-959
247
878
1011
1028
1056
1113
1501
2450
3561
4148
3944
3131
1942
661
-270
-579
-476
-388
-521
-910
-1592
-2508
-3373
-3854
-3829
-3353
-2534
-1594
-862
-567
-615
-707
-579
-114
675
1644
2531
3077
3175
2900
2408
1875
1457
1260
1257
1300
1205
838
157
-731
-1593
-2194
-2429
-2357
-2108
-1818
-1608
-1545
-1603
-1657
-1574
-1268
-728
-22
703
1256
1495
1404
1055
574
127
-123
-101
108
318
346
91
-441
-1093
-1622
-1822
-1649
-1242
-824
-605
-680
-997
-1392
-1655
-1608
-1203
-557
114
621
868
864
730
662
828
1250
1795
2256
2458
2332
1934
1422
985
764
786
957
1124
1169
1068
903
783
788
964
1327
1835
2355
2743
2947
2971
2849
2699
2628
2408
1526
-164
-2005
-3132
-3318
-2961
-2496
-2313
-2827
-4035
-5171
-5381
-4594
-3330
-1913
-474
645
1111
1089
1023
1081
1268
1793
2805
3915
4470
4164
3161
1775
376
-584
-858
-660
-468
-590
-1096
-1923
-2898
-3717
-4099
-3954
-3344
-2418
-1420
-651
-290
-266
-334
-232
212
1030
2046
2944
3452
3472
3084
2467
1823
1324
1055
967
931
794
425
-230
-1090
-1949
-2577
-2828
-2700
-2312
-1838
-1461
-1289
-1298
-1346
-1272
-974
-420
323
1061
1551
1628
1308
750
177
-206
-292
-134
75
136
-69
-519
-1080
-1568
-1828
-1794
-1519
-1153
-889
-844
-998
-1239
-1433
-1441
-1163
-627
-9
494
797
912
908
886
989
1283
1690
2044
2205
2128
1843
1431
1021
743
653
704
788
813
750
628
536
564
761
1114
1572
2052
2456
2723
2844
2834
2756
2722
2676
2206
905
-994
-2655
-3443
-3409
-2963
-2525
-2558
-3388
-4685
-5548
-5374
-4343
-2930
-1413
-50
805
1063
1057
1111
1270
1584
2260
3265
4143
4383
3835
2665
1185
-157
-923
-1024
-795
-685
-950
-1626
-2575
-3503
-4084
-4159
-3759
-2996
-2033
-1110
-466
-179
-128
-103
109
663
1550
2533
3271
3541
3335
2789
2106
1499
1107
919
819
675
391
-90
-774
-1557
-2260
-2713
-2820
-2596
-2158
-1689
-1357
-1231
-1242
-1236
-1061
-650
-37
673
1325
1719
1686
1225
549
-47
-345
-310
-69
130
51
-376
-1007
-1576
-1874
-1845
-1566
-1184
-870
-743
-806
-971
-1133
-1200
-1088
-735
-195
350
718
850
810
722
724
924
1317
1748
2016
2019
1790
1439
1082
807
659
626
653
681
672
613
535
517
631
899
1305
1806
2313
2701
2916
3003
3012
2997
3037
3066
2653
1321
-748
-2666
-3654
-3667
-3137
-2545
-2414
-3173
-4587
-5704
-5728
-4699
-3146
-1468
31
991
1295
1272
1304
1470
1761
2341
3266
4194
4624
4288
3210
1636
54
-985
-1248
-995
-717
-796
-1386
-2378
-3416
-4093
-4221
-3854
-3130
-2180
-1201
-431
19
197
237
317
655
1387
2381
3293
3796
3755
3239
2447
1655
1096
821
709
601
384
-16
-622
-1383
-2155
-2760
-3056
-2963
-2520
-1899
-1329
-991
-919
-991
-984
-708
-128
641
1410
1991
2222
2027
1493
825
216
-235
-481
-512
-415
-387
-592
-1037
-1598
-2101
-2352
-2212
-1714
-1078
-583
-392
-509
-822
-1117
-1145
-792
-154
544
1094
1372
1365
1177
994
992
1227
1613
1994
2196
2108
1727
1167
615
236
121
236
464
652
704
640
564
577
760
1171
1802
2512
3083
3387
3429
3288
3114
3064
3010
2416
876
-1247
-3028
-3836
-3739
-3159
-2598
-2655
-3677
-5196
-6155
-5880
-4563
-2782
-1008
368
1054
1156
1140
1327
1684
2139
2782
3608
4345
4639
4259
3159
1546
-59
-1090
-1338
-1051
-712
-775
-1475
-2647
-3782
-4402
-4379
-3869
-3066
-2157
-1335
-724
-288
34
245
399
701
1344
2269
3187
3789
3874
3408
2562
1681
1077
829
788
718
446
-76
-789
-1567
-2285
-2832
-3116
-3086
-2759
-2227
-1644
-1200
-1017
-1041
-1055
-836
-316
405
1136
1669
1852
1671
1236
722
274
-37
-175
-154
-66
-61
-264
-697
-1270
-1798
-2070
-1967
-1561
-1075
-737
-675
-875
-1176
-1334
-1167
-674
-14
622
1094
1335
1357
1273
1226
1315
1539
1831
2089
2201
2068
1678
1137
636
333
289
447
677
836
853
761
666
701
980
1509
2151
2709
3053
3148
3037
2852
2701
2419
1588
67
-1682
-2954
-3421
-3224
-2700
-2300
-2548
-3596
-4867
-5479
-5016
-3714
-2055
-489
591
1009
1010
1035
1295
1700
2153
2660
3202
3655
3845
3594
2771
1476
96
-906
-1290
-1144
-802
-718
-1204
-2171
-3175
-3785
-3844
-3437
-2735
-1951
-1286
-779
-331
99
434
637
830
1187
1767
2484
3146
3510
3379
2753
1884
1118
673
535
513
396
56
-504
-1175
-1813
-2299
-2584
-2671
-2562
-2257
-1791
-1280
-874
-670
-629
-592
-389
40
600
1083
1302
1202
890
556
337
235
164
40
-151
-355
-498
-558
-601
-730
-974
-1249
-1419
-1386
-1156
-862
-676
-680
-792
-836
-675
-304
179
635
950
1110
1212
1372
1605
1824
1936
1918
1799
1641
1496
1384
1267
1100
895
726
682
788
983
1161
1279
1391
1586
1890
2263
2615
2828
2832
2696
2504
2108
1173
-364
-2048
-3274
-3740
-3498
-2809
-2175
-2219
-3160
-4467
-5254
-5006
-3806
-2075
-363
805
1207
1121
1052
1272
1706
2161
2522
2771
2959
3123
3157
2833
2007
801
-439
-1336
-1648
-1431
-1069
-1036
-1531
-2349
-3104
-3507
-3440
-2968
-2308
-1707
-1246
-805
-274
295
749
1001
1103
1188
1419
1884
2497
2993
3085
2675
1915
1110
506
194
97
33
-172
-579
-1105
-1605
-1975
-2207
-2337
-2371
-2280
-2033
-1639
-1163
-732
-480
-468
-596
-661
-489
-63
472
907
1091
982
666
310
78
23
73
96
14
-172
-423
-694
-951
-1159
-1306
-1388
-1399
-1317
-1142
-921
-714
-555
-410
-225
39
374
749
1113
1398
1571
1652
1708
1772
1823
1811
1722
1588
1448
1340
1289
1299
1329
1333
1300
1285
1371
1585
1862
2118
2291
2340
2272
2162
2031
1690
837
-567
-2137
-3340
-3866
-3688
-3004
-2260
-2040
-2615
-3640
-4422
-4456
-3672
-2316
-805
400
1035
1220
1301
1511
1838
2126
2254
2227
2173
2244
2438
2549
2329
1648
591
-566
-1444
-1783
-1655
-1410
-1373
-1638
-2103
-2579
-2863
-2818
-2492
-2081
-1732
-1405
-975
-400
246
819
1191
1321
1291
1281
1455
1833
2269
2540
2486
2113
1567
1027
597
286
38
-237
-582
-963
-1284
-1487
-1592
-1666
-1769
-1907
-2006
-1976
-1779
-1478
-1184
-981
-872
-785
-615
-292
139
546
788
822
719
609
598
694
797
766
526
124
-307
-633
-789
-807
-782
-806
-907
-1026
-1073
-987
-786
-530
-282
-60
157
403
691
989
1241
1399
1468
1502
1558
1668
1809
1919
1949
1890
1792
1729
1738
1811
1912
2008
2074
2110
2148
2206
2258
2245
2126
1839
1255
264
-1029
-2296
-3206
-3614
-3539
-3119
-2644
-2480
-2773
-3303
-3677
-3627
-3105
-2208
-1145
-182
505
953
1322
1718
2105
2372
2437
2305
2091
1944
1939
2020
2043
1842
1318
519
-342
-1026
-1435
-1637
-1747
-1838
-1957
-2118
-2257
-2282
-2176
-2024
-1896
-1760
-1526
-1137
-610
-7
575
1024
1279
1379
1429
1537
1722
1916
2033
2015
1865
1624
1341
1059
782
466
76
-372
-807
-1151
-1366
-1468
-1506
-1540
-1608
-1716
-1860
-2010
-2119
-2120
-1959
-1617
-1126
-561
-40
322
479
482
437
455
582
793
988
1058
938
650
282
-71
-352
-541
-661
-744
-811
-855
-845
-768
-644
-514
-395
-282
-150
20
237
481
710
895
1030
1142
1259
1394
1539
1664
1750
1797
1834
1885
1961
2065
2189
2305
2381
2406
2392
2354
2277
2146
1924
1518
805
-229
-1406
-2446
-3141
-3414
-3311
-3005
-2769
-2817
-3119
-3433
-3509
-3245
-2679
-1937
-1194
-580
-104
347
871
1456
1979
2295
2340
2172
1939
1797
1799
1889
1935
1795
1397
809
189
-329
-720
-1034
-1328
-1618
-1894
-2117
-2218
-2166
-2021
-1898
-1851
-1842
-1777
-1578
-1216
-719
-172
316
676
915
1105
1315
1555
1778
1921
1948
1867
1717
1548
1394
1251
1068
787
401
-35
-445
-775
-1012
-1175
-1310
-1478
-1711
-1986
-2222
-2338
-2298
-2112
-1809
-1450
-1086
-757
-457
-161
142
435
688
880
999
1038
1005
920
804
659
484
283
77
-112
-276
-410
-504
-549
-543
-496
-415
-304
-180
-67
24
105
205
339
514
710
907
1083
1231
1350
1461
1588
1732
1874
1989
2073
2154
2253
2360
2456
2528
2560
2529
2415
2225
1926
1424
623
-427
-1521
-2420
-2970
-3125
-2958
-2683
-2560
-2723
-3063
-3339
-3354
-3052
-2495
-1821
-1195
-705
-305
133
686
1301
1827
2127
2157
2002
1817
1739
1812
1971
2066
1956
1593
1071
546
118
-220
-519
-828
-1175
-1542
-1854
-2012
-1988
-1864
-1757
-1725
-1745
-1745
-1655
-1414
-1019
-542
-90
265
530
764
1012
1280
1531
1712
1787
1751
1645
1533
1454
1396
1293
1087
766
377
-15
-355
-622
-835
-1044
-1302
-1620
-1946
-2195
-2314
-2298
-2173
-1973
-1735
-1478
-1204
-879
-500
-95
279
581
800
937
999
997
947
858
726
556
378
223
100
-13
-134
-256
-364
-438
-459
-408
-297
-166
-63
0
43
105
201
330
479
635
780
914
1060
1236
1446
1656
1824
1932
2009
2090
2200
2328
2454
2554
2588
2527
2376
2139
1766
1157
280
-759
-1765
-2548
-2986
-3058
-2877
-2667
-2644
-2847
-3133
-3300
-3222
-2881
-2352
-1771
-1264
-859
-473
9
606
1220
1701
1939
1928
1763
1591
1536
1627
1783
1860
1744
1425
992
558
183
-138
-444
-772
-1143
-1518
-1808
-1936
-1908
-1809
-1733
-1719
-1746
-1754
-1672
-1450
-1091
-672
-282
35
301
565
856
1156
1425
1608
1667
1610
1498
1409
1376
1364
1294
1115
823
459
81
-256
-544
-829
-1164
-1561
-1952
-2237
-2343
-2274
-2097
-1901
-1750
-1653
-1539
-1313
-932
-438
56
443
678
787
831
869
923
960
919
769
541
319
166
91
57
12
-74
-196
-310
-364
-331
-239
-151
-109
-95
-61
33
192
384
563
692
770
847
992
1240
1552
1845
2062
2194
2273
2336
2417
2532
2656
2738
2722
2583
2300
1819
1077
94
-992
-1982
-2701
-3056
-3064
-2870
-2702
-2727
-2946
-3206
-3322
-3188
-2805
-2254
-1666
-1146
-704
-258
272
871
1437
1839
2007
1961
1804
1667
1642
1731
1839
1837
1656
1317
907
512
164
-157
-491
-861
-1257
-1614
-1846
-1902
-1824
-1710
-1647
-1652
-1685
-1680
-1565
-1305
-923
-506
-139
157
418
685
969
1254
1497
1652
1686
1617
1504
1413
1362
1311
1207
1016
736
397
42
-288
-583
-873
-1200
-1573
-1943
-2238
-2396
-2402
-2273
-2057
-1814
-1575
-1329
-1037
-674
-263
141
486
733
877
940
958
954
927
849
712
535
357
214
112
47
-9
-73
-147
-211
-226
-181
-100
-25
16
26
35
73
160
305
490
678
849
1022
1230
1473
1730
1974
2199
2394
2547
2665
2786
2930
3063
3120
3035
2729
2103
1117
-123
-1382
-2413
-3057
-3286
-3199
-3015
-2970
-3170
-3515
-3787
-3806
-3518
-2982
-2325
-1687
-1140
-640
-80
590
1299
1894
2241
2305
2166
1971
1863
1898
2021
2094
1989
1669
1202
710
268
-117
-485
-872
-1284
-1687
-2002
-2153
-2127
-2006
-1904
-1871
-1885
-1879
-1784
-1550
-1172
-713
-268
99
413
721
1051
1383
1670
1864
1928
1857
1706
1562
1473
1405
1292
1083
770
382
-31
-409
-730
-1033
-1382
-1792
-2202
-2506
-2625
-2544
-2308
-2013
-1753
-1564
-1397
-1159
-792
-321
163
561
813
925
951
961
987
998
939
777
538
289
104
0
-52
-101
-179
-287
-382
-408
-345
-228
-126
-87
-90
-72
14
184
420
666
864
990
1092
1249
1497
1806
2122
2414
2649
2807
2907
3000
3129
3262
3325
3245
2935
2281
1227
-124
-1516
-2665
-3380
-3622
-3502
-3266
-3194
-3426
-3852
-4201
-4246
-3900
-3229
-2397
-1587
-909
-333
263
959
1699
2321
2676
2727
2563
2352
2240
2277
2384
2405
2189
1712
1077
446
-80
-508
-902
-1312
-1744
-2156
-2464
-2575
-2481
-2283
-2117
-2046
-2024
-1960
-1771
-1413
-898
-311
228
649
972
1275
1599
1923
2188
2336
2338
2199
1986
1777
1614
1464
1248
910
454
-57
-543
-959
-1306
-1623
-1964
-2341
-2698
-2929
-2933
-2697
-2291
-1836
-1420
-1074
-777
-462
-74
382
833
1175
1357
1401
1364
1281
1168
1026
839
591
299
24
-176
-292
-371
-454
-545
-622
-649
-607
-492
-333
-183
-78
-2
99
283
556
876
1185
1442
1651
1838
2031
2269
2572
2914
3216
3411
3496
3523
3535
3537
3511
3368
2929
1986
512
-1233
-2824
-3904
-4309
-4109
-3609
-3262
-3402
-3998
-4671
-4980
-4706
-3885
-2737
-1567
-627
30
573
1218
2002
2744
3219
3329
3147
2856
2655
2647
2762
2786
2494
1822
913
27
-653
-1111
-1454
-1800
-2203
-2633
-2979
-3107
-2966
-2657
-2378
-2246
-2201
-2089
-1784
-1248
-529
242
889
1297
1511
1693
1962
2294
2579
2722
2688
2485
2172
1856
1608
1385
1066
571
-55
-720
-1356
-1932
-2426
-2813
-3085
-3240
-3241
-3046
-2680
-2245
-1847
-1497
-1133
-695
-173
398
942
1360
1577
1602
1524
1444
1392
1315
1152
879
534
172
-138
-353
-479
-580
-724
-916
-1079
-1130
-1056
-898
-708
-515
-343
-192
-10
266
646
1054
1423
1759
2094
2422
2712
2984
3274
3567
3781
3893
3949
3985
3960
3817
3524
2988
2027
525
-1345
-3156
-4493
-5137
-5102
-4617
-4113
-4021
-4461
-5120
-5502
-5272
-4399
-3072
-1605
-308
653
1352
2001
2713
3385
3826
3921
3733
3432
3200
3113
3089
2927
2421
1510
344
-785
-1628
-2134
-2445
-2733
-3071
-3427
-3709
-3794
-3602
-3192
-2744
-2406
-2146
-1799
-1249
-497
360
1184
1819
2177
2320
2421
2606
2841
3005
2998
2796
2429
1973
1520
1113
709
214
-411
-1130
-1861
-2540
-3114
-3514
-3690
-3635
-3383
-2996
-2542
-2098
-1708
-1342
-915
-348
346
1055
1634
1974
2049
1922
1714
1535
1427
1336
1170
875
475
52
-326
-632
-873
-1073
-1249
-1394
-1472
-1444
-1309
-1126
-949
-777
-563
-266
120
573
1045
1479
1848
2191
2565
2968
3338
3653
3928
4154
4297
4363
4401
4401
4280
3969
3439
2588
1240
-622
-2681
-4429
-5495
-5778
-5413
-4750
-4308
-4480
-5182
-5867
-5962
-5241
-3829
-2041
-280
1089
1950
2502
3036
3620
4104
4322
4269
4070
3871
3750
3657
3405
2766
1654
224
-1186
-2239
-2810
-3039
-3183
-3420
-3755
-4085
-4271
-4212
-3888
-3398
-2887
-2389
-1781
-947
67
1081
1909
2455
2722
2808
2879
3076
3382
3618
3587
3226
2624
1933
1269
681
140
-444
-1167
-2037
-2927
-3639
-4019
-4048
-3819
-3461
-3089
-2764
-2479
-2144
-1654
-976
-180
615
1316
1861
2204
2330
2268
2094
1880
1668
1480
1329
1176
926
498
-82
-705
-1236
-1582
-1716
-1673
-1554
-1479
-1498
-1545
-1501
-1288
-907
-417
120
645
1109
1517
1930
2401
2899
3324
3620
3845
4097
4378
4618
4767
4798
4677
4360
3881
3283
2438
1082
-884
-3116
-5006
-6089
-6257
-5724
-4953
-4552
-4923
-5858
-6621
-6510
-5341
-3430
-1278
630
1956
2674
3096
3577
4169
4636
4777
4641
4420
4251
4114
3845
3215
2065
476
-1203
-2531
-3248
-3422
-3390
-3499
-3864
-4331
-4650
-4655
-4319
-3732
-3043
-2370
-1693
-862
190
1300
2167
2613
2706
2653
2670
2886
3276
3620
3618
3130
2284
1360
578
-17
-493
-958
-1498
-2135
-2804
-3400
-3829
-4040
-4014
-3743
-3227
-2516
-1736
-1047
-543
-190
136
554
1105
1723
2256
2532
2453
2078
1586
1146
831
619
439
209
-119
-532
-966
-1348
-1628
-1792
-1820
-1710
-1492
-1229
-984
-776
-568
-293
92
596
1179
1739
2171
2450
2660
2905
3182
3416
3577
3705
3818
3868
3854
3827
3763
3526
3034
2343
1458
220
-1479
-3388
-4966
-5799
-5810
-5185
-4287
-3634
-3663
-4286
-4844
-4618
-3388
-1470
629
2427
3566
3956
3875
3755
3773
3787
3613
3252
2818
2351
1788
1032
-2
-1315
-2741
-3955
-4629
-4654
-4213
-3666
-3306
-3167
-3056
-2749
-2151
-1320
-378
545
1364
2085
2775
3415
3819
3793
3343
2694
2109
1724
1518
1345
990
313
-627
-1591
-2323
-2722
-2848
-2805
-2681
-2528
-2372
-2226
-2084
-1913
-1648
-1214
-570
215
979
1521
1717
1599
1339
1138
1095
1168
1226
1143
864
423
-74
-521
-860
-1095
-1255
-1350
-1379
-1362
-1340
-1350
-1375
-1354
-1206
-877
-388
160
627
932
1107
1253
1468
1770
2113
2396
2534
2533
2485
2476
2493
2467
2393
2336
2345
2411
2520
2654
2711
2552
2144
1574
857
-153
-1515
-2964
-4049
-4465
-4198
-3463
-2637
-2193
-2413
-3054
-3446
-3040
-1799
-102
1561
2789
3343
3263
2870
2504
2263
2040
1765
1479
1208
867
313
-532
-1640
-2830
-3805
-4275
-4133
-3539
-2821
-2289
-2046
-1961
-1780
-1342
-653
171
1014
1787
2431
2917
3225
3286
3015
2441
1770
1252
974
832
652
300
-284
-1040
-1784
-2302
-2491
-2408
-2161
-1826
-1478
-1224
-1137
-1181
-1209
-1060
-652
-21
673
1189
1335
1096
655
270
111
181
350
455
396
163
-185
-561
-882
-1095
-1179
-1134
-995
-827
-715
-728
-854
-988
-994
-787
-397
68
490
777
907
945
1001
1151
1389
1647
1853
1961
1962
1917
1899
1936
1998
2065
2171
2339
2523
2666
2758
2796
2726
2500
2133
1598
740
-563
-2108
-3404
-4035
-3946
-3379
-2710
-2339
-2523
-3123
-3588
-3366
-2340
-837
704
1954
2704
2885
2636
2225
1850
1555
1337
1217
1157
979
462
-467
-1670
-2868
-3742
-4071
-3846
-3262
-2614
-2125
-1852
-1703
-1506
-1122
-526
220
1036
1847
2552
3015
3153
2965
2528
1968
1444
1096
929
799
538
82
-511
-1140
-1697
-2081
-2209
-2082
-1770
-1360
-960
-710
-719
-940
-1152
-1094
-648
79
811
1246
1205
751
150
-285
-384
-185
129
340
309
25
-424
-902
-1271
-1424
-1320
-1024
-682
-458
-445
-625
-879
-1022
-904
-508
46
568
916
1049
1024
948
932
1051
1308
1631
1901
2038
2038
1967
1877
1808
1838
2042
2403
2789
3062
3183
3159
2989
2694
2330
1885
1191
82
-1329
-2636
-3433
-3586
-3252
-2762
-2473
-2603
-3059
-3432
-3293
-2495
-1226
160
1334
2096
2393
2302
1964
1551
1223
1076
1082
1094
935
462
-393
-1530
-2664
-3449
-3700
-3481
-2992
-2434
-1970
-1696
-1576
-1451
-1167
-655
71
946
1842
2575
2990
3027
2734
2251
1772
1438
1255
1124
938
637
175
-434
-1087
-1635
-1971
-2055
-1881
-1501
-1082
-842
-867
-1055
-1190
-1095
-691
-62
559
921
927
661
294
-17
-173
-149
-26
63
36
-127
-421
-802
-1154
-1335
-1284
-1065
-806
-622
-595
-729
-922
-1010
-891
-577
-161
242
537
679
707
711
769
909
1129
1392
1627
1757
1752
1665
1589
1593
1694
1872
2093
2318
2507
2648
2767
2884
2961
2926
2737
2380
1776
820
-438
-1713
-2663
-3111
-3088
-2757
-2414
-2386
-2756
-3224
-3365
-2974
-2118
-957
281
1271
1757
1774
1549
1240
914
702
729
879
857
495
-160
-1022
-2004
-2874
-3327
-3278
-2926
-2485
-2034
-1656
-1469
-1436
-1315
-931
-330
387
1193
1984
2518
2648
2467
2146
1763
1393
1172
1134
1109
915
548
77
-490
-1108
-1584
-1752
-1639
-1372
-1038
-748
-699
-962
-1314
-1434
-1195
-691
-73
467
687
485
53
-287
-381
-277
-58
184
289
123
-260
-675
-997
-1184
-1186
-990
-714
-551
-575
-721
-906
-1051
-1031
-754
-290
165
468
609
620
551
522
653
945
1270
1527
1681
1710
1608
1463
1424
1531
1720
1942
2201
2450
2595
2635
2672
2745
2777
2712
2557
2240
1576
520
-684
-1690
-2312
-2522
-2357
-2007
-1832
-2066
-2550
-2903
-2900
-2519
-1778
-763
236
889
1113
1061
842
506
222
195
392
550
496
230
-254
-975
-1775
-2348
-2556
-2489
-2249
-1859
-1437
-1192
-1163
-1164
-1045
-802
-427
142
841
1442
1801
1939
1904
1689
1376
1152
1095
1110
1097
1048
921
619
160
-299
-636
-837
-890
-779
-623
-620
-829
-1102
-1264
-1243
-1013
-610
-205
-19
-83
-244
-351
-355
-247
-47
149
208
111
-61
-252
-442
-575
-588
-499
-396
-334
-331
-404
-552
-690
-709
-577
-345
-77
171
322
344
300
290
375
554
804
1075
1280
1358
1331
1270
1224
1230
1313
1463
1612
1701
1718
1688
1627
1563
1532
1536
1530
1463
1314
1070
719
284
-157
-502
-686
-704
-595
-463
-437
-578
-828
-1051
-1131
-1045
-839
-613
-471
-465
-559
-660
-717
-731
-723
-701
-670
-639
-609
-572
-541
-546
-586
-614
-592
-525
-439
-359
-310
-313
-348
-364
-333
-265
-189
-112
-49
-17
-8
0
14
28
43
76
125
166
181
176
156
129
112
128
184
247
298
325
316
252
154
64
20
35
91
151
157
67
-103
-284
-404
-430
-375
-284
-222
-226
-291
-379
-454
-503
-507
-464
-394
-328
-287
-286
-328
-394
-445
-444
-394
-319
-245
-195
-186
-208
-228
-213
-156
-57
72
198
286
327
344
370
431
538
679
822
927
979
997
999
1007
1035
1093
1177
1263
1334
1380
1384
1336
1238
1115
992
894
837
812
782
695
520
269
-1
-228
-375
-446
-487
-543
-639
-759
-868
-940
-985
-1026
-1074
-1119
-1146
-1139
-1100
-1047
-1007
-995
-994
-981
-947
-898
-844
-788
-730
-668
-588
-490
-392
-315
-260
-218
-182
-140
-79
0
86
165
232
280
305
308
308
323
353
396
445
491
509
490
443
383
323
276
249
244
243
231
197
144
74
0
-62
-98
-112
-109
-104
-111
-138
-184
-232
-270
-288
-292
-290
-290
-305
-326
-345
-352
-345
-328
-304
-280
-260
-245
-234
-221
-200
-163
-108
-37
34
89
129
156
185
234
312
414
529
638
729
794
843
890
948
1020
1099
1176
1239
1283
1308
1315
1286
1207
1086
953
849
791
765
726
618
421
174
-53
-206
-283
-321
-364
-440
-543
-638
-698
-732
-765
-814
-864
-896
-896
-862
-813
-778
-780
-807
-832
-841
-827
-794
-745
-688
-634
-582
-525
-466
-413
-364
-316
-268
-218
-162
-86
1
87
157
206
232
242
249
268
296
331
365
400
428
431
401
338
259
189
158
171
204
224
197
125
31
-55
-106
-117
-99
-80
-78
-94
-124
-158
-188
-208
-214
-213
-210
-205
-199
-192
-188
-188
-189
-193
-189
-178
-159
-143
-140
-152
-165
-164
-138
-86
-28
24
57
76
98
139
207
298
403
509
606
686
754
819
890
965
1046
1124
1190
1235
1257
1255
1217
1136
1016
886
773
691
634
570
455
271
37
-187
-355
-449
-490
-515
-561
-640
-730
-807
-857
-890
-919
-942
-951
-943
-915
-873
-838
-828
-842
-860
-864
-846
-807
-751
-691
-636
-591
-549
-503
-459
-415
-366
-313
-260
-204
-139
-71
-6
50
95
127
147
160
177
196
219
247
277
302
319
318
302
270
225
179
141
118
110
109
97
63
-4
-92
-176
-231
-246
-230
-201
-182
-187
-210
-238
-259
-272
-273
-261
-240
-210
-178
-152
-145
-153
-171
-187
-188
-173
-149
-124
-107
-100
-97
-95
-86
-68
-45
-18
11
45
85
136
201
275
357
441
524
604
681
759
844
933
1021
1101
1166
1217
1253
1270
1256
1197
1086
941
800
695
629
577
489
331
105
-140
-348
-480
-543
-574
-614
-681
-765
-842
-895
-931
-961
-991
-1013
-1008
-973
-915
-851
-807
-788
-787
-785
-767
-726
-667
-600
-537
-479
-430
-384
-339
-303
-274
-250
-224
-188
-136
-68
5
65
105
129
144
164
193
230
268
300
330
359
383
388
369
322
266
225
213
230
247
233
169
69
-38
-120
-159
-163
-157
-163
-191
-232
-269
-294
-302
-299
-290
-278
-259
-234
-205
-177
-157
-149
-147
-141
-127
-106
-84
-72
-67
-70
-73
-70
-56
-36
-11
16
44
74
106
143
187
242
308
384
465
545
618
684
748
815
888
967
1045
1117
1179
1230
1272
1291
1276
1219
1115
988
865
774
714
656
558
396
178
-57
-257
-394
-470
-518
-573
-652
-748
-841
-917
-972
-1009
-1034
-1044
-1030
-996
-944
-891
-850
-825
-815
-799
-773
-728
-665
-592
-519
-454
-398
-354
-320
-289
-260
-227
-185
-138
-80
-22
30
70
94
110
125
144
171
206
243
282
324
362
392
399
381
346
310
289
287
295
293
265
207
131
50
-17
-70
-111
-148
-181
-212
-237
-261
-286
-314
-342
-363
-369
-358
-334
-309
-287
-274
-264
-256
-242
-225
-208
-192
-180
-169
-161
-147
-129
-109
-86
-62
-35
-2
35
76
117
159
202
250
304
364
427
490
547
599
650
705
772
850
936
1016
1084
1132
1165
1187
1205
1212
1192
1131
1027
901
781
689
621
547
430
253
33
-189
-368
-484
-555
-612
-684
-782
-885
-978
-1045
-1087
-1117
-1134
-1133
-1105
-1049
-973
-903
-851
-824
-810
-789
-749
-681
-595
-504
-421
-358
-317
-290
-271
-254
-231
-202
-159
-109
-52
4
53
90
115
132
148
173
214
269
328
386
434
468
488
492
475
440
390
335
293
270
265
258
225
152
46
-73
-169
-221
-231
-215
-199
-205
-237
-283
-327
-355
-365
-357
-334
-301
-266
-233
-211
-204
-212
-228
-242
-240
-222
-191
-157
-134
-125
-128
-133
-132
-118
-86
-43
8
61
116
164
210
250
292
342
399
467
538
609
676
737
793
849
905
961
1015
1061
1104
1142
1178
1214
1240
1243
1201
1108
972
822
693
606
553
499
400
232
11
-220
-409
-525
-582
-611
-652
-718
-801
-880
-937
-974
-995
-1003
-998
-969
-915
-846
-782
-739
-725
-732
-738
-725
-682
-613
-535
-463
-411
-382
-365
-354
-335
-302
-252
-192
-122
-50
20
81
132
171
200
227
255
294
338
393
442
476
490
485
467
450
429
399
351
283
211
157
136
143
145
111
24
-96
-205
-258
-238
-170
-99
-70
-95
-159
-231
-278
-289
-273
-244
-214
-189
-176
-176
-190
-219
-254
-279
-280
-252
-205
-157
-128
-126
-150
-179
-194
-180
-135
-71
0
61
113
155
193
231
275
328
388
452
514
568
615
655
695
741
794
842
884
915
937
958
982
1010
1040
1064
1074
1060
1010
915
785
642
522
445
406
375
308
174
-17
-226
-400
-507
-553
-568
-592
-647
-728
-817
-892
-946
-978
-1000
-1006
-995
-964
-922
-878
-850
-844
-852
-858
-846
-804
-739
-661
-584
-519
-468
-430
-393
-354
-309
-254
-192
-126
-60
-1
48
86
115
135
156
177
204
236
270
305
334
356
371
378
374
358
322
269
213
169
152
162
179
172
121
31
-72
-152
-183
-166
-124
-96
-101
-141
-203
-261
-299
-313
-305
-289
-270
-256
-252
-259
-278
-300
-320
-329
-321
-298
-267
-240
-226
-226
-234
-242
-235
-213
-178
-135
-91
-48
-6
36
83
134
187
240
290
337
380
421
457
496
537
580
626
674
717
749
772
795
824
862
906
947
977
994
1002
1008
1009
985
921
812
675
549
465
426
400
338
205
4
-214
-397
-506
-549
-566
-599
-664
-755
-843
-909
-949
-974
-995
-1011
-1010
-984
-936
-884
-846
-834
-841
-848
-834
-792
-723
-642
-565
-501
-456
-422
-390
-355
-317
-269
-215
-152
-81
-10
57
113
151
179
204
235
279
333
389
441
484
510
519
510
484
449
416
389
368
346
314
270
216
162
108
55
5
-46
-89
-118
-129
-129
-126
-132
-153
-187
-219
-242
-252
-247
-235
-224
-218
-224
-235
-252
-269
-285
-294
-293
-285
-266
-245
-230
-219
-216
-215
-210
-198
-171
-135
-97
-59
-22
15
55
100
148
196
246
296
349
404
463
521
574
618
654
686
716
753
791
826
854
873
887
903
919
932
935
922
912
909
921
929
898
808
666
507
384
325
311
292
212
53
-161
-367
-510
-580
-605
-629
-684
-768
-862
-940
-991
-1023
-1050
-1073
-1086
-1076
-1041
-989
-941
-913
-903
-901
-886
-847
-778
-693
-606
-530
-469
-417
-367
-317
-263
-204
-143
-78
-11
56
118
167
204
230
252
274
297
324
355
387
415
434
442
437
427
416
406
392
359
308
250
205
186
186
182
148
69
-34
-131
-186
-189
-160
-131
-133
-174
-239
-304
-347
-365
-362
-350
-339
-333
-334
-343
-361
-387
-413
-432
-432
-409
-371
-330
-300
-288
-290
-294
-285
-255
-207
-147
-88
-39
-1
31
64
100
144
194
250
304
354
399
440
481
522
565
606
642
671
696
723
752
783
811
833
847
854
856
857
858
855
845
825
798
778
767
763
746
692
587
440
288
175
121
113
99
27
-122
-325
-518
-651
-707
-711
-715
-752
-822
-901
-960
-988
-995
-997
-1002
-1000
-977
-929
-863
-801
-760
-745
-739
-722
-682
-617
-538
-461
-395
-343
-297
-253
-203
-145
-84
-21
39
99
158
217
272
317
351
373
388
399
412
428
447
466
478
481
471
450
422
396
371
348
322
292
256
219
178
135
89
37
-20
-75
-120
-150
-167
-180
-196
-221
-249
-277
-296
-305
-304
-299
-295
-293
-294
-294
-290
-286
-281
-278
-275
-270
-256
-236
-210
-183
-157
-134
-114
-89
-58
-22
20
61
101
139
180
218
260
304
343
380
412
440
468
500
536
575
612
641
656
662
666
673
690
708
724
730
723
713
703
695
687
675
662
646
629
610
584
550
516
491
475
461
419
335
214
83
-18
-69
-77
-85
-136
-249
-405
-559
-662
-699
-691
-674
-680
-716
-769
-812
-832
-832
-824
-812
-797
-770
-726
-669
-613
-575
-557
-547
-534
-499
-440
-366
-291
-232
-188
-154
-122
-87
-45
2
51
99
144
186
219
247
264
276
286
295
306
313
315
311
304
293
282
272
255
232
203
171
138
108
81
53
19
-21
-63
-106
-142
-170
-196
-223
-255
-288
-316
-328
-330
-322
-315
-317
-330
-343
-351
-350
-338
-321
-304
-290
-282
-279
-276
-273
-265
-251
-230
-203
-171
-137
-106
-79
-53
-27
2
38
74
112
150
185
217
248
279
307
335
360
380
398
414
430
448
463
479
492
497
497
493
484
481
484
488
487
476
454
429
410
403
404
403
390
364
334
308
291
278
266
249
229
212
194
162
106
24
-65
-133
-161
-153
-143
-166
-240
-350
-461
-529
-543
-519
-488
-480
-503
-544
-582
-602
-602
-593
-581
-567
-547
-515
-476
-439
-417
-405
-401
-388
-359
-312
-257
-205
-163
-131
-105
-81
-54
-28
-3
23
45
70
95
118
136
149
154
158
157
153
149
145
143
145
150
149
139
120
96
69
48
30
14
-2
-18
-34
-50
-69
-91
-117
-145
-167
-180
-181
-173
-163
-158
-159
-164
-166
-165
-157
-142
-127
-112
-98
-85
-74
-65
-60
-55
-52
-47
-38
-24
-10
4
13
18
22
27
35
47
64
81
96
108
118
129
144
160
179
198
214
227
242
254
268
281
293
306
315
324
331
334
331
326
323
325
336
350
358
354
340
320
306
305
316
330
337
329
310
288
273
270
275
279
272
251
225
201
189
185
181
161
118
57
0
-39
-52
-51
-56
-89
-149
-222
-283
-318
-324
-317
-320
-337
-369
-400
-422
-428
-426
-423
-422
-423
-419
-408
-394
-377
-365
-360
-357
-352
-338
-317
-290
-263
-239
-221
-205
-192
-174
-153
-132
-109
-88
-68
-46
-25
-5
11
23
29
32
37
47
59
71
76
73
63
52
44
41
38
36
24
8
-10
-25
-33
-38
-45
-57
-75
-95
-112
-119
-120
-118
-120
-124
-132
-137
-139
-137
-133
-132
-131
-134
-136
-136
-133
-130
-129
-132
-136
-140
-140
-136
-128
-120
-113
-106
-102
-96
-86
-73
-55
-37
-17
1
18
35
53
69
85
104
122
140
156
172
187
203
218
234
248
259
265
272
278
291
306
318
324
324
318
310
305
303
301
297
293
287
278
271
261
248
231
215
203
193
185
176
161
138
116
95
79
66
50
25
-11
-51
-88
-113
-125
-129
-141
-166
-203
-244
-276
-291
-293
-287
-282
-290
-305
-321
-334
-337
-335
-327
-321
-314
-307
-296
-282
-267
-254
-244
-235
-228
-212
-191
-165
-138
-117
-101
-90
-81
-70
-54
-36
-18
1
15
25
34
39
41
42
44
45
52
58
63
62
58
50
41
34
32
28
24
18
10
4
-2
-9
-17
-24
-34
-40
-44
-45
-46
-48
-52
-58
-65
-68
-68
-64
-57
-52
-49
-48
-48
-46
-43
-36
-28
-18
-10
-1
6
12
18
25
34
43
54
64
74
84
92
99
109
119
132
143
158
168
178
187
197
207
218
229
239
246
251
257
263
269
274
277
274
270
267
267
273
277
276
266
249
229
216
212
218
224
222
207
185
160
141
135
137
141
137
124
103
82
64
54
50
45
39
31
19
7
-7
-22
-42
-60
-72
-78
-77
-76
-80
-96
-116
-139
-151
-153
-144
-132
-125
-128
-138
-151
-159
-162
-157
-151
-146
-143
-143
-143
-141
-140
-139
-138
-138
-135
-127
-117
-106
-97
-92
-91
-92
-89
-83
-74
-63
-54
-47
-47
-47
-49
-47
-45
-43
-42
-40
-43
-44
-44
-46
-48
-51
-55
-58
-58
-58
-55
-53
-54
-58
-61
-63
-61
-56
-50
-48
-46
-48
-51
-49
-46
-38
-31
-25
-22
-23
-23
-21
-17
-13
-9
-6
-4
-1
0
2
3
3
4
5
8
13
20
23
27
30
31
34
38
45
50
56
60
62
63
62
62
64
66
69
72
73
73
73
72
70
72
74
77
80
83
85
86
85
85
86
85
88
88
87
86
85
83
81
80
78
76
74
70
66
62
59
57
54
52
47
41
36
30
24
21
19
16
12
8
2
-2
-7
-9
-11
-12
-11
-11
-13
-16
-19
-22
-24
-24
-23
-23
-23
-26
-29
-34
-38
-41
-42
-45
-47
-49
-53
-54
-56
-57
-58
-60
-63
-65
-68
-70
-70
-69
-68
-70
-70
-73
-74
-75
-76
-76
-75
-76
-76
-76
-76
-77
-75
-74
-73
-73
-74
-73
-72
-69
-65
-63
-59
-57
-56
-53
-50
-47
-43
-42
-39
-38
-34
-29
-24
-19
-17
-17
-18
-15
-15
-9
-3
0
4
3
3
2
3
6
11
15
18
19
18
18
18
19
21
24
25
24
25
25
25
25
27
28
29
31
33
34
34
35
37
36
38
41
44
45
46
47
47
47
47
48
51
54
56
57
59
59
58
58
61
61
60
61
61
61
62
61
60
58
55
53
52
53
52
53
52
51
48
45
42
40
40
39
38
37
32
29
25
22
19
17
17
16
14
11
10
8
7
7
9
10
12
15
16
18
19
20
22
24
28
32
34
35
36
37
37
39
40
42
43
41
42
40
39
38
35
33
31
27
23
19
16
12
6
2
-2
-7
-13
-18
-23
-30
-35
-41
-47
-52
-57
-63
-70
-77
-84
-90
-94
-99
-103
-106
-111
-116
-119
-123
-125
-124
-123
-123
-121
-119
-117
-115
-112
-108
-104
-100
-93
-87
-83
-77
-72
-67
-61
-56
-49
-44
-37
-29
-25
-19
-13
-8
-3
5
9
15
21
24
28
30
33
35
37
39
40
40
40
38
37
36
35
31
30
27
24
22
18
15
11
8
4
-1
-4
-7
-10
-14
-17
-21
-24
-26
-29
-31
-33
-34
-36
-36
-36
-37
-35
-34
-34
-32
-33
-30
-29
-27
-26
-24
-21
-20
-18
-16
-15
-14
-12
-12
-9
-8
-7
-6
-5
-5
-6
-6
-6
-6
-5
-5
-7
-6
-8
-9
-9
-12
-12
-12
-12
-13
-14
-15
-16
-17
-18
-19
-18
-18
-18
-18
-20
-19
-19
-19
-19
-17
-16
-15
-15
-14
-12
-11
-10
-9
-8
-5
-4
-3
-1
1
0
3
4
6
7
8
11
11
12
13
14
15
16
16
16
16
16
15
13
13
12
12
11
10
9
8
7
8
8
9
10
11
11
12
14
15
16
19
22
24
26
29
31
32
34
36
38
41
45
48
50
53
55
58
61
64
68
71
74
76
78
81
82
83
86
87
89
89
90
92
93
93
94
94
96
97
98
99
100
100
100
99
99
98
100
99
98
97
96
96
95
93
92
92
90
88
87
86
83
80
78
75
72
68
64
59
54
48
44
37
31
26
20
13
7
1
-5
-11
-18
-23
-28
-34
-38
-43
-47
-53
-57
-62
-65
-68
-72
-74
-77
-78
-80
-80
-81
-81
-80
-78
-76
-76
-72
-69
-68
-63
-61
-58
-55
-52
-48
-45
-43
-40
-36
-34
-32
-27
-24
-20
-16
-12
-10
-8
-5
-2
-1
2
3
5
6
5
6
6
5
5
4
3
3
2
-1
-2
-2
-3
-5
-7
-9
-11
-14
-16
-19
-23
-27
-32
-35
-39
-43
-47
-51
-55
-58
-61
-64
-65
-68
-69
-70
-72
-71
-73
-72
-73
-73
-72
-73
-74
-73
-75
-76
-79
-80
-82
-83
-83
-84
-84
-85
-84
-84
-83
-81
-81
-79
-78
-77
-75
-74
-72
-72
-70
-71
-70
-69
-68
-67
-67
-65
-64
-62
-61
-58
-55
-54
-51
-48
-45
-41
-38
-33
-28
-24
-17
-12
-8
-1
4
9
15
21
27
31
36
41
46
51
54
56
60
63
67
70
71
73
76
77
80
82
84
86
86
88
90
90
90
92
90
89
86
84
79
76
72
67
63
56
50
45
39
35
31
27
26
24
24
22
23
25
26
27
28
29
30
31
31
32
31
30
27
25
23
20
17
16
13
11
11
9
7
6
5
3
2
0
-2
-6
-8
-10
-14
-18
-22
-23
-27
-28
-28
-26
-21
-15
-6
4
14
29
42
56
70
84
95
104
114
121
125
130
133
135
137
140
143
147
151
155
160
165
167
169
168
163
152
136
116
90
57
21
-18
-59
-104
-144
-183
-218
-244
-266
-278
-282
-277
-264
-245
-220
-190
-160
-128
-97
-69
-45
-26
-13
-5
-2
-4
-11
-20
-30
-41
-51
-57
-60
-59
-54
-44
-29
-13
6
27
45
63
76
86
92
93
88
82
71
60
47
35
24
15
9
6
7
10
15
23
31
39
45
52
53
52
49
39
26
10
-9
-32
-56
-81
-106
-130
-151
-169
-182
-191
-194
-192
-183
-169
-149
-124
-92
-57
-18
22
64
105
145
179
210
232
245
251
245
230
208
175
139
98
55
11
-31
-69
-101
-127
-146
-158
-159
-153
-139
-119
-91
-59
-25
10
42
73
98
116
127
126
117
96
68
32
-11
-54
-100
-145
-183
-216
-241
-257
-262
-258
-246
-224
-196
-164
-128
-92
-55
-23
6
30
47
58
62
58
48
32
12
-14
-39
-67
-92
-113
-130
-137
-136
-122
-98
-63
-16
38
97
160
219
271
314
341
354
346
321
280
226
159
88
16
-52
-113
-164
-201
-223
-231
-224
-204
-175
-139
-98
-54
-10
31
69
103
131
154
173
185
192
194
191
183
171
156
136
113
87
58
28
-4
-35
-67
-97
-127
-154
-178
-201
-218
-233
-246
-255
-262
-265
-267
-266
-266
-264
-260
-257
-255
-253
-252
-249
-249
-248
-246
-244
-242
-238
-232
-224
-215
-202
-187
-171
-154
-135
-116
-100
-82
-66
-51
-37
-26
-14
-4
5
14
22
30
38
47
53
60
67
71
75
79
81
82
84
84
85
86
86
86
86
86
83
82
80
79
76
74
71
71
72
73
77
84
93
105
118
133
149
168
186
203
221
235
249
260
269
274
276
275
270
261
251
236
218
197
174
148
122
93
65
36
9
-17
-41
-62
-80
-94
-102
-108
-108
-105
-98
-88
-76
-63
-51
-38
-29
-22
-18
-17
-20
-24
-31
-40
-48
-56
-62
-67
-68
-66
-62
-55
-44
-31
-17
-4
8
21
32
39
44
47
45
42
34
27
19
9
0
-7
-14
-19
-22
-24
-23
-21
-20
-18
-18
-18
-22
-29
-37
-48
-63
-79
-98
-116
-138
-159
-179
-197
-212
-228
-238
-247
-255
-260
-263
-264
-263
-263
-262
-258
-252
-245
-236
-223
-207
-187
-163
-134
-101
-65
-27
14
56
95
133
166
195
216
229
234
231
218
196
168
134
93
50
6
-38
-82
-121
-154
-181
-202
-216
-220
-219
-209
-194
-173
-146
-117
-85
-51
-18
14
46
75
100
125
143
158
169
176
179
180
176
169
160
148
134
119
102
84
67
49
33
16
0
-14
-29
-42
-54
-64
-73
-80
-87
-91
-94
-95
-94
-91
-87
-82
-74
-67
-59
-49
-43
-35
-29
-24
-20
-17
-17
-17
-19
-23
-27
-31
-36
-42
-47
-51
-55
-58
-60
-60
-58
-57
-53
-50
-44
-37
-32
-24
-16
-8
0
8
17
26
36
47
60
74
89
106
125
144
165
186
207
227
245
263
276
287
295
300
299
295
286
275
259
241
220
195
170
145
120
95
72
49
29
13
-2
-13
-22
-29
-33
-36
-36
-36
-36
-35
-34
-33
-32
-31
-29
-25
-22
-17
-9
1
13
28
44
61
81
100
121
137
155
168
178
184
185
182
176
164
149
133
114
95
76
59
45
33
25
21
20
22
27
35
43
52
59
66
70
72
70
65
58
49
41
32
27
23
22
27
37
53
74
99
129
162
196
230
263
293
319
340
354
361
359
350
334
311
282
250
214
175
134
96
58
24
-7
-33
-55
-73
-86
-95
-100
-102
-103
-101
-98
-95
-93
-91
-90
-90
-91
-93
-95
-99
-101
-101
-102
-101
-99
-94
-88
-80
-69
-58
-45
-32
-17
-3
10
23
38
52
64
78
89
101
112
122
131
137
141
142
140
132
120
105
85
61
35
7
-18
-44
-66
-83
-95
-99
-96
-87
-70
-49
-24
5
34
61
87
106
124
136
145
151
155
162
169
179
194
214
238
266
296
326
353
377
393
398
394
377
350
313
266
213
157
100
46
-3
-48
-86
-116
-143
-167
-188
-212
-239
-274
-314
-362
-417
-476
-536
-593
-645
-686
-711
-718
-709
-677
-626
-557
-475
-384
-286
-189
-99
-16
54
109
151
177
190
191
186
175
162
151
138
129
123
118
113
107
97
83
62
36
2
-36
-79
-123
-166
-205
-239
-265
-281
-286
-283
-268
-247
-219
-186
-153
-121
-92
-65
-44
-29
-20
-16
-16
-19
-23
-29
-33
-38
-39
-41
-40
-38
-35
-34
-34
-35
-37
-41
-49
-58
-68
-79
-92
-105
-119
-130
-141
-153
-162
-171
-178
-183
-191
-196
-199
-205
-209
-214
-219
-224
-230
-235
-243
-251
-260
-270
-281
-293
-303
-315
-324
-331
-336
-336
-333
-324
-310
-291
-268
-238
-205
-170
-132
-94
-55
-17
20
53
84
111
136
156
173
189
200
209
217
222
226
227
229
227
225
223
216
209
203
195
188
182
174
168
162
159
156
154
153
151
149
145
141
134
124
112
97
78
57
32
5
-24
-53
-83
-112
-139
-165
-187
-206
-223
-234
-241
-244
-244
-238
-229
-216
-200
-181
-161
-138
-115
-91
-68
-45
-24
-3
16
34
51
65
82
95
109
123
138
152
164
178
189
197
203
206
206
201
195
185
172
159
146
133
120
112
105
101
100
99
100
99
96
90
79
63
42
15
-15
-47
-81
-115
-147
-175
-196
-212
-222
-224
-221
-212
-199
-183
-164
-145
-127
-108
-90
-72
-54
-36
-16
4
27
50
76
102
127
151
173
190
206
215
220
218
213
202
186
168
147
125
103
82
61
44
28
14
2
-9
-17
-25
-32
-39
-45
-51
-58
-65
-71
-79
-85
-92
-97
-100
-101
-101
-97
-92
-83
-72
-59
-43
-28
-10
7
25
42
56
69
79
88
97
102
106
109
113
115
118
122
124
128
132
134
137
141
143
146
149
153
157
161
165
170
176
183
188
193
196
198
198
194
188
179
167
152
136
115
95
72
49
24
-2
-26
-55
-84
-114
-148
-183
-219
-257
-298
-337
-377
-415
-450
-482
-509
-532
-549
-559
-567
-566
-563
-555
-544
-531
-516
-498
-480
-461
-440
-416
-390
-361
-328
-290
-248
-202
-153
-100
-46
8
61
111
156
197
230
257
278
290
295
297
292
284
275
266
256
247
239
234
232
230
231
232
235
237
239
240
240
239
236
233
230
224
218
212
206
201
196
192
191
190
192
196
202
209
218
227
237
246
254
259
263
262
257
250
241
226
212
194
175
158
141
126
111
98
86
77
69
59
50
40
29
15
-1
-18
-39
-60
-81
-104
-127
-148
-167
-184
-200
-212
-221
-229
-235
-238
-239
-240
-240
-238
-238
-235
-234
-231
-229
-226
-223
-219
-214
-211
-206
-201
-194
-189
-183
-177
-171
-165
-160
-154
-149
-144
-140
-135
-132
-128
-125
-121
-119
-116
-115
-113
-111
-109
-106
-105
-102
-100
-98
-95
-92
-90
-84
-79
-73
-67
-60
-51
-43
-34
-26
-16
-8
0
8
15
23
31
38
48
57
68
82
96
114
132
154
178
202
227
254
280
305
329
351
369
386
398
407
411
410
404
394
380
362
338
311
280
249
214
178
142
109
76
48
24
4
-12
-22
-26
-26
-22
-12
0
12
27
41
55
66
75
81
82
82
79
73
64
54
42
30
19
9
-1
-9
-17
-22
-29
-33
-37
-43
-50
-55
-64
-75
-86
-99
-113
-130
-147
-164
-181
-197
-212
-223
-234
-242
-248
-253
-254
-253
-250
-246
-241
-236
-230
-223
-218
-212
-207
-201
-198
-194
-191
-188
-187
-186
-186
-186
-187
-188
-189
-189
-190
-189
-187
-184
-178
-169
-158
-145
-129
-112
-91
-69
-48
-24
-2
21
43
62
80
96
109
119
127
133
136
138
138
136
134
131
126
123
118
113
109
105
102
99
97
96
95
95
96
95
96
96
97
98
96
94
92
90
85
82
75
68
62
52
43
34
24
12
2
-9
-19
-29
-37
-44
-49
-53
-55
-53
-51
-46
-39
-32
-24
-15
-7
1
11
22
29
37
46
54
62
71
77
86
95
102
110
118
124
131
138
144
149
153
156
157
158
158
155
152
148
141
133
124
112
100
86
72
57
40
23
8
-8
-24
-37
-50
-60
-70
-77
-83
-86
-90
-90
-89
-88
-85
-82
-77
-73
-68
-62
-56
-50
-44
-38
-31
-25
-21
-15
-11
-7
-4
-1
1
1
3
2
0
0
-1
-3
-5
-6
-8
-10
-11
-13
-14
-13
-15
-15
-15
-15
-15
-15
-13
-12
-11
-10
-8
-7
-7
-6
-7
-5
-5
-7
-9
-10
-12
-15
-18
-21
-26
-29
-33
-37
-40
-43
-45
-47
-47
-48
-48
-47
-46
-44
-41
-39
-37
-36
-34
-33
-32
-32
-31
-33
-33
-34
-35
-36
-37
-37
-39
-39
-38
-38
-37
-37
-37
-35
-35
-32
-31
-30
-28
-26
-25
-23
-22
-20
-19
-18
-16
-16
-15
-14
-12
-11
-9
-7
-5
-2
2
5
8
12
14
18
21
23
26
27
28
28
29
27
27
27
25
23
23
21
20
18
17
17
16
14
13
11
9
9
6
5
3
0
-1
-4
-7
-10
-13
-15
-17
-20
-22
-24
-27
-28
-31
-31
-31
-32
-32
-32
-31
-29
-28
-27
-26
-24
-21
-20
-17
-15
-13
-11
-8
-6
-4
-1
2
4
7
9
12
14
17
19
21
23
24
24
24
24
23
20
18
13
9
3
-2
-9
-14
-21
-26
-32
-36
-40
-42
-43
-44
-42
-41
-38
-35
-30
-27
-22
-18
-15
-10
-6
-4
-2
0
0
2
1
1
2
0
1
-1
-2
-1
-3
-3
-4
-3
-4
-2
-2
0
0
-1
-1
-2
-3
-6
-9
-15
-20
-26
-35
-42
-50
-59
-66
-73
-81
-87
-89
-91
-90
-88
-83
-76
-68
-55
-43
-29
-13
3
19
34
49
64
77
89
99
106
112
116
119
119
118
116
111
107
101
95
88
81
73
65
56
50
42
34
27
20
15
9
6
-1
-4
-6
-8
-9
-9
-9
-8
-7
-5
-2
0
3
5
8
11
13
16
17
19
19
20
20
20
20
20
20
20
19
18
19
19
19
21
23
23
24
27
28
30
32
33
35
35
35
35
35
35
34
34
33
34
33
34
33
34
35
36
37
39
42
44
47
50
52
55
57
59
61
63
63
63
62
61
58
55
53
49
44
40
35
30
25
20
15
11
7
2
-2
-5
-8
-11
-13
-15
-16
-18
-18
-19
-18
-17
-17
-15
-15
-12
-13
-12
-10
-9
-9
-8
-7
-7
-7
-7
-8
-8
-9
-10
-12
-13
-15
-18
-19
-23
-26
-28
-31
-33
-36
-39
-42
-45
-47
-50
-52
-54
-56
-58
-59
-59
-59
-59
-58
-58
-58
-56
-54
-53
-51
-50
-49
-47
-45
-43
-41
-39
-38
-36
-34
-33
-30
-29
-26
-23
-21
-19
-17
-16
-13
-13
-11
-10
-9
-9
-10
-9
-8
-8
-8
-8
-8
-6
-5
-5
-3
-2
0
2
4
6
9
12
15
16
19
22
24
25
27
28
28
28
26
27
26
25
24
22
21
19
16
14
13
9
6
2
0
-2
-5
-8
-11
-14
-15
-18
-19
-21
-22
-22
-23
-22
-20
-20
-18
-17
-15
-12
-9
-7
-4
-3
-1
0
1
3
4
4
3
3
1
-1
-1
-3
-6
-6
-8
-8
-8
-9
-8
-6
-5
-3
-1
2
4
8
10
12
15
16
18
20
20
22
23
22
22
22
20
20
19
19
18
18
18
17
17
17
18
19
19
20
20
21
22
22
23
22
23
22
22
21
19
17
15
12
9
7
3
-1
-4
-7
-11
-15
-19
-24
-27
-31
-34
-37
-41
-43
-45
-49
-50
-52
-54
-55
-57
-57
-57
-57
-58
-58
-58
-58
-56
-55
-54
-53
-51
-49
-48
-45
-43
-40
-37
-35
-32
-30
-27
-25
-22
-19
-17
-15
-12
-11
-10
-6
-5
-1
0
2
4
6
8
11
12
15
17
19
20
21
24
25
26
27
27
27
26
27
27
26
25
23
23
22
22
21
21
20
20
20
19
20
20
19
18
18
17
17
16
14
14
13
11
10
9
9
8
7
6
6
6
6
7
9
9
11
12
13
15
17
18
21
23
24
26
27
29
31
32
33
34
35
37
37
39
38
39
38
39
38
38
37
35
33
32
29
27
24
20
17
14
10
5
3
-2
-5
-9
-13
-17
-20
-24
-27
-30
-32
-35
-37
-38
-39
-41
-40
-40
-41
-41
-41
-39
-39
-37
-36
-34
-33
-32
-29
-28
-27
-26
-23
-22
-20
-19
-19
-17
-17
-15
-15
-14
-13
-11
-10
-10
-8
-6
-5
-3
-3
-1
0
2
3
3
5
6
7
8
9
9
9
9
10
10
11
10
8
9
9
7
7
6
6
5
4
4
3
2
2
1
2
0
1
1
0
0
1
1
2
1
2
1
2
2
2
2
2
2
2
1
1
1
1
0
-1
-3
-2
-3
-4
-5
-6
-7
-9
-10
-11
-13
-15
-16
-17
-17
-19
-20
-22
-22
-22
-24
-24
-24
-24
-24
-22
-22
-20
-19
-17
-16
-14
-12
-10
-8
-7
-4
-2
0
0
3
5
5
9
10
11
13
15
17
18
19
22
24
27
29
32
35
38
40
43
46
50
52
54
57
60
62
63
64
64
63
62
60
57
54
50
43
38
31
24
15
7
-1
-11
-22
-31
-41
-51
-61
-70
-79
-86
-92
-98
-103
-107
-109
-112
-111
-111
-109
-106
-103
-98
-93
-87
-82
-76
-69
-61
-55
-48
-41
-35
-29
-23
-17
-12
-6
-1
4
10
15
20
26
31
38
45
51
57
66
73
81
90
99
108
116
125
133
142
149
155
161
166
170
170
171
169
166
161
155
147
136
125
110
97
80
64
48
29
13
-4
-21
-37
-50
-64
-77
-87
-97
-106
-113
-117
-121
-123
-124
-125
-122
-121
-117
-113
-109
-105
-99
-94
-88
-83
-77
-71
-66
-61
-56
-53
-48
-45
-42
-38
-35
-32
-29
-26
-25
-21
-17
-14
-10
-7
-3
1
7
9
13
17
21
24
27
30
31
33
34
35
34
32
31
29
26
23
20
15
11
8
2
-3
-6
-11
-17
-20
-23
-26
-31
-34
-37
-39
-41
-43
-44
-45
-44
-44
-43
-41
-40
-38
-35
-33
-29
-26
-23
-20
-17
-13
-9
-7
-4
0
2
6
9
11
15
18
20
22
25
27
29
30
32
34
34
36
37
38
37
37
36
36
35
35
34
32
31
30
28
26
24
22
20
20
17
15
13
11
9
8
6
4
3
1
-1
-2
-3
-5
-5
-6
-7
-8
-9
-10
-10
-10
-10
-12
-12
-11
-12
-12
-12
-12
-13
-13
-13
-14
-14
-14
-14
-13
-14
-13
-14
-14
-13
-14
-14
-13
-13
-13
-11
-12
-11
-11
-10
-10
-9
-9
-8
-8
-7
-6
-5
-5
-4
-4
-3
-2
-2
-2
-1
0
-1
0
1
1
1
2
2
2
2
1
3
3
3
4
4
5
6
6
7
8
8
9
10
10
11
11
11
11
11
12
11
11
11
10
10
10
10
10
8
9
8
8
8
8
8
8
7
7
6
6
6
6
5
5
5
5
3
3
2
1
1
0
0
-1
-1
-1
-2
-2
-3
-3
-2
-3
-4
-4
-3
-3
-3
-2
-2
-2
-2
-1
-1
-1
-2
-1
-1
-1
1
0
0
1
0
0
0
0
0
-1
-2
-1
-1
-2
-1
-2
-2
-1
-1
0
0
1
1
1
2
3
4
6
6
8
9
9
10
11
11
13
14
14
14
15
15
14
15
15
15
15
14
13
14
13
12
11
11
10
10
9
9
8
7
7
7
6
6
5
5
4
4
3
2
1
2
0
-1
-2
-3
-4
-6
-7
-9
-9
-11
-13
-15
-15
-18
-18
-21
-22
-24
-26
-27
-28
-30
-32
-32
-33
-34
-34
-35
-35
-36
-36
-36
-36
-36
-34
-34
-33
-32
-30
-29
-29
-26
-25
-23
-21
-19
-16
-15
-12
-10
-7
-5
-2
0
2
4
7
9
11
12
14
17
18
19
21
21
22
22
24
23
24
23
24
23
22
22
20
21
18
17
16
14
13
10
9
7
5
3
1
-1
-3
-5
-7
-9
-11
-12
-14
-16
-17
-19
-19
-21
-22
-23
-24
-25
-25
-26
-26
-26
-27
-27
-27
-27
-26
-26
-27
-25
-25
-24
-23
-22
-21
-20
-19
-18
-18
-16
-15
-14
-12
-11
-10
-9
-8
-7
-6
-5
-5
-3
-3
-2
-2
-1
0
1
1
2
2
2
3
3
4
5
5
5
7
5
7
7
8
8
8
9
8
9
9
10
9
9
9
9
10
10
11
10
11
10
11
11
11
11
12
12
12
12
12
12
13
12
13
13
13
14
13
14
14
13
12
13
11
12
12
10
10
9
7
6
4
4
3
1
0
-2
-3
-5
-6
-8
-8
-12
-12
-13
-15
-15
-15
-17
-17
-19
-18
-18
-19
-18
-16
-16
-14
-13
-11
-9
-7
-4
-1
1
5
9
12
15
19
22
24
28
31
33
36
37
39
38
39
39
40
38
37
35
34
30
26
24
21
17
13
8
5
2
-2
-5
-8
-11
-14
-17
-18
-20
-21
-23
-24
-24
-23
-24
-23
-23
-22
-21
-19
-17
-17
-14
-11
-9
-7
-4
-2
-1
2
3
5
8
9
11
13
15
16
17
17
18
18
18
18
17
17
14
13
11
10
8
5
3
0
-1
-3
-6
-8
-11
-13
-15
-17
-17
-18
-19
-20
-20
-20
-19
-19
-18
-17
-18
-15
-13
-12
-11
-9
-6
-4
-2
-1
1
3
5
6
7
9
11
11
12
13
13
14
13
13
12
14
14
13
13
11
11
11
10
11
9
9
10
8
7
7
6
5
4
3
2
2
0
-1
-4
-5
-7
-8
-10
-12
-12
-14
-15
-16
-18
-18
-20
-20
-19
-20
-21
-21
-21
-21
-22
-21
-21
-20
-20
-21
-22
-21
-22
-22
-22
-22
-23
-23
-22
-22
-24
-24
-22
-22
-21
-20
-20
-19
-17
-16
-14
-12
-11
-7
-5
-2
-1
1
4
7
10
12
15
17
21
22
24
25
25
26
26
27
27
26
25
24
23
21
18
16
13
9
8
6
3
1
-1
-3
-3
-4
-6
-5
-5
-6
-6
-4
-4
-2
0
3
3
6
9
11
14
16
19
20
23
25
25
27
29
29
29
29
29
28
27
28
26
24
23
21
20
18
17
15
12
10
8
6
5
1
-1
-4
-7
-9
-10
-13
-15
-17
-20
-21
-22
-24
-24
-25
-25
-24
-25
-23
-23
-23
-22
-20
-21
-19
-17
-15
-14
-12
-9
-5
-1
4
9
15
21
29
37
44
51
58
66
71
76
79
82
82
79
78
73
67
61
53
46
39
32
25
20
16
15
14
16
20
24
29
35
42
48
54
57
59
58
57
51
43
33
20
7
-8
-24
-39
-53
-66
-77
-85
-90
-93
-90
-85
-78
-69
-57
-45
-31
-19
-7
4
10
16
19
18
15
8
0
-11
-24
-36
-52
-65
-77
-90
-101
-109
-116
-121
-122
-123
-121
-117
-112
-106
-99
-90
-82
-75
-65
-55
-46
-35
-25
-16
-5
5
15
27
36
46
57
66
74
82
89
94
98
101
102
104
103
102
100
98
96
94
92
90
89
88
88
87
84
81
77
70
62
50
38
22
3
-17
-41
-66
-92
-119
-145
-172
-195
-216
-237
-251
-263
-270
-274
-273
-268
-262
-251
-240
-226
-211
-197
-183
-169
-157
-145
-136
-129
-123
-117
-113
-110
-107
-104
-102
-98
-95
-91
-84
-78
-72
-63
-54
-45
-36
-27
-19
-11
-3
4
7
11
14
17
19
20
21
23
23
25
27
29
31
36
41
46
51
57
65
71
78
85
92
99
105
109
114
118
121
123
124
125
124
125
124
121
120
118
115
112
109
106
103
99
95
92
88
85
81
79
75
74
71
70
69
68
68
70
71
73
75
78
80
83
85
89
90
91
93
94
92
91
89
86
81
76
71
64
59
51
44
38
31
25
19
13
9
4
1
-2
-4
-6
-9
-11
-11
-13
-11
-11
-12
-12
-11
-10
-9
-8
-6
-4
-3
-1
1
3
4
6
8
11
13
13
15
16
17
17
19
18
17
17
17
15
14
14
13
14
13
14
15
15
16
17
18
18
19
18
18
17
15
15
12
10
6
2
-1
-5
-10
-14
-18
-23
-26
-28
-33
-35
-38
-41
-44
-46
-48
-50
-54
-55
-57
-59
-62
-64
-66
-68
-69
-70
-72
-73
-73
-72
-72
-70
-70
-68
-67
-66
-63
-61
-60
-58
-56
-56
-54
-54
-55
-54
-52
-52
-53
-52
-51
-49
-49
-48
-45
-44
-42
-40
-37
-34
-32
-28
-26
-23
-21
-19
-18
-16
-16
-15
-15
-16
-15
-18
-17
-18
-19
-19
-21
-21
-20
-20
-19
-21
-19
-17
-16
-14
-12
-11
-8
-5
-2
1
5
8
11
15
20
24
29
35
39
44
48
52
55
59
61
62
64
63
61
59
56
52
46
39
32
24
16
6
-2
-11
-21
-30
-39
-47
-55
-62
-68
-72
-76
-79
-84
-85
-86
-86
-86
-86
-86
-85
-84
-81
-80
-79
-77
-75
-73
-70
-69
-66
-64
-63
-60
-57
-54
-52
-49
-47
-46
-45
-44
-44
-44
-45
-47
-49
-53
-56
-59
-64
-67
-72
-76
-79
-81
-80
-81
-79
-75
-68
-61
-50
-39
-24
-6
11
32
53
75
97
120
143
164
184
203
219
232
243
251
253
253
249
242
232
217
200
179
158
135
110
84
59
36
12
-10
-29
-46
-59
-71
-79
-84
-89
-88
-86
-81
-75
-66
-58
-48
-37
-27
-18
-8
1
9
17
24
31
37
41
44
47
50
51
53
53
54
54
54
52
51
48
45
43
39
34
30
25
18
15
7
1
-4
-10
-14
-19
-22
-25
-27
-28
-29
-26
-25
-22
-18
-14
-8
-3
2
8
13
19
23
29
34
37
40
44
47
48
50
52
54
57
58
60
62
65
65
68
70
73
76
80
82
85
88
90
94
96
96
97
97
96
93
92
89
84
81
75
69
62
56
48
41
34
25
17
10
3
-5
-13
-19
-26
-32
-38
-44
-50
-55
-59
-63
-67
-70
-73
-75
-77
-77
-78
-77
-75
-74
-72
-67
-65
-60
-56
-50
-45
-40
-35
-29
-24
-20
-16
-11
-8
-4
-3
-1
1
2
2
1
1
-1
-2
-3
-6
-8
-11
-13
-15
-17
-18
-21
-23
-23
-25
-26
-28
-28
-28
-30
-29
-29
-30
-30
-31
-29
-29
-29
-29
-30
-30
-30
-31
-33
-34
-34
-37
-38
-40
-42
-44
-47
-49
-52
-53
-55
-58
-59
-61
-63
-62
-62
-63
-62
-62
-60
-60
-59
-57
-54
-52
-50
-47
-44
-42
-40
-38
-36
-35
-33
-31
-30
-30
-29
-27
-27
-26
-26
-26
-26
-26
-25
-25
-25
-24
-24
-24
-23
-22
-21
-20
-20
-19
-17
-17
-16
-15
-12
-12
-11
-10
-9
-7
-7
-6
-6
-5
-3
-4
-2
-3
-2
-2
-2
-2
-2
-3
-2
-3
-3
-2
-3
-3
-3
-4
-4
-5
-5
-5
-4
-5
-3
-3
-4
-4
-3
-3
-2
-2
-2
-2
-2
-1
-1
-1
0
1
1
2
3
4
4
6
7
7
9
11
12
13
14
14
15
16
16
17
17
18
18
17
16
17
17
16
15
16
15
15
14
14
13
14
14
13
14
13
13
13
13
13
14
13
13
13
14
14
13
13
13
13
13
13
13
13
13
13
13
13
12
11
12
11
11
10
9
9
9
7
6
6
4
3
3
1
0
0
-2
-3
-4
-6
-7
-8
-9
-9
-10
-11
-11
-11
-12
-13
-15
-15
-15
-15
-15
-15
-15
-14
-15
-14
-12
-11
-10
-8
-6
-3
-1
1
5
9
12
17
21
26
31
36
41
46
52
57
62
67
72
76
79
83
86
87
90
89
89
87
85
82
79
73
66
59
53
45
36
28
18
10
1
-8
-16
-24
-33
-40
-46
-52
-57
-62
-65
-68
-70
-70
-71
-71
-71
-70
-68
-66
-65
-62
-61
-59
-57
-55
-54
-52
-52
-50
-49
-49
-48
-48
-48
-48
-47
-47
-46
-45
-42
-39
-36
-30
-27
-22
-15
-9
-2
6
14
23
32
42
51
61
70
79
87
95
102
108
113
116
119
120
120
118
115
112
105
99
91
82
73
63
52
41
31
19
9
0
-11
-20
-29
-36
-43
-49
-54
-59
-61
-65
-67
-68
-67
-67
-67
-65
-65
-64
-62
-61
-59
-58
-56
-55
0
0
0
0
0
0
0
0
0
0
0
0
0
0
0
0
0
0
0
0
0
0
0
0
0
0
0
0
0
0
0
0
0
0
0
0
0
0
0
0
0
0
0
0
0
0
0
0
0
0
0
0
0
0
0
0
0
0
0
0
0
0
0
0
0
0
0
0
0
0
0
0
0
0
0
0
0
0
0
0
0
0
0
0
0
0
0
0
0
0
0
0
0
0
0
0
0
0
0
0
0
0
0
0
0
0
0
0
0
0
0
0
0
0
0
0
0
0
0
0
0
0
0
0
0
0
0
0
0
0
0
0
0
0
0
0
0
0
0
0
0
0
0
0
0
0
0
0
0
0
0
0
0
0
0
0
0
0
0
0
0
0
0
0
0
0
0
0
0
0
0
0
0
0
0
0
0
0
0
0
0
0
0
0
0
0
0
0
0
0
0
0
0
0
0
0
0
0
