0
0
0
0
0
0
0
0
0
0
0
0
0
0
0
0
0
0
0
0
0
0
0
0
0
0
0
0
0
0
0
0
0
0
0
0
0
0
0
0
0
0
0
0
0
0
0
0
0
0
0
0
0
0
0
0
0
0
0
0
0
0
0
0
0
0
0
0
0
0
0
0
0
0
0
0
0
0
0
0
0
0
0
0
0
0
0
0
0
0
0
0
0
0
0
0
0
0
0
0
0
0
0
0
0
0
0
0
0
0
0
0
0
0
0
0
0
0
0
0
0
0
0
0
0
0
0
0
0
0
0
0
0
0
0
0
0
0
0
0
0
0
0
0
0
0
0
0
0
0
0
0
0
0
0
0
0
0
0
0
0
0
0
0
0
0
0
0
0
0
0
0
0
0
0
0
0
0
0
0
0
0
0
0
0
0
0
0
0
0
0
0
0
0
0
0
0
0
-18
-22
-24
-28
-31
-34
-36
-38
-40
-41
-42
-43
-43
-43
-44
-42
-40
-39
-36
-34
-30
-26
-22
-18
-14
-9
-3
3
9
15
20
26
33
38
44
52
56
62
66
72
76
81
83
85
88
89
89
89
89
86
84
80
76
71
65
58
51
44
35
26
16
5
-5
-15
-27
-36
-48
-58
-69
-79
-88
-96
-105
-112
-119
-125
-129
-132
-135
-137
-136
-135
-132
-128
-123
-117
-110
-101
-91
-82
-69
-56
-45
-32
-18
-4
10
24
37
51
64
78
90
100
110
120
128
135
142
145
149
152
152
151
149
145
140
134
127
119
109
98
88
75
63
50
37
22
9
-4
-19
-31
-44
-57
-68
-80
-91
-100
-107
-116
-122
-127
-130
-134
-135
-135
-134
-131
-128
-123
-117
-110
-102
-94
-84
-74
-63
-52
-40
-29
-18
-5
7
18
29
39
49
59
67
75
82
88
93
97
101
101
102
103
102
100
97
93
89
85
77
72
65
57
50
42
35
28
20
13
8
1
-5
-10
-14
-19
-23
-26
-28
-29
-30
-30
-29
-28
-26
-25
-21
-19
-16
-13
-10
-7
-4
0
2
3
6
8
10
10
10
10
8
8
6
2
0
-2
-7
-12
-15
-20
-26
-30
-34
-40
-45
-49
-53
-58
-61
-64
-66
-68
-70
-69
-69
-67
-66
-64
-61
-57
-53
-48
-42
-37
-32
-25
-19
-11
-5
2
9
16
23
27
35
41
46
49
55
57
60
62
65
65
64
65
64
61
58
55
50
45
40
36
28
22
16
9
2
-4
-12
-19
-25
-33
-40
-45
-50
-57
-61
-64
-68
-71
-73
-75
-74
-74
-74
-72
-69
-67
-63
-59
-54
-48
-43
-37
-31
-24
-17
-10
-3
3
10
17
23
29
34
40
44
49
52
54
57
60
61
62
63
63
61
62
61
59
57
54
52
51
48
46
44
41
40
38
36
34
35
34
32
31
31
30
29
29
29
29
30
29
28
28
28
26
24
23
22
18
17
14
10
7
4
-1
-5
-11
-15
-20
-26
-30
-36
-41
-46
-50
-56
-60
-63
-66
-69
-72
-74
-74
-75
-75
-74
-71
-70
-66
-62
-58
-52
-47
-41
-35
-30
-20
-13
-6
0
8
15
22
28
34
40
45
50
53
58
60
62
64
65
65
63
63
60
57
55
51
46
44
38
33
28
22
16
11
5
0
-5
-11
-16
-20
-25
-30
-34
-36
-40
-43
-46
-46
-48
-50
-49
-49
-50
-48
-47
-47
-46
-42
-40
-39
-37
-32
-30
-27
-23
-20
-19
-15
-10
-9
-6
-3
0
2
5
7
8
11
14
15
15
19
21
18
20
25
24
21
26
29
25
26
32
31
29
34
37
34
37
43
43
41
48
52
49
53
60
62
60
66
72
70
70
76
79
76
76
80
78
73
73
72
67
60
58
53
44
36
29
19
9
0
-11
-24
-35
-45
-58
-70
-80
-92
-101
-111
-120
-128
-134
-140
-145
-149
-151
-152
-149
-148
-145
-139
-134
-127
-119
-109
-99
-88
-77
-64
-52
-40
-27
-15
-4
7
18
28
38
46
55
62
67
72
75
77
78
79
78
76
72
70
66
59
54
48
42
34
27
20
13
5
-3
-9
-16
-24
-31
-33
-40
-47
-52
-53
-57
-63
-65
-64
-64
-69
-69
-62
-63
-67
-64
-56
-55
-57
-52
-41
-40
-41
-35
-23
-22
-23
-15
-2
-2
-4
5
19
17
14
24
36
33
27
39
50
44
40
51
58
50
46
57
62
54
53
62
64
55
58
65
64
62
66
68
65
68
73
71
73
81
86
82
86
96
97
91
99
110
107
103
110
118
109
102
108
109
98
91
94
88
71
60
52
39
21
7
-4
-19
-38
-55
-72
-92
-112
-128
-142
-156
-168
-178
-188
-201
-209
-214
-216
-216
-211
-203
-195
-188
-180
-167
-154
-138
-121
-98
-75
-55
-38
-17
2
16
33
54
76
90
102
116
125
127
130
137
141
138
137
138
132
117
106
98
86
70
63
56
39
20
8
-4
-23
-38
-43
-51
-66
-77
-82
-91
-103
-107
-108
-107
-111
-110
-108
-106
-106
-104
-99
-91
-83
-78
-71
-59
-51
-52
-45
-32
-21
-19
-10
5
10
7
12
23
30
32
37
47
51
49
48
54
61
62
58
62
70
68
60
64
73
71
60
64
77
71
57
63
76
69
58
69
80
68
57
70
81
74
75
94
102
91
87
103
113
112
120
140
149
145
145
153
154
150
149
156
165
160
147
139
125
97
69
58
55
40
14
-11
-42
-88
-133
-157
-167
-185
-211
-232
-255
-288
-322
-336
-335
-340
-342
-333
-322
-317
-313
-301
-285
-265
-236
-198
-157
-119
-88
-64
-41
-14
19
57
96
133
157
167
178
189
198
206
218
226
221
212
203
189
168
148
133
113
91
74
56
26
-4
-27
-47
-71
-89
-99
-116
-139
-154
-161
-168
-174
-172
-175
-184
-188
-179
-168
-163
-150
-134
-131
-135
-124
-102
-92
-84
-64
-43
-40
-41
-26
-11
-9
-9
7
25
32
35
43
46
37
31
43
61
73
76
78
76
66
62
72
86
98
105
109
104
96
93
98
99
101
113
125
120
112
113
110
94
97
126
146
140
138
148
141
122
136
177
197
190
198
221
217
204
220
245
241
225
238
260
253
231
215
190
142
106
107
116
97
51
-3
-68
-138
-182
-190
-190
-212
-261
-315
-369
-415
-439
-438
-425
-428
-440
-445
-440
-432
-423
-401
-367
-333
-298
-247
-193
-154
-133
-106
-65
-16
40
102
152
177
186
196
221
255
288
314
323
315
299
283
275
274
270
251
228
203
174
132
91
63
41
15
-4
-19
-57
-120
-176
-199
-199
-193
-184
-183
-220
-283
-324
-312
-271
-234
-204
-192
-216
-259
-269
-229
-177
-137
-109
-87
-87
-101
-96
-64
-33
-15
8
41
61
54
46
49
50
55
84
128
143
123
97
84
80
98
144
176
165
131
106
96
102
135
173
173
140
113
104
101
113
144
159
140
121
124
132
132
140
158
165
165
179
201
208
202
208
227
249
273
292
287
257
237
250
285
316
320
282
199
117
85
112
155
161
105
-9
-143
-239
-256
-213
-174
-199
-291
-415
-517
-564
-544
-489
-454
-475
-533
-582
-592
-568
-519
-463
-420
-399
-379
-337
-279
-230
-187
-145
-95
-33
39
107
152
168
173
191
238
306
365
388
368
326
296
297
332
374
381
341
268
192
144
140
163
168
132
66
-17
-100
-147
-144
-127
-136
-174
-221
-284
-350
-376
-352
-325
-319
-322
-331
-358
-391
-384
-338
-292
-259
-225
-201
-205
-207
-176
-124
-78
-36
5
26
26
33
60
89
113
136
152
152
143
143
154
160
162
163
159
145
129
128
138
148
148
140
126
107
93
100
127
151
155
142
126
110
102
120
160
195
201
192
181
170
169
199
247
280
284
275
272
279
300
337
366
359
325
305
325
365
393
382
322
225
143
133
192
248
220
103
-59
-203
-268
-227
-141
-119
-223
-405
-571
-649
-624
-533
-455
-471
-585
-714
-766
-721
-618
-516
-464
-476
-519
-526
-461
-350
-246
-178
-145
-122
-84
-16
67
137
182
213
246
294
348
387
396
389
387
404
437
459
455
418
365
325
311
311
300
269
215
151
96
57
23
-24
-74
-111
-145
-188
-231
-272
-325
-379
-401
-383
-365
-383
-419
-445
-459
-454
-408
-339
-298
-307
-325
-306
-253
-186
-116
-57
-35
-47
-44
10
90
151
173
168
152
145
172
231
278
272
224
174
162
194
240
266
245
187
127
107
139
190
213
187
133
90
84
110
147
166
149
112
88
95
126
158
169
158
148
153
173
187
200
213
231
257
296
331
326
276
228
241
320
418
471
433
304
147
64
123
279
391
345
143
-107
-281
-299
-167
-6
18
-164
-451
-666
-712
-610
-456
-372
-447
-651
-841
-880
-766
-601
-491
-486
-565
-656
-664
-555
-390
-258
-209
-221
-234
-200
-109
8
108
164
188
207
245
299
351
383
405
428
456
476
475
455
429
413
423
437
424
374
305
241
208
209
209
161
65
-33
-90
-105
-105
-118
-174
-279
-383
-420
-388
-353
-365
-419
-489
-545
-553
-493
-413
-379
-405
-441
-441
-397
-320
-235
-175
-157
-158
-138
-78
4
74
115
127
130
144
183
233
275
292
281
257
239
244
264
279
277
260
236
207
175
160
165
172
170
158
142
117
87
72
85
111
120
110
100
97
96
102
123
152
169
169
173
185
202
225
261
304
330
317
276
250
278
353
425
447
393
270
139
109
213
355
384
252
30
-166
-243
-164
-2
73
-59
-339
-579
-646
-546
-392
-312
-392
-605
-811
-858
-728
-545
-450
-494
-617
-715
-706
-577
-401
-279
-271
-328
-359
-305
-181
-48
42
78
80
86
128
208
288
336
358
377
401
422
431
437
447
463
480
486
467
415
357
326
337
360
349
277
160
55
13
37
66
38
-66
-210
-325
-355
-303
-242
-260
-370
-501
-571
-550
-463
-375
-357
-424
-515
-535
-459
-332
-229
-193
-218
-257
-245
-156
-29
73
107
85
59
74
139
228
298
314
278
236
226
257
304
334
326
285
241
217
221
238
242
224
193
167
156
157
155
149
144
138
134
132
133
132
134
146
172
195
200
188
179
193
230
277
316
331
323
303
291
304
342
395
435
437
404
347
284
247
267
337
385
336
200
51
-44
-62
-11
52
28
-126
-337
-478
-487
-414
-353
-374
-491
-658
-777
-774
-670
-568
-558
-638
-734
-773
-726
-618
-504
-445
-456
-494
-492
-422
-309
-204
-136
-106
-95
-81
-37
43
133
198
228
239
242
253
282
330
375
396
389
360
331
318
326
339
335
301
244
182
138
120
112
81
15
-68
-137
-178
-200
-218
-256
-323
-400
-452
-465
-459
-460
-480
-510
-536
-541
-512
-469
-438
-424
-408
-375
-329
-275
-217
-167
-129
-91
-39
21
70
106
137
174
210
241
270
286
291
296
312
336
345
326
300
288
298
313
315
293
256
223
212
224
239
238
211
176
154
157
175
184
181
172
164
162
176
200
213
203
191
203
239
273
294
302
294
272
260
285
340
382
386
356
303
239
200
233
317
352
273
127
14
-27
-11
33
58
-4
-165
-331
-392
-347
-290
-299
-374
-482
-587
-641
-608
-529
-493
-536
-610
-651
-639
-591
-521
-455
-422
-430
-448
-430
-363
-276
-196
-138
-109
-104
-101
-64
17
111
171
185
179
174
191
237
301
353
363
332
294
285
311
348
367
349
301
244
207
205
220
214
158
78
16
-13
-26
-43
-76
-131
-205
-260
-273
-266
-280
-320
-350
-363
-370
-370
-348
-317
-303
-300
-279
-235
-190
-151
-109
-65
-28
9
56
112
158
181
197
224
261
294
314
320
320
316
313
318
331
334
311
278
264
271
274
255
225
206
203
210
213
200
169
141
142
170
192
176
135
109
123
156
175
169
148
126
119
143
189
209
189
163
173
204
216
206
206
227
251
267
261
218
154
132
190
269
265
159
36
-23
-14
23
51
25
-83
-231
-319
-299
-242
-241
-314
-413
-496
-542
-540
-499
-472
-505
-574
-614
-603
-566
-532
-498
-467
-457
-462
-455
-408
-339
-275
-228
-195
-175
-167
-145
-86
0
66
87
75
67
84
130
193
245
253
219
187
193
229
258
262
247
220
186
157
150
154
127
70
22
9
-9
-63
-126
-164
-186
-217
-249
-270
-303
-351
-378
-362
-333
-338
-364
-374
-352
-312
-267
-223
-193
-186
-183
-152
-86
-10
39
51
43
43
66
109
158
192
191
162
139
148
181
212
219
200
169
157
178
211
221
205
185
182
194
208
217
214
205
199
201
205
201
185
173
177
188
187
164
139
130
138
153
162
153
132
119
129
157
187
198
187
162
155
178
218
250
262
249
208
159
147
193
254
257
184
85
24
18
43
62
43
-33
-142
-221
-232
-206
-203
-248
-313
-371
-413
-433
-422
-400
-401
-431
-458
-459
-445
-427
-396
-355
-325
-319
-320
-301
-255
-199
-147
-109
-89
-82
-68
-31
26
81
112
118
115
119
143
180
221
239
225
202
193
203
216
224
219
197
159
125
107
104
96
77
40
-11
-57
-82
-91
-100
-120
-152
-196
-232
-241
-226
-215
-222
-239
-248
-245
-228
-196
-161
-141
-138
-129
-106
-69
-32
1
27
41
48
59
83
113
140
151
145
137
142
160
172
174
171
169
162
157
159
169
174
170
159
149
145
151
164
167
155
138
124
126
139
150
145
121
97
94
109
124
123
108
93
88
97
109
118
120
117
112
116
134
154
163
156
145
147
162
184
204
203
173
130
109
136
184
191
133
52
4
5
24
29
3
-62
-145
-201
-204
-184
-192
-242
-302
-342
-365
-376
-374
-364
-369
-389
-409
-412
-400
-382
-355
-323
-299
-292
-294
-279
-237
-181
-138
-114
-102
-95
-77
-37
11
50
68
73
81
93
115
147
174
183
174
166
169
182
188
189
184
171
149
126
117
119
106
68
25
2
-7
-24
-52
-84
-118
-153
-171
-168
-168
-195
-234
-250
-236
-220
-217
-218
-215
-213
-201
-172
-135
-116
-113
-103
-74
-42
-19
0
14
24
30
41
55
59
59
73
94
93
62
34
39
70
91
89
72
50
28
27
56
95
111
95
76
79
99
114
125
139
154
154
147
151
164
172
176
185
194
188
177
182
204
217
209
191
180
191
220
244
243
211
179
181
218
261
272
237
174
126
129
181
222
196
107
15
-20
-3
21
13
-38
-119
-198
-242
-241
-228
-247
-296
-351
-388
-411
-420
-411
-394
-391
-408
-427
-426
-404
-373
-335
-298
-272
-264
-262
-239
-184
-120
-73
-52
-45
-37
-14
30
87
126
134
125
124
140
169
200
220
218
198
179
184
200
210
199
177
154
134
117
109
104
82
37
-8
-27
-28
-40
-73
-115
-155
-182
-191
-185
-186
-219
-261
-273
-250
-229
-229
-238
-236
-223
-206
-180
-149
-125
-112
-100
-73
-38
-10
10
36
61
82
96
114
139
157
168
181
200
208
203
202
217
235
235
222
215
217
214
208
209
208
194
171
161
167
174
167
147
129
120
119
133
148
144
119
103
120
152
164
156
154
167
178
184
199
224
238
226
210
210
231
260
282
272
215
143
128
190
255
230
114
7
-29
-5
22
18
-35
-137
-240
-278
-252
-228
-263
-336
-395
-427
-447
-454
-445
-434
-447
-474
-485
-473
-459
-443
-411
-365
-335
-336
-341
-311
-249
-188
-144
-115
-97
-87
-65
-15
52
101
121
124
131
146
173
212
249
261
244
224
219
227
232
233
224
200
160
122
101
86
57
19
-13
-43
-86
-137
-179
-206
-228
-248
-272
-304
-349
-385
-386
-364
-350
-365
-391
-398
-379
-345
-307
-275
-262
-257
-239
-193
-135
-91
-67
-45
-14
21
59
97
130
150
164
187
215
236
244
254
267
278
278
274
273
276
277
275
269
255
236
223
221
224
216
198
178
164
158
156
159
158
151
145
147
152
158
166
182
196
203
205
222
257
284
282
259
249
277
332
378
368
289
193
168
244
339
334
202
40
-40
-19
39
56
-5
-135
-276
-359
-353
-308
-304
-368
-465
-544
-583
-587
-561
-528
-520
-550
-591
-601
-570
-519
-464
-412
-376
-365
-366
-342
-270
-179
-103
-63
-49
-35
-7
42
116
191
238
244
230
235
272
323
362
377
366
344
325
318
324
330
322
291
241
186
150
132
113
69
5
-53
-99
-142
-190
-235
-267
-302
-347
-391
-422
-444
-466
-476
-467
-459
-468
-482
-469
-430
-390
-362
-329
-287
-248
-215
-174
-110
-41
6
33
68
123
179
219
250
287
320
333
341
367
404
425
417
398
390
396
405
405
396
371
343
323
316
311
299
285
279
268
235
202
203
238
268
259
226
209
224
259
297
319
314
305
327
380
418
402
360
349
391
458
499
477
374
242
185
269
405
419
239
-3
-136
-116
-31
9
-50
-215
-430
-577
-573
-474
-430
-511
-657
-774
-820
-811
-760
-695
-673
-715
-771
-772
-708
-630
-562
-490
-418
-382
-379
-349
-257
-130
-28
33
71
96
117
162
250
351
414
417
391
379
391
430
481
512
491
427
362
334
339
342
330
286
210
115
41
8
-9
-50
-110
-173
-249
-349
-442
-478
-469
-474
-524
-601
-676
-732
-750
-712
-643
-612
-654
-716
-722
-651
-554
-476
-427
-397
-385
-367
-303
-188
-73
-13
0
11
56
122
191
258
312
333
321
309
335
397
447
448
414
385
377
379
383
392
397
372
320
271
259
280
302
299
265
222
196
204
237
278
303
300
282
277
303
353
402
442
475
501
507
492
477
488
533
592
628
619
536
384
247
245
386
504
414
125
-159
-271
-219
-129
-107
-204
-427
-700
-865
-824
-673
-621
-751
-930
-1006
-995
-985
-964
-877
-774
-763
-822
-815
-700
-585
-521
-430
-272
-151
-155
-188
-95
113
282
341
359
388
406
419
501
649
741
694
591
556
590
622
626
620
590
502
392
328
321
307
241
149
71
1
-79
-157
-216
-267
-332
-405
-463
-506
-560
-627
-677
-690
-686
-690
-709
-732
-744
-731
-689
-627
-576
-549
-533
-497
-434
-351
-264
-186
-130
-92
-54
10
95
179
237
274
303
327
353
393
445
482
483
466
460
474
492
501
498
483
455
426
415
422
430
421
402
380
360
344
343
364
393
410
413
415
422
436
461
504
555
591
610
639
683
707
679
633
625
678
754
802
777
631
384
177
183
386
541
414
30
-362
-559
-541
-408
-286
-316
-586
-996
-1284
-1266
-1034
-843
-844
-1001
-1195
-1327
-1314
-1140
-898
-747
-752
-814
-806
-700
-547
-389
-235
-110
-33
22
101
206
301
373
458
570
667
701
677
644
635
662
720
771
759
655
510
403
373
383
378
326
215
62
-94
-198
-234
-237
-262
-335
-447
-576
-695
-776
-790
-747
-701
-711
-788
-887
-946
-927
-842
-734
-660
-644
-669
-693
-676
-596
-472
-351
-277
-255
-248
-216
-153
-67
25
105
160
185
197
211
240
282
328
366
386
386
369
346
328
338
380
427
439
398
339
306
318
353
392
423
431
402
340
298
320
393
458
474
456
436
433
440
450
470
502
540
573
601
610
581
513
446
430
487
579
638
587
394
119
-80
-68
123
289
228
-73
-434
-656
-671
-546
-408
-376
-506
-745
-956
-1019
-928
-784
-699
-704
-748
-762
-712
-621
-539
-488
-439
-344
-194
-37
61
76
44
31
86
211
358
451
440
344
243
204
235
301
351
349
291
205
136
112
122
138
135
118
101
92
83
61
28
1
-3
16
40
44
17
-32
-74
-91
-82
-66
-67
-94
-136
-171
-188
-192
-201
-223
-257
-291
-310
-311
-303
-306
-325
-349
-355
-339
-310
-288
-278
-270
-255
-227
-193
-157
-130
-107
-84
-51
-11
30
66
94
116
136
156
181
211
242
264
270
266
261
262
270
277
279
270
252
229
210
197
185
176
164
150
133
113
91
77
69
63
57
51
45
35
24
16
15
21
30
36
36
35
36
46
65
84
99
104
106
110
118
132
150
167
170
157
138
132
143
161
167
155
128
103
89
90
96
90
64
29
1
-9
-8
-9
-26
-54
-83
-102
-102
-89
-84
-93
-114
-135
-141
-129
-114
-104
-111
-128
-141
-139
-124
-107
-103
-109
-119
-120
-108
-89
-74
-70
-72
-73
-64
-47
-28
-16
-14
-19
-19
-8
12
28
32
25
18
17
28
44
55
54
45
36
35
38
42
40
33
19
6
-3
-7
-11
-21
-36
-53
-65
-70
-72
-77
-86
-95
-102
-102
-100
-95
-91
-94
-96
-95
-88
-77
-66
-61
-61
-61
-59
-51
-40
-30
-26
-26
-28
-27
-20
-14
-9
-6
-8
-9
-10
-6
0
1
0
-2
-3
2
10
17
18
19
20
29
41
53
58
58
59
64
75
89
97
99
94
89
90
99
104
106
101
91
85
83
83
80
74
66
58
50
44
37
33
28
20
10
-1
-11
-18
-24
-28
-33
-42
-53
-65
-75
-79
-81
-86
-94
-103
-111
-116
-115
-113
-115
-121
-126
-129
-124
-115
-107
-105
-106
-107
-103
-95
-83
-75
-70
-68
-64
-57
-50
-44
-42
-40
-36
-27
-18
-14
-13
-15
-15
-12
-3
7
11
9
7
8
15
24
32
33
31
30
34
43
51
54
50
45
45
50
59
63
62
52
43
41
46
56
60
54
44
37
34
40
47
48
45
37
34
32
35
35
31
23
18
18
22
24
17
6
-4
-7
-3
4
9
6
-2
-9
-9
-3
6
12
13
11
12
17
25
33
40
39
38
39
48
64
79
83
77
66
63
75
96
113
115
99
80
70
78
96
107
101
81
58
47
52
64
71
60
40
19
14
28
45
49
35
11
-3
4
25
41
42
25
6
-4
2
14
19
12
-2
-12
-12
-6
-6
-18
-41
-59
-61
-39
-14
-2
-24
-68
-107
-111
-73
-16
20
8
-42
-96
-112
-81
-23
20
27
-3
-45
-67
-58
-25
7
19
5
-19
-32
-22
4
23
19
-5
-29
-27
3
38
52
29
-11
-39
-32
3
42
52
30
-12
-46
-48
-20
16
35
23
-12
-46
-56
-39
-12
3
-5
-26
-48
-56
-58
-62
-77
-91
-91
-77
-63
-68
-100
-138
-162
-151
-111
-65
-38
-41
-61
-77
-74
-47
-8
26
45
52
50
48
45
41
36
33
42
57
67
53
16
-26
-55
-52
-29
-11
-15
-41
-73
-92
-93
-79
-64
-57
-58
-65
-72
-70
-57
-31
2
30
45
43
37
42
65
105
146
179
201
211
213
214
217
225
237
253
266
269
264
247
219
187
152
124
106
96
77
40
-19
-90
-150
-188
-205
-216
-235
-266
-300
-326
-343
-353
-360
-363
-357
-334
-295
-251
-214
-192
-181
-170
-144
-99
-42
15
59
94
123
149
175
191
197
197
203
222
248
263
254
220
172
133
106
90
76
50
9
-44
-102
-150
-184
-204
-220
-242
-268
-286
-289
-276
-258
-253
-266
-283
-281
-247
-184
-118
-73
-57
-56
-51
-27
6
33
42
30
22
37
74
113
122
78
1
-65
-79
-39
17
35
-3
-73
-116
-105
-51
-4
1
-24
-41
-13
50
108
124
99
79
108
189
283
337
319
253
193
192
260
364
452
494
498
502
535
601
664
691
677
656
671
734
813
854
822
736
645
580
526
433
257
13
-223
-376
-428
-429
-467
-591
-785
-976
-1100
-1141
-1136
-1128
-1136
-1137
-1093
-992
-849
-712
-616
-563
-522
-445
-304
-114
86
250
359
428
490
567
649
709
727
707
676
662
669
680
660
588
464
315
174
64
-12
-70
-136
-216
-303
-376
-422
-444
-467
-513
-583
-649
-676
-645
-565
-471
-393
-342
-305
-263
-203
-134
-70
-22
13
49
91
133
156
143
89
11
-68
-131
-173
-202
-233
-270
-307
-335
-347
-349
-348
-353
-359
-355
-333
-294
-248
-208
-173
-141
-97
-36
42
126
207
281
349
417
489
562
624
673
704
723
731
730
713
676
626
579
550
551
579
625
678
723
755
772
775
774
783
803
828
853
887
944
1010
1024
904
591
120
-386
-785
-999
-1054
-1049
-1071
-1147
-1244
-1323
-1387
-1466
-1584
-1727
-1838
-1842
-1693
-1407
-1056
-735
-513
-390
-314
-221
-87
63
194
295
403
565
794
1041
1225
1288
1224
1082
930
813
733
664
575
457
329
217
129
49
-67
-243
-462
-672
-814
-860
-833
-781
-751
-744
-744
-723
-669
-599
-536
-486
-432
-354
-236
-85
63
179
250
281
289
288
278
249
188
103
7
-82
-157
-224
-294
-373
-459
-532
-580
-598
-595
-586
-571
-544
-495
-422
-341
-269
-216
-177
-134
-71
18
126
241
349
451
548
642
728
794
832
842
840
843
854
868
863
836
792
746
710
682
662
649
644
656
689
742
816
900
984
1057
1111
1153
1194
1235
1235
1123
837
385
-140
-603
-922
-1103
-1213
-1311
-1402
-1454
-1453
-1423
-1412
-1461
-1570
-1697
-1775
-1742
-1577
-1318
-1030
-764
-529
-297
-47
201
400
513
547
555
601
723
901
1080
1205
1256
1248
1210
1156
1071
927
714
457
216
34
-76
-139
-198
-280
-389
-503
-601
-671
-724
-777
-835
-880
-880
-819
-702
-560
-421
-296
-175
-55
57
152
216
248
260
264
273
288
294
275
226
152
63
-33
-139
-257
-380
-495
-582
-632
-646
-634
-615
-596
-577
-549
-507
-454
-395
-335
-269
-190
-90
28
150
260
352
430
497
557
607
646
669
679
679
683
696
718
738
739
716
678
633
591
551
511
478
461
469
507
569
652
744
843
948
1051
1146
1227
1299
1359
1380
1306
1089
719
257
-199
-577
-868
-1107
-1312
-1467
-1548
-1553
-1507
-1452
-1418
-1435
-1503
-1583
-1614
-1561
-1437
-1286
-1127
-940
-698
-404
-91
192
413
554
626
666
716
788
859
899
906
905
922
954
964
919
798
609
385
162
-36
-208
-362
-512
-653
-752
-790
-776
-745
-731
-739
-751
-747
-718
-677
-632
-588
-532
-447
-315
-149
16
147
231
284
324
345
333
281
199
98
-6
-96
-171
-239
-316
-408
-499
-566
-605
-631
-655
-680
-695
-692
-664
-609
-529
-442
-359
-277
-184
-74
40
138
217
289
362
437
508
574
635
681
710
730
756
784
799
791
761
730
698
662
617
574
546
534
536
556
595
660
741
830
924
1023
1122
1210
1285
1342
1363
1295
1079
716
274
-155
-523
-843
-1129
-1367
-1523
-1590
-1580
-1512
-1410
-1313
-1271
-1288
-1314
-1291
-1222
-1147
-1087
-1012
-877
-678
-429
-143
154
419
609
730
834
941
1021
1033
982
906
839
791
755
725
684
601
472
327
195
75
-60
-225
-402
-564
-693
-779
-816
-816
-797
-773
-731
-655
-549
-439
-348
-276
-213
-153
-99
-40
23
85
134
176
225
281
323
331
307
254
175
72
-50
-183
-321
-462
-589
-686
-740
-763
-761
-736
-686
-621
-549
-474
-397
-325
-266
-214
-153
-77
7
89
173
271
374
467
545
613
669
704
715
714
715
718
716
705
693
685
675
658
637
619
605
599
598
605
623
658
715
794
882
975
1073
1177
1275
1354
1399
1380
1250
972
574
145
-252
-617
-971
-1297
-1541
-1674
-1718
-1692
-1593
-1442
-1306
-1237
-1208
-1149
-1051
-972
-946
-931
-868
-749
-593
-389
-126
165
412
598
772
956
1114
1182
1155
1083
994
886
764
657
570
471
339
204
108
44
-34
-150
-287
-419
-547
-667
-761
-818
-851
-880
-888
-843
-740
-612
-491
-370
-242
-121
-23
49
110
153
163
148
140
141
139
117
86
59
29
-24
-99
-182
-278
-396
-525
-639
-720
-784
-836
-862
-842
-783
-710
-627
-527
-417
-322
-247
-171
-87
-10
45
92
157
239
318
383
453
529
592
627
648
669
682
671
643
612
589
561
526
494
476
468
461
470
502
542
590
655
746
850
942
1028
1126
1228
1306
1341
1336
1263
1071
741
347
-30
-379
-743
-1113
-1416
-1607
-1713
-1764
-1736
-1606
-1441
-1327
-1264
-1173
-1025
-897
-849
-839
-794
-711
-627
-523
-343
-94
145
326
506
735
967
1121
1174
1178
1155
1080
948
805
683
548
370
187
57
-13
-77
-159
-241
-309
-374
-450
-514
-558
-602
-663
-719
-729
-683
-615
-539
-439
-312
-175
-44
83
199
272
281
256
236
219
179
108
38
-14
-62
-116
-161
-191
-236
-318
-415
-489
-540
-603
-684
-753
-779
-773
-754
-705
-609
-489
-378
-276
-155
-13
107
182
233
291
351
392
415
450
492
523
537
555
597
640
659
660
662
666
653
627
597
571
542
514
502
512
534
572
641
746
863
974
1095
1228
1346
1415
1433
1404
1286
1029
654
256
-116
-490
-888
-1254
-1513
-1667
-1760
-1783
-1689
-1499
-1322
-1213
-1111
-949
-774
-682
-670
-653
-599
-554
-523
-434
-247
-27
147
307
530
802
1021
1141
1204
1242
1225
1122
975
832
680
476
244
55
-61
-143
-232
-312
-354
-371
-391
-414
-420
-425
-460
-519
-563
-562
-538
-512
-477
-407
-306
-187
-61
76
202
282
311
317
319
300
235
136
36
-56
-148
-239
-314
-372
-436
-512
-577
-608
-622
-649
-685
-704
-696
-680
-661
-621
-548
-463
-387
-302
-186
-56
53
137
219
309
386
432
462
491
514
520
514
518
536
553
558
561
570
585
592
588
576
563
556
551
539
532
553
612
692
774
866
989
1127
1239
1305
1334
1313
1184
915
560
198
-159
-553
-971
-1335
-1587
-1752
-1863
-1882
-1772
-1588
-1424
-1296
-1130
-909
-716
-624
-591
-545
-491
-474
-470
-401
-260
-119
-10
133
364
627
829
960
1067
1153
1170
1099
990
872
710
477
229
36
-103
-231
-358
-443
-472
-471
-464
-440
-393
-354
-350
-365
-370
-364
-375
-401
-416
-395
-347
-284
-198
-88
28
127
216
307
386
420
396
338
256
153
22
-121
-260
-392
-525
-640
-710
-732
-734
-726
-698
-639
-564
-496
-434
-370
-304
-253
-220
-185
-134
-79
-34
12
77
166
254
330
402
476
538
578
597
606
608
597
568
537
510
493
481
476
478
492
519
547
567
583
616
680
762
836
906
997
1105
1197
1251
1273
1255
1138
890
561
230
-91
-451
-852
-1214
-1473
-1651
-1780
-1821
-1735
-1573
-1429
-1313
-1139
-892
-674
-558
-502
-431
-359
-339
-343
-293
-183
-88
-31
68
272
514
698
821
941
1054
1099
1062
993
912
772
551
308
116
-26
-170
-317
-424
-465
-470
-460
-420
-350
-281
-241
-219
-182
-137
-115
-124
-141
-144
-132
-108
-75
-33
10
46
82
132
187
223
220
189
140
77
-4
-103
-215
-333
-456
-572
-657
-705
-728
-739
-732
-691
-620
-539
-457
-366
-270
-184
-117
-54
16
81
126
153
185
230
273
307
343
392
440
475
500
531
563
585
585
577
575
576
570
557
550
556
567
574
582
607
659
727
794
864
958
1064
1149
1188
1192
1155
1037
804
493
166
-159
-514
-894
-1230
-1469
-1632
-1742
-1770
-1679
-1513
-1352
-1210
-1029
-792
-577
-448
-371
-293
-228
-216
-233
-211
-142
-87
-68
-15
125
309
458
570
684
793
843
824
777
718
603
411
190
4
-144
-286
-424
-516
-549
-543
-514
-448
-343
-231
-146
-85
-27
28
53
40
9
-20
-47
-75
-90
-81
-59
-34
-10
29
81
120
126
102
58
-4
-95
-210
-334
-460
-587
-707
-793
-830
-833
-815
-774
-697
-592
-481
-376
-273
-173
-93
-42
-1
43
80
97
102
117
151
187
215
247
293
338
370
398
430
464
480
477
469
468
470
468
463
467
481
500
520
540
575
628
697
769
843
927
1022
1106
1160
1178
1158
1073
887
608
287
-39
-379
-745
-1092
-1371
-1566
-1697
-1753
-1699
-1545
-1359
-1190
-1011
-782
-541
-355
-241
-155
-82
-53
-71
-80
-44
-1
3
-2
50
167
288
374
448
526
582
584
553
521
466
344
165
-7
-140
-253
-367
-462
-507
-500
-461
-388
-270
-121
19
129
225
321
396
425
408
367
317
254
187
128
84
44
4
-25
-27
-18
-22
-50
-94
-144
-206
-289
-384
-482
-580
-680
-759
-797
-794
-769
-726
-656
-554
-430
-306
-188
-74
25
99
154
200
240
262
257
243
241
248
255
257
267
283
300
315
337
364
389
403
407
418
441
464
486
506
531
562
598
631
657
685
726
780
842
906
974
1051
1118
1157
1166
1141
1055
872
600
282
-42
-378
-737
-1086
-1373
-1582
-1724
-1786
-1733
-1575
-1377
-1184
-969
-702
-417
-182
-21
96
186
222
204
177
173
163
111
48
40
97
170
217
255
301
337
339
319
293
244
138
-19
-169
-280
-365
-450
-524
-557
-534
-467
-362
-213
-36
135
280
410
537
641
687
670
612
534
435
319
198
88
-15
-114
-193
-235
-251
-269
-301
-337
-366
-397
-443
-503
-570
-641
-715
-775
-803
-797
-773
-735
-673
-575
-451
-321
-196
-79
24
104
162
208
238
242
220
182
149
122
96
69
44
31
31
41
66
99
137
174
214
261
313
366
412
451
489
532
574
615
645
665
686
723
779
839
896
951
1004
1042
1057
1041
982
849
625
329
11
-305
-631
-964
-1271
-1513
-1678
-1767
-1760
-1645
-1455
-1243
-1029
-786
-503
-227
-12
136
238
299
303
268
231
198
139
49
-29
-49
-17
19
41
65
99
124
130
127
118
78
-12
-131
-231
-300
-352
-407
-443
-435
-376
-277
-141
28
212
382
526
657
770
845
853
799
704
587
451
297
144
-1
-136
-254
-341
-386
-407
-424
-444
-456
-456
-458
-469
-490
-514
-545
-580
-600
-597
-572
-540
-500
-437
-348
-247
-146
-49
43
121
180
222
253
270
262
231
190
151
116
77
39
11
-1
0
14
44
89
140
195
252
319
391
458
516
570
620
665
705
732
748
754
759
773
799
833
866
896
927
952
961
942
878
751
547
281
-13
-311
-611
-909
-1184
-1406
-1555
-1624
-1601
-1485
-1300
-1086
-863
-621
-353
-89
131
286
381
419
410
363
303
234
142
27
-82
-145
-156
-137
-118
-101
-75
-43
-12
17
37
30
-17
-90
-158
-202
-227
-250
-266
-256
-205
-109
21
175
338
489
617
727
814
867
860
792
677
538
381
214
45
-114
-255
-370
-449
-489
-499
-496
-487
-471
-447
-422
-410
-414
-432
-454
-475
-487
-489
-477
-455
-422
-374
-303
-221
-137
-60
9
70
116
148
165
165
149
119
81
48
17
-11
-36
-50
-50
-40
-17
19
72
134
201
270
339
406
466
516
562
601
631
647
653
657
657
652
642
637
641
654
669
689
712
733
738
721
674
588
444
237
-14
-280
-542
-795
-1034
-1238
-1387
-1468
-1475
-1397
-1244
-1047
-842
-635
-419
-194
13
170
266
303
290
242
175
103
22
-86
-206
-304
-350
-349
-328
-298
-264
-224
-173
-114
-51
-2
13
-11
-51
-79
-90
-96
-106
-107
-84
-27
64
180
305
423
526
613
684
730
731
680
581
458
326
188
39
-113
-256
-374
-458
-504
-518
-514
-505
-491
-462
-418
-374
-346
-341
-349
-361
-369
-374
-377
-380
-380
-373
-347
-300
-243
-186
-137
-92
-47
-5
29
51
59
52
39
26
17
10
3
-4
-1
14
44
85
134
191
251
315
380
444
498
543
577
604
625
639
642
640
633
620
602
584
572
568
572
584
602
627
649
665
668
652
601
499
338
129
-102
-338
-569
-787
-979
-1138
-1247
-1288
-1248
-1131
-968
-791
-614
-427
-230
-38
126
240
294
291
251
196
137
64
-33
-150
-257
-323
-339
-323
-296
-267
-233
-186
-120
-39
31
70
74
60
54
60
68
66
53
45
62
112
186
267
340
405
468
537
602
645
645
601
521
423
317
199
64
-89
-248
-386
-487
-550
-579
-589
-583
-555
-508
-439
-362
-291
-239
-212
-201
-197
-199
-212
-237
-269
-299
-317
-317
-299
-266
-224
-182
-137
-88
-36
11
49
74
91
102
110
115
116
121
124
131
144
165
196
234
276
323
372
423
468
506
542
570
596
613
621
623
620
612
596
572
542
513
490
479
481
491
507
519
528
536
531
487
387
230
34
-176
-381
-575
-762
-932
-1072
-1159
-1170
-1103
-983
-844
-707
-566
-404
-225
-56
73
143
160
138
104
66
18
-59
-163
-271
-351
-385
-384
-366
-347
-320
-277
-210
-123
-36
33
76
97
112
126
137
135
119
96
84
91
121
161
207
253
300
349
397
437
450
435
391
327
247
153
44
-74
-194
-307
-403
-476
-526
-554
-567
-563
-541
-507
-469
-430
-398
-371
-351
-336
-329
-327
-330
-336
-337
-334
-325
-311
-292
-267
-234
-196
-152
-108
-67
-29
6
42
75
105
128
143
156
169
185
203
223
242
264
289
320
354
388
417
441
461
480
499
515
527
530
527
520
515
510
501
480
450
419
394
381
377
378
378
371
359
347
335
313
263
173
49
-91
-232
-362
-478
-586
-684
-770
-821
-819
-763
-676
-580
-491
-400
-298
-183
-71
18
67
77
61
38
16
-13
-61
-132
-209
-265
-292
-291
-277
-258
-235
-194
-132
-51
34
104
153
182
205
229
247
251
238
216
194
188
194
211
229
246
263
284
310
334
350
345
322
279
219
150
71
-18
-115
-212
-304
-379
-430
-464
-480
-483
-473
-449
-413
-367
-322
-285
-256
-236
-222
-213
-210
-215
-228
-242
-255
-258
-253
-241
-224
-203
-173
-136
-93
-48
-7
32
69
107
146
182
213
239
259
276
295
315
333
346
356
361
370
382
395
410
423
434
443
449
456
460
459
449
428
399
366
333
304
273
242
211
187
175
177
188
199
204
204
200
199
193
169
117
41
-48
-140
-224
-302
-379
-457
-522
-561
-562
-528
-475
-417
-359
-294
-218
-135
-58
-1
25
28
13
-3
-21
-51
-94
-147
-197
-230
-241
-238
-225
-207
-185
-151
-104
-47
7
53
87
110
128
143
152
150
137
119
102
91
85
84
85
87
93
102
113
121
118
103
77
43
4
-40
-88
-140
-192
-239
-278
-305
-324
-335
-345
-349
-347
-338
-324
-307
-294
-282
-270
-258
-245
-230
-219
-211
-205
-198
-189
-180
-170
-163
-156
-148
-136
-121
-102
-82
-62
-39
-12
16
49
81
112
141
171
200
228
252
273
288
299
307
313
315
314
310
305
302
301
301
299
293
283
270
255
238
219
195
170
143
115
92
73
56
45
37
37
43
56
72
88
106
123
133
133
121
95
58
12
-39
-89
-141
-189
-231
-261
-275
-273
-259
-236
-208
-172
-132
-91
-53
-22
-3
5
4
-3
-13
-29
-51
-75
-97
-112
-120
-121
-117
-109
-100
-85
-66
-43
-19
1
16
27
34
39
40
37
27
15
2
-9
-14
-13
-11
-5
3
14
30
47
58
63
58
46
29
6
-20
-54
-91
-127
-157
-179
-192
-199
-202
-202
-194
-181
-166
-152
-145
-142
-141
-143
-145
-147
-152
-159
-164
-166
-162
-154
-145
-135
-122
-107
-86
-63
-41
-18
3
24
47
70
93
115
135
153
170
185
197
206
211
211
209
204
201
197
194
195
196
200
204
209
211
213
215
214
209
203
194
184
174
166
157
148
137
128
122
118
117
119
122
125
135
145
156
168
177
183
186
184
179
168
150
127
100
70
40
14
-10
-30
-47
-58
-63
-61
-53
-41
-29
-18
-8
-1
3
6
4
-3
-13
-26
-42
-55
-69
-83
-95
-109
-117
-127
-134
-139
-144
-148
-150
-151
-148
-143
-137
-130
-122
-112
-103
-94
-83
-74
-67
-62
-57
-51
-46
-43
-42
-42
-45
-49
-54
-59
-65
-69
-74
-79
-81
-82
-81
-80
-80
-85
-88
-95
-102
-110
-121
-134
-147
-160
-170
-179
-188
-194
-197
-197
-192
-184
-172
-161
-149
-138
-127
-115
-106
-98
-90
-83
-77
-70
-63
-53
-42
-30
-17
-2
14
29
45
61
74
88
99
109
114
117
118
116
114
114
113
114
115
118
122
128
135
141
148
151
155
155
154
151
147
143
137
130
123
116
109
103
100
96
93
91
87
85
84
84
82
82
81
82
82
83
86
86
86
83
81
75
67
57
44
31
18
7
-4
-15
-24
-31
-37
-42
-45
-47
-50
-53
-58
-61
-65
-70
-78
-87
-95
-104
-113
-122
-133
-143
-152
-159
-162
-165
-165
-165
-164
-158
-150
-142
-132
-123
-117
-112
-107
-103
-100
-99
-98
-98
-95
-92
-86
-79
-71
-62
-51
-41
-30
-22
-14
-8
-3
0
2
2
2
2
-1
-3
-6
-9
-11
-14
-19
-23
-25
-28
-30
-32
-33
-34
-34
-32
-31
-29
-27
-23
-20
-15
-11
-6
-2
5
10
17
25
33
41
48
57
64
72
80
87
92
98
102
107
110
113
117
120
123
125
127
128
128
129
129
128
127
126
125
124
122
122
120
118
116
114
112
110
107
106
105
107
106
107
108
108
107
105
103
99
94
90
84
78
74
68
63
60
56
54
52
51
52
51
51
51
51
51
50
49
47
45
42
38
33
27
20
12
4
-5
-14
-22
-30
-37
-43
-49
-56
-61
-65
-69
-73
-77
-81
-84
-86
-89
-91
-95
-97
-99
-102
-106
-109
-113
-117
-120
-122
-123
-125
-127
-127
-126
-125
-122
-118
-113
-109
-103
-97
-90
-83
-78
-72
-67
-63
-61
-57
-56
-52
-49
-46
-41
-36
-31
-25
-18
-13
-5
2
7
14
19
22
25
29
30
29
29
27
23
21
20
18
17
17
17
19
21
23
24
25
24
23
22
21
18
17
15
14
13
12
11
12
13
14
16
19
21
24
27
29
31
33
34
34
33
32
31
30
28
27
27
28
28
30
32
33
35
37
37
36
34
32
29
25
22
18
14
11
9
5
3
2
1
-1
-1
-1
-1
-4
-5
-7
-9
-12
-16
-19
-23
-26
-29
-32
-35
-37
-38
-37
-38
-35
-34
-33
-32
-30
-28
-28
-27
-28
-27
-29
-29
-31
-33
-34
-36
-38
-40
-40
-41
-41
-42
-41
-40
-40
-38
-37
-35
-36
-34
-34
-33
-33
-32
-31
-31
-30
-30
-30
-30
-30
-30
-29
-27
-27
-26
-25
-24
-22
-19
-18
-15
-13
-10
-7
-3
1
3
8
12
15
18
22
24
28
30
32
33
35
37
39
39
41
42
44
46
47
48
49
51
51
52
51
51
49
46
45
42
39
37
34
32
30
28
27
26
25
24
25
25
25
25
24
24
22
19
17
15
14
12
10
9
8
9
9
10
11
12
13
16
17
18
21
21
24
24
25
25
25
24
24
23
23
24
24
24
25
25
26
27
27
0
0
0
0
0
0
0
0
0
0
0
0
0
0
0
0
0
0
0
0
0
0
0
0
0
0
0
0
0
0
0
0
0
0
0
0
0
0
0
0
0
0
0
0
0
0
0
0
0
0
0
0
0
0
0
0
0
0
0
0
0
0
0
0
0
0
0
0
0
0
0
0
0
0
0
0
0
0
0
0
0
0
0
0
0
0
0
0
0
0
0
0
0
0
0
0
0
0
0
0
0
0
0
0
0
0
0
0
0
0
0
0
0
0
0
0
0
0
0
0
0
0
0
0
0
0
0
0
0
0
0
0
0
0
0
0
0
0
0
0
0
0
0
0
0
0
0
0
0
0
0
0
0
0
0
0
0
0
0
0
0
0
0
0
0
0
0
0
0
0
0
0
0
0
0
0
0
0
0
0
0
0
0
0
0
0
0
0
0
0
0
0
0
0
0
0
0
0
