0
0
0
0
0
0
0
0
0
0
0
0
0
0
0
0
0
0
0
0
0
0
0
0
0
0
0
0
0
0
0
0
0
0
0
0
0
0
0
0
0
0
0
0
0
0
0
0
0
0
0
0
0
0
0
0
0
0
0
0
0
0
0
0
0
0
0
0
0
0
0
0
0
0
0
0
0
0
0
0
0
0
0
0
0
0
0
0
0
0
0
0
0
0
0
0
0
0
0
0
0
0
0
0
0
0
0
0
0
0
0
0
0
0
0
0
0
0
0
0
0
0
0
0
0
0
0
0
0
0
0
0
0
0
0
0
0
0
0
0
0
0
0
0
0
0
0
0
0
0
0
0
0
0
0
0
0
0
0
0
0
0
0
0
0
0
0
0
0
0
0
0
0
0
0
0
0
0
0
0
0
0
0
0
0
0
0
0
0
0
0
0
0
0
0
0
0
0
-3
-9
-16
-21
-29
-35
-42
-48
-55
-61
-66
-72
-77
-81
-85
-87
-90
-92
-93
-95
-93
-93
-90
-89
-87
-82
-79
-74
-69
-64
-58
-52
-46
-40
-34
-28
-21
-14
-8
-1
4
10
16
20
27
31
37
41
45
49
52
55
58
60
61
62
62
61
60
59
55
52
48
43
38
31
24
17
10
2
-5
-12
-20
-27
-33
-40
-46
-50
-54
-57
-59
-61
-60
-59
-58
-53
-50
-44
-38
-32
-25
-16
-9
-1
9
18
27
36
45
54
62
71
79
86
93
98
105
111
115
119
124
128
131
135
137
140
141
142
143
146
145
146
145
144
142
140
138
132
128
121
114
107
96
85
74
61
47
32
15
-4
-21
-39
-60
-80
-100
-120
-140
-161
-178
-197
-214
-229
-243
-255
-264
-272
-277
-281
-281
-280
-275
-268
-259
-248
-233
-217
-201
-182
-163
-140
-119
-97
-73
-50
-27
-4
17
38
59
78
96
113
128
142
155
165
174
179
184
188
189
190
188
184
179
172
164
154
141
130
115
101
83
64
48
28
9
-11
-31
-51
-71
-91
-112
-130
-147
-164
-179
-193
-205
-215
-223
-229
-234
-235
-234
-231
-227
-218
-208
-196
-181
-165
-147
-128
-107
-86
-64
-41
-19
3
26
50
71
91
110
130
146
160
175
186
197
205
212
216
218
219
218
215
210
204
197
186
176
165
153
140
126
113
98
84
71
58
45
33
22
12
4
-3
-8
-13
-16
-16
-17
-14
-10
-6
0
9
17
26
36
47
58
68
77
88
96
102
107
113
115
116
114
109
103
94
85
72
58
42
23
5
-15
-37
-58
-79
-101
-123
-142
-160
-178
-193
-207
-220
-229
-236
-241
-242
-242
-238
-233
-226
-216
-203
-190
-175
-158
-141
-123
-104
-85
-65
-48
-28
-10
6
22
37
51
64
76
85
95
102
109
114
120
121
123
125
124
122
119
115
111
104
97
89
80
70
60
48
36
23
9
-4
-19
-35
-49
-63
-79
-91
-105
-118
-128
-139
-147
-153
-158
-163
-163
-163
-160
-156
-149
-139
-129
-117
-103
-86
-70
-51
-32
-13
6
26
45
64
84
103
119
134
150
164
175
186
193
200
205
208
209
208
205
201
196
189
181
171
161
149
137
123
110
95
82
68
54
41
27
14
3
-8
-17
-26
-34
-39
-43
-47
-47
-48
-46
-43
-39
-33
-26
-20
-12
-3
6
14
22
31
37
44
48
53
56
56
56
54
50
43
37
28
17
6
-6
-19
-35
-49
-65
-80
-95
-109
-123
-136
-147
-157
-166
-173
-178
-182
-183
-184
-182
-178
-173
-167
-160
-150
-140
-130
-119
-107
-95
-83
-72
-62
-49
-38
-30
-21
-11
-3
3
9
16
21
25
30
33
37
40
43
45
48
50
53
55
56
58
60
61
61
60
60
58
56
53
50
45
41
34
27
20
12
4
-6
-15
-23
-33
-41
-50
-59
-66
-73
-79
-84
-88
-91
-92
-93
-91
-88
-84
-80
-74
-66
-59
-49
-40
-29
-19
-7
4
15
27
39
49
60
70
78
88
95
102
109
113
117
121
123
123
125
125
122
120
118
114
111
106
101
96
90
83
76
69
62
56
48
42
36
30
24
18
14
8
5
3
1
-1
-3
-3
-3
-3
-3
-1
0
1
4
5
7
10
11
12
12
12
12
11
10
8
4
1
-3
-8
-13
-18
-24
-30
-36
-42
-48
-54
-59
-64
-69
-74
-78
-82
-84
-86
-87
-88
-88
-88
-85
-84
-82
-79
-75
-72
-68
-64
-59
-54
-50
-44
-39
-34
-29
-24
-19
-13
-8
-3
2
7
14
19
25
29
36
39
45
49
53
58
61
64
66
68
69
70
70
68
67
65
63
59
57
52
46
41
35
30
23
17
10
4
-2
-9
-15
-21
-26
-31
-36
-40
-45
-47
-50
-51
-54
-54
-53
-54
-52
-50
-49
-46
-44
-40
-37
-33
-29
-24
-19
-15
-10
-6
-2
4
9
14
18
22
28
32
36
40
44
46
49
51
54
55
56
56
55
55
53
52
47
46
42
37
34
30
24
20
14
9
4
0
-5
-10
-14
-16
-21
-23
-25
-26
-29
-28
-27
-26
-24
-21
-19
-15
-12
-8
-3
1
5
10
15
17
21
24
26
29
30
31
32
30
27
26
23
19
15
10
4
0
-6
-12
-19
-25
-31
-38
-44
-49
-54
-60
-63
-67
-71
-72
-74
-76
-77
-74
-75
-75
-71
-69
-66
-63
-59
-55
-51
-47
-42
-37
-32
-28
-23
-19
-14
-10
-6
-1
3
6
10
15
18
21
26
30
32
36
39
41
42
46
47
47
49
50
49
48
48
47
44
42
40
36
32
29
23
18
14
8
3
-3
-8
-14
-19
-23
-27
-34
-38
-40
-44
-48
-47
-50
-52
-52
-50
-50
-49
-46
-43
-41
-38
-33
-30
-26
-21
-16
-14
-9
-3
1
5
10
14
17
22
25
28
30
34
36
38
40
41
42
43
43
43
42
43
42
40
39
39
37
35
34
32
30
28
26
24
20
19
17
14
12
11
9
8
6
5
5
4
4
4
4
5
5
5
7
9
10
12
13
15
16
17
19
22
22
23
24
25
26
26
26
26
25
25
23
21
19
17
15
12
10
8
5
2
-1
-4
-7
-9
-12
-14
-16
-18
-20
-22
-22
-22
-23
-23
-23
-23
-23
-21
-21
-20
-19
-18
-17
-15
-14
-13
-12
-10
-10
-9
-7
-6
-6
-7
-6
-5
-6
-6
-5
-6
-6
-6
-7
-7
-8
-8
-8
-9
-9
-10
-10
-10
-11
-11
-12
-12
-11
-13
-13
-14
-14
-15
-16
-16
-16
-16
-17
-15
-16
-17
-17
-16
-18
-17
-16
-16
-16
-15
-13
-13
-13
-11
-11
-10
-8
-7
-5
-5
-3
-1
-1
0
1
3
3
3
6
7
7
8
9
9
9
11
12
12
12
13
14
13
14
16
16
16
18
20
18
19
20
21
21
21
22
23
21
21
23
21
22
22
22
21
20
19
19
18
17
16
17
15
14
15
15
13
13
14
12
10
10
10
9
8
6
5
4
4
2
0
-1
-1
-4
-6
-7
-9
-11
-14
-15
-17
-19
-22
-24
-24
-27
-28
-29
-31
-32
-33
-33
-35
-36
-36
-35
-35
-34
-33
-32
-32
-31
-29
-28
-27
-24
-22
-22
-20
-19
-16
-16
-14
-11
-9
-10
-8
-4
-3
-6
-2
1
-1
-3
3
5
0
0
8
6
0
3
10
5
0
5
10
6
1
7
11
4
-1
7
11
2
-1
10
8
-2
2
12
3
-4
6
9
-4
-4
8
2
-8
-3
6
-4
-10
0
2
-8
-10
2
-1
-11
-4
3
-5
-9
1
2
-5
-3
5
2
-1
5
7
4
8
11
9
10
15
15
12
17
20
16
17
23
21
17
22
27
21
22
28
26
22
26
30
26
23
31
32
26
29
37
33
30
36
40
34
36
42
39
35
40
42
38
38
42
38
34
37
38
30
28
31
27
21
20
20
14
8
8
4
-3
-5
-5
-13
-20
-19
-23
-31
-33
-32
-41
-46
-42
-44
-53
-52
-49
-53
-59
-53
-50
-57
-56
-47
-49
-55
-45
-38
-44
-43
-32
-29
-33
-27
-18
-19
-21
-11
-7
-11
-7
1
1
-2
4
8
4
3
11
10
4
6
12
8
3
8
10
3
0
4
4
-5
-3
1
-5
-10
-6
-6
-12
-13
-9
-13
-17
-14
-15
-19
-19
-18
-19
-22
-18
-18
-24
-22
-18
-21
-24
-20
-17
-24
-22
-15
-16
-20
-16
-11
-15
-15
-9
-7
-10
-6
-1
-1
0
4
5
4
10
13
11
15
21
20
18
26
27
24
26
32
30
26
29
33
29
29
32
30
29
31
29
28
30
30
28
30
34
31
32
36
37
35
39
45
42
43
47
51
50
52
56
56
56
57
56
54
55
52
47
46
43
35
27
25
18
7
0
-4
-14
-26
-33
-39
-49
-60
-67
-70
-78
-86
-90
-91
-97
-102
-100
-98
-101
-101
-96
-90
-87
-85
-77
-68
-65
-61
-50
-40
-36
-32
-21
-14
-12
-7
2
6
5
9
15
15
13
14
12
10
8
7
2
-1
-2
-7
-16
-16
-18
-27
-31
-29
-33
-41
-43
-39
-41
-48
-47
-42
-44
-48
-44
-35
-34
-40
-33
-25
-28
-31
-20
-10
-16
-16
-3
-1
-10
-8
3
3
-2
7
14
8
1
6
9
5
8
17
20
16
16
16
13
14
23
30
32
36
41
38
31
38
47
45
50
69
72
58
60
69
63
57
78
94
87
84
94
90
77
83
100
109
114
121
125
119
113
116
127
138
146
154
162
157
144
138
140
143
145
151
152
136
111
92
75
61
53
48
37
13
-20
-54
-82
-105
-122
-132
-143
-162
-189
-217
-239
-255
-260
-259
-253
-248
-249
-254
-252
-244
-232
-209
-176
-145
-124
-105
-83
-64
-45
-12
25
56
80
100
114
121
130
146
161
169
172
172
164
149
133
120
106
91
76
56
33
7
-22
-46
-66
-84
-101
-116
-129
-146
-163
-173
-178
-182
-181
-176
-171
-167
-161
-156
-148
-135
-121
-109
-92
-75
-65
-57
-45
-36
-30
-19
-3
4
7
9
7
3
4
6
11
17
16
7
3
0
-4
-3
10
18
14
16
22
18
15
31
47
52
60
73
77
72
76
86
91
99
112
120
121
119
117
115
116
123
133
140
143
142
141
138
138
148
159
168
180
193
197
195
199
203
201
207
224
233
229
222
206
177
151
140
137
125
106
74
24
-32
-76
-106
-127
-148
-176
-219
-271
-321
-359
-381
-387
-391
-399
-411
-424
-436
-437
-420
-394
-361
-326
-294
-264
-234
-203
-163
-113
-60
-9
39
78
107
132
162
199
235
267
288
294
290
283
281
283
282
273
252
222
188
153
123
99
70
34
1
-30
-69
-105
-134
-159
-184
-199
-209
-222
-240
-254
-261
-262
-254
-239
-223
-213
-208
-199
-183
-161
-137
-115
-96
-78
-60
-41
-22
-5
3
9
19
33
49
59
66
64
50
40
44
57
65
72
73
63
44
38
47
57
66
78
83
77
71
68
68
73
86
104
114
117
111
102
97
105
119
135
150
154
149
144
150
160
173
190
206
215
221
232
242
253
269
286
296
299
296
294
302
317
325
313
278
231
189
176
187
193
160
85
-12
-97
-138
-132
-117
-141
-220
-328
-422
-467
-457
-424
-413
-451
-518
-571
-584
-553
-498
-453
-434
-437
-432
-398
-342
-278
-219
-174
-132
-86
-31
25
75
116
155
197
245
287
313
324
328
337
357
378
380
359
324
292
275
271
258
227
169
104
53
28
17
-6
-51
-114
-178
-222
-233
-229
-239
-271
-314
-349
-361
-348
-325
-311
-318
-329
-328
-308
-275
-241
-218
-204
-191
-167
-132
-95
-67
-49
-30
-11
14
39
61
74
83
93
107
118
121
122
124
126
135
141
137
122
110
110
118
128
131
119
98
89
94
109
116
113
101
89
91
111
129
131
119
109
110
129
159
182
184
173
167
176
196
220
242
261
273
279
277
263
245
247
281
329
354
323
238
144
99
134
211
251
190
38
-124
-205
-178
-91
-43
-111
-279
-453
-537
-502
-409
-356
-400
-525
-646
-683
-623
-520
-453
-460
-518
-560
-534
-447
-342
-268
-245
-245
-229
-174
-92
-9
56
96
123
154
192
232
272
314
350
378
392
383
365
354
364
387
399
376
325
265
227
218
218
198
143
74
16
-16
-29
-53
-106
-172
-220
-236
-239
-252
-291
-345
-386
-387
-354
-332
-344
-378
-397
-380
-332
-285
-268
-282
-291
-251
-174
-106
-83
-102
-123
-99
-15
87
142
122
64
37
76
165
246
265
218
154
130
157
207
238
232
198
163
148
148
145
139
135
140
142
130
103
75
69
98
139
153
128
87
71
103
171
225
227
185
149
164
231
308
350
341
305
287
305
345
380
396
402
401
386
346
291
244
242
281
314
275
148
-11
-114
-112
-37
6
-62
-242
-433
-525
-485
-386
-344
-421
-578
-709
-731
-644
-533
-487
-532
-615
-654
-606
-493
-382
-322
-321
-334
-317
-246
-145
-48
16
48
65
90
136
193
258
315
353
367
363
359
368
396
434
461
452
409
356
324
324
340
342
300
220
136
87
77
76
50
-19
-113
-194
-229
-229
-235
-276
-343
-411
-451
-453
-430
-420
-439
-471
-486
-476
-444
-401
-366
-344
-327
-300
-261
-217
-169
-120
-72
-31
6
38
68
100
140
180
211
225
231
237
247
265
281
287
272
251
236
233
237
240
229
202
168
143
134
140
145
143
125
98
78
72
84
103
119
122
116
111
120
141
168
189
200
206
224
260
298
315
304
278
271
308
375
422
404
320
223
185
230
313
344
262
101
-45
-92
-45
17
4
-117
-294
-428
-455
-404
-362
-399
-509
-630
-696
-682
-623
-576
-581
-627
-669
-669
-618
-537
-463
-417
-397
-383
-352
-290
-203
-111
-37
5
28
55
101
170
248
310
340
344
342
356
392
437
470
474
445
405
378
380
403
414
386
319
235
176
161
178
175
114
7
-101
-162
-162
-141
-160
-240
-351
-436
-456
-426
-396
-412
-479
-549
-572
-535
-470
-426
-424
-446
-454
-419
-344
-266
-212
-187
-173
-143
-87
-14
53
98
123
140
166
203
247
285
307
312
307
304
308
320
334
338
325
298
271
254
250
255
253
237
204
174
161
165
175
174
161
143
132
143
166
184
191
187
185
197
222
258
289
311
318
313
303
304
331
384
429
429
373
289
236
253
321
368
327
194
42
-39
-21
41
57
-32
-199
-352
-416
-386
-336
-349
-444
-573
-666
-680
-635
-587
-581
-622
-677
-702
-675
-607
-533
-479
-457
-454
-444
-398
-315
-214
-129
-81
-66
-54
-9
73
169
244
275
272
268
296
355
418
454
451
422
397
393
408
426
428
402
354
297
248
218
206
195
164
97
6
-79
-126
-133
-132
-166
-247
-349
-424
-439
-412
-393
-422
-493
-560
-576
-531
-466
-429
-441
-474
-477
-426
-338
-255
-210
-199
-189
-149
-73
13
82
118
134
153
189
243
298
333
345
338
332
337
355
374
379
363
329
293
274
273
280
275
243
195
151
135
150
169
165
130
84
64
85
130
160
152
120
102
123
174
222
238
231
224
239
270
294
299
299
312
337
348
322
268
225
230
272
293
244
132
21
-27
-5
29
4
-101
-243
-344
-369
-342
-332
-385
-489
-588
-636
-628
-594
-580
-605
-649
-683
-680
-638
-579
-528
-501
-491
-478
-443
-380
-298
-218
-162
-130
-107
-70
-6
75
153
204
221
226
244
290
353
403
421
403
377
371
392
423
436
412
356
300
270
264
264
242
183
103
29
-16
-34
-49
-88
-157
-239
-305
-337
-341
-345
-373
-426
-480
-508
-497
-465
-442
-444
-461
-467
-443
-387
-325
-277
-251
-236
-208
-154
-81
-10
38
66
83
113
163
223
273
297
296
291
301
332
364
378
365
338
315
310
319
324
315
288
256
229
214
211
213
211
196
169
141
130
142
168
186
180
154
135
144
184
226
244
240
227
227
245
267
283
297
311
319
304
266
225
217
249
284
267
181
69
0
6
49
56
-18
-153
-271
-316
-290
-259
-290
-386
-496
-561
-560
-523
-503
-524
-574
-619
-630
-599
-547
-499
-471
-465
-462
-445
-400
-323
-239
-176
-145
-134
-112
-59
26
114
172
190
190
204
252
321
377
398
386
369
371
397
427
434
408
367
332
315
307
291
255
201
141
90
50
16
-23
-73
-133
-193
-246
-287
-315
-339
-371
-412
-453
-477
-479
-468
-457
-456
-464
-460
-437
-394
-347
-306
-279
-253
-214
-159
-99
-42
1
35
70
112
159
205
244
271
289
301
313
332
355
372
374
359
339
326
325
332
332
312
276
245
230
231
236
221
193
166
156
162
172
171
158
145
146
162
180
188
189
195
211
228
232
224
221
240
279
303
285
230
178
174
220
265
248
160
47
-18
-6
39
47
-26
-153
-266
-308
-291
-268
-297
-382
-482
-547
-557
-537
-521
-535
-575
-614
-631
-616
-578
-530
-495
-481
-477
-470
-435
-367
-283
-213
-177
-166
-152
-104
-21
67
129
151
152
162
207
275
334
358
349
331
329
352
382
392
373
334
296
273
265
254
222
173
117
65
26
-6
-41
-87
-141
-198
-246
-281
-309
-336
-367
-406
-440
-461
-465
-459
-455
-460
-467
-460
-437
-403
-365
-335
-308
-278
-238
-188
-137
-88
-45
-2
42
84
126
166
206
243
273
296
311
326
347
368
381
376
361
347
347
355
354
336
304
275
264
265
266
250
222
198
191
201
210
209
197
187
192
208
225
238
247
257
270
276
275
274
287
316
342
335
293
241
219
242
280
283
218
110
27
9
42
63
17
-93
-214
-281
-278
-246
-251
-316
-416
-499
-525
-500
-469
-469
-505
-555
-584
-574
-532
-481
-445
-435
-438
-435
-402
-339
-260
-194
-160
-148
-132
-87
-10
75
139
165
172
184
227
292
354
389
391
374
367
380
413
442
443
407
352
305
289
298
302
267
187
92
28
11
17
2
-64
-168
-264
-304
-293
-276
-299
-372
-458
-504
-490
-443
-414
-428
-472
-503
-487
-425
-356
-313
-305
-309
-292
-238
-159
-85
-34
-10
4
33
86
158
224
264
274
272
283
319
372
414
420
395
363
357
381
413
420
388
336
298
297
317
330
310
264
221
210
229
251
250
225
198
192
207
231
246
249
246
246
245
245
247
258
279
294
277
230
176
154
176
211
205
131
20
-66
-82
-48
-28
-77
-194
-319
-387
-378
-338
-336
-402
-507
-588
-606
-570
-523
-515
-551
-604
-631
-608
-548
-485
-446
-439
-448
-440
-400
-327
-243
-181
-153
-148
-135
-90
-14
68
128
149
146
152
188
251
312
342
336
316
307
325
356
375
362
323
281
259
254
244
211
154
97
55
29
-3
-54
-123
-184
-224
-248
-276
-325
-385
-436
-459
-460
-461
-482
-514
-537
-531
-500
-467
-450
-445
-432
-398
-343
-282
-236
-202
-169
-122
-60
3
55
96
132
171
216
260
294
319
341
364
386
401
405
403
403
409
415
411
393
371
356
354
358
354
331
303
288
293
308
316
301
279
270
285
312
331
327
314
313
329
350
354
338
324
329
350
355
320
254
200
194
225
236
181
64
-51
-101
-78
-43
-71
-183
-327
-426
-436
-390
-366
-417
-526
-628
-664
-627
-568
-540
-566
-621
-657
-636
-567
-488
-435
-420
-425
-416
-372
-289
-197
-126
-89
-77
-60
-14
60
142
205
235
240
245
269
316
370
406
411
388
361
355
375
401
403
361
294
234
213
225
229
184
89
-15
-77
-81
-62
-81
-167
-287
-379
-400
-367
-340
-375
-468
-559
-589
-546
-477
-446
-477
-534
-557
-512
-420
-335
-300
-306
-313
-277
-193
-91
-15
21
32
52
101
175
249
301
324
328
336
356
395
434
457
455
433
410
403
415
433
434
408
370
340
333
345
356
349
326
303
296
309
330
344
345
339
340
355
383
414
432
429
407
389
394
428
465
466
409
314
236
222
266
301
254
110
-61
-165
-163
-104
-92
-191
-376
-550
-620
-580
-509
-506
-608
-759
-864
-865
-781
-691
-664
-713
-788
-816
-759
-638
-516
-451
-448
-468
-450
-366
-234
-107
-32
-13
-16
6
77
183
280
336
345
329
324
355
413
472
498
477
422
371
354
377
402
388
315
210
122
88
97
97
39
-77
-202
-280
-291
-273
-286
-363
-478
-571
-597
-564
-530
-539
-601
-669
-693
-657
-588
-535
-525
-542
-548
-507
-426
-338
-274
-242
-220
-181
-115
-30
49
105
138
162
194
238
291
339
366
374
369
369
382
405
424
425
407
383
367
368
380
386
378
357
335
323
325
337
349
356
354
349
352
364
391
420
443
456
470
492
520
535
529
512
511
541
577
578
508
389
287
264
315
355
289
103
-121
-258
-254
-174
-145
-260
-493
-720
-818
-758
-642
-607
-716
-907
-1053
-1059
-937
-790
-724
-770
-867
-909
-831
-659
-484
-385
-374
-391
-363
-251
-84
75
168
193
194
223
304
413
512
564
566
545
534
549
585
620
628
603
551
489
433
401
390
377
330
239
119
8
-59
-77
-81
-127
-243
-399
-520
-552
-507
-463
-498
-618
-753
-813
-759
-647
-572
-596
-695
-770
-742
-619
-478
-405
-416
-462
-458
-367
-221
-89
-22
-15
-17
25
121
235
322
358
356
352
373
418
470
498
494
474
454
446
448
453
450
439
423
406
389
377
373
373
372
366
354
351
362
388
412
426
431
441
470
517
565
610
647
673
687
682
670
673
707
759
778
715
564
393
298
325
409
414
245
-56
-336
-449
-380
-256
-253
-453
-778
-1046
-1109
-977
-806
-770
-923
-1161
-1316
-1280
-1087
-875
-776
-820
-922
-946
-824
-592
-362
-225
-190
-192
-151
-26
155
326
434
470
476
494
545
616
683
726
732
710
674
637
608
589
579
558
507
420
310
206
133
95
63
-1
-117
-271
-407
-477
-483
-474
-513
-620
-750
-833
-831
-765
-701
-697
-754
-821
-833
-771
-671
-590
-563
-577
-588
-560
-486
-392
-312
-264
-241
-214
-169
-101
-28
33
83
122
155
185
206
221
233
250
279
303
306
279
241
225
246
291
324
319
286
253
252
293
350
386
380
348
328
345
395
452
490
499
489
487
517
577
644
697
735
767
796
813
805
783
776
806
863
892
828
646
407
233
213
313
379
256
-73
-461
-712
-724
-573
-450
-529
-827
-1191
-1408
-1368
-1158
-973
-965
-1126
-1322
-1396
-1288
-1058
-834
-716
-707
-719
-658
-493
-277
-79
62
162
252
356
471
578
661
724
786
851
903
907
864
800
759
758
774
762
684
547
399
295
256
248
208
98
-68
-235
-350
-397
-404
-426
-503
-631
-755
-823
-815
-766
-727
-726
-754
-780
-771
-718
-634
-557
-508
-483
-457
-417
-367
-319
-279
-237
-189
-140
-96
-61
-35
-17
6
48
104
155
181
179
166
164
181
209
234
242
229
208
193
198
223
258
290
311
322
332
351
387
436
485
517
528
529
539
572
625
675
695
680
659
667
718
793
861
903
927
937
930
899
861
847
885
956
995
910
667
335
77
24
151
279
199
-149
-628
-997
-1094
-942
-727
-673
-871
-1221
-1508
-1572
-1419
-1193
-1054
-1057
-1139
-1190
-1140
-998
-827
-677
-559
-435
-274
-93
55
140
188
269
427
650
851
945
906
798
726
763
888
1004
1014
887
685
506
424
427
439
387
256
90
-56
-156
-231
-311
-402
-481
-526
-541
-570
-654
-793
-915
-933
-825
-663
-564
-594
-711
-803
-778
-628
-436
-304
-288
-353
-418
-412
-337
-250
-200
-193
-196
-182
-153
-131
-134
-149
-147
-111
-47
5
11
-33
-90
-105
-58
23
83
87
46
5
6
63
149
229
281
311
338
373
414
453
488
528
576
631
673
684
660
626
606
619
662
712
745
752
736
723
743
799
864
880
826
741
700
746
848
896
779
474
91
-181
-218
-60
93
31
-298
-753
-1107
-1218
-1110
-936
-860
-943
-1124
-1279
-1334
-1294
-1230
-1190
-1148
-1048
-873
-677
-551
-539
-594
-600
-454
-151
200
450
516
438
342
353
509
736
919
978
915
801
710
675
672
658
608
534
461
399
324
210
54
-108
-222
-252
-228
-218
-285
-431
-599
-710
-721
-655
-582
-563
-611
-675
-696
-643
-549
-468
-430
-420
-399
-343
-273
-221
-216
-249
-273
-252
-185
-116
-95
-135
-196
-223
-188
-114
-45
-22
-43
-80
-100
-86
-53
-25
-14
-7
16
59
106
130
127
116
133
195
299
410
491
523
519
509
522
565
621
675
710
718
704
671
631
591
559
537
526
526
532
539
533
511
474
438
418
419
431
437
435
435
449
463
429
303
90
-132
-258
-233
-99
17
-6
-193
-452
-647
-697
-634
-559
-551
-603
-648
-629
-562
-526
-589
-726
-831
-795
-599
-336
-146
-112
-202
-304
-308
-185
3
166
253
281
303
348
401
424
385
310
254
263
336
422
453
401
286
164
87
69
87
101
92
65
43
36
28
3
-49
-111
-150
-146
-108
-66
-54
-81
-130
-173
-185
-171
-148
-131
-129
-134
-141
-149
-167
-198
-234
-265
-281
-278
-269
-259
-261
-275
-292
-305
-304
-291
-269
-243
-217
-194
-171
-143
-110
-71
-34
-3
24
51
78
107
136
163
184
200
215
231
249
263
268
262
251
241
239
241
243
241
231
217
201
187
175
154
128
99
76
64
61
58
48
31
13
5
5
13
21
25
26
28
36
51
66
80
92
107
129
160
187
197
182
145
98
63
54
68
90
96
76
27
-34
-93
-142
-184
-222
-262
-296
-315
-320
-319
-330
-360
-402
-440
-452
-430
-381
-322
-266
-224
-193
-168
-143
-121
-97
-74
-47
-12
24
59
82
88
76
57
38
32
37
53
71
85
91
88
82
73
65
59
57
58
61
64
60
50
35
17
0
-19
-41
-63
-84
-98
-103
-100
-95
-99
-113
-135
-157
-173
-181
-184
-185
-185
-184
-180
-176
-174
-175
-177
-172
-155
-128
-98
-73
-61
-54
-44
-25
1
28
49
68
85
112
144
171
178
165
141
127
140
176
220
248
247
220
185
161
158
169
183
186
177
164
151
147
147
146
136
120
103
100
114
136
153
151
132
114
114
145
197
249
276
276
261
259
284
330
377
401
395
372
355
350
350
331
275
189
99
35
10
12
8
-29
-104
-201
-288
-346
-372
-385
-403
-428
-453
-466
-455
-434
-416
-413
-421
-422
-399
-346
-275
-203
-145
-105
-76
-47
-11
32
73
112
143
172
197
220
236
243
240
231
215
198
182
169
161
150
138
114
85
49
11
-22
-51
-78
-102
-127
-151
-174
-195
-211
-224
-230
-231
-227
-222
-220
-220
-220
-216
-207
-191
-175
-160
-149
-139
-131
-123
-118
-119
-126
-131
-127
-109
-75
-32
5
22
21
7
-4
-4
12
38
62
80
93
105
117
124
119
106
90
86
102
132
164
184
186
173
155
138
131
135
152
182
214
237
238
218
188
163
159
173
201
232
262
297
337
375
400
404
389
372
372
399
447
502
543
560
548
503
418
288
124
-45
-183
-259
-275
-256
-249
-282
-370
-493
-621
-735
-822
-878
-899
-877
-810
-710
-605
-523
-487
-491
-508
-507
-468
-389
-280
-161
-42
70
166
235
272
277
259
237
228
236
262
291
314
320
305
268
208
133
53
-20
-77
-111
-128
-136
-145
-159
-178
-202
-231
-267
-304
-335
-349
-338
-311
-280
-259
-255
-257
-251
-228
-190
-148
-117
-101
-94
-85
-71
-59
-62
-82
-113
-143
-165
-175
-176
-178
-180
-178
-168
-149
-128
-109
-97
-90
-81
-65
-44
-19
5
31
58
85
113
142
166
189
209
229
252
275
298
322
346
372
397
417
429
430
418
404
394
395
404
418
437
462
496
540
586
620
635
636
635
647
680
728
779
829
875
911
914
841
656
364
15
-303
-514
-600
-599
-589
-626
-714
-818
-901
-959
-1020
-1117
-1238
-1325
-1313
-1176
-950
-716
-543
-450
-402
-347
-257
-151
-58
8
65
154
298
481
656
775
812
783
719
650
588
527
462
394
328
268
213
156
85
-6
-116
-241
-365
-473
-549
-579
-570
-533
-491
-462
-445
-436
-420
-394
-361
-335
-319
-302
-265
-194
-87
33
136
198
214
200
173
141
100
39
-38
-119
-184
-219
-231
-234
-249
-283
-323
-355
-369
-366
-355
-340
-321
-293
-250
-194
-133
-73
-20
27
72
120
175
236
301
369
434
494
551
607
661
705
732
736
722
699
679
665
655
644
633
633
646
676
703
722
727
729
738
762
793
824
854
895
944
973
927
749
430
25
-373
-680
-868
-969
-1042
-1119
-1181
-1192
-1138
-1065
-1040
-1105
-1237
-1358
-1387
-1300
-1131
-941
-773
-620
-447
-235
-9
181
289
315
306
317
383
496
617
709
758
775
782
783
762
692
558
373
169
-7
-134
-214
-272
-332
-402
-468
-516
-543
-561
-593
-639
-691
-719
-702
-634
-531
-415
-300
-190
-89
1
68
110
121
113
96
77
60
45
29
10
-15
-47
-94
-157
-232
-316
-399
-477
-542
-595
-624
-631
-618
-588
-551
-508
-461
-410
-353
-291
-226
-155
-75
16
114
215
312
399
473
535
580
607
615
609
599
593
595
599
605
607
608
610
609
606
595
581
569
567
576
597
627
670
733
812
894
965
1019
1071
1132
1192
1207
1116
882
522
107
-278
-584
-813
-1003
-1175
-1310
-1369
-1328
-1223
-1125
-1093
-1138
-1212
-1248
-1215
-1131
-1037
-952
-856
-704
-472
-180
111
345
491
575
635
701
770
817
822
792
753
739
757
785
781
712
580
414
250
102
-35
-180
-342
-497
-616
-675
-677
-650
-627
-618
-611
-584
-529
-461
-400
-355
-314
-255
-160
-42
73
158
208
235
263
291
307
294
245
174
98
33
-25
-89
-173
-272
-369
-445
-496
-532
-568
-604
-630
-634
-607
-558
-499
-442
-387
-320
-238
-141
-42
49
130
207
285
367
444
507
552
580
600
616
627
633
630
620
600
578
557
538
520
499
476
454
441
442
459
486
520
555
599
663
742
831
913
983
1048
1121
1200
1255
1234
1095
830
483
112
-233
-538
-814
-1069
-1283
-1416
-1445
-1381
-1278
-1186
-1134
-1112
-1086
-1039
-976
-924
-892
-865
-804
-676
-475
-229
17
233
418
586
745
887
981
1004
962
883
802
740
690
633
553
454
351
265
190
109
-3
-151
-318
-477
-602
-693
-759
-811
-843
-838
-785
-691
-580
-469
-373
-282
-188
-87
9
81
122
134
137
143
156
162
152
126
91
58
28
-10
-71
-154
-251
-348
-435
-508
-573
-635
-689
-722
-727
-703
-662
-612
-557
-492
-414
-322
-225
-135
-54
25
106
191
276
350
411
459
498
528
547
551
539
517
493
470
451
432
411
391
378
376
379
388
396
407
424
446
473
513
565
632
711
795
880
969
1063
1153
1220
1229
1148
963
688
362
22
-315
-642
-950
-1219
-1413
-1509
-1508
-1438
-1341
-1242
-1153
-1067
-978
-892
-827
-796
-788
-771
-711
-596
-433
-242
-42
165
384
606
816
987
1096
1132
1106
1041
955
854
732
590
442
308
201
120
51
-21
-106
-202
-299
-389
-473
-559
-648
-729
-784
-798
-770
-707
-625
-529
-418
-291
-155
-24
86
166
213
238
250
249
231
197
149
101
61
29
-2
-42
-98
-165
-237
-310
-387
-465
-545
-620
-676
-707
-711
-688
-643
-581
-496
-396
-288
-179
-75
19
101
175
241
297
340
372
399
424
452
480
503
520
531
540
542
536
520
492
458
422
388
359
337
321
322
343
381
432
491
557
632
717
808
898
982
1055
1117
1159
1164
1106
968
753
481
182
-123
-423
-714
-984
-1204
-1351
-1414
-1402
-1338
-1253
-1156
-1054
-940
-821
-716
-644
-605
-584
-549
-483
-384
-260
-120
32
203
398
606
801
955
1049
1084
1074
1028
948
832
683
514
342
187
63
-38
-121
-197
-262
-312
-348
-377
-411
-458
-510
-560
-594
-608
-601
-576
-535
-472
-384
-274
-153
-35
66
149
212
258
282
279
250
198
135
70
6
-55
-118
-186
-253
-314
-369
-420
-469
-519
-567
-607
-633
-644
-636
-613
-574
-517
-442
-353
-255
-156
-61
28
109
180
238
284
316
342
363
382
396
404
406
406
407
407
405
395
378
358
338
321
307
293
282
280
294
322
361
403
455
518
597
689
787
880
964
1040
1103
1142
1132
1050
885
651
369
63
-256
-584
-908
-1200
-1429
-1570
-1622
-1599
-1526
-1421
-1290
-1131
-954
-783
-646
-556
-506
-472
-431
-374
-302
-221
-126
-6
152
346
559
758
922
1036
1107
1138
1124
1055
929
750
544
334
140
-28
-174
-301
-403
-469
-498
-498
-482
-469
-464
-468
-470
-468
-462
-460
-457
-450
-426
-378
-304
-216
-123
-30
58
145
225
289
327
333
313
272
218
150
67
-32
-141
-250
-352
-440
-517
-584
-637
-671
-684
-671
-638
-595
-541
-478
-404
-323
-237
-155
-78
-8
59
125
188
245
289
326
358
390
422
451
475
492
504
510
513
511
502
487
464
435
406
378
358
346
345
353
373
404
452
519
602
694
788
879
964
1039
1091
1104
1061
951
775
544
277
-13
-319
-628
-920
-1168
-1351
-1459
-1495
-1471
-1400
-1288
-1144
-975
-799
-641
-517
-429
-370
-322
-281
-242
-201
-151
-84
13
144
305
480
648
799
925
1020
1076
1081
1031
924
770
587
389
195
6
-163
-311
-420
-488
-514
-507
-481
-444
-402
-360
-320
-285
-263
-256
-258
-261
-256
-237
-204
-159
-102
-35
44
129
211
276
316
326
308
263
196
104
-7
-131
-255
-367
-464
-538
-593
-629
-644
-634
-607
-563
-514
-467
-420
-372
-323
-271
-222
-172
-122
-67
-4
67
142
216
287
350
410
457
495
516
520
509
487
457
425
393
366
342
325
314
313
322
341
367
397
429
463
503
553
615
686
757
826
892
954
1003
1025
1006
930
795
607
376
116
-170
-470
-769
-1041
-1267
-1428
-1522
-1554
-1533
-1461
-1343
-1188
-1007
-823
-657
-516
-401
-308
-229
-166
-117
-78
-38
16
93
198
324
457
592
720
837
932
993
1010
973
884
751
584
399
201
-3
-201
-378
-521
-620
-673
-690
-676
-636
-577
-501
-419
-341
-278
-235
-212
-197
-189
-184
-183
-181
-172
-152
-111
-55
11
79
139
193
237
263
266
235
171
78
-35
-161
-292
-420
-540
-640
-712
-748
-746
-709
-648
-566
-468
-363
-252
-148
-59
13
68
108
136
156
170
179
189
203
227
261
302
348
392
432
466
494
515
526
524
508
484
455
426
402
381
367
359
363
386
432
504
592
689
789
889
980
1053
1088
1069
984
834
625
373
86
-224
-545
-854
-1125
-1338
-1478
-1548
-1550
-1496
-1388
-1237
-1052
-853
-661
-495
-363
-262
-188
-135
-105
-90
-83
-66
-27
43
144
267
403
548
692
829
942
1018
1045
1016
935
812
654
468
262
49
-157
-338
-483
-587
-649
-671
-658
-609
-534
-441
-347
-260
-191
-140
-110
-100
-107
-131
-159
-188
-202
-198
-173
-127
-63
16
104
190
265
316
333
313
255
162
40
-106
-264
-423
-568
-685
-767
-807
-805
-765
-690
-585
-461
-328
-195
-75
25
103
159
193
208
209
200
187
179
184
203
236
281
334
393
455
518
573
616
641
646
635
611
580
539
491
442
400
375
376
404
457
531
621
727
837
940
1012
1038
1000
897
730
507
235
-77
-411
-743
-1046
-1293
-1473
-1577
-1610
-1576
-1477
-1320
-1119
-897
-677
-480
-314
-186
-90
-29
-3
-9
-33
-58
-67
-46
8
90
199
329
478
637
786
908
987
1015
990
916
794
631
432
208
-20
-233
-417
-562
-665
-725
-741
-711
-643
-544
-431
-318
-218
-135
-69
-28
-10
-16
-42
-82
-122
-154
-171
-171
-153
-119
-70
-6
64
129
179
205
199
165
100
10
-103
-234
-369
-496
-602
-681
-727
-739
-719
-666
-585
-483
-368
-252
-142
-46
33
96
142
171
183
182
177
173
180
196
217
245
281
322
369
420
464
500
526
540
547
549
544
529
507
484
468
465
481
513
559
619
691
773
854
918
950
933
861
734
553
326
56
-246
-560
-863
-1129
-1343
-1494
-1580
-1602
-1556
-1449
-1286
-1085
-868
-658
-464
-297
-159
-54
13
43
42
24
10
8
28
68
132
221
333
467
609
741
850
924
956
947
892
790
642
456
246
27
-179
-364
-520
-640
-717
-744
-718
-651
-553
-438
-320
-203
-97
-9
51
81
77
47
4
-46
-94
-133
-161
-172
-159
-122
-65
3
68
121
158
172
159
113
37
-67
-189
-320
-444
-552
-635
-690
-710
-694
-639
-552
-440
-314
-186
-64
48
145
219
269
293
296
285
267
250
237
232
235
250
278
321
372
427
477
519
551
574
585
586
572
545
512
481
462
460
476
506
551
614
687
763
827
863
854
796
687
531
330
88
-185
-474
-753
-1002
-1205
-1354
-1445
-1478
-1448
-1356
-1212
-1030
-829
-629
-442
-273
-129
-15
62
98
104
89
68
53
52
65
99
155
239
349
474
597
706
792
848
867
849
783
671
519
340
147
-46
-228
-390
-523
-619
-670
-674
-636
-564
-468
-356
-238
-121
-16
71
131
161
164
145
106
54
-3
-61
-113
-152
-174
-178
-166
-142
-111
-79
-51
-32
-28
-42
-77
-132
-201
-280
-362
-441
-508
-560
-590
-594
-568
-516
-441
-347
-241
-129
-21
83
175
250
306
342
360
364
357
344
325
304
287
276
274
280
296
317
344
372
403
434
463
485
500
508
516
527
544
568
597
632
672
717
760
789
791
759
687
572
421
234
11
-238
-498
-752
-980
-1171
-1316
-1410
-1453
-1440
-1372
-1253
-1096
-917
-733
-554
-385
-235
-109
-14
47
77
87
86
83
88
99
125
169
235
321
420
521
615
691
743
766
758
710
623
500
348
181
10
-156
-310
-442
-543
-606
-628
-608
-553
-470
-369
-257
-143
-34
59
128
168
180
167
134
89
32
-26
-81
-123
-148
-155
-145
-125
-98
-70
-47
-33
-35
-58
-101
-165
-243
-325
-409
-485
-548
-591
-609
-599
-559
-492
-402
-300
-189
-76
33
131
214
277
318
339
346
340
327
310
293
280
273
277
292
316
347
384
419
453
482
506
521
525
519
508
495
487
489
503
527
564
612
665
717
757
774
751
688
583
437
253
35
-208
-462
-707
-927
-1109
-1245
-1331
-1365
-1344
-1269
-1147
-990
-813
-632
-458
-297
-157
-46
34
79
93
86
68
47
33
31
43
75
131
209
305
405
500
582
646
682
685
653
582
472
338
187
28
-127
-267
-386
-474
-524
-533
-505
-440
-350
-244
-129
-13
92
180
241
271
271
246
200
140
70
1
-65
-118
-155
-173
-174
-165
-148
-130
-118
-110
-116
-138
-174
-229
-294
-363
-431
-490
-539
-571
-581
-567
-528
-466
-384
-291
-189
-86
13
104
184
245
289
316
327
328
323
314
302
292
289
294
307
331
361
392
425
456
485
511
528
534
535
531
530
535
548
569
597
630
670
709
740
749
730
673
578
442
275
75
-149
-387
-624
-842
-1028
-1170
-1267
-1312
-1307
-1254
-1153
-1014
-851
-677
-506
-344
-201
-79
13
75
104
107
91
66
40
21
11
17
40
85
148
225
308
383
445
488
504
494
453
382
282
161
32
-95
-210
-309
-383
-427
-439
-413
-356
-271
-170
-61
48
150
242
315
361
378
366
329
269
194
107
11
-86
-180
-263
-330
-383
-419
-442
-451
-448
-438
-421
-404
-391
-383
-381
-380
-385
-391
-398
-401
-399
-387
-365
-331
-288
-232
-170
-99
-26
48
118
181
237
280
312
332
339
337
324
306
286
265
245
233
225
228
239
257
283
316
352
392
433
474
514
553
594
636
680
724
765
799
820
826
810
764
683
563
408
221
12
-211
-440
-664
-867
-1040
-1170
-1250
-1281
-1262
-1200
-1099
-964
-804
-632
-458
-297
-152
-34
59
127
166
179
169
143
110
81
60
46
46
57
83
122
170
219
261
290
302
296
271
227
163
85
-2
-86
-159
-214
-246
-255
-236
-189
-113
-18
89
201
306
399
474
525
548
536
493
421
326
217
96
-28
-152
-266
-364
-442
-499
-535
-552
-554
-540
-516
-484
-450
-419
-395
-377
-362
-354
-348
-344
-340
-332
-317
-293
-257
-212
-162
-105
-42
22
86
143
193
231
259
276
283
280
265
244
218
194
175
161
154
159
174
203
242
290
344
401
456
510
560
604
641
671
697
721
744
765
785
800
804
797
771
721
640
525
373
191
-14
-236
-462
-684
-889
-1063
-1194
-1274
-1300
-1272
-1196
-1079
-926
-747
-551
-356
-175
-18
110
208
271
301
301
271
218
156
95
40
-3
-36
-54
-54
-38
-6
34
72
103
122
127
121
100
62
11
-48
-105
-153
-185
-195
-182
-145
-82
6
114
233
351
458
548
615
650
654
618
544
438
309
165
15
-138
-283
-412
-517
-594
-643
-663
-661
-641
-606
-559
-509
-459
-418
-387
-364
-350
-340
-333
-325
-318
-305
-282
-249
-206
-156
-101
-44
12
64
113
153
179
194
198
193
179
158
134
107
81
62
51
50
60
83
116
161
217
280
346
410
471
523
569
605
632
650
663
671
681
694
709
720
727
723
704
664
596
495
357
185
-13
-229
-451
-671
-875
-1050
-1185
-1268
-1294
-1266
-1185
-1063
-905
-718
-514
-307
-115
51
187
285
351
381
375
337
273
194
111
36
-29
-81
-119
-140
-140
-119
-83
-43
-6
25
48
61
63
53
27
-8
-44
-74
-89
-86
-63
-22
40
123
223
335
444
539
615
665
689
679
632
549
434
295
142
-15
-168
-315
-445
-552
-628
-674
-690
-681
-651
-607
-550
-489
-427
-371
-327
-295
-273
-259
-252
-249
-246
-243
-234
-216
-187
-151
-109
-63
-17
30
74
112
141
157
164
162
155
142
123
104
85
71
66
72
87
115
151
199
256
323
392
458
520
572
617
653
676
689
692
687
682
679
676
674
668
654
631
595
539
456
340
192
18
-175
-375
-577
-769
-941
-1079
-1170
-1208
-1190
-1122
-1012
-866
-692
-499
-297
-105
62
197
297
362
392
388
350
281
193
99
9
-69
-134
-184
-215
-224
-210
-172
-122
-69
-22
19
52
78
91
89
74
50
28
18
21
41
74
124
190
274
367
461
542
605
643
656
641
594
515
406
272
125
-24
-171
-310
-436
-542
-623
-673
-694
-687
-661
-620
-566
-501
-433
-367
-310
-266
-236
-217
-206
-202
-207
-216
-225
-228
-224
-209
-184
-152
-116
-75
-32
14
55
87
109
121
125
122
113
101
85
70
63
65
79
103
136
180
233
296
363
431
494
546
588
619
638
644
635
615
588
559
536
518
502
489
474
458
437
405
352
272
162
27
-127
-294
-465
-635
-795
-930
-1027
-1078
-1079
-1035
-951
-835
-688
-520
-341
-166
-10
117
211
273
302
300
263
199
112
18
-72
-152
-218
-267
-297
-306
-288
-247
-189
-125
-64
-8
39
81
108
123
121
109
92
81
80
90
112
148
194
255
323
395
460
510
538
543
524
481
410
316
201
73
-56
-182
-298
-400
-481
-543
-581
-594
-585
-559
-521
-474
-425
-376
-331
-292
-264
-245
-237
-236
-240
-245
-250
-252
-249
-238
-217
-189
-153
-115
-73
-33
8
44
73
95
108
113
115
113
110
107
105
109
121
141
169
205
247
292
341
392
442
487
525
553
569
577
576
566
546
516
482
450
421
398
384
373
363
355
344
331
306
261
191
95
-19
-146
-282
-421
-556
-680
-780
-845
-870
-855
-806
-727
-623
-497
-357
-216
-83
29
113
171
201
202
178
129
62
-16
-95
-166
-222
-261
-284
-288
-271
-234
-180
-116
-49
12
67
112
147
171
182
182
173
160
153
152
159
178
204
239
280
327
373
411
435
444
431
402
350
280
191
89
-21
-131
-235
-327
-404
-465
-501
-517
-511
-487
-449
-405
-357
-308
-265
-229
-204
-191
-190
-195
-206
-219
-232
-242
-246
-242
-229
-206
-175
-140
-100
-61
-22
13
45
70
89
101
107
111
113
116
120
126
137
154
179
210
246
286
327
367
406
442
473
495
508
511
504
490
468
440
408
371
336
301
273
255
243
238
236
234
232
224
208
177
127
56
-33
-133
-240
-346
-448
-540
-616
-663
-679
-663
-618
-552
-469
-374
-271
-166
-69
11
67
98
108
98
72
30
-26
-90
-154
-206
-243
-265
-271
-264
-239
-197
-141
-76
-9
51
103
146
178
198
206
201
185
165
147
135
129
131
140
157
183
213
242
264
277
274
257
224
174
110
32
-53
-138
-220
-291
-351
-397
-424
-432
-423
-399
-366
-325
-283
-242
-204
-175
-154
-146
-147
-156
-170
-184
-200
-212
-221
-224
-217
-202
-180
-155
-125
-94
-62
-31
-3
22
41
57
69
77
87
96
106
116
130
148
172
200
231
262
295
326
356
382
402
414
417
412
402
387
365
337
304
270
238
209
183
160
140
125
119
120
128
137
144
147
149
145
133
110
69
17
-43
-106
-169
-230
-287
-337
-373
-391
-387
-365
-334
-294
-248
-198
-144
-93
-53
-27
-16
-15
-23
-39
-63
-94
-129
-163
-189
-204
-208
-201
-187
-162
-128
-82
-33
20
68
108
141
167
186
196
195
186
172
156
140
130
123
119
118
119
123
128
132
129
117
96
66
31
-10
-55
-100
-146
-188
-219
-238
-247
-247
-241
-226
-209
-188
-168
-152
-142
-138
-142
-148
-158
-170
-181
-192
-198
-200
-195
-184
-168
-150
-128
-104
-80
-55
-32
-12
5
22
38
53
66
81
94
108
125
144
164
182
201
219
236
253
267
276
285
288
288
283
275
265
252
237
221
206
190
175
162
148
136
125
114
104
94
86
78
71
67
65
67
71
77
82
88
91
92
89
80
61
36
5
-31
-68
-105
-142
-175
-201
-216
-220
-214
-201
-178
-155
-127
-97
-68
-45
-28
-20
-19
-22
-29
-37
-49
-61
-71
-77
-78
-72
-64
-51
-38
-23
-6
8
23
34
40
42
41
37
30
23
14
4
-4
-10
-11
-13
-10
-8
-5
-3
-2
-4
-8
-17
-29
-43
-60
-76
-91
-105
-117
-126
-131
-134
-134
-133
-133
-133
-136
-140
-145
-152
-162
-173
-183
-193
-200
-204
-201
-197
-188
-174
-155
-135
-112
-89
-66
-44
-24
-5
12
26
38
48
57
65
74
82
90
98
107
117
128
137
149
159
170
180
188
195
199
201
201
198
190
182
171
160
147
135
120
107
95
84
75
68
62
56
53
52
52
54
57
59
60
61
61
61
58
52
44
35
25
15
5
-6
-17
-27
-36
-43
-48
-52
-56
-57
-56
-53
-49
-44
-37
-29
-21
-12
-3
4
12
17
20
22
21
18
13
8
2
-6
-14
-19
-26
-32
-37
-42
-44
-47
-49
-51
-53
-55
-56
-56
-56
-56
-56
-53
-51
-49
-47
-45
-44
-42
-43
-45
-48
-53
-59
-65
-72
-79
-86
-93
-96
-99
-100
-98
-95
-91
-86
-81
-77
-73
-71
-69
-69
-69
-70
-72
-72
-72
-70
-67
-62
-55
-48
-40
-30
-21
-13
-3
3
10
15
20
24
25
28
30
31
33
35
37
39
44
48
53
59
65
71
81
87
95
102
108
113
117
120
122
122
120
119
116
111
108
103
100
96
92
89
87
85
83
81
80
77
76
73
69
65
60
56
50
46
41
38
35
34
34
35
38
40
43
47
49
52
54
56
57
57
56
54
52
50
47
41
37
31
24
17
8
-1
-9
-19
-27
-35
-43
-50
-55
-60
-63
-67
-68
-71
-74
-76
-80
-83
-88
-92
-98
-103
-109
-113
-118
-121
-124
-126
-126
-127
-125
-124
-123
-120
-119
-117
-116
-114
-113
-110
-107
-104
-100
-93
-87
-78
-70
-60
-49
-39
-30
-21
-13
-8
-2
1
3
4
3
4
2
2
-1
-1
-1
-2
-2
-2
-2
-2
-2
-2
-1
-1
-1
0
0
1
3
4
5
6
8
10
11
13
13
13
14
14
13
13
14
14
15
15
16
19
21
24
28
32
35
39
41
45
49
52
54
56
58
61
63
65
68
72
74
78
80
82
84
85
85
85
84
81
79
76
73
68
64
60
55
52
47
43
38
34
28
24
18
13
9
4
0
-6
-11
-14
-19
-23
-27
-30
-34
-35
-38
-40
-42
-45
-48
-50
-53
-56
-58
-61
-63
-65
-68
-69
-71
-72
-73
-74
-75
-77
-75
-76
-74
-74
-72
-69
-67
-62
-58
-55
-50
-46
-41
-38
-34
-31
-29
-26
-25
-25
-25
-26
-25
-26
-26
-26
-26
-24
-23
-21
-19
-15
-13
-9
-6
-2
2
5
8
11
15
17
21
21
25
27
29
32
34
35
37
38
38
38
38
37
35
34
33
30
30
28
27
25
24
24
24
24
25
25
27
27
27
28
30
31
32
34
34
35
38
39
41
43
45
48
49
51
53
55
56
58
59
61
63
63
65
64
65
65
65
64
64
63
62
61
59
56
54
51
47
44
42
38
34
32
28
25
21
19
16
12
9
6
3
-1
-4
-9
-13
-17
-23
-27
-31
-35
-38
-41
-44
-45
-47
-48
-48
-47
-46
-46
-46
-46
-44
-45
-45
-44
-44
-44
-44
-43
-43
-42
-41
-41
-38
-38
-37
-37
-36
-35
-36
-35
-36
-37
-37
-38
-38
-38
-38
-38
-38
-36
-37
-34
-33
-31
-29
-27
-24
-22
-20
-17
-16
-15
-13
-12
-12
-10
-10
-11
-11
-10
-10
-10
-10
-10
-9
-8
-8
-6
-6
-3
-1
1
3
6
8
11
13
15
17
20
21
22
24
26
27
27
28
29
30
31
31
32
31
32
31
31
30
30
0
0
0
0
0
0
0
0
0
0
0
0
0
0
0
0
0
0
0
0
0
0
0
0
0
0
0
0
0
0
0
0
0
0
0
0
0
0
0
0
0
0
0
0
0
0
0
0
0
0
0
0
0
0
0
0
0
0
0
0
0
0
0
0
0
0
0
0
0
0
0
0
0
0
0
0
0
0
0
0
0
0
0
0
0
0
0
0
0
0
0
0
0
0
0
0
0
0
0
0
0
0
0
0
0
0
0
0
0
0
0
0
0
0
0
0
0
0
0
0
0
0
0
0
0
0
0
0
0
0
0
0
0
0
0
0
0
0
0
0
0
0
0
0
0
0
0
0
0
0
0
0
0
0
0
0
0
0
0
0
0
0
0
0
0
0
0
0
0
0
0
0
0
0
0
0
0
0
0
0
0
0
0
0
0
0
0
0
0
0
0
0
0
0
0
0
0
0
