0
0
0
0
0
0
0
0
0
0
0
0
0
0
0
0
0
0
0
0
0
0
0
0
0
0
0
0
0
0
0
0
0
0
0
0
0
0
0
0
0
0
0
0
0
0
0
0
0
0
0
0
0
0
0
0
0
0
0
0
0
0
0
0
0
0
0
0
0
0
0
0
0
0
0
0
0
0
0
0
0
0
0
0
0
0
0
0
0
0
0
0
0
0
0
0
0
0
0
0
0
0
0
0
0
0
0
0
0
0
0
0
0
0
0
0
0
0
0
0
0
0
0
0
0
0
0
0
0
0
0
0
0
0
0
0
0
0
0
0
0
0
0
0
0
0
0
0
0
0
0
0
0
0
0
0
0
0
0
0
0
0
0
0
0
0
0
0
0
0
0
0
0
0
0
0
0
0
0
0
0
0
0
0
0
0
0
0
0
0
0
0
0
0
0
0
0
0
-26
-20
-15
-5
4
-8
-24
-18
-15
-34
-34
2
15
-15
-20
8
-5
-46
-31
19
13
-19
4
38
1
-39
-7
31
11
-6
29
45
11
-5
14
20
18
31
38
32
37
33
7
6
39
48
23
30
57
36
-3
6
34
29
18
38
50
23
-3
4
11
1
9
32
32
10
1
0
-13
-20
-1
11
9
9
8
-13
-29
-22
-16
-19
-5
13
1
-22
-26
-24
-31
-30
-13
2
-1
-15
-24
-28
-30
-29
-24
-9
1
-8
-22
-22
-20
-33
-28
-2
3
-14
-9
1
-22
-43
-16
9
-5
-7
9
0
-20
-21
-18
-12
15
19
-14
-8
26
-8
-60
-9
54
2
-40
30
54
-37
-63
23
37
-34
-17
62
33
-49
-30
29
4
-38
4
58
22
-37
-13
30
-4
-46
0
59
24
-27
3
34
-10
-38
7
44
25
4
10
17
14
-4
-17
24
67
21
-26
38
74
-27
-57
67
92
-30
-27
95
59
-71
-31
82
44
-42
4
72
20
-54
-24
39
21
-29
-9
32
4
-46
-29
10
-8
-34
-10
2
-26
-27
-16
-40
-32
10
-22
-64
-2
24
-73
-79
37
17
-99
-41
69
-25
-109
4
54
-53
-58
30
14
-34
-10
0
-5
16
-5
-21
41
46
-33
-4
67
7
-29
60
62
-17
26
79
-7
-25
83
54
-42
39
108
-9
-41
70
48
-45
11
73
8
-17
29
5
-38
4
21
-27
-7
29
-22
-55
-9
-4
-31
-19
-16
-20
6
-26
-81
-12
48
-68
-104
63
70
-124
-90
100
17
-150
-21
122
-13
-107
17
63
-30
-44
9
24
16
-12
-18
42
45
-45
-33
64
24
-61
19
88
-15
-60
41
47
-45
-28
34
13
-20
-11
3
10
-18
-65
-38
13
-32
-74
-15
10
-68
-101
-36
-17
-86
-101
-30
-4
-67
-107
-45
11
-69
-139
-18
75
-51
-122
26
87
-60
-100
66
121
-22
-56
89
121
1
-13
111
145
51
16
103
140
55
27
129
160
67
63
149
109
18
69
137
86
62
124
125
56
33
51
69
75
42
44
117
89
-35
5
120
12
-112
30
135
-29
-108
56
85
-113
-154
4
18
-121
-128
-6
14
-104
-157
-56
-17
-165
-212
-18
55
-127
-153
46
21
-214
-172
55
19
-143
-55
104
28
-114
-69
38
-8
-104
-37
103
62
-60
-6
84
-15
-107
-8
70
6
-26
33
62
20
-41
-48
-1
0
-39
-12
43
38
-3
-42
-45
-9
-25
-74
-6
67
-34
-102
17
40
-116
-112
42
-10
-155
-58
89
-31
-161
-19
82
-79
-137
60
99
-94
-78
152
122
-83
-11
158
29
-104
78
187
9
-41
107
70
-69
3
87
-14
-38
72
55
-23
28
69
-15
-49
51
111
16
-34
101
126
-53
-39
145
53
-124
15
140
-18
-74
77
56
-120
-85
72
11
-114
9
121
-41
-110
74
71
-121
-31
166
36
-91
119
207
-19
-28
207
155
-25
126
300
160
98
283
277
83
136
289
161
35
211
309
112
5
101
67
-110
-110
55
78
-49
-34
72
-4
-108
-4
68
7
85
230
187
130
182
102
-38
25
105
-23
-111
-21
-77
-330
-410
-322
-426
-641
-590
-412
-486
-650
-574
-466
-597
-686
-498
-338
-387
-370
-193
-149
-248
-183
-31
-71
-92
99
160
28
86
205
89
25
165
177
73
113
173
89
17
85
151
75
8
96
131
10
5
148
160
86
135
176
110
104
163
138
103
179
222
136
85
138
107
-24
-7
126
83
-24
58
78
-107
-106
59
-17
-111
37
77
-55
-42
33
1
-38
-49
-9
68
41
-29
6
24
-30
-57
-37
33
63
-71
-115
67
73
-136
-87
128
27
-175
-26
155
-21
-149
59
125
-87
-78
116
41
-124
-5
127
21
-19
107
95
-16
10
73
92
136
134
102
148
145
59
84
152
130
109
139
183
190
84
25
127
116
10
123
254
118
18
115
119
1
24
144
118
30
83
130
28
-10
54
18
-37
33
72
4
-33
-20
-62
-130
-91
-27
-105
-168
-95
-118
-213
-156
-107
-186
-184
-124
-160
-153
-72
-84
-138
-87
-16
-42
-72
-7
43
-11
-45
31
112
94
37
29
72
105
88
69
117
155
74
12
118
157
-3
-49
51
10
-53
18
-8
-126
-99
-69
-159
-170
-85
-104
-189
-157
-97
-186
-270
-196
-168
-264
-276
-224
-248
-280
-299
-338
-346
-309
-265
-239
-239
-205
-167
-224
-193
7
43
-77
12
152
67
47
192
180
86
179
275
179
124
227
235
110
140
305
283
150
188
247
137
99
245
272
128
112
185
90
1
103
109
-28
9
102
10
-44
19
-47
-152
-59
65
-25
-147
-68
-15
-184
-251
-82
-59
-223
-210
-84
-122
-208
-173
-126
-115
-71
-38
-37
36
125
66
-13
100
240
177
113
256
319
134
71
270
326
124
84
279
295
103
90
210
147
52
145
191
120
127
74
-63
43
183
-7
-85
149
112
-124
-41
77
-44
-55
52
28
-7
18
-15
-63
-57
-62
-103
-93
-22
-90
-249
-179
-84
-271
-313
-88
-158
-368
-216
-33
-169
-282
-136
-44
-178
-179
39
15
-164
-22
122
-54
-60
137
31
-100
109
199
23
68
236
101
-50
110
183
-7
-4
158
43
-109
10
4
-243
-244
-94
-206
-253
-37
-95
-350
-238
-75
-242
-275
-28
29
-89
-24
123
70
-76
-13
151
136
119
264
277
165
197
214
139
222
296
195
267
420
239
68
217
224
43
73
177
119
8
-36
-6
-33
-181
-216
-98
-100
-188
-178
-160
-214
-260
-258
-200
-157
-232
-298
-201
-140
-286
-337
-170
-180
-368
-265
-85
-253
-385
-200
-115
-280
-289
-69
-58
-202
-90
56
-27
-23
129
195
232
278
305
429
518
424
426
575
584
504
547
701
712
430
318
573
554
235
276
507
397
182
234
343
233
66
82
207
265
203
132
153
161
56
-10
45
47
3
4
-19
-35
-32
-111
-177
-157
-172
-141
-64
-137
-166
-54
-67
-186
-191
-76
-72
-222
-166
20
-86
-230
-124
-110
-256
-226
-143
-241
-281
-164
-142
-215
-204
-227
-320
-275
-238
-291
-157
-49
-214
-258
-92
-94
-259
-241
-38
4
-85
43
152
-28
-56
58
-41
23
265
182
92
251
231
99
167
260
241
230
296
355
322
325
384
251
122
270
309
146
167
232
65
-105
-24
-2
-222
-266
-185
-330
-399
-258
-324
-510
-435
-389
-574
-537
-312
-375
-565
-447
-264
-433
-517
-229
-196
-449
-384
-173
-223
-253
-142
-168
-207
-108
-125
-233
-95
64
-144
-226
61
119
-125
-142
128
97
-193
-43
227
82
-26
90
69
-19
71
88
-42
-22
10
-79
-70
59
41
-159
-154
-35
-185
-201
72
48
-159
-49
105
-27
-149
-51
39
-31
-66
84
141
-40
-83
-11
-139
-130
32
-24
5
110
-29
-75
67
29
-62
92
196
71
39
151
245
150
-63
48
183
-33
18
245
69
-79
29
9
-52
43
56
-104
-101
97
72
-76
36
86
-149
-153
95
58
-79
12
-2
-88
9
54
-32
-25
17
-24
61
182
124
113
135
72
101
197
223
189
214
257
232
202
208
196
152
224
303
228
239
262
145
128
193
203
208
148
130
218
136
1
52
89
43
30
96
101
-54
-83
-21
-68
6
142
73
-65
0
116
-27
-69
173
193
18
96
257
115
-12
87
92
84
176
197
124
70
81
-16
-67
68
48
-38
39
84
-7
-121
-117
-46
-18
-35
-41
0
41
57
27
-13
-8
-53
-57
93
145
87
89
-27
-104
76
88
-40
42
90
46
53
76
115
16
-104
-9
61
100
107
-45
-7
40
-171
-64
119
-73
-131
-68
-143
-150
-125
-151
-157
-184
-275
-277
-182
-210
-253
-219
-245
-282
-285
-220
-160
-223
-283
-280
-174
-126
-250
-164
-37
-219
-251
-33
24
-111
-216
-160
-119
-151
-63
-23
-102
-178
-277
-233
-61
-25
-113
-124
-11
-46
-129
61
149
-78
-161
62
273
191
21
131
179
-34
66
322
217
86
141
176
210
303
320
183
105
221
302
284
373
432
286
202
226
159
151
183
120
95
62
-27
-74
-161
-241
-165
-136
-240
-187
-40
-81
-273
-327
-117
-89
-252
-63
127
-91
-271
-163
-69
-116
-83
6
10
-59
-109
-58
-45
-33
12
-60
-17
151
88
-15
100
92
-117
-70
203
264
77
-3
42
-53
-75
84
123
64
-11
-77
32
196
103
-41
87
98
-64
130
345
149
-50
-21
30
40
134
191
21
-142
-92
-3
-21
-48
-68
-175
-289
-278
-122
-94
-279
-346
-334
-333
-191
-101
-197
-241
-195
-231
-181
31
31
-139
-131
-51
-26
31
78
54
-7
-46
2
120
148
81
97
153
94
52
177
281
175
71
137
198
183
195
196
121
56
31
40
144
172
26
-51
-41
-17
79
96
9
9
13
-42
42
212
166
7
15
50
25
95
179
111
-8
-27
48
103
76
52
24
-53
-35
99
151
41
-67
-59
-59
-39
94
123
-5
-96
-106
-36
32
37
25
-9
-55
-35
48
36
-67
-48
27
19
54
131
70
-52
-33
41
32
76
194
125
-29
4
31
-16
37
85
44
17
39
37
20
39
25
-18
9
92
126
72
29
46
6
-29
58
113
53
-11
-31
-22
-6
-2
-3
0
-31
-73
-49
-1
7
-15
-50
-44
11
58
55
-22
-78
-50
-34
-13
51
47
-59
-133
-86
-68
-112
-80
-38
-54
-75
-61
-8
-61
-184
-112
21
-37
-62
33
-5
-107
-99
-93
-87
-25
-21
-47
-43
-69
-95
-64
-21
-21
-68
-66
1
11
-22
-17
1
-23
-32
61
92
-26
-52
16
0
0
75
77
31
-10
-59
-12
52
26
29
89
111
50
-13
19
62
21
-6
72
149
102
24
10
-14
-89
-84
53
123
25
-76
-65
-62
-161
-178
-63
-35
-112
-126
-63
-100
-221
-212
-110
-78
-82
-75
-82
-62
-70
-135
-86
-24
-82
-47
60
56
-28
-96
-43
46
49
55
90
52
-25
-20
66
97
49
3
17
46
19
1
26
30
-34
-65
50
118
25
-26
5
-23
-63
26
151
132
13
-54
-24
40
58
54
51
-2
-46
7
84
79
-17
-97
-64
26
68
76
75
-6
-98
-60
64
104
30
-23
-26
-42
-10
60
40
-27
-56
-73
-33
60
61
-13
-45
-42
-29
26
74
5
-83
-52
-12
-29
13
79
19
-88
-67
26
54
12
10
64
57
27
101
159
103
47
63
132
185
200
242
266
194
121
175
266
266
235
260
297
268
210
218
243
179
100
138
235
252
146
55
49
14
-48
-23
56
42
-50
-104
-100
-96
-153
-205
-177
-142
-159
-185
-185
-198
-265
-304
-258
-220
-244
-264
-266
-313
-377
-401
-398
-392
-393
-390
-391
-420
-466
-504
-494
-448
-428
-413
-381
-371
-403
-435
-410
-368
-352
-288
-202
-204
-231
-206
-188
-183
-109
3
62
71
59
50
38
47
124
219
289
335
323
276
286
337
348
370
470
550
547
515
495
493
466
433
519
662
675
619
639
658
619
612
680
761
841
967
1105
1165
1177
1167
1114
1095
1162
1270
1415
1550
1536
1317
947
523
152
-72
-100
-36
-100
-344
-686
-1123
-1600
-1962
-2103
-2053
-1913
-1753
-1629
-1660
-1876
-2122
-2224
-2101
-1768
-1308
-841
-516
-416
-446
-459
-370
-147
192
600
990
1239
1306
1241
1097
937
845
907
1118
1298
1283
1072
710
242
-219
-514
-604
-628
-727
-909
-1169
-1537
-1937
-2214
-2310
-2245
-2063
-1825
-1624
-1549
-1580
-1619
-1558
-1349
-1026
-657
-325
-114
-24
29
115
245
416
631
850
1010
1083
1091
1036
926
829
795
835
884
869
793
669
508
372
317
351
422
473
491
463
439
523
725
974
1175
1302
1442
1656
1905
2112
2235
2378
2631
2894
3161
3302
2800
1585
399
-12
398
938
1076
808
21
-1293
-2547
-3077
-2860
-2551
-2554
-2489
-2168
-2123
-2651
-3324
-3649
-3572
-3228
-2424
-1160
-240
-317
-1013
-1502
-1394
-888
-135
883
1778
2063
1827
1534
1407
1280
1116
1271
1860
2432
2573
2266
1657
864
69
-322
-64
452
656
393
-157
-796
-1461
-1971
-2044
-1765
-1469
-1294
-1194
-1215
-1518
-2026
-2376
-2341
-1997
-1484
-940
-576
-582
-884
-1123
-1028
-670
-223
220
578
735
668
552
524
529
553
690
937
1128
1093
854
562
328
226
296
457
540
410
122
-109
-153
-48
112
225
236
165
112
183
370
601
855
1112
1333
1499
1634
1823
2101
2434
2778
3088
3361
3607
3769
3834
3728
3148
2088
1115
778
1073
1365
1129
453
-518
-1707
-2770
-3268
-3133
-2879
-2988
-3209
-3194
-3207
-3583
-4100
-4254
-3901
-3335
-2635
-1705
-947
-874
-1313
-1541
-1086
-239
575
1370
2076
2369
2181
1887
1890
2069
2129
2228
2595
2966
2903
2358
1665
1054
507
171
270
568
528
-47
-833
-1458
-1911
-2246
-2298
-2070
-1853
-1863
-2003
-2095
-2239
-2517
-2641
-2335
-1763
-1294
-1062
-961
-955
-1035
-989
-635
-133
231
382
461
542
564
556
616
719
772
776
794
795
650
383
189
146
170
173
113
-30
-275
-518
-572
-410
-188
-65
-73
-129
-169
-139
18
309
664
987
1237
1438
1598
1745
1977
2344
2783
3206
3558
3856
4063
4156
4184
3936
3084
1894
1104
1141
1546
1478
807
-107
-1198
-2429
-3358
-3504
-3109
-3023
-3449
-3734
-3663
-3764
-4280
-4656
-4364
-3708
-3146
-2471
-1557
-1005
-1241
-1712
-1476
-481
515
1245
1957
2522
2532
2109
1939
2311
2682
2720
2811
3154
3282
2775
1945
1365
1026
647
418
561
674
197
-774
-1577
-1923
-2136
-2326
-2262
-2008
-1965
-2271
-2561
-2553
-2489
-2549
-2424
-1908
-1286
-955
-937
-963
-951
-917
-646
-53
551
796
675
517
497
540
662
889
1084
1082
890
694
562
379
164
80
141
202
120
-96
-362
-658
-859
-781
-459
-124
-3
-105
-265
-363
-297
26
527
1005
1296
1416
1515
1644
1817
2140
2634
3171
3602
3878
4063
4176
4203
4180
3881
3012
1912
1291
1427
1696
1299
359
-599
-1555
-2597
-3369
-3430
-3101
-3240
-3866
-4171
-4000
-4018
-4476
-4735
-4276
-3546
-3064
-2510
-1677
-1146
-1336
-1632
-1103
96
1033
1530
2052
2564
2600
2230
2207
2754
3166
3073
2985
3207
3249
2640
1787
1357
1213
886
535
489
433
-200
-1234
-1897
-1994
-2054
-2281
-2335
-2165
-2204
-2593
-2842
-2651
-2379
-2326
-2189
-1700
-1192
-1042
-1061
-880
-546
-319
-105
294
679
749
598
567
735
867
899
966
1033
924
663
468
417
344
182
69
30
-77
-315
-563
-699
-765
-801
-727
-535
-381
-379
-456
-441
-302
-85
231
628
980
1187
1298
1461
1714
2012
2404
2882
3311
3596
3755
3916
4139
4348
4467
4201
3254
1982
1166
1209
1558
1327
484
-493
-1515
-2643
-3549
-3740
-3418
-3427
-3941
-4259
-4131
-4135
-4605
-4970
-4597
-3807
-3184
-2575
-1759
-1208
-1376
-1762
-1358
-145
952
1561
2061
2550
2608
2207
2080
2605
3148
3177
3055
3194
3231
2630
1702
1192
1092
883
552
441
374
-234
-1333
-2125
-2246
-2182
-2298
-2358
-2227
-2283
-2734
-3101
-2956
-2590
-2408
-2238
-1799
-1304
-1147
-1216
-1062
-657
-301
-23
323
665
740
560
490
672
882
971
995
989
858
580
355
307
299
209
83
-22
-149
-377
-622
-743
-759
-728
-658
-550
-460
-475
-530
-465
-261
21
332
640
915
1097
1240
1491
1841
2232
2638
3012
3358
3636
3836
4065
4317
4529
4504
3858
2659
1568
1214
1529
1666
1108
173
-841
-1978
-3105
-3711
-3535
-3218
-3485
-4024
-4189
-4140
-4427
-4936
-4907
-4153
-3373
-2871
-2272
-1585
-1372
-1734
-1790
-848
492
1362
1820
2274
2573
2341
1963
2231
3019
3462
3357
3246
3302
2997
2138
1423
1324
1363
1058
669
520
242
-637
-1690
-2124
-1994
-1928
-2083
-2127
-2072
-2363
-2946
-3141
-2723
-2213
-2000
-1859
-1523
-1236
-1251
-1242
-862
-314
40
202
398
587
551
428
534
837
1058
1072
1000
916
712
436
310
370
441
362
167
-44
-298
-577
-733
-711
-590
-500
-467
-433
-428
-460
-431
-277
5
341
651
933
1146
1270
1408
1643
2018
2498
2953
3319
3594
3773
3946
4175
4472
4723
4478
3464
2141
1326
1398
1766
1604
872
-100
-1256
-2545
-3517
-3637
-3187
-3117
-3628
-4056
-4111
-4248
-4726
-4975
-4450
-3607
-3054
-2588
-1902
-1396
-1559
-1913
-1441
-144
1019
1637
2069
2459
2414
1943
1882
2626
3426
3578
3347
3257
3112
2452
1643
1399
1564
1448
964
607
414
-182
-1222
-1931
-1934
-1747
-1840
-2021
-2031
-2197
-2765
-3211
-2984
-2350
-1933
-1840
-1723
-1540
-1524
-1525
-1160
-480
53
221
262
347
361
298
410
771
1102
1161
1031
879
688
437
292
372
526
522
319
29
-292
-608
-782
-724
-547
-446
-472
-541
-598
-638
-596
-402
-107
182
427
657
871
1016
1152
1410
1777
2177
2580
2957
3284
3501
3639
3854
4174
4507
4622
4129
2989
1760
1173
1401
1736
1470
666
-400
-1659
-2942
-3717
-3575
-3053
-3073
-3632
-4077
-4243
-4520
-4950
-4897
-4123
-3309
-2896
-2519
-1951
-1621
-1846
-1971
-1186
148
1126
1603
1973
2237
2017
1592
1828
2773
3512
3530
3238
3057
2699
1952
1408
1519
1776
1521
927
528
207
-522
-1415
-1763
-1585
-1509
-1765
-1979
-2042
-2368
-2958
-3163
-2699
-2080
-1832
-1833
-1765
-1726
-1815
-1673
-1032
-245
157
131
20
-20
-44
78
508
1030
1240
1054
747
545
414
351
461
672
732
525
183
-121
-372
-558
-570
-416
-275
-294
-441
-570
-634
-628
-473
-174
122
305
412
551
746
948
1212
1583
1966
2293
2572
2851
3154
3438
3730
4085
4418
4615
4440
3636
2410
1430
1281
1775
2026
1545
541
-736
-2134
-3294
-3615
-3027
-2461
-2713
-3482
-4099
-4475
-4851
-4994
-4406
-3389
-2773
-2660
-2495
-2128
-1984
-2105
-1748
-586
641
1271
1507
1752
1842
1545
1423
2114
3179
3685
3453
3043
2712
2185
1593
1546
2028
2243
1736
932
354
-146
-798
-1215
-1098
-871
-1088
-1645
-2040
-2246
-2571
-2837
-2627
-2067
-1727
-1840
-2038
-2054
-2019
-1907
-1446
-672
-69
12
-207
-345
-336
-189
197
777
1194
1145
782
479
364
386
543
803
958
784
361
-24
-238
-321
-286
-152
-41
-125
-383
-599
-644
-552
-376
-152
60
156
151
208
420
720
1023
1321
1632
1899
2105
2352
2686
3061
3408
3717
4025
4284
4397
4168
3391
2275
1462
1444
1944
2124
1569
503
-797
-2158
-3165
-3265
-2562
-2050
-2448
-3380
-4138
-4586
-4867
-4749
-3960
-3004
-2663
-2850
-2877
-2558
-2300
-2149
-1562
-465
441
757
884
1189
1400
1291
1375
2112
3014
3313
3028
2702
2452
2021
1621
1777
2289
2348
1696
890
368
-84
-584
-748
-497
-420
-933
-1651
-2033
-2176
-2382
-2462
-2167
-1784
-1759
-2006
-2135
-2112
-2127
-2039
-1579
-898
-444
-355
-428
-526
-639
-594
-160
501
939
936
661
365
153
128
394
788
959
757
364
27
-175
-247
-171
-39
-44
-243
-484
-590
-567
-510
-424
-299
-209
-193
-166
-19
226
453
650
875
1099
1287
1482
1791
2221
2620
2922
3179
3383
3513
3638
3862
4043
3713
2761
1757
1347
1533
1702
1453
873
-20
-1285
-2565
-3127
-2734
-2143
-2195
-2823
-3492
-4043
-4529
-4661
-4063
-3110
-2641
-2778
-2898
-2686
-2428
-2258
-1780
-858
-71
200
337
735
1147
1201
1203
1662
2352
2699
2657
2614
2600
2281
1774
1658
2015
2257
1989
1464
1004
496
-110
-426
-249
-34
-303
-936
-1451
-1751
-2016
-2131
-1902
-1564
-1556
-1889
-2152
-2170
-2106
-1964
-1594
-1105
-836
-889
-971
-895
-751
-565
-223
228
511
484
331
261
276
345
533
800
934
791
505
293
206
191
241
309
274
67
-196
-333
-311
-221
-135
-83
-90
-159
-194
-80
169
431
630
783
934
1095
1305
1635
2062
2448
2716
2922
3135
3354
3553
3751
3780
3300
2335
1501
1393
1845
2103
1762
974
-104
-1388
-2434
-2578
-1861
-1255
-1539
-2457
-3343
-3975
-4332
-4125
-3226
-2301
-2162
-2672
-3034
-2917
-2607
-2195
-1442
-519
-52
-166
-247
111
583
823
1093
1649
2146
2189
2006
2022
2132
1983
1741
1859
2231
2289
1875
1376
1025
638
229
158
443
526
33
-701
-1198
-1447
-1601
-1521
-1159
-942
-1255
-1839
-2139
-2055
-1864
-1617
-1236
-921
-973
-1263
-1371
-1193
-965
-743
-406
-57
48
-75
-133
-22
100
213
435
694
759
588
404
340
312
292
342
416
346
100
-135
-219
-199
-142
-56
17
-23
-169
-262
-179
18
228
413
556
639
689
804
1049
1369
1703
2017
2268
2445
2583
2762
2998
3231
3409
3384
2936
2118
1394
1215
1458
1594
1367
885
150
-914
-1962
-2348
-1961
-1511
-1592
-2058
-2583
-3179
-3798
-3960
-3362
-2543
-2232
-2403
-2570
-2601
-2656
-2552
-1936
-1037
-493
-438
-416
-168
73
199
505
1089
1558
1632
1564
1665
1795
1696
1555
1685
1946
1956
1690
1457
1316
1022
608
430
543
556
224
-211
-503
-773
-1106
-1247
-1072
-912
-1089
-1427
-1595
-1627
-1701
-1706
-1504
-1297
-1325
-1450
-1404
-1239
-1139
-1031
-773
-506
-419
-405
-251
-24
93
166
334
502
520
473
524
613
598
527
526
537
448
310
243
226
168
96
93
120
85
11
-21
-6
12
55
173
330
447
515
594
714
865
1061
1332
1633
1881
2054
2197
2350
2514
2679
2784
2655
2194
1617
1294
1361
1563
1588
1334
786
-58
-971
-1489
-1371
-943
-759
-1028
-1616
-2341
-2997
-3248
-2878
-2172
-1712
-1772
-2149
-2529
-2729
-2615
-2090
-1326
-758
-637
-789
-877
-749
-443
9
543
959
1085
996
955
1094
1306
1468
1594
1699
1704
1565
1405
1340
1298
1149
941
815
760
633
407
190
0
-257
-545
-680
-623
-571
-683
-891
-1072
-1244
-1419
-1481
-1355
-1168
-1089
-1119
-1180
-1252
-1307
-1235
-982
-673
-462
-356
-297
-278
-266
-156
87
336
472
525
549
533
491
511
614
693
670
603
554
497
413
349
322
282
199
129
117
122
99
59
30
17
30
98
216
329
398
442
503
606
767
1002
1265
1473
1600
1693
1798
1912
2018
2095
2062
1836
1514
1297
1273
1309
1240
1026
676
181
-351
-697
-744
-652
-681
-926
-1320
-1764
-2138
-2287
-2148
-1868
-1703
-1773
-1996
-2209
-2279
-2137
-1797
-1387
-1088
-997
-1043
-1053
-901
-581
-181
190
444
542
527
531
666
913
1152
1298
1344
1299
1178
1059
1032
1078
1089
1008
880
733
559
385
270
197
89
-66
-214
-321
-425
-544
-647
-725
-811
-901
-947
-951
-976
-1059
-1169
-1258
-1291
-1236
-1077
-875
-737
-707
-731
-725
-632
-433
-159
99
238
244
197
199
291
459
643
767
773
667
528
436
414
428
425
372
269
147
44
-20
-64
-127
-211
-291
-342
-354
-312
-228
-150
-114
-92
-27
94
246
427
617
769
866
957
1089
1246
1395
1529
1636
1664
1582
1424
1248
1108
1035
1023
1011
908
667
315
-68
-371
-518
-532
-520
-593
-789
-1083
-1403
-1630
-1669
-1547
-1386
-1306
-1342
-1463
-1596
-1643
-1534
-1291
-1026
-844
-773
-757
-726
-628
-434
-173
79
246
317
346
387
467
585
714
811
837
798
732
676
638
613
584
533
455
353
245
149
70
-5
-76
-136
-178
-224
-277
-327
-372
-420
-458
-468
-467
-494
-552
-607
-640
-637
-576
-461
-350
-299
-304
-315
-290
-205
-49
144
292
342
309
256
238
286
389
490
524
463
335
193
95
65
87
104
78
8
-87
-183
-244
-250
-223
-207
-208
-202
-178
-147
-110
-59
-6
32
63
119
207
309
402
472
506
518
543
598
666
727
783
835
863
876
894
908
875
776
648
549
501
508
541
542
441
235
-5
-193
-274
-247
-166
-126
-200
-383
-606
-776
-823
-740
-596
-497
-506
-613
-752
-847
-833
-704
-525
-385
-329
-342
-372
-373
-307
-179
-35
66
101
88
59
40
48
76
102
100
72
37
7
-14
-29
-42
-61
-85
-95
-76
-39
-3
20
23
12
1
16
66
132
189
220
222
199
161
128
108
107
118
130
134
121
87
37
-20
-57
-60
-36
-6
8
-11
-65
-139
-199
-216
-192
-151
-119
-113
-140
-183
-221
-226
-200
-156
-118
-97
-92
-98
-102
-93
-70
-42
-17
-3
6
12
20
30
36
34
30
23
16
14
16
22
24
24
25
29
40
52
71
92
114
133
150
168
188
212
246
289
341
388
417
419
398
366
345
350
380
417
434
408
337
242
153
101
91
106
109
70
-15
-128
-231
-294
-307
-292
-280
-301
-361
-440
-505
-533
-523
-492
-463
-456
-470
-493
-507
-499
-474
-443
-418
-401
-385
-357
-317
-273
-231
-201
-182
-157
-116
-51
25
92
138
158
163
178
217
276
334
375
384
363
330
307
302
302
297
273
229
175
122
83
55
26
-7
-40
-70
-90
-97
-97
-99
-109
-121
-128
-119
-94
-60
-37
-28
-30
-37
-31
-10
20
46
56
50
34
20
18
23
27
21
1
-26
-53
-73
-83
-92
-104
-123
-146
-164
-174
-171
-164
-158
-156
-157
-152
-136
-110
-78
-46
-20
1
25
55
95
144
191
233
265
289
313
337
366
395
419
435
440
438
433
424
415
401
381
356
325
293
261
228
193
152
104
58
13
-24
-53
-78
-107
-141
-179
-215
-242
-253
-247
-233
-218
-209
-209
-210
-204
-186
-153
-115
-79
-51
-35
-24
-14
2
22
44
60
69
70
67
63
59
55
50
41
33
23
14
6
-2
-11
-22
-31
-36
-36
-31
-24
-17
-12
-9
-2
6
22
41
64
87
106
120
130
136
141
147
154
163
168
166
155
140
121
102
87
74
59
41
17
-11
-39
-64
-85
-102
-116
-129
-145
-161
-177
-190
-197
-198
-195
-187
-179
-170
-161
-151
-138
-120
-95
-66
-39
-13
9
29
50
72
97
121
141
154
162
166
170
176
181
181
175
164
150
134
120
107
92
76
54
28
4
-16
-33
-45
-56
-68
-81
-95
-108
-115
-116
-111
-106
-100
-94
-86
-78
-66
-52
-35
-18
-5
7
15
23
30
37
42
44
45
41
35
25
13
2
-10
-21
-34
-47
-61
-77
-92
-106
-117
-125
-129
-132
-135
-136
-138
-134
-127
-117
-104
-90
-78
-67
-56
-40
-23
-4
16
31
43
50
57
67
78
89
96
97
92
84
75
70
67
62
52
37
17
-2
-17
-29
-40
-50
-64
-82
-98
-112
-120
-123
-122
-122
-124
-127
-129
-126
-118
-104
-88
-74
-62
-50
-38
-25
-9
7
22
34
44
51
56
60
62
62
61
57
51
44
37
29
19
7
-3
-16
-25
-35
-44
-51
-59
-66
-71
-74
-75
-73
-70
-68
-62
-55
-44
-31
-19
-8
1
11
22
34
49
62
72
77
77
78
78
79
81
81
76
66
52
41
30
24
18
10
-2
-15
-29
-39
-46
-51
-53
-57
-61
-66
-67
-65
-60
-54
-47
-41
-35
-27
-17
-6
5
16
26
34
42
51
58
64
70
73
76
76
77
76
73
68
62
54
49
42
36
28
20
13
3
-5
-12
-16
-21
-26
-30
-36
-39
-40
-39
-36
-33
-31
-28
-26
-20
-14
-5
4
10
14
18
22
28
35
43
48
49
47
43
40
39
38
37
31
23
12
1
-7
-11
-15
-19
-25
-34
-42
-47
-47
-45
-41
-39
-37
-36
-34
-28
-19
-11
-1
7
14
20
26
35
42
50
57
61
63
64
65
64
64
62
58
52
44
37
27
19
10
1
-8
-16
-26
-35
-43
-49
-54
-59
-62
-63
-64
-64
-65
-62
-60
-57
-52
-46
-39
-33
-27
-22
-17
-13
-7
1
8
14
17
19
18
18
20
23
25
26
24
20
15
11
8
6
3
1
-4
-9
-15
-18
-22
-24
-26
-28
-29
-30
-31
-29
-28
-26
-23
-21
-17
-12
-8
-3
2
4
6
8
10
11
14
13
13
12
7
3
-2
-6
-11
-16
-21
-28
-35
-42
-48
-55
-59
-64
-67
-68
-71
-73
-73
-73
-71
-65
-60
-54
-46
-39
-31
-22
-13
-4
7
16
25
32
39
46
51
55
58
62
63
63
62
59
56
52
47
41
37
31
24
16
9
2
-5
-11
-18
-22
-28
-33
-39
-43
-46
-47
-46
-45
-44
-44
-42
-39
-35
-30
-25
-20
-14
-11
-7
-3
1
5
10
13
15
16
15
16
17
15
16
15
14
12
9
7
5
2
1
0
-1
-2
-4
-5
-6
-6
-5
-3
0
1
4
6
10
13
18
23
28
32
36
39
40
44
46
48
50
50
49
46
43
39
35
31
26
19
15
6
0
-7
-14
-19
-25
-30
-34
-38
-42
-44
-45
-46
-45
-45
-41
-38
-35
-30
-23
-17
-10
-4
4
11
19
27
33
40
47
52
56
60
62
65
66
66
66
65
62
58
54
51
46
42
36
31
24
18
12
7
3
-2
-5
-11
-14
-17
-19
-20
-20
-20
-19
-18
-16
-14
-12
-9
-5
-1
2
5
8
10
12
14
15
17
17
18
15
14
13
11
9
9
6
4
2
-2
-4
-6
-8
-8
-10
-11
-12
-12
-13
-11
-9
-8
-6
-2
0
3
7
10
15
19
22
26
30
32
35
36
39
39
39
39
37
35
31
28
24
19
13
8
1
-5
-11
-18
-23
-28
-34
-39
-42
-45
-46
-47
-48
-49
-48
-46
-44
-40
-37
-33
-29
-25
-21
-17
-12
-7
-2
2
6
10
12
15
18
20
22
23
22
22
22
21
18
17
14
13
10
6
3
0
-4
-6
-9
-11
-13
-15
-17
-19
-21
-22
-22
-22
-21
-22
-22
-22
-22
-20
-18
-17
-16
-14
-14
-13
-13
-12
-10
-10
-8
-8
-8
-7
-8
-8
-9
-9
-10
-9
-11
-10
-11
-13
-14
-14
-13
-14
-12
-13
-12
-11
-11
-10
-8
-6
-4
-2
0
0
4
5
7
9
12
13
14
17
18
17
18
18
17
16
15
14
12
10
8
5
2
-1
-2
-5
-8
-10
-13
-15
-18
-19
-21
-22
-23
-23
-24
-23
-23
-22
-21
-20
-18
-16
-12
-13
-10
-8
-6
-3
-1
1
4
5
7
8
9
10
11
12
13
12
13
12
12
12
11
11
12
11
11
11
11
10
9
9
9
8
8
8
7
6
7
7
7
7
7
8
7
6
6
6
5
4
4
3
3
2
2
0
-1
-1
-2
-3
-3
-3
-4
-3
-4
-4
-3
-4
-4
-4
-3
-3
-3
-1
-1
0
0
1
2
2
3
5
7
8
9
10
11
12
13
14
16
16
17
16
16
16
16
16
16
15
15
13
12
10
11
8
7
6
5
3
2
1
0
-1
-2
-3
-2
-3
-4
-4
-4
-3
-4
-3
-3
-3
-2
-2
-1
0
0
-1
0
0
-1
0
-1
-1
-1
-2
-1
-1
-1
-1
-2
-3
-3
-3
-3
-3
-4
-5
-5
-5
-5
-4
-4
-4
-3
-3
-3
-2
-3
-2
0
-1
0
0
1
2
1
1
1
1
1
0
0
0
0
-1
-1
-2
-2
-2
-3
-3
-4
-4
-4
-5
-6
-6
-7
-6
-8
-7
-7
-8
-8
-8
-8
-8
-8
-9
-8
-8
-8
-8
-8
-7
-8
-9
-8
-7
-7
-8
-8
-8
-7
-7
-6
-6
-6
-5
-5
-5
-6
-6
-5
-6
-5
-5
-6
-6
-7
-7
-7
-7
-8
-7
-8
-8
-9
-9
-8
-8
-7
-6
-6
-5
-5
-4
-3
-4
-3
-2
-2
-1
-2
-1
-1
-1
-2
-1
-1
-1
-1
-2
-2
-2
-3
-4
-3
-5
-4
-4
-6
-6
-6
-7
-7
-6
-6
-6
-6
-5
-5
-4
-4
-3
-1
-2
-1
-1
0
1
1
1
1
2
2
4
3
2
2
2
1
1
1
0
-1
-1
-1
-1
-2
-2
-3
-3
-3
-3
-2
-3
-2
-1
-2
-1
-1
0
1
0
1
2
2
2
3
3
3
4
4
4
3
3
3
3
3
3
3
2
2
2
1
1
0
0
0
0
0
0
0
-1
0
-1
1
1
2
2
3
2
3
3
4
5
5
5
5
6
6
6
6
7
6
6
6
7
7
7
6
6
7
7
7
7
7
7
7
6
7
7
6
6
6
5
6
5
5
6
6
6
6
6
6
6
6
5
5
5
5
5
5
4
4
3
2
2
1
0
0
0
-1
0
-1
0
0
1
1
2
3
4
4
6
6
7
7
8
8
8
8
8
7
7
6
6
4
4
3
3
3
2
2
2
3
2
2
2
2
2
2
2
2
2
2
2
2
1
1
0
-1
-1
-2
-1
-2
-2
-2
-1
-2
-2
-1
-1
0
-1
0
0
0
1
0
0
0
0
-1
-1
-1
-1
-1
-2
-1
-1
0
1
0
0
0
1
0
-1
-1
-2
-2
-3
-4
-5
-6
-7
-7
-8
-8
-9
-10
-9
-8
-9
-7
-6
-5
-4
-2
-1
-1
-1
-1
-1
0
-1
1
0
-1
-2
-2
-3
-3
-4
-5
-6
-6
-5
-5
-6
-6
-5
-6
-6
-6
-6
-5
-5
-6
-6
-5
-5
-6
-7
-7
-7
-7
-6
-5
-4
-4
-2
0
2
2
3
3
4
4
4
4
4
4
2
2
0
0
-1
-2
-4
-4
-5
-4
-5
-6
-5
-4
-4
-5
-4
-4
-4
-3
-3
-3
-4
-4
-5
-5
-7
-7
-6
-6
-5
-4
-3
-2
-2
-1
0
3
3
4
6
7
8
9
9
8
8
8
6
5
5
3
2
3
2
3
3
4
5
4
4
3
4
4
4
4
4
5
5
6
5
4
3
0
0
-2
-2
-1
0
3
6
8
9
9
9
8
6
3
2
2
2
3
5
5
6
6
3
0
-3
-6
-7
-8
-6
-2
3
7
13
16
17
14
10
6
0
-2
-2
2
6
10
14
15
13
6
1
-6
-10
-12
-10
-4
2
11
19
25
25
24
18
8
2
-3
-4
0
9
16
21
22
19
10
3
-4
-9
-11
-9
-6
0
4
8
11
13
12
9
4
-2
-11
-17
-19
-15
-8
0
7
11
9
2
-4
-11
-13
-10
-4
4
11
18
19
19
18
18
16
16
12
5
-4
-11
-17
-18
-13
-6
-2
1
-2
-9
-20
-28
-31
-31
-25
-15
-4
7
14
14
13
8
-2
-10
-14
-17
-15
-8
2
9
12
11
3
-9
-21
-26
-26
-19
-8
2
9
11
7
2
-3
-6
-7
-4
0
-1
-3
-4
-2
-1
3
7
6
0
-12
-22
-26
-25
-14
4
17
22
19
5
-16
-32
-35
-31
-18
1
18
18
10
-2
-17
-33
-40
-36
-29
-24
-18
-10
-3
-5
-6
-2
-4
-21
-35
-40
-44
-47
-32
-2
15
14
10
-1
-32
-65
-72
-57
-43
-22
6
24
15
-3
-12
-18
-30
-28
-12
-1
-3
-3
4
5
4
13
23
15
-1
-14
-28
-41
-40
-20
7
25
36
37
16
-15
-34
-40
-39
-19
14
32
26
20
9
-22
-48
-39
-23
-25
-16
8
0
-34
-39
-28
-36
-37
-2
23
7
-8
-2
-18
-54
-44
-2
15
17
43
58
18
-34
-44
-47
-67
-47
23
67
59
54
54
2
-72
-81
-45
-32
-13
59
114
76
21
13
-21
-105
-122
-42
-1
-18
29
97
46
-46
-35
-14
-92
-118
-14
40
-12
13
108
74
-29
-12
35
-38
-88
-1
62
18
28
111
94
-3
-23
-2
-47
-79
-5
69
55
40
68
43
-41
-66
-23
-14
-33
12
70
47
6
25
26
-38
-53
10
22
-5
42
95
34
-36
-4
14
-41
-19
87
84
2
19
43
-48
-93
5
50
-1
41
123
55
-45
-14
-4
-95
-85
44
76
32
86
125
5
-98
-62
-55
-108
-29
119
123
62
85
62
-76
-136
-61
-16
-8
81
167
117
33
21
-8
-80
-62
35
58
32
78
111
31
-27
13
16
-45
-35
30
28
-9
7
28
4
-20
-8
12
8
-26
-44
-27
-16
-23
24
97
83
10
-17
-35
-93
-83
24
92
98
113
85
-24
-91
-79
-77
-56
52
122
74
34
43
-34
-145
-114
-23
-27
-26
64
94
5
-37
-10
-34
-79
-46
6
9
12
36
38
22
15
9
11
25
11
-21
-20
-9
-37
-15
82
107
31
10
6
-114
-188
-67
35
4
51
140
34
-111
-68
-30
-113
-80
52
28
-41
39
83
-16
-42
12
-45
-111
-34
39
10
24
71
18
-48
-15
8
-26
-10
30
-9
-47
7
43
2
5
50
2
-87
-60
11
-19
-49
30
58
-44
-72
10
8
-53
-8
48
-16
-57
0
5
-20
41
78
21
20
43
-37
-76
11
24
-22
63
122
6
-42
20
-52
-140
-30
54
-18
13
104
12
-96
-29
-17
-117
-63
71
32
-29
60
88
-33
-71
5
-4
-71
-24
77
70
13
39
67
-1
-53
-1
36
-7
-15
51
68
17
15
56
29
-45
-47
4
1
-23
16
42
-7
-45
-20
-7
-21
-10
3
-10
-14
-18
-14
24
32
-10
14
78
33
-18
46
57
-56
-60
61
63
-2
62
104
-16
-92
-37
-33
-60
14
77
39
23
39
-32
-102
-35
25
-27
0
133
107
-32
-18
41
-46
-93
8
53
24
56
57
-15
-18
-8
-98
-89
53
46
-33
66
108
-57
-73
59
-5
-83
71
128
-14
2
117
27
-76
16
74
3
6
73
34
-55
-40
17
5
-5
36
33
-24
-38
-13
-8
0
13
-7
-10
26
8
-26
30
36
-73
-54
70
11
-84
30
74
-97
-101
103
93
-75
-12
95
-61
-167
26
154
32
-23
74
42
-121
-113
34
58
1
-3
-1
-11
-42
-104
-65
76
46
-85
7
120
-50
-142
54
75
-85
31
181
20
-52
92
28
-137
-40
91
12
-45
40
74
-15
-64
7
46
-54
-117
-16
26
-71
-11
169
91
-94
-34
23
-117
-139
9
49
11
35
46
24
23
-34
-122
-76
1
-34
-13
117
135
30
-21
-16
-52
-99
-69
-3
-3
-12
25
11
-36
-10
-19
-124
-109
-1
-48
-89
76
139
-40
-56
116
50
-142
-60
107
27
-102
3
144
31
-132
-44
73
-45
-151
-24
74
-52
-135
-5
71
-33
-59
61
71
-41
-33
49
-14
-89
23
96
-29
-20
170
83
-177
-83
86
-135
-236
87
167
-83
-26
149
-45
-194
-28
-12
-153
-45
127
56
-13
89
83
-90
-121
-14
-33
-94
11
138
92
13
62
63
-124
-222
-56
58
-24
24
194
104
-120
-100
-18
-93
-106
1
28
10
49
58
33
8
-68
-112
-53
-20
-22
81
183
55
-104
-11
40
-134
-114
114
73
-90
13
95
-35
-30
59
-76
-134
54
40
-125
30
210
-7
-166
44
104
-146
-144
120
77
-107
42
145
-56
-90
33
-43
-92
31
54
-15
39
106
2
-86
-2
9
-101
-32
144
100
-34
28
101
-42
-138
17
100
-19
-24
106
100
-35
-59
53
40
-97
-49
79
-11
-109
9
111
8
-82
32
67
-137
-149
81
47
-87
86
210
22
-69
37
-6
-125
-36
79
48
67
97
8
-12
20
-92
-156
-28
31
-38
4
137
92
-71
-56
20
-53
-73
37
74
32
22
67
103
38
-21
22
-2
-105
-64
60
73
30
43
61
-9
-97
-80
-27
-42
-43
45
94
31
-2
47
-5
-133
-69
96
32
-88
64
158
-66
-121
105
85
-117
-56
90
2
-107
-4
93
-1
-49
61
44
-100
-66
32
-50
-91
66
105
-50
-53
80
25
-118
-56
79
28
-72
7
115
32
-65
-6
45
-13
-58
-8
29
-40
-53
48
35
-43
9
29
-64
-69
19
50
-1
-36
27
44
-49
-25
81
24
-67
-45
-38
-59
-29
15
24
7
-13
-44
-66
-29
-15
-51
10
74
-14
-2
145
55
-107
8
56
-124
-68
138
57
-61
38
27
-119
-80
4
-81
-110
0
19
-32
40
125
29
-89
-33
15
-69
-35
147
168
44
32
78
-5
-129
-99
21
1
-70
31
102
-36
-99
-33
-81
-124
-48
-25
-14
44
27
2
31
15
-6
-4
-20
1
30
15
44
77
47
14
-17
-35
-13
-31
-39
25
25
-33
-7
16
-24
-18
6
-8
-12
-17
-32
9
41
-2
18
94
23
-74
11
66
-46
-65
61
73
-34
-17
81
31
-62
-32
-9
-28
-3
9
14
45
9
-35
31
52
-24
-12
44
-15
-60
33
96
40
9
45
23
-61
-86
-37
-10
8
52
56
48
60
-48
-183
-67
67
-49
-22
238
181
-114
-77
89
-49
-180
41
219
33
-63
124
61
-176
-54
71
-83
-35
126
1
-92
31
45
-62
-35
103
73
-70
1
71
-73
-10
175
32
-35
163
70
-159
-49
70
-57
-89
90
146
18
16
55
-113
-154
27
-7
-72
149
208
-15
-25
102
-16
-171
-68
59
3
4
151
141
-51
-93
-27
-115
-145
40
86
-15
45
79
-47
-50
23
-27
-48
23
42
10
14
59
57
-6
-4
30
-35
-71
-9
-24
-21
60
21
-11
59
-16
-125
-54
1
-30
0
81
124
53
-29
-19
-41
-48
13
9
61
156
36
-67
14
-20
-102
-43
15
43
41
9
30
-32
-128
-34
10
-77
32
150
16
-86
-13
5
-81
-49
88
59
-15
47
19
-70
-26
-1
-42
-31
13
40
-9
-25
47
-22
-94
22
-19
-114
31
67
-40
13
72
39
-7
-58
-24
-2
-68
-36
47
65
65
17
-21
-32
-78
-89
-73
-27
73
39
-16
69
38
-57
-57
-78
-50
-22
-38
99
140
-5
25
26
-139
-109
1
-3
2
32
94
65
-70
-12
32
-145
-101
52
-18
32
132
25
21
-2
-186
-101
57
-48
-18
159
109
-41
-62
-19
-50
-105
-28
55
40
98
114
-54
-91
8
-86
-135
82
156
-7
-32
28
-53
-95
1
27
-42
-4
68
-40
-90
78
53
-130
-19
116
-28
-64
60
14
-78
-20
24
4
38
44
-43
-41
27
-34
-63
55
66
-31
-19
40
36
-11
-33
0
20
-8
-38
-2
86
44
-84
-6
97
-62
-121
56
37
-86
45
112
-48
-12
92
-65
-104
64
44
-63
-13
84
60
-54
-34
57
-40
-101
8
11
-27
25
25
-6
18
36
10
-48
-35
20
-34
-41
89
101
27
31
2
-48
-47
-72
-43
54
70
32
37
49
-28
-108
-30
23
-52
9
109
26
-18
52
40
-39
-49
34
27
-62
10
96
-1
-31
79
62
-63
-42
36
-27
-57
40
68
31
23
14
13
-5
-35
-14
-1
9
24
-6
13
69
12
-39
-5
-21
-45
-18
-10
44
77
-24
-11
78
-38
-66
80
24
-81
12
76
1
-30
65
85
-54
-71
29
0
-65
-37
43
76
-11
-26
63
0
-112
-49
52
18
-13
77
48
-58
24
40
-52
32
51
-53
-5
23
-7
37
21
13
16
-73
-28
50
-58
-63
54
22
-63
-53
50
92
-66
-124
39
2
-148
-45
100
101
41
-36
-18
17
-86
-134
-5
117
95
0
28
107
-32
-188
-86
19
-32
-19
88
93
-12
-60
-53
-118
-118
25
9
-78
97
137
-92
-45
66
-100
-107
26
1
12
59
44
24
-29
-4
27
-79
-90
-11
-3
41
24
8
133
30
-206
-96
53
-50
-104
38
179
45
-154
-11
74
-133
-125
24
15
20
3
-18
67
18
-80
-19
8
-10
-16
-24
55
37
-41
47
25
-81
23
23
-105
-23
58
-27
-48
44
74
-22
-60
5
-13
-65
-14
60
48
-20
20
67
-94
-112
111
25
-170
38
174
-87
-151
116
112
-154
-64
197
23
-182
21
131
-38
-63
96
139
-29
-123
0
24
-86
-38
77
55
-16
-1
26
-48
-62
7
-39
-30
76
51
43
62
-34
0
70
-59
-75
68
61
-41
-13
114
81
-70
-28
27
-83
-64
28
4
32
72
43
30
-17
-21
-5
-107
-33
134
-1
6
218
19
-165
56
48
-177
-54
183
69
-98
89
166
-118
-119
71
-59
-100
80
82
25
54
52
-17
-108
-45
70
-26
-45
157
133
-73
-24
78
-54
-101
24
47
52
58
-24
-1
30
-57
7
88
-15
-5
68
-34
-77
89
165
-15
-88
143
120
-222
-121
207
25
-175
83
205
-8
-123
-44
36
-30
-120
1
151
73
-38
37
115
-13
-101
-5
-10
-20
105
49
-5
140
31
-170
-59
39
-34
-65
1
93
40
-80
-3
82
-27
-117
-24
61
-28
-45
113
93
-59
-9
59
-9
-41
-23
9
24
-43
-11
143
87
-78
2
67
-105
-127
73
89
-57
17
163
0
-149
43
61
-197
-84
178
-10
-139
137
138
-155
-59
122
-81
-139
84
72
-49
46
128
15
-88
0
61
-82
-102
77
83
-38
-24
56
41
-85
-125
8
48
-69
-55
97
100
-39
-43
46
-16
-109
-41
49
55
50
40
9
-30
-78
-77
-24
8
35
52
-1
-39
-2
-7
-60
-32
39
52
-3
-51
21
92
-38
-127
53
124
-68
-88
67
39
-84
-79
0
34
18
-3
-30
-17
43
-37
-151
20
152
-47
-100
99
82
-96
-86
32
58
-13
-45
24
51
-32
-67
5
57
11
-36
1
19
4
14
-41
-43
81
23
-107
33
148
0
-120
-21
95
-16
-119
48
136
-8
-48
25
43
-17
-71
9
53
-30
5
55
-16
-12
4
-20
9
-44
-64
66
4
-111
59
111
-70
-44
65
-24
-83
-6
27
6
40
48
-18
-9
18
-74
-95
14
39
-15
1
100
75
-97
-68
32
-85
-43
124
27
8
128
1
-134
-33
45
-40
-107
35
150
-19
-111
52
78
-101
-119
78
104
-73
10
185
13
-103
72
81
-57
-28
81
86
-43
-78
61
14
-139
-10
89
-46
-20
73
-47
-96
38
57
-29
7
123
86
-70
-28
135
43
-108
7
94
-18
-46
32
51
-7
-92
-74
21
-9
-44
42
31
-36
0
-16
-38
55
40
-38
17
28
-23
-9
-10
6
43
-18
-36
18
-22
-45
3
-4
-7
27
11
-21
7
32
-26
-47
25
22
-45
5
72
-3
-71
8
39
-73
-66
66
39
-73
-14
91
12
-86
36
96
-68
-48
100
5
-58
54
34
-26
1
-10
-5
-12
-45
16
12
-69
26
77
-74
-61
83
15
-89
-5
93
33
-77
-45
68
35
-64
-17
62
5
-70
-40
11
19
6
-13
-11
10
-7
-36
-11
21
20
5
-18
-22
22
10
-64
-16
51
-58
-80
40
-8
-68
18
10
-31
3
-23
-24
10
-20
-13
20
16
27
21
4
-1
-11
-14
-57
-62
41
26
-59
30
78
-56
-90
-5
-16
-71
-20
48
16
12
69
21
-52
-10
-10
-75
-24
63
31
-3
41
26
-64
-51
24
-9
-54
11
44
4
-12
-3
47
61
-58
-72
82
41
-133
-34
150
28
-146
10
166
-51
-176
66
100
-140
-72
147
55
-68
41
73
-61
-83
7
31
-6
-2
60
42
-59
-29
31
-53
-57
46
12
-64
-5
76
11
-91
17
108
-92
-143
80
61
-90
2
94
16
-59
-49
0
-11
-61
-1
64
4
-1
53
-8
-66
-1
27
-11
14
55
32
8
-8
-19
28
17
-50
14
54
-40
-22
40
-12
-17
5
-20
16
36
-31
-22
60
40
-47
13
123
29
-61
47
72
-17
-15
15
44
39
-42
2
92
-28
-87
39
4
-97
-6
69
2
-21
40
40
-50
-71
14
26
-36
-10
72
53
-54
-48
57
-4
-111
17
97
-54
-80
79
73
-74
-29
116
24
-129
-13
111
-9
-78
42
77
-24
-46
9
29
6
-38
-43
16
42
10
-7
25
77
47
-47
-18
86
46
-59
-12
123
107
-48
-45
105
18
-151
1
121
-40
-26
98
-32
-86
67
20
-114
4
137
8
-111
37
137
-53
-149
67
138
-69
-85
85
56
-65
-67
15
82
-17
-130
18
84
-84
-71
64
44
-48
-100
-15
74
-65
-106
74
48
-97
-43
45
22
-43
-57
16
30
-32
7
44
-13
-10
4
-26
15
50
11
-10
-19
0
32
-36
-40
69
33
-57
1
43
-9
-59
-59
29
75
-31
-31
92
-6
-137
2
83
-15
7
52
-13
-12
12
-22
-2
37
9
-27
-3
55
22
-48
2
18
-83
-65
31
2
-33
25
36
-41
-65
-22
-45
-84
-7
51
-11
-15
58
6
-104
-52
45
-29
-91
43
106
-31
-63
42
22
-73
-56
20
37
-12
-43
9
57
-20
-87
17
78
-79
-103
96
62
-111
-12
92
-23
-56
21
20
-13
-26
-13
21
23
26
44
14
-23
-15
-11
-6
33
57
41
28
10
-11
-3
3
-9
9
24
2
0
12
-16
-25
8
7
-13
-3
-17
-36
-7
-10
-20
50
75
-12
-32
42
15
-78
-22
86
28
-32
63
91
-29
-57
20
-3
-77
-11
75
11
-25
41
21
-50
-33
-9
-26
-14
38
47
-3
-11
33
-2
-67
1
85
24
-43
10
60
-8
-61
34
90
-21
-55
50
32
-68
-14
66
-8
-61
24
39
-43
-22
37
-4
-37
-23
-1
19
-6
1
64
32
-35
-14
8
-20
-33
24
90
36
-12
36
-7
-74
-11
5
-27
43
51
-21
16
59
-25
-73
-14
23
-12
-12
71
87
-3
-18
28
6
-11
-6
-3
59
66
-25
8
102
7
-99
8
70
-52
-61
65
48
-30
6
19
-41
-53
-17
-2
-2
31
47
-18
-53
1
10
-25
8
41
11
-10
-15
-17
28
32
-52
-34
67
0
-114
-16
77
-38
-95
28
57
-49
-76
-20
10
7
-21
-9
55
31
-53
-22
50
24
-22
-5
43
31
-46
-17
80
4
-73
39
48
-82
-52
37
2
-27
29
54
-1
-20
17
-29
-65
35
65
-7
33
82
13
-27
-26
-30
12
19
-35
-17
51
39
-33
-38
35
8
-111
-98
13
39
-2
-1
70
64
-78
-108
4
-9
-65
28
105
39
-8
29
-8
-97
-51
17
-43
-24
82
22
-75
-5
8
-112
-93
28
-9
-83
3
66
-34
-65
54
45
-81
-36
63
-4
-50
62
112
-3
-42
52
4
-114
-12
73
-45
-58
52
17
-72
-41
4
-27
-49
-21
-6
8
32
3
-16
50
52
-41
-29
50
4
-60
13
71
7
-23
30
1
-100
-78
19
-9
-64
29
100
-6
-67
21
19
-75
-30
53
22
34
85
25
-35
-8
-25
-64
-28
11
2
9
11
-38
-33
22
-28
-97
-14
54
-28
-51
68
92
-21
-32
45
5
-67
-14
37
-1
5
51
18
-27
6
-11
-94
-57
36
-10
-40
60
72
-33
-47
1
-9
-41
-43
15
66
24
-11
47
50
-50
-79
2
27
-32
-13
78
55
-43
-37
21
-7
-56
-28
30
31
-20
-8
52
27
-18
15
7
-30
11
28
-10
28
86
48
-24
-9
37
-33
-99
2
65
-7
2
57
3
-64
-53
-41
-41
-6
47
47
28
53
38
-51
-41
50
9
-47
80
149
12
-50
52
42
-105
-90
64
40
-59
17
70
-24
-41
10
-37
-64
5
15
-35
18
101
54
-20
6
28
-44
-90
-6
81
32
-4
79
65
-72
-78
6
-15
-49
9
65
47
3
3
16
-20
-33
3
-2
0
54
39
-30
-12
36
-5
-60
-12
63
5
-85
-15
65
-14
-50
43
44
-40
-36
2
-1
6
16
21
25
10
3
6
-19
-10
25
4
-10
49
61
-7
-26
14
-1
-54
-16
56
27
-15
30
21
-56
-33
17
-33
-42
47
49
-39
-36
46
17
-81
-28
85
23
-66
12
76
-8
-52
21
54
-10
-31
27
34
-21
-13
26
-12
-37
11
16
-34
-17
36
6
-50
-13
44
-9
-76
-13
56
-8
-58
30
72
-24
-55
24
31
-31
-23
27
21
-3
11
26
12
5
8
-18
-26
15
13
-22
8
36
-2
-26
-1
12
-15
-47
-15
23
-17
-25
43
29
-37
-16
13
-18
-23
28
31
-8
8
33
-12
-27
23
23
-14
1
22
2
-27
-31
-6
5
-15
-9
6
-20
-48
-40
-13
10
11
11
19
-2
-24
-14
2
25
52
41
28
41
30
-11
-17
13
16
-5
11
35
19
4
-16
-54
-42
-6
-36
-42
36
60
-19
-44
23
31
-38
-36
48
61
0
-2
45
44
0
-20
9
37
5
-24
2
14
-11
-19
-8
2
14
8
-24
-20
17
-4
-47
2
60
12
-25
28
32
-43
-43
18
13
-17
10
37
8
-24
-16
6
1
-10
3
27
21
-7
-2
29
20
-5
6
15
-6
-13
-1
4
13
27
9
-18
0
7
-29
-21
31
32
-2
9
44
29
-14
-12
24
13
-22
7
57
32
-13
6
23
-21
-41
3
19
-9
1
29
11
-10
5
4
-21
-13
12
-3
-2
43
35
-12
14
37
-32
-58
11
22
-29
1
77
50
-24
-15
4
-47
-68
-8
33
26
37
50
12
-40
-42
-41
-57
-26
37
48
27
29
27
-17
-56
-43
-12
-8
6
50
54
20
9
-3
-45
-54
-15
-3
-14
14
45
14
-25
-11
4
-26
-38
5
30
3
3
36
30
-1
6
19
-5
-22
-6
-4
-21
-6
28
17
-11
3
13
-40
-67
-16
8
-22
-3
62
52
-18
-20
17
-26
-78
-23
39
6
-12
46
51
-31
-58
-13
-26
-70
-26
41
21
-12
23
32
-36
-61
-14
-18
-63
-29
37
18
-24
14
36
-35
-76
-23
-3
-48
-30
50
52
-7
0
34
-12
-73
-41
10
-8
-20
26
47
-4
-34
-13
-17
-49
-33
6
3
-8
19
30
4
-4
16
6
-22
-9
23
11
-3
25
40
11
-10
3
-5
-46
-48
-7
2
-11
10
32
1
-40
-37
-29
-47
-40
9
28
9
14
25
-11
-46
-29
-11
-24
-13
29
39
6
-4
12
-9
-49
-32
5
-9
-22
13
33
-8
-25
2
-7
-49
-38
4
2
-16
11
34
6
-19
-10
-5
-18
-13
12
24
21
23
20
5
-2
3
-1
-3
18
34
21
13
25
17
-12
-15
9
11
-5
4
22
5
-18
-8
0
-12
-17
-6
-3
-3
0
2
3
11
10
-4
-5
8
4
-8
9
32
23
2
6
7
-17
-31
-13
7
5
6
15
8
-13
-23
-22
-22
-16
2
9
10
15
12
-7
-21
-12
-6
-11
3
27
27
10
10
14
-2
-9
5
15
9
14
21
14
6
7
4
-5
-5
1
0
-2
7
13
3
-1
6
1
-10
-4
10
3
-3
11
17
0
-8
4
-1
-16
-11
6
5
-4
5
9
-4
-12
-3
-2
-5
4
15
12
6
10
10
-5
-11
-2
1
-6
-3
11
8
-5
-5
-1
-11
-21
-12
1
0
3
15
15
2
-2
0
-5
-11
-3
6
4
2
9
6
-6
-9
-3
-10
-12
-2
6
3
5
13
11
-2
-3
2
-1
-4
3
9
4
0
0
-5
-12
-12
-8
-8
-6
-2
0
-4
-4
-4
-7
-7
-2
3
1
2
4
1
-3
-2
-1
-3
-3
2
3
0
1
3
2
-1
0
0
0
0
3
4
3
3
4
0
-6
-6
-6
-7
-6
-1
0
-3
-3
-1
-5
-9
-5
1
0
-1
3
5
1
-2
0
0
-4
-4
0
-1
-2
-2
-1
-3
-4
-1
0
-2
-1
2
2
1
3
6
3
-1
0
-2
-5
-7
-4
-1
-3
-3
0
-1
-6
-8
-4
-5
-4
2
7
6
5
7
4
0
-2
0
-1
-2
2
5
2
-1
0
0
-4
-6
-3
-1
-2
2
6
7
3
4
4
0
-3
-2
-2
-2
-1
1
0
-3
-5
-4
-6
-7
-4
-1
0
1
6
7
8
8
9
8
6
8
8
8
6
8
6
0
-2
-3
-5
-7
-4
-3
-3
-4
-3
-2
-5
-5
-2
0
0
0
2
1
-2
-1
0
-1
-2
-1
-1
-1
-2
-1
0
0
0
2
4
4
4
6
6
5
5
4
2
0
0
0
-1
-3
-3
-3
-5
-6
-5
-3
-3
-1
1
3
4
6
7
8
8
11
11
12
12
13
13
12
12
12
12
11
12
12
12
12
11
12
13
12
11
11
9
7
6
5
4
2
1
1
0
-1
-3
-5
-6
-5
-5
-3
-1
-1
0
0
-1
0
-1
0
1
2
3
2
1
-1
-2
-4
-4
-4
-4
-3
-2
-3
-3
-2
-2
-1
0
1
3
3
4
6
7
7
8
7
7
5
5
5
5
5
7
8
9
9
9
10
11
12
14
16
18
21
22
21
21
19
17
16
15
15
13
11
10
7
4
3
0
0
-1
-2
-3
-4
-3
-3
-3
-3
-4
-5
-5
-7
-8
-9
-9
-9
-9
-10
-10
-12
-13
-13
-14
-13
-11
-9
-8
-5
-4
-3
-2
0
2
4
6
9
10
11
12
13
11
10
11
11
11
11
11
12
12
11
11
10
8
8
9
8
8
9
8
8
6
4
1
-3
-5
-6
-8
-8
-7
-8
-9
-12
-13
-15
-16
-16
-15
-12
-10
-9
-8
-9
-10
-13
-16
-18
-19
-21
-20
-21
-21
-23
-24
-28
-31
-33
-34
-33
-29
-26
-19
-15
-10
-6
-1
3
8
14
20
28
36
44
51
56
60
60
61
58
56
55
51
48
44
37
29
17
5
-9
-24
-37
-49
-60
-69
-80
-90
-100
-110
-119
-127
-131
-132
-131
-127
-123
-116
-109
-104
-96
-87
-77
-66
-52
-38
-24
-8
6
19
29
40
48
55
64
72
81
89
95
100
101
100
97
94
89
87
85
82
79
76
70
62
55
46
38
31
25
20
17
14
11
6
1
-4
-8
-13
-14
-15
-14
-12
-10
-9
-9
-10
-12
-13
-15
-17
-18
-18
-19
-21
-25
-29
-35
-42
-49
-54
-59
-61
-64
-66
-67
-67
-68
-67
-67
-64
-60
-53
-45
-36
-25
-16
-6
4
12
19
27
35
41
48
54
57
57
56
51
44
36
28
18
8
-3
-16
-29
-43
-57
-70
-83
-93
-102
-109
-114
-116
-118
-116
-112
-107
-99
-91
-81
-69
-55
-41
-25
-9
6
21
33
47
56
67
75
83
88
92
94
95
94
90
86
81
76
69
62
54
45
37
28
20
13
6
1
-5
-11
-15
-20
-23
-26
-26
-28
-27
-27
-26
-28
-28
-30
-30
-31
-31
-31
-32
-34
-35
-37
-38
-40
-42
-43
-45
-46
-47
-48
-48
-48
-48
-47
-48
-48
-48
-50
-49
-50
-49
-49
-49
-48
-48
-49
-50
-50
-51
-50
-50
-48
-46
-44
-42
-39
-38
-38
-36
-34
-32
-30
-29
-30
-29
-32
-33
-36
-38
-41
-45
-49
-54
-57
-61
-66
-71
-75
-79
-82
-86
-87
-87
-87
-86
-84
-80
-76
-70
-63
-54
-44
-31
-16
1
19
40
62
87
112
139
167
195
226
255
285
314
341
364
384
399
408
413
412
405
393
374
350
318
280
236
186
132
75
16
-44
-103
-162
-217
-269
-318
-361
-399
-431
-455
-474
-482
-484
-477
-464
-445
-421
-394
-364
-331
-296
-261
-224
-188
-153
-118
-88
-61
-36
-15
3
18
32
44
54
61
68
74
77
81
83
86
89
92
94
96
97
97
98
97
96
94
91
88
85
80
76
72
67
62
57
52
48
45
41
38
37
36
33
32
30
29
28
27
26
23
21
19
16
13
10
5
1
-1
-4
-7
-9
-12
-13
-15
-15
-14
-13
-12
-10
-8
-5
-3
1
4
6
9
11
13
16
18
21
24
28
31
34
38
42
47
52
58
66
73
82
89
98
107
116
124
133
142
149
159
167
172
177
183
186
189
190
191
191
189
187
183
177
171
162
152
141
129
116
103
88
72
56
40
22
3
-15
-34
-50
-66
-80
-93
-106
-117
-126
-134
-142
-146
-150
-150
-149
-146
-141
-135
-130
-124
-119
-114
-109
-103
-98
-93
-87
-83
-79
-77
-76
-77
-79
-81
-82
-84
-85
-85
-86
-87
-89
-91
-93
-95
-98
-100
-101
-101
-101
-100
-100
-100
-101
-103
-104
-105
-105
-104
-101
-97
-91
-85
-79
-72
-64
-56
-46
-35
-23
-9
6
22
35
49
62
73
83
92
100
108
116
120
125
127
127
126
121
117
112
105
100
95
89
84
78
72
66
58
51
45
38
33
28
25
21
17
11
6
-1
-10
-17
-23
-30
-36
-40
-44
-49
-52
-55
-59
-63
-65
-66
-66
-64
-61
-58
-54
-49
-45
-42
-39
-36
-34
-31
-26
-23
-20
-17
-14
-12
-11
-10
-9
-8
-8
-6
-3
0
3
6
9
12
14
18
20
22
26
30
33
38
41
45
48
49
51
51
52
53
53
53
54
53
53
52
51
48
44
41
37
34
31
28
25
22
19
16
12
9
5
3
0
-2
-3
-4
-4
-6
-6
-6
-7
-7
-8
-8
-7
-7
-7
-6
-5
-4
-6
-7
-8
-11
-15
-17
-20
-24
-27
-31
-36
-41
-45
-50
-56
-61
-65
-70
-73
-75
-78
-78
-78
-77
-76
-74
-71
-66
-61
-55
-47
-39
-30
-20
-10
-1
9
17
27
36
43
51
58
63
68
71
73
71
70
68
61
53
45
35
23
12
-2
-17
-30
-45
-60
-75
-88
-100
-112
-121
-128
-134
-136
-138
-137
-133
-127
-120
-110
-100
-88
-74
-60
-45
-32
-17
-3
9
21
31
41
50
56
61
65
68
69
69
68
67
64
62
60
56
54
50
46
42
38
36
32
29
26
23
21
18
16
14
11
9
8
5
6
4
4
5
6
7
7
8
8
10
11
12
14
17
18
20
21
21
22
23
24
24
24
25
25
26
26
26
27
27
27
27
26
27
27
27
26
26
25
24
21
18
16
14
11
7
4
1
-2
-5
0
0
0
0
0
0
0
0
0
0
0
0
0
0
0
0
0
0
0
0
0
0
0
0
0
0
0
0
0
0
0
0
0
0
0
0
0
0
0
0
0
0
0
0
0
0
0
0
0
0
0
0
0
0
0
0
0
0
0
0
0
0
0
0
0
0
0
0
0
0
0
0
0
0
0
0
0
0
0
0
0
0
0
0
0
0
0
0
0
0
0
0
0
0
0
0
0
0
0
0
0
0
0
0
0
0
0
0
0
0
0
0
0
0
0
0
0
0
0
0
0
0
0
0
0
0
0
0
0
0
0
0
0
0
0
0
0
0
0
0
0
0
0
0
0
0
0
0
0
0
0
0
0
0
0
0
0
0
0
0
0
0
0
0
0
0
0
0
0
0
0
0
0
0
0
0
0
0
0
0
0
0
0
0
0
0
0
0
0
0
0
0
0
0
0
0
0
0
