0
0
0
0
0
0
0
0
0
0
0
0
0
0
0
0
0
0
0
0
0
0
0
0
0
0
0
0
0
0
0
0
0
0
0
0
0
0
0
0
0
0
0
0
0
0
0
0
0
0
0
0
0
0
0
0
0
0
0
0
0
0
0
0
0
0
0
0
0
0
0
0
0
0
0
0
0
0
0
0
0
0
0
0
0
0
0
0
0
0
0
0
0
0
0
0
0
0
0
0
0
0
0
0
0
0
0
0
0
0
0
0
0
0
0
0
0
0
0
0
0
0
0
0
0
0
0
0
0
0
0
0
0
0
0
0
0
0
0
0
0
0
0
0
0
0
0
0
0
0
0
0
0
0
0
0
0
0
0
0
0
0
0
0
0
0
0
0
0
0
0
0
0
0
0
0
0
0
0
0
0
0
0
0
0
0
0
0
0
0
0
0
0
0
0
0
0
0
-38
-38
-39
-42
-43
-44
-47
-48
-47
-48
-48
-48
-49
-48
-48
-48
-47
-47
-47
-46
-44
-43
-42
-39
-39
-36
-34
-31
-29
-26
-24
-21
-19
-18
-14
-13
-10
-9
-7
-4
-3
-2
0
1
2
2
4
4
6
6
6
6
7
7
7
8
9
10
10
10
11
12
13
15
15
17
19
20
21
24
25
26
29
30
31
33
36
38
38
40
42
43
45
45
47
48
48
51
51
51
53
53
55
56
57
59
59
61
62
64
66
67
67
69
71
73
74
74
76
77
76
77
76
75
74
71
68
64
60
54
50
42
34
25
15
5
-6
-17
-29
-42
-56
-71
-83
-97
-110
-124
-137
-148
-160
-168
-179
-186
-191
-196
-200
-202
-203
-201
-197
-192
-184
-177
-166
-155
-143
-129
-114
-99
-82
-64
-47
-28
-11
5
22
39
54
71
85
98
110
121
130
137
143
147
153
153
152
150
147
144
138
130
122
110
99
88
75
60
46
30
14
-2
-17
-36
-52
-68
-85
-100
-114
-128
-140
-152
-163
-172
-177
-184
-187
-187
-185
-182
-176
-169
-159
-148
-135
-119
-102
-85
-64
-45
-24
-1
19
41
63
85
105
125
144
161
177
191
203
214
222
228
231
234
235
233
229
222
216
207
196
186
176
163
149
138
127
112
101
89
78
70
62
54
49
43
37
36
32
31
31
33
33
34
34
35
35
36
34
32
30
26
21
17
7
-2
-12
-26
-40
-55
-70
-87
-104
-122
-141
-160
-178
-197
-214
-230
-243
-254
-263
-271
-278
-283
-286
-285
-281
-275
-267
-256
-241
-225
-208
-190
-170
-149
-128
-105
-79
-56
-32
-9
15
36
56
74
93
109
125
139
153
162
170
176
181
182
182
181
177
173
168
161
153
143
131
118
105
89
72
59
42
24
9
-8
-26
-45
-63
-81
-99
-115
-130
-144
-156
-168
-178
-188
-195
-202
-207
-206
-204
-203
-197
-187
-177
-168
-153
-139
-122
-103
-85
-61
-39
-17
6
29
51
72
92
113
134
152
171
188
203
213
222
230
236
239
242
243
242
239
232
225
216
203
190
178
165
149
134
121
107
90
72
57
41
25
12
3
-7
-16
-23
-29
-34
-39
-41
-40
-38
-34
-27
-19
-11
-4
6
14
22
32
41
49
57
64
70
73
73
71
68
59
51
43
32
19
5
-9
-27
-48
-68
-87
-107
-128
-146
-161
-175
-190
-202
-211
-219
-228
-231
-231
-229
-224
-216
-204
-192
-181
-167
-153
-138
-122
-105
-85
-66
-48
-31
-13
3
15
27
40
52
62
74
85
94
101
109
113
115
119
122
125
127
129
132
133
130
128
123
118
112
106
99
94
85
76
66
54
40
25
11
-4
-18
-32
-44
-57
-70
-84
-96
-108
-119
-129
-134
-138
-142
-142
-138
-136
-135
-131
-122
-116
-108
-93
-78
-66
-52
-36
-22
-11
2
18
33
45
62
79
89
100
111
119
123
131
141
147
150
157
162
161
159
159
157
151
149
148
141
131
123
116
104
90
81
70
55
47
37
25
13
4
-3
-12
-21
-24
-27
-32
-33
-32
-31
-32
-30
-23
-18
-15
-8
1
5
8
13
18
19
19
21
21
17
12
7
-3
-14
-26
-35
-49
-62
-74
-87
-103
-117
-130
-144
-156
-166
-170
-176
-181
-182
-182
-184
-185
-179
-172
-165
-156
-142
-130
-122
-110
-100
-92
-85
-75
-63
-52
-42
-32
-26
-22
-18
-15
-12
-6
-2
6
14
20
25
28
30
34
39
43
51
63
73
79
85
92
89
88
92
96
97
100
104
105
96
86
79
68
53
43
39
31
19
10
-1
-18
-36
-49
-61
-72
-78
-82
-86
-92
-100
-106
-112
-117
-119
-115
-107
-100
-92
-83
-78
-76
-72
-64
-57
-46
-32
-17
-3
6
16
24
31
37
47
60
72
83
94
104
109
107
111
115
115
118
125
130
130
127
128
125
113
103
105
102
94
90
89
82
68
59
54
44
32
30
29
24
17
15
14
8
0
0
-2
-2
-2
2
5
6
6
6
6
5
3
2
4
5
4
4
1
-4
-14
-23
-27
-34
-41
-44
-46
-49
-57
-64
-71
-80
-88
-91
-90
-87
-85
-79
-76
-79
-81
-81
-80
-80
-72
-60
-49
-42
-38
-35
-36
-41
-42
-35
-29
-23
-12
-5
-4
-7
-12
-14
-15
-14
-6
5
13
20
22
21
17
14
17
24
33
42
53
61
59
53
50
48
44
45
57
65
65
64
62
53
37
27
28
28
25
28
31
23
7
-1
-9
-22
-30
-27
-22
-26
-31
-31
-39
-55
-64
-65
-67
-68
-61
-52
-55
-59
-60
-62
-70
-70
-60
-51
-46
-36
-26
-26
-28
-23
-19
-19
-9
5
11
17
27
31
28
27
34
36
38
45
53
56
54
53
50
45
42
44
46
45
45
45
39
32
28
23
19
17
20
18
15
15
11
3
-1
1
2
-1
4
11
10
8
11
12
8
8
17
24
26
30
37
36
27
26
28
24
22
27
30
24
17
15
6
-8
-14
-15
-19
-26
-29
-29
-37
-50
-58
-63
-70
-77
-75
-70
-71
-74
-75
-75
-83
-88
-84
-79
-77
-71
-62
-58
-59
-60
-57
-57
-56
-51
-40
-33
-29
-24
-19
-21
-23
-19
-16
-12
-6
3
7
10
11
8
9
9
12
14
19
26
29
27
28
29
23
17
23
25
21
22
30
28
16
13
17
8
-2
2
9
4
-3
0
2
-11
-20
-15
-16
-25
-24
-14
-15
-24
-22
-19
-26
-31
-25
-22
-24
-20
-12
-13
-17
-12
-7
-13
-12
-1
1
1
5
15
15
10
16
25
18
18
33
42
33
33
52
54
36
40
60
55
40
55
73
60
46
64
73
50
42
62
67
46
44
66
63
41
44
60
50
36
48
58
50
45
56
59
50
48
56
57
54
58
61
61
61
57
55
54
52
46
45
48
41
32
29
26
16
5
1
-1
-11
-19
-21
-25
-36
-48
-49
-51
-61
-67
-66
-67
-76
-78
-74
-78
-85
-83
-77
-80
-83
-79
-73
-73
-78
-76
-67
-65
-67
-63
-54
-54
-57
-49
-42
-46
-42
-28
-26
-33
-24
-11
-17
-22
-6
5
-3
-1
13
16
4
9
24
20
11
24
37
27
18
30
35
20
17
33
33
17
25
39
20
3
25
29
-4
0
34
18
-17
5
26
-12
-30
0
2
-27
-22
-2
-19
-38
-24
-20
-42
-48
-24
-22
-50
-48
-21
-30
-60
-52
-20
-28
-52
-35
-9
-21
-39
-19
-2
-17
-18
8
10
-2
12
31
17
8
35
51
29
26
59
62
28
33
70
58
28
51
76
50
36
62
62
36
41
59
49
39
49
48
38
39
41
32
34
44
37
28
36
36
22
21
31
22
15
27
26
11
12
17
2
-5
5
-1
-13
-6
-3
-23
-30
-20
-30
-52
-49
-35
-48
-67
-62
-53
-66
-82
-79
-71
-78
-84
-80
-74
-75
-80
-84
-77
-70
-79
-82
-61
-54
-74
-66
-41
-55
-74
-48
-35
-65
-53
-12
-32
-63
-25
4
-37
-53
-6
11
-19
-22
8
21
9
-8
-3
27
27
-5
-1
43
40
-3
3
35
18
-13
6
25
4
-3
21
13
-18
-9
10
-8
-23
-4
5
0
-2
-15
-23
1
5
-37
-35
25
21
-41
-35
16
-2
-58
-51
-5
0
-38
-55
-22
-1
-51
-87
-37
-1
-44
-59
-3
10
-36
-32
7
-4
-22
19
47
24
26
58
51
31
47
61
54
75
102
76
64
112
112
48
68
156
130
59
125
206
131
61
148
202
116
87
179
200
121
109
159
148
102
107
135
132
115
113
114
103
82
71
80
78
60
61
76
60
25
24
43
22
-6
9
28
-4
-42
-38
-42
-92
-122
-109
-124
-161
-162
-158
-197
-216
-195
-208
-238
-204
-159
-185
-198
-132
-97
-139
-126
-40
-9
-36
2
78
81
62
94
115
93
98
113
76
46
69
40
-52
-78
-50
-97
-180
-173
-132
-155
-198
-187
-147
-133
-141
-130
-80
-37
-39
-37
-3
21
20
24
32
29
43
50
3
-27
17
12
-94
-131
-54
-83
-244
-261
-136
-187
-371
-338
-166
-238
-425
-336
-157
-262
-407
-276
-155
-276
-337
-213
-196
-285
-234
-170
-254
-257
-125
-151
-265
-157
-13
-98
-154
13
108
38
87
241
269
258
343
379
322
321
335
252
163
137
85
-3
-57
-109
-160
-141
-119
-159
-120
37
105
70
156
324
345
300
432
655
788
918
1187
1489
1674
1784
1938
2117
2187
2133
2095
2093
1970
1711
1496
1354
1135
832
609
500
410
327
337
432
512
502
417
309
186
35
-110
-188
-192
-192
-234
-293
-344
-421
-548
-669
-732
-775
-840
-901
-926
-955
-1022
-1076
-1077
-1039
-982
-901
-812
-748
-719
-731
-785
-823
-810
-790
-798
-790
-757
-762
-817
-872
-888
-865
-848
-876
-899
-858
-836
-909
-960
-872
-766
-767
-765
-641
-520
-523
-522
-410
-303
-301
-316
-283
-282
-336
-382
-399
-411
-439
-508
-570
-570
-578
-634
-618
-517
-509
-582
-543
-421
-386
-382
-280
-137
-48
3
62
163
286
327
297
339
420
376
263
258
300
265
203
179
153
115
71
19
36
131
133
44
85
184
91
-19
152
345
286
278
478
535
426
540
821
932
954
1050
1049
903
836
834
761
722
779
769
695
708
743
690
660
718
708
591
520
527
479
390
432
627
822
949
1075
1178
1142
944
722
599
537
408
173
-69
-273
-500
-703
-730
-598
-529
-621
-760
-870
-992
-1112
-1140
-1057
-968
-939
-915
-843
-756
-688
-601
-453
-269
-99
37
137
176
151
119
151
229
284
292
253
143
-12
-121
-133
-82
-13
59
108
111
87
73
73
63
36
32
36
-20
-145
-278
-399
-510
-556
-485
-371
-325
-368
-441
-484
-472
-420
-368
-353
-417
-566
-735
-818
-787
-703
-616
-528
-440
-357
-265
-147
-8
145
299
414
448
417
376
338
267
184
165
177
95
-81
-191
-201
-232
-292
-267
-188
-193
-269
-285
-207
-129
-101
-78
-19
18
-47
-128
-89
-8
-42
-123
-108
-71
-112
-127
-55
-5
-18
8
110
220
320
435
563
709
930
1229
1538
1810
2044
2230
2363
2497
2662
2788
2833
2868
2930
2944
2887
2824
2771
2677
2549
2412
2208
1867
1402
882
444
231
192
77
-257
-685
-1062
-1359
-1514
-1436
-1258
-1298
-1633
-1974
-2077
-2007
-1897
-1740
-1562
-1524
-1670
-1792
-1723
-1584
-1538
-1525
-1445
-1357
-1332
-1293
-1169
-1027
-949
-875
-719
-532
-437
-437
-443
-396
-299
-147
37
152
137
69
69
171
328
471
553
524
389
245
159
64
-133
-354
-496
-610
-801
-1018
-1172
-1277
-1355
-1349
-1248
-1200
-1323
-1519
-1613
-1556
-1413
-1241
-1103
-1062
-1097
-1053
-803
-396
21
346
577
733
862
1036
1276
1505
1629
1653
1643
1623
1586
1546
1512
1441
1272
999
708
468
280
159
129
134
80
-41
-158
-245
-295
-291
-254
-255
-337
-455
-530
-515
-420
-268
-88
58
129
151
183
277
412
512
541
542
530
478
435
494
606
639
568
452
345
268
251
275
308
339
393
527
784
1085
1321
1489
1634
1744
1822
1926
2021
2009
1976
2162
2573
2839
2666
2216
1813
1544
1391
1427
1576
1453
829
22
-488
-656
-788
-1032
-1311
-1623
-2013
-2301
-2232
-1895
-1654
-1653
-1715
-1691
-1618
-1525
-1359
-1156
-1046
-1050
-1027
-917
-809
-777
-763
-708
-626
-550
-486
-432
-409
-410
-374
-252
-99
-43
-126
-267
-353
-334
-227
-124
-134
-293
-532
-705
-687
-512
-381
-473
-745
-1007
-1109
-1025
-837
-719
-820
-1098
-1319
-1303
-1117
-949
-900
-965
-1092
-1172
-1095
-890
-710
-643
-638
-627
-580
-488
-345
-199
-108
-71
-47
-18
18
70
126
170
213
251
243
168
100
121
200
241
209
133
31
-62
-75
-2
58
16
-110
-243
-302
-246
-131
-54
-63
-131
-205
-221
-125
46
164
163
108
99
176
317
448
504
484
458
506
640
781
836
807
802
889
1015
1078
1071
1047
1051
1104
1210
1288
1162
768
384
402
797
1059
799
220
-220
-350
-255
-16
219
119
-465
-1103
-1203
-790
-435
-493
-793
-1109
-1386
-1481
-1210
-767
-613
-872
-1175
-1185
-951
-661
-401
-232
-223
-307
-282
-56
231
407
476
535
613
682
742
812
889
949
996
1039
1047
991
899
844
856
883
871
775
597
408
298
253
153
-13
-111
-118
-184
-392
-612
-716
-727
-697
-633
-618
-771
-1020
-1128
-994
-774
-663
-707
-849
-982
-977
-770
-486
-336
-376
-476
-495
-380
-153
103
256
243
159
151
268
442
589
652
621
535
472
488
575
669
701
645
529
434
433
518
602
600
487
327
242
294
395
418
358
291
242
198
206
304
419
444
399
378
400
431
477
564
652
689
680
664
654
680
774
910
995
958
841
776
846
992
1080
1035
816
432
98
151
576
829
468
-220
-610
-555
-373
-250
-183
-361
-938
-1524
-1527
-1025
-710
-919
-1322
-1574
-1686
-1671
-1410
-1038
-951
-1242
-1520
-1453
-1151
-875
-696
-572
-545
-614
-616
-406
-80
152
227
238
279
345
434
572
744
864
871
814
784
799
837
903
986
999
880
707
607
607
648
660
552
266
-64
-178
-32
83
-80
-410
-658
-753
-742
-643
-549
-646
-934
-1147
-1093
-897
-784
-801
-877
-968
-1009
-905
-679
-488
-445
-488
-487
-384
-201
-3
137
181
180
218
323
456
567
626
628
606
607
646
698
727
720
691
662
654
638
595
553
551
563
527
445
381
374
398
406
390
356
324
323
362
413
437
426
414
438
499
552
565
565
598
660
700
720
756
801
793
751
770
858
913
877
776
576
264
75
277
653
611
15
-566
-648
-421
-287
-289
-378
-721
-1295
-1592
-1282
-797
-781
-1225
-1621
-1737
-1695
-1545
-1256
-1041
-1184
-1549
-1687
-1426
-1038
-810
-753
-769
-819
-843
-697
-362
-41
67
3
-36
53
223
407
583
705
712
638
608
686
809
898
934
915
822
699
650
696
751
734
619
402
137
-11
68
214
148
-173
-506
-640
-606
-510
-443
-512
-768
-1058
-1125
-929
-711
-691
-852
-1031
-1097
-992
-762
-548
-496
-597
-681
-596
-354
-101
35
53
38
72
175
334
499
596
590
539
544
629
728
780
785
768
734
697
690
722
753
730
664
603
565
540
518
508
498
474
431
394
381
387
402
430
460
465
447
440
469
536
625
699
711
675
676
767
875
897
845
812
835
880
894
794
507
174
137
480
749
470
-176
-568
-482
-249
-153
-179
-367
-839
-1342
-1362
-881
-535
-765
-1278
-1583
-1608
-1486
-1236
-944
-910
-1258
-1615
-1550
-1125
-746
-636
-698
-789
-842
-762
-479
-99
117
69
-64
-51
136
369
564
689
706
622
557
634
812
946
971
921
829
728
678
716
786
789
661
411
147
41
143
259
162
-151
-473
-630
-601
-473
-395
-515
-821
-1092
-1121
-945
-770
-761
-929
-1147
-1238
-1106
-846
-660
-662
-780
-855
-780
-552
-281
-115
-124
-202
-197
-47
177
358
427
399
347
352
458
614
722
720
630
552
558
639
720
736
679
584
509
495
532
563
545
487
422
377
359
380
425
455
443
409
379
374
415
511
607
625
570
538
603
735
835
843
785
741
763
835
901
890
715
364
67
149
552
722
284
-399
-699
-522
-282
-222
-293
-552
-1074
-1519
-1407
-876
-619
-956
-1481
-1728
-1680
-1506
-1237
-987
-1035
-1415
-1720
-1571
-1096
-735
-687
-802
-903
-923
-795
-472
-92
73
-40
-186
-124
114
354
522
610
591
492
456
585
783
887
865
793
718
653
632
683
742
680
453
196
85
140
199
109
-113
-360
-539
-594
-529
-465
-563
-817
-1036
-1078
-997
-914
-894
-957
-1094
-1200
-1154
-969
-802
-759
-807
-844
-798
-653
-444
-261
-187
-205
-207
-105
79
258
355
367
352
366
434
548
655
698
663
604
589
638
713
748
715
640
587
589
621
632
608
573
543
515
498
503
530
559
566
552
542
562
614
677
729
764
769
756
780
879
1002
1049
1001
941
940
988
1068
1151
1107
764
253
59
444
938
819
65
-605
-705
-458
-238
-125
-209
-721
-1478
-1776
-1297
-657
-621
-1156
-1681
-1892
-1837
-1530
-1050
-792
-1092
-1668
-1869
-1465
-863
-528
-527
-687
-865
-907
-643
-115
316
341
86
-63
76
374
662
867
917
776
597
612
844
1076
1143
1061
918
784
721
762
854
879
761
496
186
18
91
243
200
-106
-481
-714
-734
-605
-479
-549
-856
-1196
-1313
-1171
-953
-851
-947
-1169
-1337
-1289
-1034
-759
-640
-702
-821
-836
-660
-352
-81
16
-38
-100
-43
148
389
562
600
528
450
472
622
797
864
788
666
614
652
720
766
761
688
574
504
527
592
608
550
470
425
436
486
536
566
574
577
585
619
684
747
776
806
880
968
1009
1018
1056
1119
1141
1110
1106
1170
1155
853
345
99
419
891
798
67
-625
-790
-621
-463
-349
-370
-838
-1656
-2091
-1694
-1008
-876
-1361
-1911
-2185
-2211
-1966
-1446
-1032
-1199
-1803
-2141
-1816
-1158
-705
-605
-702
-871
-987
-803
-246
324
465
217
13
114
405
711
967
1096
996
775
713
918
1180
1266
1181
1052
935
830
794
856
887
730
430
206
140
96
-43
-218
-372
-547
-745
-852
-849
-880
-1023
-1170
-1223
-1243
-1287
-1300
-1257
-1243
-1294
-1309
-1217
-1083
-995
-936
-846
-725
-596
-451
-282
-116
9
98
201
335
461
548
611
688
753
776
772
798
840
841
798
768
774
774
747
705
667
627
583
551
540
530
504
468
447
447
458
482
535
610
674
713
744
787
850
950
1080
1201
1278
1327
1377
1435
1474
1471
1454
1491
1563
1439
925
316
227
755
1153
741
-182
-809
-894
-771
-624
-438
-515
-1232
-2201
-2501
-1908
-1233
-1225
-1736
-2228
-2512
-2571
-2234
-1543
-1076
-1330
-1981
-2217
-1761
-1066
-605
-418
-407
-561
-706
-481
165
763
882
661
535
659
888
1125
1370
1510
1418
1200
1114
1217
1329
1315
1224
1140
1039
880
707
597
547
456
233
-87
-377
-556
-643
-714
-830
-1024
-1273
-1477
-1532
-1459
-1377
-1382
-1478
-1595
-1637
-1543
-1360
-1207
-1161
-1169
-1140
-1034
-848
-602
-375
-244
-192
-106
84
322
519
655
745
804
849
916
1012
1085
1082
1012
944
923
930
899
825
758
715
673
618
565
523
475
431
420
441
456
445
427
435
490
589
703
794
851
891
946
1046
1199
1369
1484
1525
1565
1680
1851
1974
1982
1886
1784
1785
1817
1593
973
361
334
801
966
363
-548
-1096
-1236
-1264
-1198
-1019
-1132
-1891
-2839
-3111
-2579
-1994
-1965
-2352
-2745
-3004
-3071
-2753
-2069
-1523
-1584
-2033
-2196
-1776
-1123
-638
-363
-192
-138
-155
6
472
982
1191
1134
1118
1274
1451
1526
1555
1605
1632
1588
1515
1458
1363
1176
964
858
855
808
588
236
-86
-268
-362
-521
-818
-1175
-1454
-1594
-1636
-1657
-1731
-1893
-2070
-2115
-1973
-1776
-1686
-1707
-1727
-1658
-1507
-1314
-1121
-970
-880
-801
-641
-375
-86
116
230
323
441
592
791
989
1059
991
958
1028
1054
987
939
898
770
640
630
662
610
494
383
318
322
364
373
332
289
291
325
397
511
603
606
589
693
917
1119
1238
1333
1432
1508
1598
1770
1979
2128
2215
2305
2392
2397
2283
2133
2096
2144
1938
1215
366
149
634
928
341
-697
-1360
-1550
-1698
-1846
-1724
-1550
-1961
-2943
-3596
-3331
-2674
-2449
-2703
-2919
-2932
-2960
-2963
-2609
-1948
-1521
-1580
-1710
-1454
-912
-481
-268
-45
342
744
952
1034
1229
1527
1642
1534
1618
2068
2362
2078
1667
1684
1822
1602
1366
1516
1556
1035
467
399
508
349
35
-238
-484
-690
-845
-1097
-1488
-1817
-1991
-2083
-1980
-1641
-1529
-1983
-2478
-2354
-1793
-1344
-1147
-1119
-1229
-1304
-1137
-825
-540
-280
-86
-67
-87
95
414
633
720
782
856
945
1063
1140
1070
905
814
866
947
907
697
419
231
192
254
349
407
349
180
25
13
156
351
461
450
419
472
597
720
804
841
873
976
1168
1368
1491
1509
1445
1393
1438
1560
1686
1773
1812
1791
1735
1684
1602
1442
1267
1165
1043
702
146
-309
-373
-148
-65
-430
-1111
-1666
-1790
-1606
-1460
-1546
-1803
-2074
-2223
-2211
-2119
-2054
-2017
-1947
-1840
-1734
-1612
-1435
-1235
-1068
-935
-767
-486
-97
279
495
517
469
505
677
915
1091
1103
937
708
585
613
648
551
371
228
155
122
110
85
1
-126
-221
-220
-146
-70
-68
-145
-241
-290
-266
-188
-114
-108
-183
-290
-367
-388
-373
-353
-347
-343
-329
-318
-331
-363
-399
-427
-447
-463
-466
-462
-465
-491
-532
-559
-568
-570
-553
-513
-479
-464
-453
-424
-373
-321
-283
-264
-239
-189
-126
-67
-16
25
59
82
103
131
170
204
224
240
266
289
300
302
302
300
295
289
283
282
279
266
244
218
200
189
177
161
140
120
115
130
149
146
112
77
70
96
130
156
169
168
170
191
232
275
292
284
265
244
224
188
144
112
109
131
142
118
50
-47
-136
-184
-190
-188
-210
-260
-320
-366
-385
-390
-408
-455
-517
-559
-546
-478
-397
-345
-325
-307
-255
-158
-46
24
13
-53
-96
-60
37
123
126
39
-73
-122
-73
35
128
154
108
47
34
76
132
158
138
96
78
116
195
258
264
212
147
114
124
153
169
152
103
55
45
77
114
119
75
7
-45
-49
-14
16
10
-33
-85
-113
-105
-77
-67
-80
-91
-81
-57
-31
-17
-25
-40
-27
23
80
118
134
135
135
150
187
228
262
282
286
274
265
280
308
326
326
323
319
314
318
330
336
329
320
314
315
313
293
268
250
254
283
323
332
286
225
214
264
329
353
329
291
284
322
373
401
400
390
395
428
472
494
475
423
366
325
291
237
158
72
15
2
18
16
-42
-159
-292
-383
-402
-368
-343
-371
-441
-504
-517
-478
-429
-415
-446
-490
-491
-425
-319
-232
-209
-250
-310
-324
-262
-144
-37
11
1
-31
-44
-17
49
119
155
149
120
102
108
129
154
179
182
145
95
90
131
167
165
142
104
54
20
28
46
26
-38
-99
-124
-116
-108
-128
-161
-186
-190
-178
-169
-186
-239
-292
-294
-243
-199
-215
-273
-305
-273
-198
-142
-121
-109
-87
-66
-50
-28
1
26
48
68
79
74
65
68
93
142
193
195
136
72
61
103
147
165
160
138
113
108
128
144
106
22
-36
-1
108
205
231
199
155
132
142
182
234
266
257
227
220
261
331
387
414
437
484
539
569
561
522
481
468
497
538
547
504
421
317
200
73
-70
-239
-411
-530
-541
-453
-357
-358
-482
-668
-813
-871
-872
-876
-919
-985
-1020
-980
-878
-772
-723
-740
-771
-744
-635
-482
-352
-283
-264
-247
-200
-111
4
119
220
298
336
311
251
219
254
302
283
200
145
193
306
369
293
96
-115
-228
-217
-171
-188
-275
-368
-421
-450
-489
-551
-611
-643
-648
-636
-604
-550
-498
-474
-487
-509
-508
-470
-402
-336
-302
-312
-341
-344
-287
-176
-48
68
161
239
312
375
400
385
382
452
595
737
803
791
743
695
657
618
567
515
494
513
538
533
492
435
362
276
206
202
270
358
409
411
405
437
505
552
537
490
493
608
808
995
1094
1122
1145
1212
1313
1407
1486
1575
1684
1778
1823
1826
1824
1836
1825
1748
1606
1421
1199
886
441
-76
-511
-735
-776
-804
-975
-1302
-1659
-1892
-1947
-1899
-1890
-1992
-2137
-2181
-2034
-1737
-1432
-1243
-1165
-1077
-856
-494
-97
200
351
434
559
778
1047
1266
1377
1390
1360
1337
1329
1298
1211
1058
871
685
515
354
180
-12
-220
-439
-652
-845
-1000
-1107
-1172
-1230
-1306
-1405
-1501
-1564
-1605
-1664
-1774
-1899
-1949
-1851
-1617
-1346
-1148
-1041
-960
-829
-650
-489
-419
-437
-474
-459
-387
-306
-272
-303
-365
-403
-395
-358
-331
-332
-352
-363
-343
-302
-270
-273
-313
-365
-408
-431
-442
-447
-445
-423
-375
-298
-201
-90
38
193
375
569
745
880
977
1039
1073
1095
1121
1182
1276
1385
1482
1564
1666
1816
2016
2230
2401
2499
2517
2473
2399
2336
2323
2359
2392
2347
2186
1909
1471
781
-191
-1272
-2133
-2528
-2502
-2352
-2370
-2610
-2891
-3004
-2933
-2859
-2993
-3369
-3783
-3952
-3735
-3232
-2663
-2156
-1682
-1153
-549
46
509
777
881
944
1079
1333
1676
2046
2389
2668
2859
2945
2918
2778
2517
2123
1624
1091
618
278
67
-82
-252
-490
-769
-1031
-1248
-1459
-1722
-2038
-2331
-2489
-2454
-2272
-2031
-1805
-1607
-1409
-1204
-1010
-869
-786
-719
-599
-393
-116
183
465
702
878
973
959
832
612
337
43
-249
-504
-688
-779
-784
-734
-668
-615
-583
-575
-598
-660
-759
-868
-937
-930
-841
-685
-489
-264
-20
227
453
639
776
890
1015
1166
1341
1531
1728
1920
2091
2221
2289
2280
2198
2065
1920
1787
1682
1615
1610
1693
1868
2087
2285
2432
2555
2702
2872
2979
2924
2690
2352
1957
1424
623
-410
-1411
-2105
-2470
-2722
-3055
-3421
-3611
-3514
-3256
-3078
-3132
-3343
-3500
-3449
-3218
-2948
-2705
-2402
-1909
-1223
-462
242
844
1355
1766
2045
2189
2249
2299
2371
2435
2455
2434
2422
2457
2492
2417
2148
1707
1197
702
223
-286
-831
-1338
-1717
-1928
-2007
-2028
-2041
-2055
-2051
-2019
-1971
-1929
-1894
-1839
-1722
-1522
-1235
-879
-494
-128
183
438
664
862
1001
1038
964
835
722
645
572
455
285
102
-58
-201
-364
-583
-833
-1063
-1232
-1334
-1389
-1412
-1380
-1278
-1114
-920
-729
-546
-368
-206
-70
50
178
332
502
667
826
1001
1208
1427
1614
1734
1800
1848
1883
1887
1835
1740
1635
1539
1450
1381
1348
1356
1388
1426
1483
1581
1719
1876
2046
2247
2504
2786
2999
3056
2960
2759
2404
1737
687
-536
-1583
-2307
-2887
-3517
-4105
-4380
-4235
-3869
-3555
-3384
-3275
-3157
-3046
-2985
-2976
-2957
-2845
-2594
-2203
-1686
-1028
-226
633
1396
1967
2388
2725
2960
2992
2791
2472
2190
2003
1854
1698
1549
1443
1358
1230
1008
684
272
-231
-815
-1428
-1996
-2455
-2785
-2986
-3057
-2983
-2755
-2409
-2022
-1665
-1356
-1074
-817
-611
-464
-352
-239
-106
46
233
469
728
959
1121
1212
1241
1190
1031
754
385
-24
-425
-795
-1115
-1368
-1540
-1613
-1592
-1497
-1362
-1217
-1084
-969
-868
-782
-714
-653
-579
-467
-307
-95
170
468
773
1061
1317
1534
1701
1803
1827
1792
1730
1670
1611
1537
1460
1406
1381
1365
1337
1308
1292
1275
1253
1240
1266
1340
1454
1616
1840
2125
2474
2872
3247
3483
3535
3448
3209
2641
1623
362
-758
-1624
-2478
-3458
-4276
-4573
-4415
-4180
-4016
-3724
-3216
-2744
-2554
-2530
-2418
-2241
-2223
-2358
-2339
-1975
-1406
-839
-241
537
1444
2246
2825
3256
3577
3682
3480
3073
2628
2201
1744
1264
858
590
422
285
162
45
-112
-365
-716
-1125
-1562
-2014
-2455
-2831
-3090
-3188
-3102
-2840
-2444
-1961
-1415
-835
-269
218
583
824
947
960
884
765
651
565
498
459
473
537
598
600
520
361
132
-174
-554
-973
-1379
-1728
-1990
-2139
-2152
-2025
-1785
-1473
-1111
-726
-356
-49
166
300
377
413
426
442
492
594
749
956
1213
1491
1742
1935
2069
2138
2116
1989
1786
1547
1288
1026
807
670
617
636
745
946
1200
1476
1788
2135
2455
2724
3002
3307
3501
3466
3295
3122
2797
2037
917
-116
-851
-1609
-2662
-3681
-4176
-4228
-4306
-4477
-4336
-3779
-3267
-3100
-2959
-2501
-1994
-1882
-2030
-1924
-1495
-1153
-1018
-699
18
788
1286
1727
2421
3156
3484
3410
3329
3344
3125
2523
1842
1364
947
367
-228
-556
-667
-854
-1173
-1381
-1385
-1415
-1652
-1961
-2147
-2261
-2457
-2674
-2719
-2566
-2363
-2153
-1801
-1239
-614
-96
335
776
1175
1392
1412
1354
1272
1084
767
442
223
62
-138
-358
-498
-551
-621
-769
-938
-1073
-1214
-1409
-1616
-1751
-1801
-1823
-1815
-1697
-1441
-1125
-821
-515
-161
201
489
689
856
1009
1097
1104
1094
1133
1195
1219
1226
1286
1397
1477
1481
1466
1461
1413
1280
1116
988
883
764
677
692
796
939
1142
1469
1882
2292
2701
3173
3621
3853
3847
3744
3506
2851
1718
500
-471
-1401
-2606
-3854
-4601
-4795
-4896
-5065
-4906
-4235
-3500
-3108
-2795
-2168
-1470
-1244
-1426
-1436
-1122
-924
-1032
-1001
-495
170
615
1049
1834
2780
3375
3570
3762
4040
4012
3482
2765
2170
1558
712
-189
-808
-1160
-1516
-1904
-2073
-1938
-1752
-1715
-1720
-1620
-1506
-1554
-1725
-1838
-1858
-1902
-1977
-1912
-1615
-1202
-811
-393
154
768
1260
1574
1795
1958
1955
1721
1369
1017
631
144
-374
-775
-1032
-1247
-1463
-1595
-1582
-1501
-1458
-1430
-1341
-1213
-1135
-1117
-1055
-912
-771
-679
-562
-338
-59
179
382
632
929
1175
1321
1438
1574
1665
1650
1593
1572
1559
1475
1346
1264
1232
1170
1071
1003
996
990
964
973
1051
1164
1298
1498
1781
2098
2451
2871
3297
3577
3673
3689
3595
3144
2238
1177
252
-681
-1905
-3234
-4176
-4628
-4959
-5320
-5357
-4849
-4155
-3666
-3211
-2443
-1547
-1032
-924
-759
-375
-151
-296
-446
-233
147
351
527
1044
1830
2447
2783
3148
3649
3952
3798
3384
2986
2516
1752
789
-61
-722
-1373
-2044
-2518
-2661
-2622
-2578
-2484
-2224
-1858
-1560
-1379
-1225
-1066
-978
-1005
-1057
-1021
-915
-812
-689
-452
-90
299
642
971
1312
1593
1712
1677
1555
1349
998
508
-19
-503
-959
-1416
-1809
-2053
-2148
-2166
-2127
-1980
-1724
-1445
-1207
-979
-722
-484
-338
-259
-165
-41
51
104
188
351
542
702
857
1058
1268
1410
1482
1535
1579
1557
1454
1326
1216
1099
955
821
738
698
687
715
800
938
1129
1387
1697
2028
2382
2797
3218
3496
3587
3604
3541
3156
2317
1281
375
-503
-1679
-3050
-4109
-4650
-5027
-5476
-5678
-5305
-4626
-4101
-3651
-2877
-1859
-1145
-893
-663
-186
183
104
-133
-72
208
317
300
581
1215
1795
2115
2461
3039
3563
3678
3477
3259
3011
2478
1633
752
1
-750
-1582
-2312
-2739
-2923
-3041
-3093
-2937
-2555
-2115
-1749
-1414
-1048
-715
-520
-446
-387
-313
-300
-362
-382
-261
-65
100
261
521
863
1141
1285
1364
1415
1350
1087
697
296
-121
-627
-1182
-1638
-1931
-2136
-2309
-2365
-2222
-1945
-1656
-1358
-985
-563
-213
20
213
409
535
537
499
525
595
630
643
728
903
1079
1201
1315
1466
1606
1654
1620
1569
1513
1404
1236
1071
969
912
865
844
922
1128
1400
1690
2044
2519
3021
3375
3553
3675
3725
3438
2684
1720
842
-52
-1254
-2656
-3781
-4445
-4947
-5483
-5753
-5465
-4857
-4325
-3806
-2964
-1885
-1057
-641
-269
279
694
661
423
384
499
453
285
358
767
1196
1471
1815
2406
3018
3332
3383
3399
3369
3065
2432
1667
914
110
-801
-1678
-2342
-2795
-3140
-3367
-3359
-3088
-2680
-2249
-1795
-1282
-761
-344
-62
143
301
355
277
149
78
51
-3
-68
-33
136
336
487
625
796
934
940
819
643
415
62
-406
-869
-1255
-1603
-1950
-2223
-2318
-2255
-2124
-1938
-1639
-1235
-826
-475
-139
202
480
636
717
797
866
863
804
772
803
849
872
908
1001
1115
1201
1250
1297
1344
1351
1306
1252
1220
1202
1174
1141
1168
1287
1469
1664
1895
2227
2629
2958
3149
3278
3357
3193
2627
1824
1047
254
-815
-2135
-3304
-4080
-4673
-5294
-5735
-5692
-5274
-4823
-4357
-3596
-2557
-1637
-1041
-515
155
734
910
807
783
861
792
552
433
581
797
922
1104
1532
2069
2437
2614
2773
2938
2916
2593
2079
1505
849
49
-815
-1593
-2236
-2794
-3257
-3524
-3530
-3337
-3034
-2644
-2140
-1549
-960
-445
-11
349
601
707
695
627
520
355
154
1
-57
-56
-40
7
121
267
375
421
422
373
231
-13
-305
-602
-918
-1264
-1583
-1796
-1897
-1925
-1892
-1751
-1494
-1181
-859
-524
-174
148
405
603
769
895
952
955
945
951
960
959
960
986
1038
1095
1136
1170
1210
1239
1247
1244
1255
1285
1307
1326
1393
1542
1729
1916
2146
2465
2796
3014
3125
3200
3161
2814
2161
1430
726
-143
-1307
-2512
-3424
-4076
-4723
-5331
-5584
-5391
-5029
-4662
-4101
-3202
-2213
-1452
-846
-136
610
1063
1154
1171
1283
1309
1103
853
796
878
907
922
1124
1522
1894
2119
2311
2554
2728
2662
2370
1985
1529
923
172
-603
-1312
-1965
-2575
-3057
-3325
-3383
-3297
-3090
-2734
-2226
-1637
-1058
-520
-23
408
717
892
968
965
865
676
473
322
212
104
21
12
83
170
226
262
290
278
180
17
-173
-394
-661
-948
-1187
-1349
-1466
-1548
-1547
-1431
-1229
-1003
-757
-472
-163
123
361
565
747
887
966
1011
1063
1122
1156
1156
1168
1216
1271
1294
1292
1298
1317
1321
1308
1314
1349
1377
1404
1490
1659
1855
2035
2254
2555
2850
3019
3081
3096
2972
2552
1877
1159
439
-482
-1647
-2773
-3602
-4237
-4885
-5437
-5608
-5388
-5041
-4651
-4027
-3105
-2160
-1416
-744
38
779
1193
1303
1386
1515
1494
1249
998
916
905
831
796
963
1280
1548
1724
1943
2227
2410
2355
2130
1838
1450
886
186
-533
-1218
-1889
-2523
-3021
-3321
-3451
-3452
-3309
-2981
-2494
-1928
-1352
-780
-224
271
649
900
1039
1076
1004
850
670
495
318
140
0
-64
-62
-52
-53
-43
-14
-5
-59
-163
-289
-436
-626
-837
-1018
-1155
-1269
-1363
-1392
-1326
-1193
-1044
-876
-659
-401
-154
57
253
448
615
731
823
923
1024
1085
1113
1156
1221
1265
1267
1261
1275
1292
1282
1269
1284
1323
1373
1459
1603
1792
1997
2233
2524
2806
2995
3082
3094
2961
2575
1953
1246
492
-433
-1558
-2655
-3524
-4221
-4888
-5439
-5648
-5495
-5181
-4786
-4166
-3276
-2336
-1540
-802
12
779
1260
1461
1599
1741
1731
1504
1246
1107
1026
899
810
905
1144
1369
1547
1774
2060
2260
2267
2127
1920
1600
1106
473
-201
-872
-1552
-2209
-2753
-3125
-3342
-3423
-3348
-3091
-2670
-2148
-1577
-985
-394
151
606
951
1177
1290
1290
1198
1050
874
683
476
286
150
73
21
-32
-71
-83
-90
-134
-219
-316
-421
-550
-696
-824
-912
-975
-1023
-1024
-956
-837
-708
-569
-397
-197
-4
165
326
492
646
771
889
1019
1151
1250
1327
1407
1493
1557
1580
1582
1580
1568
1541
1505
1477
1465
1484
1555
1676
1831
2033
2289
2568
2794
2932
3011
3002
2780
2293
1650
968
181
-821
-1941
-2932
-3709
-4409
-5074
-5511
-5565
-5356
-5057
-4607
-3854
-2898
-2006
-1245
-451
412
1111
1484
1671
1853
1961
1841
1555
1323
1188
1031
832
749
870
1074
1233
1391
1641
1916
2062
2043
1926
1735
1405
903
295
-340
-997
-1682
-2327
-2839
-3185
-3387
-3453
-3347
-3047
-2596
-2068
-1507
-923
-334
204
640
971
1210
1348
1362
1273
1136
981
791
565
352
199
90
-23
-141
-226
-274
-335
-426
-519
-587
-653
-740
-823
-857
-854
-854
-852
-798
-691
-579
-492
-398
-267
-131
-23
72
194
335
462
581
728
907
1076
1207
1328
1460
1584
1656
1675
1671
1664
1638
1576
1497
1447
1448
1488
1550
1653
1838
2082
2293
2425
2519
2585
2513
2184
1649
1054
410
-418
-1445
-2462
-3296
-4007
-4702
-5279
-5534
-5466
-5253
-4935
-4375
-3534
-2619
-1808
-1034
-181
645
1237
1578
1823
2024
2057
1881
1637
1447
1273
1047
849
794
868
959
1043
1190
1411
1600
1672
1640
1541
1349
1009
530
-29
-630
-1263
-1896
-2464
-2916
-3232
-3418
-3458
-3323
-3019
-2587
-2080
-1526
-935
-345
189
636
991
1257
1416
1458
1417
1327
1186
984
750
533
347
165
-27
-200
-326
-428
-534
-634
-702
-746
-790
-832
-836
-799
-758
-724
-668
-570
-461
-379
-309
-218
-118
-39
24
104
211
321
429
564
743
937
1111
1273
1445
1618
1751
1824
1853
1866
1856
1805
1717
1627
1570
1555
1563
1604
1719
1897
2075
2202
2303
2398
2403
2192
1770
1265
721
29
-870
-1835
-2687
-3419
-4126
-4760
-5149
-5240
-5153
-4953
-4532
-3827
-2978
-2172
-1396
-543
337
1049
1516
1839
2098
2222
2141
1935
1730
1530
1278
1010
846
825
862
892
956
1115
1320
1469
1517
1483
1376
1156
799
339
-184
-754
-1359
-1951
-2458
-2838
-3098
-3244
-3245
-3068
-2734
-2302
-1806
-1245
-646
-77
420
850
1211
1465
1586
1603
1566
1472
1301
1071
833
614
395
169
-40
-203
-341
-474
-591
-668
-717
-762
-806
-818
-792
-757
-729
-684
-606
-517
-439
-363
-271
-172
-88
-11
78
182
286
385
502
651
813
967
1120
1281
1442
1580
1686
1759
1805
1823
1814
1777
1717
1654
1607
1591
1606
1651
1743
1865
1975
2052
2107
2125
2027
1744
1318
836
290
-404
-1240
-2070
-2790
-3436
-4053
-4552
-4807
-4832
-4728
-4492
-4023
-3333
-2575
-1852
-1107
-290
493
1090
1499
1817
2060
2139
2042
1869
1701
1504
1254
1023
894
854
838
834
894
1020
1148
1215
1220
1175
1055
826
486
70
-398
-913
-1461
-1990
-2444
-2795
-3047
-3192
-3198
-3044
-2755
-2374
-1929
-1420
-870
-338
143
575
950
1227
1392
1467
1482
1424
1273
1058
831
603
352
83
-169
-378
-564
-736
-871
-952
-995
-1025
-1029
-983
-901
-820
-746
-656
-549
-451
-379
-318
-250
-190
-151
-113
-55
19
94
183
305
461
629
799
983
1181
1371
1534
1665
1767
1839
1872
1868
1832
1771
1702
1649
1615
1598
1612
1661
1721
1757
1778
1787
1736
1538
1194
785
337
-222
-931
-1695
-2383
-2989
-3568
-4084
-4417
-4527
-4490
-4342
-4006
-3439
-2753
-2075
-1390
-631
150
808
1291
1664
1973
2157
2172
2075
1946
1783
1556
1306
1119
1017
942
869
841
890
979
1043
1057
1034
972
834
595
268
-116
-548
-1021
-1507
-1952
-2315
-2592
-2792
-2886
-2841
-2656
-2369
-2015
-1593
-1106
-594
-103
349
760
1100
1340
1488
1566
1572
1481
1297
1073
841
593
312
23
-230
-441
-628
-787
-897
-953
-980
-981
-938
-848
-744
-651
-557
-444
-326
-235
-174
-117
-62
-24
-1
30
77
134
200
295
430
586
753
935
1138
1347
1536
1698
1833
1945
2024
2063
2058
2023
1975
1922
1872
1825
1797
1787
1773
1741
1702
1654
1539
1303
963
584
167
-352
-987
-1641
-2224
-2751
-3257
-3692
-3957
-4045
-4021
-3886
-3570
-3063
-2470
-1876
-1245
-539
173
775
1242
1632
1954
2148
2193
2145
2053
1907
1693
1465
1284
1159
1048
945
886
883
912
923
904
850
754
599
374
88
-252
-636
-1046
-1452
-1822
-2131
-2367
-2527
-2594
-2555
-2401
-2160
-1850
-1482
-1075
-646
-214
198
573
892
1140
1316
1427
1466
1424
1306
1134
922
683
417
139
-130
-379
-602
-787
-925
-1016
-1068
-1077
-1037
-953
-846
-729
-604
-475
-352
-248
-161
-90
-40
-11
11
39
69
101
144
215
317
437
570
726
900
1079
1249
1405
1541
1650
1728
1777
1795
1776
1736
1694
1649
1600
1560
1533
1507
1463
1406
1346
1249
1056
762
421
61
-372
-915
-1504
-2045
-2525
-2986
-3403
-3693
-3824
-3842
-3765
-3539
-3138
-2635
-2112
-1564
-945
-291
294
765
1156
1492
1736
1851
1863
1822
1728
1571
1378
1203
1071
956
843
755
721
725
735
718
671
599
493
335
114
-154
-460
-791
-1141
-1478
-1770
-2005
-2191
-2315
-2343
-2260
-2095
-1875
-1597
-1251
-867
-482
-109
256
592
864
1063
1214
1311
1327
1254
1126
972
779
539
278
27
-204
-426
-630
-791
-901
-975
-1018
-1013
-954
-865
-767
-657
-528
-392
-271
-172
-87
-13
43
76
102
132
164
194
234
299
386
489
605
740
892
1052
1205
1352
1487
1602
1697
1771
1812
1820
1803
1777
1747
1705
1654
1613
1583
1545
1489
1427
1354
1234
1030
752
447
110
-300
-792
-1307
-1783
-2218
-2631
-2999
-3260
-3395
-3430
-3374
-3193
-2871
-2451
-1996
-1513
-976
-406
131
587
968
1294
1549
1704
1765
1761
1709
1605
1458
1300
1162
1048
943
843
770
733
719
696
656
597
518
402
239
33
-205
-471
-768
-1080
-1373
-1629
-1842
-2012
-2121
-2152
-2103
-1983
-1799
-1553
-1259
-934
-595
-243
105
427
703
928
1106
1229
1282
1267
1192
1066
897
691
463
224
-14
-241
-444
-613
-739
-827
-875
-883
-848
-776
-682
-574
-458
-339
-223
-122
-37
31
80
113
133
146
161
180
200
232
283
356
446
546
661
790
928
1066
1194
1309
1409
1487
1545
1577
1580
1556
1518
1474
1428
1377
1330
1293
1260
1217
1164
1110
1027
881
663
403
113
-226
-639
-1096
-1543
-1956
-2345
-2701
-2979
-3149
-3219
-3202
-3081
-2833
-2478
-2067
-1628
-1151
-634
-124
328
707
1026
1280
1447
1521
1527
1484
1393
1258
1104
968
866
778
700
641
617
621
628
614
579
525
438
307
131
-76
-311
-578
-868
-1152
-1402
-1614
-1789
-1919
-1977
-1955
-1861
-1708
-1498
-1242
-957
-656
-345
-41
238
478
670
820
929
986
985
928
829
700
544
360
163
-38
-229
-404
-558
-680
-768
-826
-855
-848
-807
-741
-661
-578
-486
-389
-295
-218
-153
-101
-60
-31
-9
13
35
62
92
137
202
280
365
457
560
670
783
893
992
1079
1151
1207
1247
1269
1271
1251
1219
1185
1158
1132
1114
1106
1109
1113
1109
1096
1067
994
856
658
419
140
-193
-586
-1004
-1408
-1784
-2132
-2434
-2654
-2778
-2814
-2764
-2609
-2347
-2006
-1628
-1222
-784
-332
94
458
758
1003
1181
1284
1314
1293
1230
1130
1003
876
772
692
626
578
559
572
598
619
624
606
555
463
324
143
-69
-317
-581
-849
-1094
-1305
-1482
-1613
-1684
-1688
-1632
-1520
-1356
-1146
-907
-651
-386
-119
131
349
532
678
787
849
865
839
776
682
563
428
282
132
-17
-155
-271
-368
-446
-503
-537
-546
-534
-503
-459
-405
-347
-282
-215
-151
-96
-51
-15
15
37
53
66
81
100
126
163
213
278
346
423
505
592
674
751
822
885
936
972
989
999
999
991
971
951
937
932
937
954
985
1029
1071
1099
1111
1103
1059
957
793
579
322
25
-314
-674
-1023
-1344
-1629
-1866
-2030
-2099
-2085
-1994
-1828
-1584
-1274
-930
-580
-230
111
417
664
846
970
1034
1030
958
842
701
544
373
204
58
-51
-125
-170
-183
-159
-112
-62
-18
18
40
35
-8
-85
-182
-290
-409
-528
-626
-693
-727
-726
-677
-580
-444
-287
-119
60
240
401
526
617
671
684
647
571
467
340
189
20
-142
-294
-436
-569
-683
-769
-829
-871
-890
-883
-851
-803
-741
-658
-561
-455
-351
-243
-132
-27
67
149
220
277
316
335
345
341
319
287
248
207
166
125
89
63
45
35
37
51
76
110
149
196
248
305
364
425
485
543
598
653
709
762
813
868
925
983
1040
1093
1137
1161
1151
1105
1020
883
688
437
142
-184
-538
-906
-1256
-1564
-1818
-2017
-2145
-2181
-2116
-1968
-1754
-1476
-1147
-785
-417
-61
277
574
802
953
1041
1070
1037
930
768
577
379
183
0
-161
-291
-385
-440
-458
-439
-399
-354
-311
-274
-238
-209
-199
-211
-240
-276
-307
-327
-333
-321
-287
-227
-140
-24
115
262
396
516
617
695
735
726
672
580
456
299
127
-53
-232
-403
-559
-689
-787
-857
-899
-915
-901
-863
-807
-735
-648
-550
-443
-332
-220
-106
6
111
208
295
366
420
454
471
474
459
424
374
316
251
184
120
59
4
-39
-65
-74
-67
-45
-8
42
105
179
259
342
426
506
578
645
706
753
787
810
823
830
832
830
829
833
845
860
874
891
904
902
868
800
697
555
363
123
-144
-425
-719
-1014
-1288
-1507
-1666
-1769
-1809
-1770
-1641
-1439
-1191
-901
-571
-232
92
383
638
844
978
1027
1002
924
798
612
382
138
-95
-312
-506
-662
-766
-815
-820
-780
-693
-569
-433
-302
-178
-60
43
115
155
172
177
175
167
164
174
198
231
276
333
397
455
494
515
520
504
457
379
280
167
38
-101
-238
-364
-478
-581
-663
-717
-740
-743
-727
-692
-635
-562
-481
-394
-301
-206
-117
-35
44
117
176
221
251
272
282
275
255
226
187
142
91
42
-7
-48
-82
-106
-114
-107
-87
-50
5
69
143
225
310
395
475
549
611
661
697
719
729
727
711
683
649
609
567
526
486
451
422
401
389
390
401
414
428
439
440
424
383
314
214
81
-82
-263
-451
-640
-821
-979
-1100
-1179
-1212
-1194
-1124
-1008
-858
-683
-484
-275
-71
104
246
354
419
435
403
327
215
74
-85
-244
-394
-524
-632
-707
-741
-731
-683
-607
-504
-380
-249
-121
-2
100
181
235
262
268
259
236
204
172
148
132
123
121
124
132
135
129
113
84
43
-10
-71
-132
-190
-244
-290
-324
-340
-341
-333
-320
-300
-280
-259
-243
-231
-226
-228
-235
-241
-240
-235
-228
-215
-191
-160
-120
-78
-36
5
40
70
93
107
110
101
84
63
39
18
-1
-14
-16
-6
15
49
96
152
216
283
350
413
471
517
552
576
582
574
553
524
486
444
399
357
319
286
263
248
242
243
248
263
281
304
332
359
383
401
407
400
376
333
265
170
58
-68
-201
-334
-460
-573
-664
-730
-761
-758
-722
-659
-575
-472
-353
-228
-104
4
95
164
204
220
210
175
115
35
-50
-133
-212
-280
-336
-373
-386
-377
-347
-300
-239
-174
-103
-33
35
93
138
169
187
194
191
178
160
142
125
110
99
92
87
83
80
74
66
52
34
13
-8
-30
-55
-77
-98
-115
-130
-141
-151
-160
-169
-179
-188
-199
-207
-215
-224
-227
-226
-219
-207
-189
-165
-135
-102
-64
-27
9
42
71
93
111
121
126
122
116
108
100
93
89
88
94
106
122
145
174
206
238
273
306
338
363
380
392
398
395
384
367
345
321
294
269
248
229
215
203
199
198
199
201
202
205
205
204
200
196
189
180
169
158
149
137
129
117
102
86
64
38
6
-34
-80
-131
-180
-229
-272
-307
-335
-352
-356
-347
-328
-300
-265
-226
-186
-147
-110
-79
-55
-39
-35
-39
-52
-72
-98
-128
-158
-190
-215
-236
-250
-256
-251
-240
-222
-197
-168
-136
-103
-74
-48
-26
-13
-1
4
4
1
-3
-7
-8
-8
-6
-4
-3
-3
-4
-10
-22
-38
-58
-81
-103
-125
-146
-161
-172
-179
-180
-177
-171
-163
-157
-151
-147
-145
-146
-147
-151
-154
-157
-157
-154
-147
-136
-123
-107
-91
-72
-53
-38
-23
-12
-5
1
3
5
4
6
8
13
22
33
48
68
91
117
143
168
193
215
233
248
257
261
261
257
249
238
226
210
196
181
167
155
144
134
126
120
116
112
108
104
101
96
90
84
78
73
65
60
55
48
45
41
37
33
32
28
24
19
14
6
-1
-9
-18
-25
-32
-36
-38
-37
-35
-30
-25
-20
-16
-14
-15
-20
-28
-38
-50
-63
-75
-85
-92
-98
-99
-98
-93
-83
-75
-63
-52
-41
-31
-25
-21
-20
-23
-30
-40
-53
-68
-84
-101
-115
-126
-135
-139
-139
-134
-124
-110
-92
-73
-55
-40
-27
-17
-14
-15
-20
-28
-37
-49
-56
-61
-62
-59
-51
-41
-27
-12
3
16
26
33
36
37
34
27
20
12
4
-4
-8
-11
-13
-10
-6
0
7
17
28
40
52
63
75
86
96
105
113
120
123
127
129
130
128
127
125
123
121
119
117
117
116
116
116
118
122
124
128
132
135
139
141
145
146
147
146
145
142
138
131
126
118
111
101
94
87
81
77
70
68
65
61
59
56
52
47
42
36
29
24
18
12
9
5
3
2
3
3
3
4
4
4
3
0
-2
-5
-8
-13
-16
-20
-24
-28
-33
-39
-44
-52
-59
-68
-78
-87
-97
-105
-114
-120
-126
-130
-131
-132
-133
-130
-127
-125
-121
-118
-115
-114
-112
-112
-111
-112
-113
-114
-116
-119
-122
-125
-128
-132
-134
-137
-138
-138
-139
-137
-133
-127
-122
-114
-107
-98
-88
-78
-69
-60
-53
-46
-40
-37
-33
-30
-28
-26
-25
-24
-22
-21
-17
-15
-13
-11
-9
-7
-6
-4
-4
-4
-2
-4
-3
-5
-6
-7
-9
-12
-14
-18
-19
-22
-25
-27
-28
-30
-31
-31
-32
-32
-30
-29
-28
-27
-24
-21
-20
-16
-12
-8
-3
1
7
12
18
25
30
37
43
50
55
61
66
71
74
77
79
81
81
81
81
80
78
75
72
68
63
59
54
50
45
40
35
30
26
21
17
13
8
4
0
-4
-10
-15
-19
-24
-27
-30
-32
-34
-35
-34
-33
-33
-32
-32
-30
-30
-31
-32
-33
-34
-35
-37
-37
-38
-39
-40
-42
-43
-45
-47
-46
-49
-49
-49
-49
-48
-46
-45
-43
-40
-38
-36
-34
-33
-32
-31
-32
-32
-33
-33
-34
-34
-34
-33
-32
-31
-28
-26
-23
-21
-19
-15
-12
-9
-7
-4
-2
1
0
1
2
2
2
2
2
3
3
3
6
8
9
12
14
16
18
20
20
22
23
23
25
27
28
30
33
36
41
43
48
52
55
58
61
63
66
66
66
67
68
68
68
68
67
66
64
63
60
58
54
51
48
45
41
38
37
34
31
31
30
29
27
27
28
28
28
28
28
26
26
25
24
22
19
17
14
11
7
3
1
-2
-3
-5
-6
-5
-4
-2
-1
3
3
5
6
7
6
6
5
2
1
0
-3
-5
-7
-9
-10
-11
-11
-12
-13
-13
-14
-15
-16
-17
-18
-19
-21
-23
-24
-26
-29
-30
-34
-36
-37
-40
-41
-40
-42
-42
-41
-40
-38
-37
-36
-36
-35
-35
-35
-35
-35
-37
-37
-36
-37
-36
-35
-34
-32
-32
-30
-29
-29
-27
-27
-28
-27
-25
-25
-23
-22
-21
-19
-17
-15
-13
-12
-10
-9
-9
-8
-8
-8
-8
-9
-8
-9
-9
-8
-7
-6
-6
-6
-5
-5
-4
-6
-8
-9
-11
-14
-17
-19
-22
-25
-26
-28
-27
-27
-25
0
0
0
0
0
0
0
0
0
0
0
0
0
0
0
0
0
0
0
0
0
0
0
0
0
0
0
0
0
0
0
0
0
0
0
0
0
0
0
0
0
0
0
0
0
0
0
0
0
0
0
0
0
0
0
0
0
0
0
0
0
0
0
0
0
0
0
0
0
0
0
0
0
0
0
0
0
0
0
0
0
0
0
0
0
0
0
0
0
0
0
0
0
0
0
0
0
0
0
0
0
0
0
0
0
0
0
0
0
0
0
0
0
0
0
0
0
0
0
0
0
0
0
0
0
0
0
0
0
0
0
0
0
0
0
0
0
0
0
0
0
0
0
0
0
0
0
0
0
0
0
0
0
0
0
0
0
0
0
0
0
0
0
0
0
0
0
0
0
0
0
0
0
0
0
0
0
0
0
0
0
0
0
0
0
0
0
0
0
0
0
0
0
0
0
0
0
0
