0
0
0
0
0
0
0
0
0
0
0
0
0
0
0
0
0
0
0
0
0
0
0
0
0
0
0
0
0
0
0
0
0
0
0
0
0
0
0
0
0
0
0
0
0
0
0
0
0
0
0
0
0
0
0
0
0
0
0
0
0
0
0
0
0
0
0
0
0
0
0
0
0
0
0
0
0
0
0
0
0
0
0
0
0
0
0
0
0
0
0
0
0
0
0
0
0
0
0
0
0
0
0
0
0
0
0
0
0
0
0
0
0
0
0
0
0
0
0
0
0
0
0
0
0
0
0
0
0
0
0
0
0
0
0
0
0
0
0
0
0
0
0
0
0
0
0
0
0
0
0
0
0
0
0
0
0
0
0
0
0
0
0
0
0
0
0
0
0
0
0
0
0
0
0
0
0
0
0
0
0
0
0
0
0
0
0
0
0
0
0
0
0
0
0
0
0
0
-31
-32
-33
-34
-35
-36
-37
-38
-39
-39
-40
-42
-42
-42
-43
-42
-43
-43
-43
-44
-44
-44
-44
-43
-43
-43
-42
-42
-40
-39
-38
-38
-37
-34
-33
-31
-29
-29
-28
-26
-24
-23
-22
-20
-19
-17
-15
-12
-9
-8
-5
-3
-2
2
4
7
11
12
13
16
17
20
23
26
26
29
30
33
36
39
41
42
44
44
47
50
52
52
53
54
55
57
61
64
67
69
73
77
82
86
92
94
98
102
106
110
114
116
119
121
123
128
132
134
135
135
135
134
132
127
120
107
92
76
59
43
22
-2
-26
-51
-73
-90
-106
-121
-137
-153
-164
-172
-176
-179
-184
-189
-197
-202
-203
-203
-202
-203
-205
-208
-207
-202
-191
-180
-169
-162
-152
-137
-122
-103
-84
-70
-58
-45
-32
-15
2
17
31
44
56
73
92
114
133
149
163
177
193
209
221
229
232
232
230
226
221
212
198
180
161
140
120
99
73
45
13
-17
-47
-76
-106
-139
-172
-206
-234
-258
-277
-294
-309
-321
-328
-327
-318
-305
-289
-273
-254
-232
-205
-178
-149
-122
-99
-79
-57
-35
-14
6
21
34
45
58
72
86
99
108
114
119
127
134
141
146
147
143
140
138
137
133
128
120
112
103
97
93
89
85
78
72
66
65
65
65
64
61
58
58
59
63
65
65
67
70
76
85
95
109
121
135
153
172
193
215
233
246
260
270
277
280
275
262
244
219
191
162
129
90
50
7
-30
-64
-91
-118
-143
-167
-186
-202
-212
-217
-225
-235
-246
-257
-264
-269
-273
-278
-284
-289
-294
-292
-283
-271
-258
-246
-233
-216
-196
-171
-145
-123
-104
-87
-67
-45
-20
5
26
44
64
86
112
142
170
193
214
233
253
274
293
307
312
310
306
300
293
282
266
242
213
183
153
123
94
59
20
-22
-63
-101
-136
-171
-207
-245
-282
-310
-335
-353
-367
-377
-386
-388
-382
-369
-351
-329
-308
-284
-258
-229
-197
-165
-136
-109
-85
-63
-40
-17
4
22
34
46
58
71
83
96
104
111
118
125
135
144
152
157
158
160
161
162
162
158
150
141
129
120
111
102
94
83
74
66
62
62
61
62
60
58
57
58
59
61
60
61
62
67
76
92
111
132
155
180
205
231
258
278
292
297
289
274
250
220
181
135
83
28
-26
-74
-117
-152
-183
-208
-228
-241
-247
-248
-246
-245
-248
-253
-260
-265
-269
-274
-279
-286
-292
-293
-286
-275
-259
-241
-224
-207
-189
-167
-142
-121
-104
-93
-84
-73
-60
-44
-29
-13
-1
15
35
61
90
119
143
164
184
208
230
251
268
279
285
290
294
299
300
295
285
267
249
229
208
181
147
110
68
27
-13
-52
-90
-131
-173
-212
-246
-274
-298
-319
-339
-357
-369
-373
-368
-361
-347
-335
-318
-296
-269
-237
-204
-175
-149
-127
-102
-77
-52
-29
-11
2
15
31
49
70
88
101
111
120
132
146
158
168
172
172
173
176
182
190
194
195
193
191
193
195
192
186
174
159
144
132
121
111
98
87
79
77
78
84
90
94
97
99
100
102
102
101
99
97
99
107
121
140
163
189
217
248
276
299
312
314
301
278
243
196
139
74
4
-65
-127
-182
-224
-258
-284
-299
-304
-300
-290
-279
-271
-269
-271
-276
-282
-287
-294
-301
-309
-314
-308
-293
-270
-244
-217
-191
-166
-140
-113
-90
-72
-64
-61
-61
-58
-51
-39
-27
-17
-5
11
35
63
92
116
135
148
160
173
187
201
210
214
216
222
232
245
256
261
258
250
239
225
207
181
147
104
57
11
-32
-75
-115
-157
-197
-235
-266
-289
-310
-328
-344
-358
-368
-370
-365
-356
-342
-326
-308
-283
-255
-224
-193
-164
-138
-116
-93
-69
-48
-28
-10
6
24
43
66
88
108
125
140
152
162
170
174
175
173
166
161
157
157
155
153
150
147
145
145
145
142
134
123
112
101
92
85
79
70
63
59
60
63
67
71
70
68
66
65
66
69
72
75
83
96
114
141
171
202
226
249
264
272
270
257
228
183
127
64
-2
-67
-129
-184
-231
-267
-290
-298
-294
-280
-262
-245
-229
-217
-209
-204
-205
-211
-220
-229
-235
-236
-228
-210
-186
-156
-122
-87
-54
-23
3
22
31
31
24
12
-3
-15
-25
-30
-31
-26
-17
-2
18
41
63
82
96
107
114
122
130
137
145
154
166
182
203
225
247
265
275
276
270
252
226
191
146
95
41
-12
-61
-106
-142
-173
-198
-218
-234
-246
-256
-266
-276
-284
-294
-303
-308
-308
-305
-293
-278
-258
-233
-209
-181
-154
-127
-103
-80
-61
-43
-28
-12
7
28
49
69
90
108
127
142
156
166
171
172
170
169
169
170
172
175
176
173
170
163
157
147
131
111
88
66
48
37
31
30
32
40
50
64
80
96
110
121
127
129
129
127
127
126
125
126
128
135
150
171
196
227
256
284
306
321
327
320
294
251
189
111
23
-71
-164
-251
-328
-393
-439
-465
-472
-461
-436
-405
-374
-344
-320
-299
-282
-268
-257
-248
-233
-212
-179
-134
-79
-19
39
96
144
182
208
218
209
187
149
104
57
11
-27
-59
-81
-91
-92
-82
-64
-41
-19
2
19
34
45
54
63
74
87
105
126
153
181
208
233
249
255
250
230
195
149
94
35
-26
-84
-136
-180
-214
-240
-256
-264
-270
-273
-277
-284
-293
-301
-308
-310
-307
-301
-287
-268
-240
-207
-172
-137
-110
-88
-69
-56
-45
-34
-25
-18
-9
3
20
40
64
85
102
115
123
129
132
135
135
134
133
134
138
147
158
167
175
178
180
178
175
169
159
148
135
124
114
108
105
103
103
107
112
119
127
135
144
150
156
163
171
179
191
204
224
250
282
320
356
389
411
422
415
386
331
248
140
12
-127
-269
-400
-517
-612
-681
-718
-722
-697
-649
-588
-523
-460
-404
-356
-314
-279
-248
-218
-184
-141
-84
-13
68
154
234
303
357
390
401
388
350
290
214
128
47
-25
-86
-134
-165
-183
-183
-176
-158
-136
-115
-100
-87
-79
-72
-62
-48
-30
-3
33
78
131
188
246
296
336
359
362
344
302
238
156
65
-32
-124
-209
-280
-333
-370
-385
-387
-376
-358
-342
-329
-318
-310
-304
-295
-286
-272
-253
-225
-187
-140
-92
-49
-13
10
23
28
26
19
9
0
-5
-2
10
31
58
83
104
118
127
128
123
116
105
95
90
91
103
123
148
174
199
223
241
252
254
250
241
227
210
194
181
171
163
160
163
174
189
209
230
253
274
296
317
334
350
361
373
386
411
444
482
525
563
593
608
598
557
473
341
163
-51
-286
-525
-753
-950
-1105
-1208
-1251
-1230
-1150
-1028
-882
-730
-589
-467
-369
-291
-227
-176
-130
-79
-13
74
187
315
445
559
646
695
700
660
578
457
305
136
-32
-180
-296
-371
-410
-417
-402
-368
-323
-276
-233
-201
-183
-177
-176
-170
-146
-97
-28
59
156
261
365
465
551
610
634
617
563
478
369
248
116
-20
-162
-302
-428
-530
-606
-660
-698
-723
-734
-729
-704
-663
-609
-545
-477
-402
-321
-230
-132
-35
48
115
159
188
202
201
183
153
115
75
42
19
8
5
2
-2
-8
-13
-18
-25
-36
-51
-62
-64
-52
-27
7
48
92
139
187
232
276
308
327
332
331
329
329
326
318
302
283
266
255
252
255
260
263
269
286
320
370
424
470
510
553
607
679
759
842
915
962
977
952
880
753
549
260
-107
-512
-909
-1257
-1536
-1735
-1847
-1860
-1771
-1596
-1355
-1086
-825
-601
-436
-317
-223
-128
-27
75
178
298
446
621
796
937
1019
1025
948
793
579
329
65
-202
-456
-669
-812
-866
-843
-772
-674
-567
-460
-362
-282
-222
-178
-144
-102
-39
62
210
393
588
766
912
1016
1067
1056
977
836
653
450
251
71
-77
-199
-302
-399
-493
-581
-667
-751
-839
-921
-977
-995
-964
-886
-761
-602
-427
-254
-99
29
130
193
211
191
148
104
69
44
26
20
20
21
11
-14
-50
-92
-143
-200
-254
-289
-287
-253
-201
-134
-57
27
109
179
231
270
301
319
328
338
358
391
422
440
445
446
444
429
395
344
288
230
177
139
133
159
206
257
312
391
503
628
732
799
849
905
980
1066
1159
1259
1352
1410
1394
1302
1147
912
549
30
-600
-1231
-1765
-2159
-2424
-2559
-2538
-2351
-2026
-1628
-1205
-792
-433
-178
-43
26
114
265
451
624
779
950
1151
1334
1427
1386
1207
905
504
41
-418
-803
-1097
-1306
-1441
-1471
-1371
-1162
-918
-705
-553
-441
-344
-254
-162
-51
98
281
485
710
956
1200
1385
1448
1373
1192
957
694
407
114
-149
-351
-481
-551
-574
-565
-562
-605
-715
-859
-977
-1031
-1030
-991
-909
-756
-523
-247
18
229
363
408
359
234
81
-56
-164
-251
-320
-352
-325
-251
-176
-141
-157
-213
-291
-374
-444
-478
-459
-399
-307
-193
-57
88
212
285
300
276
242
211
192
193
227
289
363
430
479
500
484
422
321
207
111
44
6
-2
24
88
176
271
358
434
489
516
530
566
652
776
896
992
1080
1188
1311
1420
1492
1533
1545
1501
1367
1143
862
509
29
-612
-1330
-1963
-2395
-2626
-2721
-2694
-2511
-2158
-1704
-1245
-823
-440
-116
99
212
310
499
780
1057
1242
1342
1412
1459
1404
1186
816
365
-113
-590
-1021
-1338
-1497
-1529
-1501
-1441
-1320
-1117
-870
-657
-505
-377
-217
-6
234
488
756
1020
1238
1374
1424
1406
1321
1144
868
537
227
-16
-198
-358
-504
-618
-689
-725
-744
-752
-740
-711
-674
-629
-556
-433
-276
-138
-58
-19
24
89
145
149
97
13
-76
-160
-233
-282
-305
-320
-346
-375
-386
-365
-334
-325
-351
-384
-393
-364
-308
-237
-163
-85
-7
71
151
230
298
340
356
356
355
358
355
331
287
240
201
173
150
129
114
110
122
154
203
259
307
343
376
419
473
527
573
609
633
646
651
672
734
837
953
1042
1108
1174
1257
1332
1371
1381
1395
1414
1391
1276
1059
742
296
-320
-1078
-1823
-2374
-2663
-2740
-2681
-2482
-2120
-1641
-1162
-769
-466
-216
-24
100
208
402
719
1072
1328
1436
1447
1398
1251
940
478
-43
-529
-938
-1253
-1442
-1483
-1410
-1301
-1210
-1123
-996
-828
-661
-510
-340
-99
223
587
935
1226
1433
1522
1472
1306
1072
818
558
289
27
-187
-334
-419
-486
-577
-699
-830
-928
-973
-951
-861
-702
-488
-256
-36
155
309
389
358
207
-3
-183
-286
-322
-329
-332
-344
-373
-430
-513
-595
-662
-710
-732
-709
-621
-468
-292
-154
-88
-83
-106
-126
-130
-115
-80
-21
53
131
204
267
306
303
249
162
76
19
-9
-24
-31
-23
1
33
56
66
70
74
89
125
190
283
391
490
564
613
638
641
622
594
562
534
519
543
632
782
941
1051
1102
1139
1200
1274
1335
1390
1468
1555
1577
1466
1211
819
245
-548
-1457
-2244
-2695
-2794
-2681
-2468
-2160
-1746
-1298
-930
-670
-466
-275
-106
52
289
679
1162
1558
1721
1652
1439
1140
756
278
-236
-701
-1049
-1263
-1354
-1345
-1281
-1224
-1226
-1267
-1276
-1178
-950
-631
-264
129
545
955
1304
1534
1618
1560
1382
1128
860
634
464
321
161
-22
-212
-393
-578
-778
-976
-1118
-1159
-1080
-891
-624
-317
-21
205
327
351
323
284
250
217
176
123
39
-97
-290
-512
-712
-853
-932
-950
-906
-791
-623
-432
-265
-150
-94
-86
-102
-117
-114
-88
-44
12
72
125
166
189
193
174
145
118
112
127
153
174
178
164
140
115
96
84
66
43
35
66
144
258
376
478
553
600
625
633
627
612
590
570
561
560
561
573
619
701
801
891
971
1069
1194
1313
1400
1466
1544
1632
1660
1557
1301
889
294
-499
-1390
-2145
-2560
-2626
-2495
-2310
-2082
-1777
-1424
-1111
-866
-636
-377
-105
167
493
921
1373
1677
1713
1507
1179
813
421
12
-385
-724
-980
-1142
-1222
-1254
-1294
-1373
-1469
-1515
-1443
-1213
-838
-373
101
523
876
1159
1367
1468
1448
1327
1156
983
832
703
568
392
146
-154
-457
-719
-920
-1064
-1147
-1144
-1041
-839
-571
-291
-53
100
160
163
155
176
235
300
331
291
176
7
-200
-440
-706
-966
-1164
-1252
-1214
-1069
-859
-645
-476
-371
-314
-261
-192
-109
-30
39
101
162
216
250
241
181
85
2
-26
4
54
93
114
126
130
119
91
57
29
11
12
43
106
181
251
314
378
441
490
518
536
551
566
578
591
606
601
559
489
434
441
521
638
743
812
878
983
1124
1263
1372
1462
1556
1625
1599
1431
1115
620
-96
-988
-1838
-2367
-2474
-2320
-2127
-1977
-1811
-1587
-1347
-1119
-862
-548
-223
76
405
835
1302
1617
1648
1427
1086
723
371
43
-253
-535
-815
-1056
-1196
-1246
-1299
-1421
-1566
-1624
-1524
-1262
-864
-379
112
518
804
1004
1164
1280
1309
1250
1151
1055
973
877
730
508
205
-150
-485
-739
-887
-959
-981
-955
-854
-680
-470
-274
-116
13
121
210
281
347
405
428
389
291
162
4
-212
-494
-792
-1018
-1118
-1103
-1012
-890
-764
-652
-551
-452
-345
-244
-160
-84
3
104
196
245
248
213
161
110
76
66
78
93
102
113
132
154
158
130
79
30
1
7
41
96
149
191
234
291
365
440
496
539
581
635
689
725
721
684
624
554
483
425
396
413
484
600
732
847
935
1014
1105
1202
1291
1377
1483
1582
1595
1446
1129
655
7
-793
-1576
-2081
-2188
-2037
-1867
-1768
-1665
-1501
-1322
-1159
-950
-640
-277
64
415
834
1251
1482
1427
1177
885
607
325
41
-207
-435
-683
-934
-1122
-1233
-1348
-1512
-1657
-1656
-1470
-1149
-762
-341
71
410
646
821
974
1099
1163
1174
1173
1172
1131
1004
784
494
168
-166
-458
-667
-783
-826
-823
-794
-738
-664
-564
-440
-299
-153
-14
102
184
240
294
348
362
279
92
-137
-340
-501
-636
-758
-862
-941
-982
-960
-875
-759
-666
-609
-542
-423
-257
-88
49
139
179
184
183
199
219
210
169
136
142
169
183
165
130
102
88
85
96
115
125
124
126
144
178
218
256
301
361
428
495
556
604
633
640
641
645
644
621
575
529
511
533
578
630
680
731
807
917
1043
1149
1233
1314
1393
1401
1245
879
321
-376
-1094
-1639
-1850
-1747
-1543
-1444
-1469
-1495
-1440
-1332
-1203
-1020
-742
-390
-2
411
812
1080
1102
908
659
486
382
275
138
-24
-217
-451
-703
-926
-1114
-1293
-1452
-1509
-1405
-1161
-866
-581
-318
-75
146
342
525
697
850
972
1067
1141
1175
1138
1017
822
577
317
82
-106
-240
-341
-433
-522
-595
-636
-640
-616
-569
-501
-419
-333
-255
-184
-104
-18
47
66
34
-26
-98
-178
-276
-382
-469
-526
-559
-589
-615
-631
-633
-619
-589
-541
-476
-403
-328
-241
-141
-41
37
93
142
190
227
251
270
300
334
356
358
350
337
309
267
229
205
190
174
159
154
161
170
176
195
234
286
340
389
428
455
478
504
539
574
591
583
554
521
499
511
562
636
706
752
789
836
901
974
1045
1112
1161
1158
1049
804
442
3
-463
-876
-1137
-1199
-1115
-1019
-1005
-1057
-1102
-1098
-1050
-970
-839
-641
-384
-96
191
425
543
511
382
255
195
195
202
184
130
34
-110
-295
-499
-696
-865
-978
-1002
-921
-769
-611
-492
-414
-351
-277
-179
-50
111
295
480
643
773
860
887
856
780
693
617
562
520
476
419
331
211
79
-48
-156
-246
-313
-355
-377
-380
-378
-381
-406
-468
-557
-633
-657
-611
-521
-431
-377
-369
-380
-382
-362
-327
-296
-276
-255
-220
-165
-108
-73
-76
-103
-124
-116
-81
-39
-2
25
44
58
68
74
78
80
81
90
110
134
148
153
152
148
144
140
141
148
163
181
195
202
205
208
210
211
205
198
195
198
200
198
185
167
145
125
115
117
127
143
168
201
240
280
319
358
399
440
480
510
523
520
499
466
427
391
368
354
344
315
260
188
114
48
-10
-73
-154
-245
-326
-380
-399
-402
-417
-462
-530
-596
-637
-646
-636
-632
-640
-649
-641
-609
-566
-540
-545
-573
-597
-587
-538
-463
-393
-340
-297
-249
-186
-116
-53
-10
20
57
119
210
303
372
401
401
394
397
416
440
455
454
444
439
441
444
425
379
315
253
214
198
190
172
129
63
-3
-61
-105
-148
-202
-266
-326
-364
-379
-386
-404
-446
-504
-553
-577
-567
-539
-515
-504
-499
-486
-459
-421
-388
-367
-349
-324
-280
-217
-154
-104
-69
-44
-10
36
91
144
190
229
266
305
351
393
424
442
455
475
502
529
549
556
552
545
542
537
526
505
477
448
421
398
377
356
333
311
296
290
294
304
316
331
352
378
410
434
440
424
384
332
286
258
247
235
201
142
69
-2
-64
-125
-196
-284
-379
-460
-506
-521
-526
-548
-597
-658
-702
-711
-690
-662
-648
-650
-644
-609
-547
-477
-430
-419
-425
-418
-376
-300
-215
-144
-97
-58
-6
65
138
192
219
232
254
304
372
437
473
474
455
440
442
454
456
446
426
412
411
415
406
366
304
236
186
155
133
98
48
-7
-53
-84
-114
-163
-237
-320
-391
-429
-444
-455
-483
-527
-570
-594
-596
-585
-581
-585
-586
-567
-522
-463
-413
-384
-371
-352
-314
-255
-194
-144
-107
-73
-29
25
80
121
148
170
198
239
286
326
348
359
368
384
407
426
434
432
429
434
449
465
472
464
445
424
411
399
387
366
339
311
290
278
272
267
263
260
265
279
302
331
356
369
366
345
310
276
249
231
217
194
149
86
18
-48
-108
-174
-253
-347
-442
-519
-567
-593
-623
-670
-734
-793
-824
-819
-789
-762
-748
-744
-725
-679
-611
-545
-505
-489
-479
-445
-377
-292
-213
-157
-118
-75
-13
69
145
199
226
245
277
329
389
432
448
444
439
449
472
489
487
464
436
417
410
402
378
329
268
216
181
163
144
110
58
0
-52
-95
-135
-185
-247
-315
-375
-417
-444
-471
-506
-555
-602
-631
-640
-632
-619
-610
-602
-588
-557
-514
-467
-426
-393
-357
-308
-244
-169
-97
-36
15
63
115
172
228
276
315
348
384
424
461
490
510
517
521
524
530
533
533
525
514
503
491
481
466
444
420
398
383
375
366
354
332
308
291
288
296
307
312
313
316
327
347
361
353
315
261
214
193
193
192
162
96
14
-57
-103
-132
-178
-259
-365
-464
-523
-542
-549
-581
-653
-735
-786
-775
-722
-664
-640
-647
-651
-618
-542
-453
-395
-380
-386
-371
-306
-206
-113
-59
-42
-32
5
78
160
218
238
240
255
300
362
411
428
416
401
409
439
473
486
471
441
417
407
399
379
336
277
220
177
148
126
89
40
-13
-62
-107
-152
-203
-260
-317
-367
-408
-442
-477
-513
-549
-578
-597
-609
-617
-620
-617
-604
-582
-553
-522
-492
-457
-414
-361
-304
-244
-185
-128
-68
-6
56
117
171
217
265
311
357
395
425
446
462
477
491
502
506
503
499
494
490
483
476
462
446
433
420
408
395
384
373
365
357
345
330
315
302
300
302
305
303
298
293
291
285
266
228
175
126
97
87
83
59
8
-63
-128
-172
-203
-239
-301
-385
-465
-519
-540
-552
-582
-639
-705
-746
-744
-708
-665
-645
-646
-647
-619
-560
-491
-441
-421
-412
-383
-321
-235
-155
-104
-81
-60
-17
48
121
173
196
206
223
261
312
353
370
365
363
376
407
438
449
437
408
384
375
372
361
328
278
225
185
158
131
95
43
-16
-67
-109
-142
-181
-228
-283
-335
-374
-403
-428
-455
-488
-521
-543
-554
-554
-555
-556
-556
-547
-527
-495
-458
-423
-388
-348
-301
-246
-189
-133
-80
-28
26
85
145
201
249
292
335
372
407
437
458
469
478
482
485
487
484
477
469
461
455
450
443
434
418
401
382
369
362
358
357
351
340
328
321
325
332
338
335
330
327
330
337
335
310
263
205
158
135
127
114
78
18
-50
-108
-146
-178
-224
-296
-378
-450
-493
-510
-524
-560
-619
-679
-712
-705
-671
-637
-624
-627
-625
-595
-539
-478
-434
-415
-401
-365
-299
-214
-138
-89
-63
-38
3
65
129
176
197
207
225
262
308
345
362
364
367
383
412
442
454
447
428
412
403
401
391
366
329
286
248
214
180
139
88
28
-31
-88
-141
-194
-248
-300
-350
-395
-435
-472
-503
-529
-547
-560
-573
-583
-589
-585
-569
-548
-525
-502
-476
-440
-393
-338
-281
-228
-182
-134
-80
-18
44
100
147
189
236
287
338
382
414
438
456
475
495
509
513
511
503
497
491
481
469
455
442
432
420
404
385
369
360
359
360
355
340
322
317
325
342
354
351
337
324
325
335
336
307
248
179
127
105
98
79
25
-59
-146
-206
-235
-257
-298
-370
-456
-520
-548
-548
-554
-591
-655
-716
-736
-709
-658
-620
-613
-626
-626
-591
-529
-466
-430
-420
-409
-368
-294
-207
-138
-102
-85
-62
-12
56
120
159
177
190
216
261
308
340
349
344
349
369
398
421
422
406
384
370
364
358
341
310
269
229
200
170
137
93
38
-22
-80
-133
-183
-231
-280
-330
-378
-421
-457
-483
-504
-520
-535
-549
-557
-557
-547
-532
-516
-502
-486
-464
-430
-386
-338
-295
-255
-216
-170
-117
-60
-7
40
81
125
175
228
279
322
356
388
422
454
482
501
510
514
520
525
528
525
515
502
491
481
470
451
424
396
374
363
361
357
342
320
303
299
310
324
330
322
310
309
321
335
329
292
232
171
134
124
117
85
17
-71
-152
-202
-230
-261
-319
-403
-486
-537
-549
-546
-560
-606
-667
-708
-702
-656
-605
-577
-579
-585
-568
-517
-448
-395
-369
-360
-338
-283
-205
-129
-80
-57
-42
-11
44
107
156
181
192
207
240
282
317
331
333
333
346
370
393
400
389
370
354
346
339
323
294
256
219
187
158
126
82
27
-28
-80
-125
-167
-212
-259
-307
-349
-383
-410
-433
-456
-476
-491
-498
-497
-489
-480
-468
-453
-433
-408
-377
-343
-307
-270
-230
-188
-145
-100
-57
-17
22
61
99
140
179
220
258
294
326
358
387
414
435
451
463
472
480
488
491
489
482
473
465
459
450
433
407
379
356
345
343
341
330
312
292
283
291
307
316
313
303
300
310
328
337
312
259
198
156
140
138
119
66
-16
-99
-159
-192
-222
-272
-348
-433
-496
-522
-524
-533
-573
-635
-689
-703
-676
-631
-599
-596
-607
-605
-575
-520
-470
-440
-428
-412
-372
-306
-233
-174
-139
-115
-84
-34
30
88
130
154
174
202
239
275
299
310
314
321
333
349
358
356
345
328
311
294
274
249
219
186
150
115
79
43
5
-38
-82
-129
-175
-220
-260
-297
-335
-374
-415
-451
-476
-491
-502
-509
-517
-520
-514
-498
-474
-448
-424
-397
-365
-323
-274
-225
-180
-140
-100
-58
-13
36
79
119
154
187
222
256
288
318
345
371
393
414
431
444
454
461
462
461
456
452
449
448
444
433
416
395
376
364
359
357
351
339
321
304
293
291
290
288
280
271
267
274
285
288
269
227
175
132
109
101
89
55
-3
-73
-132
-173
-202
-238
-295
-364
-425
-461
-470
-478
-502
-549
-603
-634
-628
-594
-559
-542
-542
-545
-527
-487
-439
-403
-385
-374
-351
-300
-234
-169
-122
-92
-66
-29
22
79
131
166
189
212
238
270
299
318
324
325
327
337
347
352
349
333
308
280
254
232
208
182
151
117
83
48
16
-17
-55
-96
-137
-177
-208
-236
-264
-295
-329
-362
-387
-399
-406
-410
-411
-411
-406
-393
-376
-356
-334
-310
-281
-243
-201
-156
-114
-75
-36
3
45
89
132
169
202
232
262
291
317
342
362
383
400
418
433
444
448
447
444
442
439
434
432
426
422
416
405
389
371
355
345
342
340
334
319
300
285
279
282
286
283
271
258
256
265
271
260
222
169
120
92
83
76
46
-12
-82
-144
-182
-206
-236
-286
-353
-416
-455
-471
-479
-503
-548
-598
-628
-624
-596
-566
-551
-555
-557
-544
-509
-466
-431
-408
-392
-367
-322
-265
-208
-163
-132
-103
-67
-18
35
85
122
149
172
197
225
253
276
287
291
290
290
295
300
301
290
266
234
203
179
162
142
113
73
30
-9
-39
-65
-97
-141
-192
-239
-272
-292
-308
-331
-365
-401
-426
-434
-429
-421
-421
-428
-430
-420
-397
-369
-343
-323
-303
-275
-236
-189
-142
-104
-74
-44
-8
34
80
122
157
185
212
241
273
303
332
351
368
386
404
421
431
432
426
419
415
416
415
410
398
386
376
370
363
348
328
308
297
298
302
298
282
261
247
248
259
267
262
245
229
227
233
237
218
175
121
78
60
58
47
9
-54
-121
-174
-202
-219
-249
-299
-361
-411
-434
-437
-440
-462
-502
-541
-555
-539
-506
-477
-470
-478
-480
-464
-426
-382
-348
-330
-314
-288
-241
-183
-133
-98
-76
-52
-15
35
86
127
151
169
190
220
251
277
290
292
292
297
306
310
304
286
262
239
219
201
179
149
112
73
37
6
-27
-63
-105
-145
-186
-218
-247
-274
-300
-327
-350
-369
-382
-392
-396
-398
-399
-395
-386
-372
-355
-333
-308
-281
-253
-223
-190
-153
-115
-73
-33
3
39
74
112
151
189
224
255
280
306
330
354
374
393
408
421
429
436
438
437
433
427
422
412
402
392
382
371
360
347
330
311
293
279
269
266
264
259
248
233
220
216
220
227
229
221
212
208
213
219
214
185
141
96
68
59
57
39
-9
-76
-137
-173
-189
-204
-239
-298
-358
-395
-405
-400
-410
-446
-495
-529
-528
-497
-462
-448
-460
-478
-475
-446
-400
-364
-349
-346
-332
-294
-238
-184
-148
-131
-115
-84
-33
22
66
90
105
120
147
182
213
228
231
230
235
248
259
261
247
222
198
185
177
169
150
118
79
43
18
-4
-28
-62
-107
-152
-187
-212
-232
-256
-286
-321
-348
-362
-364
-365
-369
-376
-383
-380
-367
-349
-329
-311
-293
-270
-243
-213
-181
-150
-118
-86
-50
-14
20
50
79
110
141
171
200
224
245
266
289
309
325
337
346
351
357
361
365
364
361
353
343
332
321
311
301
291
281
271
262
249
235
218
206
201
202
203
198
185
174
170
180
194
199
195
186
183
194
210
213
189
143
95
67
69
73
58
9
-61
-124
-157
-166
-179
-218
-283
-349
-387
-392
-383
-392
-433
-489
-525
-520
-484
-447
-434
-449
-471
-468
-435
-387
-349
-336
-335
-324
-285
-227
-168
-133
-119
-111
-85
-34
25
72
97
108
119
145
183
219
240
242
236
236
249
267
274
262
238
210
192
187
183
172
144
105
66
36
16
-4
-32
-73
-118
-156
-180
-196
-211
-234
-263
-290
-305
-309
-305
-302
-307
-314
-317
-309
-292
-269
-248
-228
-210
-190
-160
-128
-94
-65
-38
-12
18
49
83
115
144
170
193
217
241
264
284
303
320
333
344
354
360
363
368
370
370
367
361
351
338
327
313
298
282
266
252
242
233
220
202
184
167
160
163
167
168
162
152
150
156
170
184
190
189
191
200
215
225
214
185
146
115
103
104
96
66
16
-39
-82
-105
-121
-149
-196
-252
-296
-319
-323
-332
-358
-401
-442
-459
-448
-422
-404
-406
-420
-431
-420
-391
-357
-337
-329
-324
-305
-268
-220
-178
-156
-144
-129
-101
-58
-12
23
45
58
74
99
131
158
176
182
183
188
200
211
216
211
196
180
167
160
151
136
114
88
59
37
15
-9
-37
-73
-107
-138
-162
-179
-196
-216
-240
-262
-279
-287
-290
-292
-296
-298
-298
-291
-277
-260
-241
-226
-210
-190
-162
-132
-101
-77
-55
-36
-13
14
42
69
92
112
133
153
173
191
208
221
234
245
257
266
272
274
273
271
270
267
262
254
245
236
224
213
200
185
172
161
153
147
141
131
119
107
100
103
111
121
126
127
127
131
139
152
162
167
168
173
181
191
190
178
155
131
113
106
101
90
66
31
-7
-43
-75
-106
-134
-164
-189
-213
-235
-259
-287
-316
-340
-356
-362
-361
-362
-361
-361
-358
-352
-345
-337
-327
-311
-286
-256
-227
-203
-185
-169
-146
-120
-87
-56
-27
-2
21
46
67
87
102
115
129
144
161
175
182
184
182
179
177
176
173
169
163
154
142
124
104
80
56
36
15
-5
-28
-54
-83
-112
-138
-163
-185
-205
-221
-232
-241
-246
-250
-253
-252
-250
-243
-232
-216
-199
-180
-161
-140
-121
-101
-79
-56
-30
-6
19
40
63
83
103
122
141
160
177
192
205
216
227
237
245
249
251
250
250
249
247
242
234
223
213
203
194
184
173
160
149
141
133
123
114
106
100
99
101
100
97
94
94
99
107
114
119
120
122
128
138
148
153
151
151
151
158
165
163
151
133
116
106
102
95
80
56
26
1
-17
-31
-52
-80
-112
-142
-164
-178
-191
-211
-239
-266
-286
-294
-296
-297
-303
-311
-318
-318
-310
-298
-288
-281
-275
-263
-244
-219
-194
-171
-154
-136
-115
-88
-59
-29
-8
10
26
44
64
82
95
102
104
107
112
121
125
123
115
105
94
85
79
71
60
45
30
17
6
-6
-20
-34
-48
-62
-70
-78
-85
-95
-108
-120
-130
-137
-141
-144
-146
-148
-149
-150
-147
-143
-140
-134
-125
-115
-103
-90
-77
-65
-54
-43
-30
-18
-2
14
27
40
53
63
73
81
90
99
107
115
121
126
129
129
128
128
127
128
127
124
120
115
111
106
100
95
90
86
84
80
79
76
71
68
68
70
74
77
77
79
82
85
91
96
103
107
110
114
120
125
127
128
127
126
124
124
121
115
105
91
77
63
51
38
21
2
-18
-39
-56
-73
-91
-109
-127
-146
-160
-172
-183
-195
-208
-219
-226
-230
-229
-229
-228
-228
-225
-220
-212
-201
-191
-182
-170
-157
-142
-126
-111
-97
-83
-68
-52
-34
-20
-7
4
14
25
36
44
50
53
53
56
60
63
64
61
56
50
47
43
40
35
26
18
11
3
-2
-9
-17
-26
-34
-39
-43
-45
-50
-54
-60
-65
-67
-67
-67
-67
-66
-66
-64
-61
-56
-52
-49
-45
-41
-34
-28
-20
-14
-10
-3
4
10
19
28
37
45
51
60
68
76
82
88
93
98
104
108
111
114
115
115
115
115
116
117
116
116
116
113
113
111
111
112
113
113
114
114
113
115
115
118
117
118
117
117
117
118
118
117
114
112
110
109
110
109
106
103
100
97
94
92
89
84
78
72
68
64
59
52
43
33
25
17
8
1
-8
-19
-29
-39
-49
-57
-67
-78
-87
-97
-106
-113
-120
-127
-135
-143
-149
-153
-155
-157
-159
-159
-159
-157
-156
-153
-150
-146
-143
-137
-130
-124
-116
-111
-103
-97
-90
-83
-76
-68
-62
-56
-49
-44
-39
-34
-29
-26
-23
-18
-14
-11
-8
-6
-5
-5
-5
-5
-4
-4
-6
-8
-10
-11
-14
-17
-20
-23
-26
-29
-31
-33
-36
-39
-42
-45
-48
-49
-50
-52
-54
-55
-55
-57
-56
-57
-56
-56
-55
-52
-50
-48
-46
-42
-39
-35
-31
-27
-22
-17
-11
-7
-1
4
10
16
21
27
33
39
45
49
54
59
64
68
71
75
78
82
84
86
88
89
90
92
92
93
92
89
90
88
86
84
81
78
75
72
70
67
63
60
57
55
51
51
49
46
44
43
41
42
41
41
40
41
40
41
41
41
41
40
40
39
38
38
36
33
29
26
22
18
13
8
2
-5
-11
-17
-24
-32
-39
-46
-53
-60
-66
-73
-77
-83
-88
-92
-96
-98
-101
-101
-103
-102
-101
-99
-97
-94
-91
-87
-83
-80
-74
-68
-61
-57
-51
-46
-41
-34
-29
-23
-18
-13
-9
-5
-2
2
5
8
10
12
14
16
16
17
16
16
15
14
13
12
11
9
6
4
1
-1
-4
-7
-9
-12
-15
-17
-20
-22
-24
-25
-26
-28
-28
-28
-28
-27
-27
-25
-23
-20
-17
-13
-9
-6
-1
3
9
13
18
24
29
35
42
47
51
55
60
65
69
73
77
80
82
84
86
86
87
88
88
87
87
85
84
82
81
79
76
72
70
67
65
63
60
58
54
52
49
47
45
42
40
38
37
33
33
30
29
28
27
26
25
24
23
23
21
22
22
20
21
21
20
20
22
21
21
21
21
20
20
21
20
19
17
14
13
10
8
5
2
-3
-6
-10
-14
-20
-24
-29
-33
-38
-43
-48
-52
-56
-61
-64
-68
-71
-74
-75
-77
-78
-78
-79
-80
-80
-79
-78
-75
-74
-72
-70
-68
-66
-63
-60
-58
-55
-52
-49
-45
-42
-40
-37
-36
-33
-31
-30
-27
-25
-25
-24
-23
-23
-23
-23
-23
-22
-24
-24
-25
-25
-26
-27
-28
-29
-30
-31
-31
-31
-31
-31
-31
-32
-31
-31
-30
-30
-29
-27
-26
-25
-24
-22
-21
-19
-18
-16
-13
-11
-10
-8
-6
-5
-3
-2
-1
1
2
4
5
7
8
10
10
12
13
16
18
19
21
23
25
27
28
31
33
36
38
40
42
44
46
48
49
51
52
53
54
55
56
55
56
56
55
54
54
52
52
51
49
47
46
45
43
40
39
38
36
35
33
30
28
27
26
25
23
22
20
18
18
16
15
14
13
11
11
9
9
7
6
5
4
3
2
0
-1
-2
-4
-6
-8
-9
-11
-12
-14
-17
-18
-19
-22
-23
-24
-27
-29
-30
-32
-35
-36
-39
-40
-42
-44
-46
-48
-50
-51
-54
-55
-55
-56
-56
-57
-57
-57
-57
-56
-55
-54
-51
-50
-48
-45
-42
-39
-36
-32
-28
-25
-20
-16
-12
-7
-3
1
5
9
13
17
22
25
29
31
34
37
40
41
42
44
44
46
46
46
45
45
44
42
41
39
37
36
33
30
28
26
23
21
19
16
14
12
11
9
8
5
4
3
2
2
1
1
2
2
2
1
3
3
3
3
5
6
6
8
9
9
11
11
13
13
15
15
15
16
17
17
18
18
19
19
19
18
19
18
19
18
17
16
17
16
14
14
13
13
12
11
9
8
7
6
5
4
2
2
0
-1
-3
-4
-5
-6
-7
-8
-10
-11
-12
-13
-14
-15
-16
-16
-17
-18
-18
-19
-20
-21
-21
-22
-21
-21
-22
-22
-21
-22
-21
-22
-21
-21
-21
-20
-20
-20
-20
-19
-19
-19
-19
-18
-18
-19
-18
-18
-18
-19
-17
-17
-18
-18
-17
-17
-17
-17
-17
-17
-17
-18
-17
-18
-17
-17
-17
-17
-16
-17
-17
-17
-17
-17
-16
-17
-16
-15
-15
-14
-13
-14
-12
-12
-10
-10
-8
-8
-6
-6
-5
-4
-4
-2
-2
-1
0
1
2
3
4
4
5
6
7
8
8
9
10
9
10
11
11
11
12
12
13
13
13
12
12
12
12
11
12
12
11
10
10
10
10
9
8
8
8
8
8
7
7
7
6
7
5
7
7
6
7
7
8
8
8
10
10
11
11
12
13
14
13
14
15
16
16
17
17
17
17
17
17
17
17
16
17
15
16
14
14
14
13
12
11
10
10
9
7
6
5
4
3
2
1
0
-1
-2
-3
-4
-5
-6
-7
-7
-8
-9
-9
-10
-10
-11
-10
-10
-10
-9
-9
-8
-8
-8
-8
-6
-6
-4
-2
-2
-1
1
1
3
4
6
7
8
9
10
11
12
14
13
14
13
15
14
14
15
15
14
13
11
11
9
8
7
6
5
3
0
-1
-3
-5
-7
-9
-11
-11
-13
-14
-16
-17
-18
-19
-19
-19
-19
-20
-20
-19
-20
-18
-18
-16
-15
-13
-12
-9
-9
-7
-4
-2
0
2
3
6
8
9
11
13
15
15
17
18
19
20
20
19
20
20
19
18
17
16
15
14
13
11
9
8
7
5
4
2
0
-1
-3
-5
-5
-7
-8
-9
-10
-10
-10
-12
-12
-12
-12
-13
-12
-11
-12
-11
-11
-10
-9
-9
-9
-8
-7
-6
-6
-5
-5
-4
-4
-4
-2
-2
-2
-3
-3
-2
-1
-2
-2
-2
-4
-3
-3
-4
-5
-4
-4
-5
-6
-6
-6
-6
-7
-7
-8
-7
-7
-8
-8
-8
-9
-9
-9
-9
-9
-8
-8
-8
-8
-9
-8
-8
-8
-7
-8
-7
-6
-6
-6
-5
-5
-5
-4
-4
-4
-3
-3
-3
-3
-3
-3
-2
-3
-3
-2
-3
-2
-2
-2
-2
-3
-3
-2
-2
-3
-2
-3
-2
-3
-3
-3
-2
-2
-2
-2
-2
-3
-2
-1
-1
-2
-2
-1
-1
-1
-1
-1
-1
0
0
0
0
1
0
1
1
1
2
2
3
2
2
2
3
3
3
3
3
5
4
5
5
4
5
4
5
5
5
5
6
6
6
6
7
6
6
6
6
6
7
6
7
8
8
7
8
8
7
8
9
8
8
9
9
8
9
9
9
9
9
10
9
10
10
9
9
10
9
9
9
9
8
8
10
9
8
8
9
8
8
8
8
8
7
8
7
8
7
7
7
7
6
7
7
6
6
6
5
6
4
5
5
5
5
4
5
5
4
4
4
3
3
3
4
3
3
3
2
2
2
1
1
1
0
1
0
-1
-1
0
-1
-1
-1
-1
-2
-3
-2
-3
-3
-3
-3
-3
-3
-3
-4
-4
-4
-4
-5
-4
-4
-4
-5
-5
-4
-5
-4
-5
-5
-5
-4
-4
-5
-5
-5
-5
-5
-5
-5
-4
-4
-4
-4
-5
-6
-5
-5
-5
-5
-5
-5
-5
-5
-5
-5
-6
-5
-5
-5
-5
-5
-6
-5
-6
-5
-7
-5
-4
-5
-6
-5
-6
-6
-5
-6
-6
-5
-5
-5
-5
-5
-5
-5
-5
-4
-5
-4
-4
-4
-3
-3
-3
-3
-4
-3
-3
-3
-2
-3
-2
-2
-2
-2
-2
-2
-1
-1
-2
-2
-1
-2
-2
-2
-2
-2
-2
-2
-2
-2
-2
-2
-2
-3
-2
-3
-2
-2
-3
-2
-3
-3
-2
-3
-3
-2
-4
-2
-3
-3
-3
-2
-2
-3
-2
-3
-3
-2
-2
-3
-2
-2
-2
-2
-3
-3
-2
-2
-2
-2
-1
-2
-1
-1
-1
-1
-1
-1
0
-1
0
0
0
0
0
1
1
0
0
0
2
1
1
1
2
1
2
2
2
1
2
2
3
2
2
3
3
3
3
3
3
3
3
3
4
4
3
3
3
3
4
4
3
3
3
3
3
3
3
4
4
3
3
3
3
3
3
3
3
3
3
3
3
3
3
3
3
3
3
3
3
2
3
3
2
3
3
3
2
2
3
2
2
2
2
2
1
1
2
1
1
1
1
2
1
1
1
1
1
0
0
0
-1
0
0
-1
-1
-1
0
-1
-1
-1
0
-1
-1
-1
0
-1
-1
-1
-1
-1
-2
-1
-1
-1
-1
0
-1
-1
-1
0
-1
-1
-1
-1
-1
-1
-1
-1
-1
0
0
0
-1
0
0
0
0
0
1
0
1
0
0
0
0
0
0
1
0
1
1
0
1
1
1
1
1
1
2
1
1
2
2
1
2
1
2
2
2
1
1
1
2
2
2
2
2
2
1
2
2
1
1
2
1
2
2
0
1
2
1
1
1
1
1
1
1
1
1
0
-1
0
0
0
0
0
0
0
0
-1
0
0
0
0
-1
0
-2
0
-1
-2
-1
-2
-2
-2
-1
-1
-3
-2
-3
-2
-2
-3
-3
-3
-2
-3
-3
-2
-2
-3
-3
-3
-3
-3
-2
-3
-2
-3
-3
-3
-3
-2
-3
-2
-2
-2
-3
-2
-1
-2
-2
-2
-2
-2
-2
-2
-2
-2
-1
-2
-2
-2
-2
-2
-2
-1
-1
-2
-2
-2
-1
-1
-2
-3
-2
-2
-1
-1
-2
-2
-1
-2
-1
-1
-1
-1
-2
-1
-1
-1
-1
0
0
0
0
0
0
0
0
0
1
0
0
1
0
1
1
0
0
0
1
-1
0
0
0
0
0
0
0
0
0
0
0
0
0
0
0
0
-1
0
-1
-1
0
0
-1
-1
-1
0
0
0
0
-1
0
1
0
0
0
1
1
0
0
0
1
1
2
2
1
2
2
2
2
3
3
3
4
4
3
4
4
4
4
4
5
5
5
5
5
5
4
5
5
5
5
5
5
6
6
5
5
6
4
5
5
4
6
4
4
4
4
4
4
3
4
3
3
3
3
3
2
2
2
2
2
2
2
1
1
0
0
1
0
-1
-1
0
-2
-1
-1
-1
-1
-2
-2
-1
-1
-3
-2
-3
-3
-3
-2
-3
-3
-3
-4
-3
-3
-4
-3
-4
-3
-5
-3
-4
-4
-3
-4
-4
-4
-3
-3
-3
-3
-3
-3
-3
-3
-3
-3
-2
-3
-2
-2
-1
-2
-2
-1
-1
-1
-1
-1
-1
-1
0
-1
-1
1
0
0
1
0
0
0
1
1
1
0
1
1
1
0
1
1
1
0
1
1
2
2
1
1
1
1
1
1
2
1
1
1
0
2
1
1
1
1
1
0
1
1
0
1
0
0
1
0
1
0
0
0
0
0
0
0
-1
-1
0
-1
1
0
0
0
-1
0
-1
0
0
-1
0
0
-2
0
0
-1
0
-1
0
-1
-1
-1
-1
-1
-1
0
0
0
-1
-1
-1
-2
-2
-1
-1
-1
-2
-1
0
0
-1
0
-1
-1
0
-1
-1
0
-1
-1
-1
-1
-1
-1
-1
-1
0
-1
-1
-1
0
0
-1
0
-1
0
0
-1
-1
-1
0
-1
0
-1
0
0
0
0
0
-1
0
-1
-1
0
0
0
0
0
0
-1
0
0
0
-1
1
1
-1
-1
0
0
0
0
0
0
0
0
0
0
0
0
0
0
0
0
0
0
0
0
0
-1
0
0
0
0
0
0
0
0
0
0
1
1
0
0
1
0
0
1
0
1
0
1
0
0
1
0
1
0
1
0
0
1
1
0
1
0
1
1
1
0
0
0
0
0
1
1
1
1
1
1
0
0
1
0
0
0
0
0
0
0
0
1
0
0
0
0
0
1
1
0
0
0
0
0
0
1
0
0
1
1
1
1
0
0
1
0
0
0
0
1
0
0
0
0
0
1
0
1
0
-1
0
1
0
0
0
1
0
0
0
0
0
0
0
1
0
0
0
0
0
-1
1
1
0
0
0
0
1
0
0
0
0
0
0
0
0
0
0
0
0
1
0
0
0
0
0
-1
0
0
-1
0
0
0
0
-1
0
0
0
0
0
-1
-1
0
0
0
-1
0
0
0
0
-1
0
-1
0
-1
-1
-1
-1
-1
-1
0
-1
-1
-1
-1
-1
-1
-1
-1
-1
-1
-1
-1
-1
-1
-1
-1
-1
-1
-1
-1
-1
-1
-1
-1
-1
0
-1
-1
-1
-1
-1
-1
-1
-1
0
-1
-1
0
-1
-1
-1
0
-1
0
0
-1
0
-1
-1
-1
0
-1
0
0
-1
0
0
0
1
0
0
0
0
0
0
-1
0
1
0
0
1
0
1
0
1
1
0
0
1
0
0
1
1
1
0
2
1
0
1
1
1
1
0
1
1
1
0
0
0
0
1
0
1
0
0
1
0
0
0
0
0
-1
0
0
0
0
-1
0
0
-1
-1
0
0
-1
-1
-1
-1
0
0
-1
0
-1
0
-1
0
0
0
0
0
-1
0
0
-1
-1
-1
-1
0
-1
0
0
0
0
0
0
0
0
-1
0
-1
0
0
0
1
0
0
0
0
0
1
0
1
0
1
1
1
0
1
1
0
0
1
0
1
1
1
0
0
1
0
1
0
1
1
1
1
1
0
1
1
0
1
1
1
1
0
1
1
1
1
2
1
1
1
1
1
1
1
0
0
1
1
1
1
1
0
0
1
1
1
0
2
1
0
0
1
1
0
1
1
0
0
0
1
1
0
0
1
0
0
0
1
0
1
0
0
0
0
0
0
1
1
0
0
-1
-1
0
0
1
0
-1
0
0
1
0
0
1
0
0
1
0
1
0
0
0
0
0
0
-1
1
0
0
0
0
0
1
0
0
0
0
0
0
-1
-1
0
-1
0
-1
0
-1
0
-1
0
0
0
-1
-1
0
-1
0
-1
0
0
-1
0
0
-1
0
0
0
0
-1
0
-1
0
-1
-1
0
-1
-1
-1
-1
-1
-1
0
-1
-1
0
-1
0
-1
-1
0
0
-1
-1
-1
0
-1
0
-1
-1
0
-1
0
-1
0
0
-1
0
0
0
-1
0
0
-1
0
0
-1
-1
-1
0
-1
-1
-2
-1
-1
-1
-1
-1
0
-1
-1
-2
-1
0
-1
-1
-1
-1
-1
-2
-1
0
-1
-1
0
-1
-1
-1
0
-1
-1
0
0
-1
0
1
-1
0
0
0
0
-1
-1
1
0
-1
1
1
0
1
-1
0
0
1
0
0
-1
0
0
0
0
0
0
0
0
0
-1
0
-1
0
1
-1
-1
-1
-2
-1
0
-1
0
-2
-1
0
-1
-1
-1
-1
-1
-1
0
-1
-1
-1
0
0
0
0
0
0
0
0
1
1
1
1
0
1
1
2
2
2
2
2
2
2
1
2
2
2
2
2
2
2
1
2
2
1
2
1
1
0
1
0
-1
0
0
0
-1
-1
-2
-2
-1
-1
-2
-2
-2
-1
-2
-2
-1
-1
-1
-2
-1
-1
0
0
0
1
1
1
1
2
3
3
3
3
4
5
4
5
5
5
6
6
6
6
6
6
6
6
5
5
6
5
5
4
4
4
3
3
2
1
1
0
0
-1
0
-1
-2
-2
-2
-3
-4
-4
-5
-4
-4
-5
-5
-5
-4
-4
-4
-4
-4
-4
-3
-3
-2
-2
-1
-1
-1
0
0
1
2
2
3
3
4
5
4
5
6
6
6
7
6
6
6
7
6
6
6
6
5
5
5
4
4
4
2
1
2
0
-1
-1
-1
-2
-2
-4
-4
-5
-4
-6
-6
-7
-7
-7
-7
-8
-7
-7
-8
-7
-8
-7
-7
-6
-7
-7
-6
-6
-5
-5
-5
-3
-3
-2
-2
-2
-1
-1
0
1
1
1
2
2
1
3
2
3
3
2
2
3
2
2
1
2
1
1
0
0
0
-1
-1
-2
-2
-2
-3
-4
-4
-4
-5
-6
-5
-5
-6
-5
-6
-7
-6
-6
-6
-6
-6
-6
-5
-6
-5
-5
-4
-4
-3
-3
-2
-2
-2
-2
-1
-1
-1
-1
0
0
0
1
1
0
1
1
2
1
1
1
1
1
2
1
2
1
1
0
2
0
1
0
0
0
0
1
0
-1
-2
-1
-1
-2
-2
-2
-2
-2
-2
-2
-2
-2
-1
-2
-2
-2
-1
-1
-2
-1
-1
-1
-1
-1
0
0
-1
0
-1
0
0
1
0
1
0
1
1
0
1
0
2
1
1
1
1
1
0
1
0
0
1
1
0
0
1
1
0
1
0
-1
0
0
1
1
1
1
1
1
1
0
2
2
3
2
2
3
3
3
3
4
4
4
5
5
5
6
6
7
6
7
7
7
8
7
8
8
8
8
8
7
7
7
7
7
7
7
7
7
7
6
5
5
6
5
5
3
5
4
3
3
3
2
2
2
2
2
1
2
1
1
1
2
0
0
0
1
0
0
1
-1
-1
0
-1
-1
-1
-1
-2
-1
-1
-1
-2
-2
-1
-3
-2
-2
-3
-3
-3
-3
-3
-4
-3
-3
-3
-4
-4
-4
-4
-5
-4
-4
-4
-4
-5
-5
-4
-4
-3
-3
-3
-4
-3
-3
-3
-3
-2
-2
-3
-2
-1
-1
-1
-1
-1
-1
-1
0
0
0
1
0
0
0
1
1
1
1
1
2
2
1
1
1
1
2
1
2
2
2
2
2
1
1
1
2
1
2
1
1
2
1
1
1
1
1
1
1
1
1
1
2
2
2
2
3
4
4
3
4
4
4
5
5
5
6
5
6
6
7
6
7
7
7
7
6
7
6
6
5
6
5
6
5
4
4
3
1
0
0
0
-2
-4
-4
-5
-7
-8
-10
-10
-11
-12
-14
-15
-17
-17
-18
-18
-19
-20
-19
-20
-20
-20
-20
-20
-19
-19
-19
-18
-18
-17
-16
-15
-13
-13
-13
-11
-10
-10
-7
-7
-5
-4
-4
-2
-1
-1
0
1
1
2
2
2
2
2
1
2
2
2
2
2
2
1
2
2
2
2
3
3
1
3
2
2
2
3
3
3
3
3
3
3
2
2
3
1
2
1
0
0
-1
-1
-1
-2
-2
-2
-1
-2
-1
-2
0
1
1
2
4
5
7
8
11
12
15
18
19
22
24
27
28
31
32
34
35
36
38
39
40
40
39
39
37
37
35
34
31
28
25
22
19
15
12
7
4
0
-3
-6
-11
-15
-17
-21
-23
-25
-28
-31
-32
-33
-34
-35
-35
-36
-36
-36
-36
-35
-35
-33
-33
-32
-31
-30
-29
-27
-26
-25
-24
-23
-21
-20
-19
-17
-16
-14
-13
-11
-11
-8
-6
-5
-4
-1
0
2
3
5
7
8
9
10
12
12
14
13
14
14
14
15
14
14
13
13
13
12
11
11
10
9
8
7
7
6
5
5
4
4
5
5
4
4
4
5
5
6
6
6
6
7
7
7
8
8
8
8
8
9
8
8
9
8
8
7
6
6
6
5
4
4
2
3
1
0
-1
-1
-2
-2
-4
-4
-5
-6
-6
-7
-7
-9
-9
-10
-9
-11
-11
-11
-12
-11
-12
-12
-12
-11
-13
-12
-12
-12
-11
-11
-10
-10
-10
-8
-8
-8
-8
-6
-7
-5
-5
-3
-3
-3
-2
-2
-1
-1
0
-1
0
0
0
0
1
0
0
1
0
-2
0
-1
-1
-1
-1
-2
-2
-1
-1
-2
-1
-2
-1
-2
-2
-2
-2
-1
-1
-1
-2
-1
-1
-1
0
0
-1
0
-1
0
-1
0
-1
-1
-2
0
0
-1
-1
-2
-1
-1
0
-3
-2
-2
-3
-3
-3
-3
-3
-3
-3
-3
-4
-4
-4
-4
-3
-4
-4
-4
-4
-4
-4
-4
-3
-3
-3
-2
-1
-1
-1
0
1
1
2
3
3
3
4
4
4
5
5
5
4
3
3
2
1
0
-1
-2
-3
-4
-4
-7
-8
-8
-10
-11
-11
-12
-12
-12
-13
-13
-12
-12
-12
-11
-9
-8
-7
-4
-3
-1
1
5
7
9
12
15
18
21
24
26
29
31
32
34
37
38
39
40
40
41
41
41
41
40
40
38
37
35
35
32
30
28
26
23
21
19
16
14
11
8
7
4
2
-1
-3
-4
-7
-8
-11
-13
-14
-15
-16
-17
-18
-19
-19
-19
-21
-20
-20
-20
-20
-19
-18
-17
-15
-14
-13
-13
-11
-10
-9
-7
-7
-7
-5
-4
-3
-2
-1
0
1
1
2
3
3
5
7
7
8
9
10
12
12
13
14
15
16
15
16
17
18
18
18
17
18
18
17
17
16
15
14
13
11
10
8
7
4
3
2
-1
-3
-5
-7
-9
-12
-15
-16
-18
-20
-21
-23
-24
-26
-28
-28
-28
-29
-30
-32
-31
-31
-32
-31
-31
-31
-31
-31
-30
-31
-31
-30
-30
-30
-28
-29
-28
-28
-28
-28
-26
-27
-25
-25
-25
-24
-24
-23
-22
-21
-19
-18
-16
-16
-13
-12
-10
-8
-6
-4
0
2
5
8
11
14
18
22
25
29
31
35
38
40
43
46
47
49
51
50
51
51
49
48
47
45
42
40
36
33
30
26
23
19
15
11
7
5
1
-2
-5
-8
-9
-12
-12
-14
-16
-17
-17
-19
-18
-18
-18
-18
-17
-16
-15
-15
-14
-14
-13
-13
-12
-11
-12
-11
-10
-11
-11
-10
-10
-10
-11
-10
-10
-9
-9
-9
-9
-9
-8
-8
-7
-7
-7
-6
-6
-5
-4
-3
-3
-2
-1
-2
-1
-1
-1
-1
-1
-2
-1
-2
-4
-3
-5
-4
-6
-6
-6
-7
-9
-9
-10
-10
-10
-10
-11
-11
-10
-10
-10
-10
-9
-9
-9
-8
-7
-6
-6
-6
-5
-4
-2
-1
-1
0
2
3
4
6
7
8
9
11
11
13
14
14
16
17
17
17
18
19
19
19
18
18
18
18
18
18
17
17
15
14
13
12
11
10
9
7
6
4
4
3
2
0
-1
-2
-2
-3
-3
-4
-4
-5
-4
-5
-5
-4
-5
-5
-4
-4
-3
-3
-3
-2
-2
-1
0
1
1
3
3
4
5
6
7
8
8
9
10
11
11
12
12
12
13
12
11
11
11
9
9
8
8
6
5
5
4
3
2
1
0
0
-1
-3
-3
-4
-4
-5
-6
-6
-5
-6
-7
-7
-7
-7
-6
-7
-7
-7
-6
-6
-6
-5
-5
-5
-5
-5
-4
-4
-4
-3
-4
-3
-3
-4
-2
-2
-3
-3
-2
-2
-3
-3
-3
-2
-3
-3
-3
-2
-3
-2
-2
-3
-3
-2
-2
-1
-2
-2
-3
-2
-2
-2
-3
-3
-3
-3
-3
-3
-3
-2
-2
-3
-3
-2
-2
-2
-3
-3
-3
-3
-2
-2
-3
-4
-3
-3
-2
-3
-3
-4
-3
-3
-3
-3
-3
-2
-3
-3
-4
-3
-2
-3
-3
-3
-3
-2
-3
-4
-3
-3
-3
-4
-3
-3
-4
-3
-3
-3
-3
-2
-2
-2
-3
-2
-2
-1
-1
-1
0
1
0
0
0
1
1
1
2
2
3
3
3
3
3
4
4
3
4
4
3
4
3
4
3
3
3
1
1
0
0
0
-2
-2
-3
-4
-4
-4
-6
-7
-7
-9
-10
-11
-12
-12
-13
-14
-14
-15
-17
-17
-17
-17
-18
-18
-18
-18
-18
-18
-18
-18
-17
-16
-15
-14
-13
-12
-10
-9
-6
-4
-2
-1
2
4
7
10
13
17
18
22
24
28
31
33
36
39
42
42
45
46
48
50
51
52
52
52
51
51
49
49
48
45
44
41
38
34
33
30
26
23
19
15
11
9
4
1
-3
-8
-10
-14
-17
-21
-23
-27
-30
-32
-34
-37
-39
-40
-41
-42
-44
-45
-45
-45
-45
-45
-45
-44
-43
-42
-42
-41
-39
-37
-36
-35
-33
-32
-29
-28
-26
-24
-22
-21
-19
-17
-15
-13
-11
-9
-8
-6
-5
-3
-1
0
2
2
4
6
6
7
8
9
9
10
11
12
11
11
12
12
12
11
12
12
13
12
13
13
13
13
14
13
15
15
15
15
15
17
17
17
17
19
19
20
21
20
21
22
22
23
23
23
24
24
24
24
23
24
24
24
22
23
21
21
20
20
19
18
17
16
15
13
12
11
10
10
8
7
6
5
4
4
3
2
1
0
-1
-1
-2
-4
-4
-5
-6
-8
-8
-10
-10
-11
-12
-14
-14
-15
-16
-17
-18
-18
-19
-20
-21
-22
-22
-22
-22
-22
-23
-22
-22
-23
-22
-23
-22
-22
-21
-21
-19
-19
-18
-18
-17
-16
-14
-13
-12
-11
-10
-8
-6
-6
-4
-3
-1
0
2
3
4
6
6
8
10
10
11
13
13
13
14
14
16
16
16
16
16
16
16
15
15
15
14
13
12
11
10
9
7
6
5
4
2
1
-1
-2
-4
-5
-6
-8
-10
-10
-12
-13
-14
-15
-16
-17
-18
-19
-20
-20
-21
-21
-22
-22
-23
-23
-23
-24
-23
-24
-23
-23
-22
-21
-20
-19
-19
-17
-16
-14
-11
-11
-10
-8
-6
-5
-3
0
1
2
3
5
6
8
8
10
12
13
14
15
16
18
19
20
20
22
23
23
23
24
25
24
25
25
25
25
24
25
24
24
23
22
22
21
21
20
19
18
17
15
14
14
11
11
10
8
6
5
4
1
0
-1
-2
-4
-5
-6
-7
-9
-10
-11
-12
-13
-13
-15
-14
-16
-17
-16
-16
-17
-17
-17
-17
-17
-16
-16
-16
-15
-14
-14
-13
-12
-12
-11
-10
-9
-8
-6
-5
-5
-4
-2
-1
1
1
2
3
4
5
6
7
7
8
10
10
11
11
12
12
12
13
13
12
14
14
13
12
13
13
12
12
11
11
10
10
9
8
8
7
7
5
6
5
3
3
1
1
0
-2
-3
-2
-3
-4
-4
-6
-6
-8
-7
-9
-8
-9
-9
-10
-11
-11
-11
-11
-12
-12
-12
-12
-11
-11
-11
-11
-10
-10
-10
-10
-10
-8
-8
-9
-8
-7
-6
-6
-5
-5
-4
-4
-3
-3
-3
-2
-2
-2
-1
0
0
0
0
1
2
1
1
2
2
2
3
3
3
3
2
3
2
3
2
2
2
2
2
2
1
2
2
2
2
2
2
2
1
1
2
2
2
2
2
1
1
1
2
2
2
1
2
0
2
1
2
2
2
2
2
2
3
3
2
3
3
3
3
3
4
3
3
3
3
2
3
3
3
2
3
2
2
2
2
1
2
2
1
2
1
1
1
0
0
1
-1
0
0
-1
0
0
-1
-1
-1
-1
-1
-1
-1
-1
-2
-2
-1
-2
-1
-3
-2
-2
-2
-2
-2
-2
-1
-3
-2
-2
-2
-2
-1
-1
-1
-2
-1
-1
-1
-1
-1
-2
0
0
0
0
0
-1
-1
0
0
0
0
0
0
-1
0
-1
0
0
0
0
1
0
0
1
0
0
0
0
0
1
0
0
0
1
0
0
0
0
1
0
-1
0
0
0
0
-1
0
0
0
0
-1
-1
0
0
0
0
0
-1
0
0
0
1
0
0
0
0
1
2
0
1
1
1
1
1
2
1
2
2
2
2
2
2
2
3
3
3
3
2
2
3
2
3
3
3
2
2
2
3
2
2
2
1
2
2
1
0
1
1
1
0
0
-1
-1
-1
-1
-2
-2
-2
-2
-2
-3
-4
-4
-4
-5
-6
-5
-5
-6
-6
-8
-7
-8
-8
-8
-9
-9
-8
-8
-9
0
0
0
0
0
0
0
0
0
0
0
0
0
0
0
0
0
0
0
0
0
0
0
0
0
0
0
0
0
0
0
0
0
0
0
0
0
0
0
0
0
0
0
0
0
0
0
0
0
0
0
0
0
0
0
0
0
0
0
0
0
0
0
0
0
0
0
0
0
0
0
0
0
0
0
0
0
0
0
0
0
0
0
0
0
0
0
0
0
0
0
0
0
0
0
0
0
0
0
0
0
0
0
0
0
0
0
0
0
0
0
0
0
0
0
0
0
0
0
0
0
0
0
0
0
0
0
0
0
0
0
0
0
0
0
0
0
0
0
0
0
0
0
0
0
0
0
0
0
0
0
0
0
0
0
0
0
0
0
0
0
0
0
0
0
0
0
0
0
0
0
0
0
0
0
0
0
0
0
0
0
0
0
0
0
0
0
0
0
0
0
0
0
0
0
0
0
0
