0
0
0
0
0
0
0
0
0
0
0
0
0
0
0
0
0
0
0
0
0
0
0
0
0
0
0
0
0
0
0
0
0
0
0
0
0
0
0
0
0
0
0
0
0
0
0
0
0
0
0
0
0
0
0
0
0
0
0
0
0
0
0
0
0
0
0
0
0
0
0
0
0
0
0
0
0
0
0
0
0
0
0
0
0
0
0
0
0
0
0
0
0
0
0
0
0
0
0
0
0
0
0
0
0
0
0
0
0
0
0
0
0
0
0
0
0
0
0
0
0
0
0
0
0
0
0
0
0
0
0
0
0
0
0
0
0
0
0
0
0
0
0
0
0
0
0
0
0
0
0
0
0
0
0
0
0
0
0
0
0
0
0
0
0
0
0
0
0
0
0
0
0
0
0
0
0
0
0
0
0
0
0
0
0
0
0
0
0
0
0
0
0
0
0
0
0
0
104
105
108
108
110
112
113
113
112
111
107
101
95
84
72
55
37
18
-2
-25
-47
-67
-86
-104
-117
-127
-132
-130
-125
-115
-100
-78
-54
-27
2
33
65
94
123
149
172
191
206
215
221
223
220
214
204
192
178
161
145
128
109
91
73
55
36
19
3
-14
-30
-46
-61
-75
-89
-102
-113
-123
-131
-136
-141
-142
-142
-139
-134
-126
-117
-106
-94
-79
-64
-50
-33
-17
-2
12
26
40
53
63
71
80
87
91
93
93
93
90
87
81
74
65
57
46
37
28
18
9
1
-5
-10
-15
-16
-16
-15
-12
-9
-4
2
8
15
22
28
34
38
43
48
50
51
52
53
52
51
52
51
50
51
51
51
52
52
53
54
54
54
54
52
50
47
43
39
35
30
25
19
13
8
2
-2
-8
-12
-17
-19
-23
-25
-28
-31
-34
-36
-39
-44
-46
-52
-56
-61
-65
-71
-75
-78
-82
-85
-87
-88
-88
-86
-83
-79
-75
-69
-62
-55
-48
-41
-33
-25
-18
-13
-7
-3
2
5
8
10
13
16
18
22
25
28
32
37
43
47
52
58
62
66
70
72
74
75
75
73
70
67
61
56
50
42
36
27
19
12
4
-5
-12
-21
-28
-36
-43
-51
-56
-63
-70
-76
-80
-86
-90
-92
-95
-94
-93
-92
-89
-86
-81
-76
-70
-64
-57
-50
-44
-38
-30
-25
-19
-14
-9
-4
0
4
8
12
15
17
20
23
25
27
29
31
32
34
34
33
32
32
30
27
24
21
16
13
8
1
-4
-11
-19
-27
-34
-43
-51
-60
-69
-77
-86
-95
-102
-111
-117
-125
-131
-135
-139
-143
-145
-147
-147
-146
-145
-143
-142
-137
-133
-128
-124
-119
-112
-106
-99
-93
-86
-78
-71
-64
-58
-51
-44
-37
-31
-25
-19
-14
-8
-2
0
6
10
14
17
18
21
24
27
28
30
32
32
34
35
36
39
40
42
43
45
48
50
52
54
57
58
60
63
64
65
66
66
65
66
66
65
64
62
62
61
59
59
59
60
60
60
60
61
61
61
62
62
62
62
61
59
58
57
55
53
50
48
46
44
41
39
38
36
35
34
32
32
29
27
26
25
22
22
18
15
13
10
7
3
-1
-6
-8
-12
-17
-20
-23
-25
-27
-29
-31
-32
-33
-33
-34
-35
-36
-35
-34
-37
-36
-36
-36
-36
-37
-36
-37
-39
-38
-40
-41
-41
-40
-42
-43
-44
-43
-43
-44
-43
-43
-40
-40
-38
-37
-36
-34
-33
-32
-32
-31
-30
-31
-32
-32
-33
-35
-37
-38
-41
-44
-47
-50
-51
-54
-55
-56
-58
-58
-58
-59
-58
-57
-55
-55
-53
-50
-49
-47
-46
-44
-43
-43
-42
-43
-43
-43
-44
-45
-46
-47
-48
-49
-50
-51
-51
-50
-50
-50
-48
-47
-46
-44
-41
-39
-37
-34
-31
-29
-27
-26
-24
-22
-19
-18
-16
-16
-13
-12
-11
-9
-7
-6
-4
-1
0
3
4
7
9
12
14
17
17
19
20
22
24
24
25
24
24
26
25
25
25
24
23
23
23
23
22
22
22
19
20
21
20
20
20
19
18
17
17
16
15
13
12
10
9
8
8
7
6
4
2
2
2
1
1
1
1
1
2
3
3
4
6
6
8
10
13
15
18
19
22
25
29
32
35
38
41
43
45
47
50
50
51
51
50
50
49
46
45
43
41
40
36
35
33
31
29
28
26
26
25
25
24
25
23
23
24
24
24
24
24
24
23
24
24
24
24
25
26
27
27
28
30
31
31
33
34
35
37
37
38
39
39
40
41
42
42
43
44
44
44
45
45
46
46
46
47
47
48
47
46
45
44
42
40
39
37
34
30
28
25
22
19
15
14
11
10
8
6
5
4
3
4
3
2
4
4
5
6
6
6
8
8
9
10
10
10
10
10
10
10
8
8
7
4
4
2
1
-2
-4
-5
-7
-10
-12
-13
-15
-15
-16
-17
-17
-17
-17
-16
-14
-13
-11
-9
-7
-6
-4
-2
0
2
3
4
3
4
3
1
1
0
-2
-4
-4
-6
-9
-10
-11
-14
-13
-16
-17
-18
-19
-19
-21
-21
-22
-24
-24
-24
-25
-27
-27
-30
-29
-30
-32
-33
-32
-33
-34
-34
-33
-34
-33
-32
-32
-31
-30
-27
-27
-25
-24
-21
-19
-17
-14
-12
-9
-7
-6
-4
-3
-2
-2
-1
-2
-2
-3
-4
-6
-8
-9
-13
-15
-17
-19
-20
-23
-24
-24
-25
-24
-24
-22
-22
-19
-18
-15
-13
-10
-9
-7
-5
-4
-2
-2
-1
-2
-2
-2
-3
-4
-4
-5
-7
-8
-9
-9
-10
-11
-11
-11
-11
-11
-10
-11
-9
-8
-8
-8
-7
-7
-6
-6
-6
-5
-5
-5
-6
-6
-8
-7
-9
-8
-9
-10
-10
-11
-11
-13
-14
-13
-13
-14
-14
-13
-13
-12
-11
-8
-7
-5
-4
-2
0
2
4
6
7
9
11
12
14
15
15
15
15
15
15
15
14
14
13
12
12
11
11
11
11
10
10
8
8
9
9
8
8
7
9
8
9
9
10
9
10
9
9
9
8
8
7
5
4
3
2
1
-1
-2
-3
-4
-4
-4
-4
-4
-3
-4
-2
-2
-1
1
2
4
5
7
10
10
11
12
13
13
15
15
16
16
15
16
16
17
17
18
17
19
20
20
21
22
23
24
25
25
24
25
24
23
22
22
20
18
17
16
12
10
7
5
2
-1
-4
-6
-8
-11
-13
-15
-16
-16
-16
-15
-13
-13
-9
-8
-4
-1
3
7
11
15
21
25
28
30
32
35
35
37
34
34
32
28
25
21
16
13
8
4
1
-3
-6
-8
-10
-13
-16
-17
-19
-20
-22
-21
-20
-19
-17
-15
-11
-8
-5
-2
2
6
8
11
13
13
13
15
15
14
13
12
11
9
6
5
2
0
-3
-5
-8
-9
-12
-12
-15
-15
-15
-16
-16
-15
-15
-15
-15
-15
-15
-14
-15
-14
-13
-10
-10
-8
-6
-6
-4
-4
-2
-2
-3
-3
-3
-4
-5
-5
-5
-4
-3
-3
-2
0
1
2
2
2
1
-1
-3
-6
-9
-11
-15
-18
-21
-22
-25
-27
-29
-31
-33
-35
-37
-38
-40
-41
-42
-41
-40
-39
-37
-33
-28
-24
-18
-15
-10
-4
1
6
12
16
19
22
23
22
22
18
15
11
7
3
-2
-7
-12
-18
-25
-28
-30
-32
-31
-31
-30
-28
-24
-21
-17
-14
-10
-6
-4
-2
1
1
3
5
6
6
8
8
8
7
6
4
2
1
-2
-3
-4
-5
-7
-8
-8
-7
-6
-4
0
3
9
14
19
23
27
29
31
31
32
31
30
28
26
23
21
18
14
13
12
12
12
12
12
12
12
13
14
14
14
15
16
18
19
21
22
23
24
26
27
27
27
28
26
23
20
15
10
5
0
-2
-3
-5
-4
-3
-2
0
0
1
2
3
5
6
7
7
8
7
6
6
6
5
5
4
4
5
6
7
9
10
9
9
6
3
0
-5
-8
-10
-12
-10
-7
-5
-2
1
2
5
6
8
11
16
21
26
31
34
36
35
29
24
16
9
3
-2
-6
-12
-16
-22
-26
-32
-37
-40
-41
-42
-40
-37
-35
-32
-28
-24
-19
-15
-9
-3
4
12
22
31
39
48
54
57
57
54
49
40
30
20
10
2
-6
-12
-18
-21
-21
-22
-23
-22
-22
-23
-24
-25
-27
-29
-30
-31
-30
-29
-25
-21
-15
-10
-5
-2
2
6
8
11
9
8
1
-8
-20
-33
-46
-56
-64
-66
-63
-55
-44
-31
-14
1
15
29
40
48
53
58
61
62
61
57
50
42
31
17
2
-11
-22
-31
-37
-40
-42
-44
-46
-50
-55
-58
-61
-61
-57
-51
-46
-41
-36
-32
-30
-29
-28
-25
-21
-16
-8
2
11
21
28
32
33
30
21
11
1
-10
-17
-22
-23
-23
-21
-20
-16
-12
-6
-1
5
9
11
11
11
7
3
-1
-6
-11
-14
-19
-23
-28
-33
-37
-38
-38
-37
-32
-28
-22
-16
-10
-4
2
8
13
17
21
24
27
29
32
33
35
35
33
28
22
16
6
-1
-9
-14
-21
-28
-35
-44
-52
-60
-64
-65
-62
-54
-45
-33
-21
-11
-6
-2
0
2
4
9
18
31
47
65
79
90
94
92
81
64
45
23
4
-12
-23
-29
-31
-29
-23
-16
-6
3
11
20
25
26
23
17
7
-3
-12
-18
-20
-17
-8
4
20
32
43
47
42
32
17
-1
-19
-36
-47
-53
-51
-42
-29
-12
5
23
37
48
53
52
48
38
25
13
2
-7
-13
-15
-12
-4
6
20
32
40
45
46
41
34
24
14
4
-2
-7
-10
-9
-7
-2
5
14
23
34
44
51
55
58
57
53
46
36
26
16
7
0
-3
-3
-3
0
-1
-3
-8
-14
-20
-25
-28
-27
-23
-19
-16
-14
-13
-14
-18
-20
-22
-22
-22
-21
-19
-18
-16
-14
-11
-7
-1
7
16
27
37
45
48
49
42
33
20
6
-7
-19
-26
-29
-27
-21
-13
-3
5
13
18
20
18
13
7
-2
-8
-14
-16
-14
-9
0
11
22
31
37
40
38
31
20
6
-8
-24
-39
-52
-65
-75
-84
-91
-96
-95
-92
-82
-68
-49
-28
-8
10
27
39
45
47
44
39
31
23
15
10
5
2
1
1
2
2
4
4
4
2
-2
-9
-19
-29
-39
-47
-54
-55
-54
-49
-41
-31
-22
-15
-6
-3
-3
-3
-7
-12
-15
-17
-18
-17
-14
-10
-4
1
7
10
12
11
9
7
5
2
1
0
0
-2
-4
-9
-17
-27
-38
-49
-60
-67
-69
-65
-58
-44
-25
-5
15
34
51
64
75
83
89
93
98
100
103
104
104
102
99
93
84
74
63
49
34
18
1
-17
-34
-49
-64
-76
-81
-83
-80
-73
-62
-48
-36
-22
-10
1
10
17
23
29
34
38
43
46
48
49
50
48
45
39
31
20
8
-3
-15
-27
-37
-44
-50
-53
-53
-53
-50
-46
-42
-39
-35
-32
-28
-24
-20
-16
-11
-5
1
9
16
26
35
45
52
58
59
56
48
34
15
-7
-28
-48
-65
-74
-80
-79
-73
-64
-53
-42
-34
-28
-25
-23
-23
-23
-22
-21
-18
-15
-12
-10
-7
-6
-4
-5
-6
-9
-13
-17
-24
-31
-37
-41
-44
-43
-40
-33
-25
-15
-7
-2
-2
-4
-11
-19
-26
-33
-34
-32
-25
-13
2
17
33
45
56
63
67
68
67
64
60
57
53
48
45
42
40
38
37
34
29
25
15
5
-7
-22
-36
-46
-53
-55
-51
-43
-27
-9
11
34
57
80
103
124
146
167
185
202
216
227
237
243
247
250
250
251
248
246
242
234
222
208
190
167
141
114
85
57
31
8
-13
-31
-47
-58
-68
-74
-81
-85
-92
-100
-112
-127
-146
-169
-192
-217
-241
-263
-279
-290
-297
-298
-295
-289
-283
-276
-269
-267
-266
-267
-272
-279
-288
-298
-307
-314
-318
-318
-313
-303
-288
-266
-240
-213
-186
-160
-137
-117
-101
-89
-81
-75
-70
-68
-66
-61
-56
-53
-47
-43
-39
-33
-28
-23
-18
-13
-9
-4
2
11
21
32
44
58
74
91
108
129
148
171
194
218
241
266
287
305
321
332
341
345
347
346
346
347
355
369
390
417
449
484
526
567
608
648
683
713
741
770
808
854
908
971
1041
1115
1185
1240
1267
1254
1179
1036
822
540
196
-197
-628
-1071
-1500
-1891
-2222
-2467
-2616
-2664
-2613
-2468
-2236
-1935
-1588
-1220
-850
-503
-195
65
273
432
539
604
636
653
670
694
733
789
859
939
1020
1093
1150
1174
1153
1079
948
762
526
251
-52
-367
-681
-972
-1225
-1422
-1552
-1613
-1604
-1530
-1398
-1217
-1001
-768
-529
-300
-96
80
219
322
383
407
394
352
284
199
106
7
-89
-184
-268
-337
-390
-428
-450
-457
-452
-435
-410
-380
-347
-319
-294
-275
-262
-252
-244
-234
-220
-195
-158
-103
-31
61
167
284
406
527
640
739
817
870
894
889
858
807
739
664
590
521
467
430
416
428
466
524
603
694
798
911
1030
1158
1291
1425
1557
1682
1794
1882
1938
1944
1887
1753
1536
1230
843
384
-132
-683
-1247
-1791
-2286
-2703
-3021
-3223
-3301
-3257
-3098
-2835
-2489
-2079
-1638
-1189
-760
-367
-26
257
484
655
777
859
916
962
1008
1062
1127
1201
1277
1352
1413
1452
1456
1412
1311
1147
919
634
301
-65
-448
-830
-1190
-1504
-1757
-1932
-2018
-2015
-1923
-1753
-1513
-1219
-886
-538
-191
133
418
656
841
967
1036
1052
1022
951
851
734
604
469
330
192
54
-80
-214
-342
-470
-595
-716
-832
-937
-1029
-1105
-1155
-1184
-1183
-1152
-1088
-991
-869
-723
-560
-390
-215
-44
120
271
406
521
616
692
748
786
804
803
781
742
691
630
565
496
429
367
318
286
274
284
315
362
428
508
602
707
818
929
1038
1147
1257
1378
1513
1658
1809
1964
2115
2250
2354
2408
2386
2269
2038
1688
1227
664
22
-676
-1399
-2112
-2771
-3334
-3769
-4053
-4176
-4141
-3953
-3625
-3176
-2642
-2055
-1455
-881
-358
94
470
765
978
1112
1183
1210
1214
1215
1226
1253
1291
1342
1397
1450
1491
1503
1464
1358
1176
918
591
205
-224
-680
-1142
-1583
-1970
-2275
-2479
-2575
-2558
-2433
-2206
-1890
-1499
-1058
-595
-138
286
662
982
1239
1422
1530
1561
1523
1431
1295
1128
937
723
491
247
-1
-243
-478
-703
-917
-1117
-1295
-1443
-1551
-1619
-1646
-1635
-1589
-1501
-1374
-1211
-1022
-818
-606
-393
-187
13
205
383
541
677
793
894
980
1048
1096
1115
1105
1064
998
909
802
677
534
387
245
123
33
-22
-39
-19
40
138
277
452
653
862
1072
1278
1481
1685
1890
2091
2281
2450
2599
2722
2808
2839
2792
2643
2373
1980
1473
868
179
-571
-1355
-2135
-2861
-3489
-3984
-4318
-4484
-4484
-4322
-4006
-3550
-2991
-2367
-1725
-1099
-520
-5
437
803
1087
1284
1408
1480
1527
1567
1605
1647
1689
1726
1758
1781
1787
1756
1665
1498
1252
931
549
115
-356
-851
-1348
-1815
-2218
-2527
-2723
-2800
-2766
-2621
-2367
-2016
-1586
-1103
-601
-112
338
739
1084
1365
1572
1698
1743
1716
1633
1506
1344
1151
927
669
386
90
-206
-500
-787
-1065
-1325
-1550
-1727
-1846
-1903
-1900
-1845
-1743
-1596
-1407
-1185
-946
-707
-480
-268
-73
110
277
430
564
677
778
876
969
1053
1115
1147
1142
1102
1031
929
802
644
463
273
99
-45
-144
-195
-201
-160
-70
72
266
500
752
1005
1248
1477
1701
1920
2129
2321
2484
2619
2726
2806
2848
2833
2731
2519
2188
1741
1190
551
-165
-939
-1741
-2527
-3246
-3853
-4313
-4609
-4739
-4702
-4502
-4143
-3640
-3033
-2369
-1694
-1038
-430
116
592
990
1296
1508
1641
1722
1775
1812
1837
1850
1854
1843
1822
1789
1732
1632
1465
1221
907
534
110
-354
-847
-1350
-1836
-2273
-2626
-2867
-2989
-2997
-2892
-2673
-2345
-1921
-1429
-899
-369
136
594
999
1343
1612
1792
1878
1880
1812
1694
1540
1348
1124
866
581
279
-28
-335
-645
-960
-1274
-1571
-1828
-2029
-2167
-2241
-2245
-2183
-2051
-1849
-1585
-1276
-949
-626
-320
-36
222
445
626
763
859
922
968
1008
1047
1077
1089
1084
1061
1025
969
887
775
632
463
290
128
-6
-109
-174
-198
-171
-85
61
262
501
761
1030
1303
1575
1851
2118
2368
2585
2763
2901
2999
3051
3034
2930
2721
2393
1945
1392
750
38
-736
-1545
-2341
-3076
-3710
-4211
-4551
-4719
-4724
-4566
-4253
-3794
-3221
-2583
-1922
-1265
-642
-72
430
861
1214
1484
1673
1803
1897
1970
2023
2055
2071
2068
2044
1994
1910
1782
1589
1319
977
577
129
-359
-873
-1387
-1875
-2307
-2654
-2895
-3014
-3013
-2897
-2667
-2333
-1907
-1418
-898
-376
124
583
993
1344
1625
1826
1941
1971
1928
1822
1659
1442
1167
840
473
83
-310
-691
-1049
-1374
-1655
-1876
-2020
-2081
-2059
-1967
-1821
-1638
-1426
-1194
-956
-727
-520
-343
-191
-60
62
188
319
453
592
741
901
1062
1207
1320
1386
1398
1348
1242
1084
876
627
356
90
-139
-316
-429
-473
-443
-344
-173
68
363
686
1013
1324
1614
1887
2144
2384
2592
2757
2879
2965
3018
3028
2977
2841
2592
2218
1724
1135
468
-276
-1082
-1915
-2722
-3458
-4076
-4540
-4824
-4931
-4877
-4661
-4272
-3728
-3082
-2387
-1680
-990
-351
218
719
1148
1486
1716
1859
1955
2027
2074
2098
2107
2100
2071
2014
1940
1839
1681
1440
1117
731
292
-190
-707
-1241
-1763
-2250
-2668
-2978
-3160
-3217
-3158
-2983
-2686
-2277
-1784
-1235
-665
-112
404
866
1268
1596
1833
1966
1997
1937
1809
1628
1402
1132
823
490
146
-189
-504
-795
-1067
-1317
-1539
-1716
-1835
-1894
-1903
-1869
-1796
-1685
-1533
-1342
-1121
-887
-657
-432
-213
1
208
404
583
734
861
974
1077
1160
1212
1227
1205
1144
1044
915
761
585
385
181
1
-138
-230
-270
-258
-192
-74
98
318
576
851
1122
1381
1633
1883
2130
2371
2590
2775
2927
3046
3122
3139
3074
2904
2599
2146
1564
890
139
-687
-1563
-2433
-3238
-3943
-4502
-4871
-5032
-5013
-4841
-4503
-3990
-3343
-2631
-1907
-1192
-518
73
579
1015
1384
1655
1814
1905
1980
2051
2104
2138
2174
2197
2184
2132
2058
1944
1747
1438
1040
582
70
-489
-1070
-1638
-2166
-2637
-3011
-3246
-3331
-3280
-3107
-2816
-2409
-1907
-1352
-771
-193
350
834
1245
1583
1840
2002
2059
2023
1911
1736
1507
1231
918
580
228
-122
-460
-767
-1043
-1285
-1489
-1646
-1749
-1797
-1793
-1746
-1661
-1547
-1405
-1242
-1061
-869
-674
-477
-280
-86
110
312
512
700
876
1041
1189
1303
1378
1409
1393
1325
1203
1040
851
636
405
178
-14
-155
-242
-272
-237
-140
13
213
460
737
1024
1298
1552
1792
2035
2277
2505
2706
2880
3026
3137
3197
3191
3098
2885
2516
1990
1349
627
-181
-1070
-1989
-2866
-3657
-4331
-4837
-5122
-5192
-5096
-4846
-4409
-3790
-3066
-2321
-1581
-849
-180
384
855
1267
1602
1809
1903
1965
2040
2102
2129
2148
2181
2199
2166
2100
2022
1888
1637
1263
814
322
-224
-824
-1430
-1999
-2518
-2963
-3284
-3439
-3432
-3302
-3057
-2685
-2193
-1621
-1015
-404
181
712
1154
1511
1789
1977
2050
2008
1881
1702
1484
1227
945
653
356
58
-231
-487
-713
-928
-1142
-1342
-1509
-1643
-1748
-1820
-1849
-1839
-1796
-1707
-1553
-1344
-1104
-845
-565
-268
31
311
573
806
991
1120
1206
1263
1280
1240
1156
1043
909
752
586
427
273
121
-22
-125
-168
-161
-124
-59
48
198
376
577
802
1039
1266
1469
1670
1901
2163
2420
2650
2861
3064
3236
3337
3355
3281
3070
2663
2066
1352
565
-317
-1297
-2298
-3215
-4012
-4687
-5176
-5402
-5382
-5204
-4893
-4382
-3671
-2876
-2107
-1364
-625
44
569
980
1355
1671
1843
1889
1927
2021
2114
2153
2189
2264
2327
2309
2233
2152
2016
1728
1279
761
223
-372
-1036
-1695
-2280
-2789
-3221
-3518
-3611
-3522
-3319
-3019
-2586
-2020
-1389
-762
-152
432
946
1350
1657
1898
2058
2092
2003
1847
1665
1449
1188
904
620
332
24
-275
-533
-762
-996
-1242
-1466
-1637
-1767
-1867
-1923
-1918
-1865
-1775
-1636
-1428
-1164
-887
-609
-324
-26
266
528
761
963
1119
1224
1289
1328
1326
1274
1167
1033
884
718
541
364
192
29
-114
-211
-244
-225
-173
-91
36
214
429
666
917
1177
1420
1642
1864
2120
2401
2660
2877
3077
3273
3423
3480
3444
3307
3009
2496
1805
1032
193
-753
-1788
-2793
-3669
-4418
-5034
-5425
-5525
-5404
-5161
-4768
-4144
-3341
-2522
-1765
-1020
-279
351
815
1198
1570
1854
1964
1979
2054
2192
2284
2307
2355
2447
2484
2409
2295
2185
1975
1565
1012
446
-128
-778
-1487
-2141
-2684
-3147
-3524
-3721
-3688
-3495
-3225
-2857
-2333
-1689
-1031
-411
190
759
1228
1573
1837
2048
2164
2141
2010
1851
1679
1459
1186
897
606
290
-54
-388
-681
-959
-1254
-1545
-1780
-1942
-2052
-2117
-2118
-2047
-1919
-1754
-1540
-1267
-963
-665
-386
-107
176
439
667
860
1025
1157
1245
1298
1324
1313
1252
1139
994
837
662
465
259
59
-120
-271
-374
-410
-387
-326
-226
-65
160
425
705
996
1298
1582
1840
2102
2397
2696
2943
3141
3333
3511
3606
3585
3464
3231
2802
2147
1354
515
-398
-1437
-2518
-3486
-4290
-4977
-5502
-5741
-5682
-5460
-5140
-4626
-3857
-2982
-2181
-1438
-663
79
642
1047
1436
1815
2034
2070
2100
2239
2386
2423
2424
2498
2582
2540
2388
2244
2080
1735
1175
550
-40
-667
-1393
-2119
-2713
-3181
-3584
-3861
-3901
-3716
-3428
-3082
-2598
-1957
-1254
-596
17
616
1154
1557
1838
2059
2212
2231
2108
1924
1740
1534
1268
971
683
397
88
-230
-519
-781
-1058
-1357
-1634
-1847
-2004
-2123
-2193
-2191
-2112
-1974
-1775
-1506
-1182
-838
-498
-165
172
496
778
1002
1174
1295
1367
1393
1374
1320
1223
1083
914
742
575
403
227
58
-89
-206
-287
-314
-289
-228
-143
-22
157
386
635
892
1165
1441
1701
1955
2243
2566
2868
3109
3323
3539
3708
3759
3686
3507
3168
2589
1804
934
27
-986
-2108
-3187
-4087
-4821
-5420
-5789
-5822
-5600
-5276
-4835
-4148
-3249
-2363
-1603
-872
-115
536
973
1313
1687
2005
2115
2102
2191
2403
2549
2568
2606
2727
2781
2653
2447
2268
1993
1462
751
65
-561
-1258
-2035
-2717
-3202
-3566
-3853
-3958
-3784
-3434
-3045
-2600
-2000
-1275
-579
17
568
1095
1521
1797
1979
2124
2192
2118
1945
1765
1601
1395
1128
842
567
278
-43
-368
-669
-959
-1271
-1588
-1851
-2035
-2159
-2237
-2247
-2169
-2007
-1785
-1504
-1163
-788
-415
-63
276
605
898
1123
1278
1383
1445
1452
1406
1325
1217
1070
889
700
530
374
211
45
-94
-197
-266
-297
-275
-206
-117
-7
155
377
631
884
1147
1421
1687
1945
2239
2582
2917
3184
3412
3644
3832
3890
3808
3611
3244
2613
1755
820
-135
-1196
-2372
-3491
-4399
-5118
-5703
-6041
-6009
-5707
-5328
-4850
-4113
-3155
-2232
-1475
-759
-5
633
1034
1336
1704
2036
2148
2127
2231
2486
2675
2708
2744
2866
2908
2733
2449
2187
1837
1216
395
-389
-1072
-1788
-2567
-3235
-3668
-3937
-4118
-4119
-3841
-3377
-2890
-2387
-1764
-1026
-326
244
742
1212
1594
1829
1970
2093
2164
2106
1948
1786
1652
1475
1214
916
615
282
-108
-515
-893
-1256
-1637
-2012
-2302
-2473
-2565
-2590
-2523
-2340
-2072
-1756
-1392
-972
-531
-131
213
532
832
1075
1232
1320
1376
1394
1355
1271
1175
1071
932
750
565
408
262
98
-73
-212
-311
-386
-429
-411
-325
-209
-78
104
359
655
949
1244
1554
1855
2128
2411
2746
3089
3366
3578
3781
3960
4021
3926
3711
3348
2733
1850
848
-154
-1219
-2409
-3593
-4565
-5299
-5878
-6247
-6246
-5899
-5432
-4929
-4225
-3249
-2229
-1399
-696
43
740
1203
1485
1817
2207
2429
2436
2480
2725
2988
3064
3032
3070
3094
2889
2476
2050
1617
977
77
-848
-1610
-2293
-3010
-3654
-4048
-4198
-4227
-4125
-3779
-3203
-2577
-2004
-1407
-714
-18
551
998
1398
1757
2018
2184
2338
2498
2586
2547
2430
2291
2110
1815
1380
849
253
-407
-1108
-1776
-2351
-2827
-3214
-3472
-3532
-3377
-3064
-2654
-2169
-1623
-1069
-563
-121
270
585
777
860
906
966
1034
1078
1118
1199
1305
1393
1448
1484
1478
1369
1140
845
538
207
-173
-562
-888
-1115
-1245
-1258
-1126
-868
-534
-148
313
843
1379
1862
2270
2597
2842
3032
3220
3406
3536
3600
3657
3742
3798
3764
3645
3412
2950
2188
1236
246
-805
-2030
-3356
-4548
-5490
-6239
-6787
-6953
-6675
-6160
-5588
-4840
-3757
-2499
-1392
-505
339
1159
1748
2050
2295
2613
2818
2753
2619
2697
2926
3038
2992
2977
3011
2881
2491
2014
1554
941
26
-1026
-1942
-2696
-3427
-4119
-4581
-4734
-4689
-4505
-4086
-3390
-2579
-1836
-1144
-398
366
997
1433
1759
2029
2198
2252
2274
2336
2380
2312
2154
2001
1859
1631
1250
755
200
-426
-1122
-1815
-2410
-2892
-3296
-3597
-3692
-3533
-3190
-2751
-2234
-1637
-1017
-456
22
445
802
1022
1091
1094
1117
1155
1155
1131
1145
1201
1240
1230
1201
1155
1027
768
431
106
-197
-524
-859
-1125
-1266
-1295
-1227
-1031
-701
-297
120
561
1059
1578
2042
2407
2685
2891
3034
3153
3288
3423
3508
3555
3618
3694
3708
3607
3386
2980
2280
1295
190
-920
-2105
-3424
-4710
-5726
-6428
-6907
-7098
-6845
-6198
-5425
-4636
-3662
-2422
-1184
-233
486
1170
1775
2106
2224
2390
2651
2783
2709
2692
2919
3212
3308
3233
3154
3014
2609
1940
1210
477
-417
-1520
-2595
-3409
-3991
-4471
-4798
-4829
-4561
-4136
-3602
-2892
-2027
-1189
-517
43
602
1129
1511
1732
1894
2060
2196
2289
2398
2558
2689
2676
2509
2263
1956
1509
863
67
-782
-1631
-2452
-3174
-3695
-3986
-4097
-4044
-3774
-3261
-2586
-1878
-1205
-568
4
453
764
981
1131
1185
1134
1059
1055
1126
1204
1262
1329
1407
1436
1377
1244
1053
762
347
-128
-558
-904
-1194
-1429
-1547
-1509
-1335
-1054
-663
-173
345
821
1267
1720
2176
2560
2836
3021
3140
3215
3289
3402
3539
3650
3724
3800
3864
3835
3668
3354
2822
1952
763
-535
-1785
-3047
-4386
-5624
-6500
-6984
-7209
-7137
-6602
-5658
-4637
-3716
-2718
-1507
-326
512
1048
1537
1985
2201
2226
2354
2670
2932
2987
3051
3337
3682
3782
3607
3326
2927
2232
1250
222
-723
-1713
-2814
-3816
-4467
-4764
-4857
-4781
-4450
-3883
-3222
-2548
-1812
-1011
-292
212
543
847
1174
1468
1700
1921
2180
2457
2714
2963
3206
3363
3302
2963
2410
1724
920
-39
-1118
-2205
-3187
-3993
-4566
-4838
-4778
-4449
-3947
-3314
-2542
-1667
-822
-127
380
718
909
974
962
942
924
896
887
963
1152
1399
1616
1753
1791
1707
1486
1149
723
213
-379
-991
-1517
-1868
-2035
-2048
-1921
-1652
-1257
-769
-214
378
947
1426
1803
2118
2418
2698
2925
3062
3119
3150
3221
3364
3540
3704
3841
3949
3980
3873
3623
3234
2612
1609
253
-1209
-2566
-3838
-5104
-6223
-6950
-7241
-7241
-6966
-6263
-5160
-3999
-3041
-2161
-1148
-123
610
1018
1343
1687
1912
1997
2193
2644
3135
3420
3574
3813
4085
4119
3799
3243
2519
1546
332
-902
-1952
-2858
-3721
-4458
-4870
-4888
-4622
-4195
-3638
-2985
-2332
-1748
-1215
-692
-213
136
341
508
763
1150
1626
2135
2647
3146
3580
3889
4044
4007
3700
3046
2068
922
-238
-1356
-2429
-3398
-4154
-4619
-4785
-4663
-4262
-3647
-2969
-2339
-1762
-1198
-665
-248
2
131
220
323
469
691
991
1321
1605
1827
2008
2158
2218
2107
1803
1351
821
267
-273
-771
-1198
-1546
-1808
-1942
-1905
-1702
-1406
-1088
-766
-414
-24
388
803
1204
1567
1881
2173
2486
2832
3168
3429
3580
3641
3663
3690
3717
3704
3625
3498
3336
3107
2786
2383
1869
1129
73
-1184
-2402
-3477
-4490
-5457
-6198
-6554
-6582
-6388
-5904
-5032
-3922
-2907
-2088
-1270
-338
512
1070
1412
1735
2049
2236
2365
2648
3098
3473
3611
3624
3659
3630
3335
2746
1974
1072
20
-1116
-2149
-2948
-3552
-4033
-4348
-4391
-4137
-3682
-3138
-2573
-2016
-1499
-1053
-671
-314
46
391
698
990
1361
1857
2421
2940
3351
3658
3835
3812
3544
3057
2389
1531
498
-602
-1615
-2459
-3148
-3691
-4039
-4154
-4051
-3788
-3399
-2912
-2391
-1913
-1500
-1113
-725
-354
-35
233
495
773
1069
1360
1628
1850
1988
2008
1914
1740
1512
1217
836
391
-57
-453
-792
-1081
-1311
-1466
-1555
-1587
-1551
-1417
-1182
-890
-577
-237
162
625
1110
1576
1998
2371
2684
2937
3141
3308
3423
3442
3356
3224
3131
3094
3063
3002
2933
2868
2746
2502
2145
1681
1009
12
-1237
-2496
-3592
-4553
-5417
-6059
-6321
-6225
-5898
-5338
-4460
-3361
-2341
-1575
-940
-268
373
810
1051
1266
1526
1763
1989
2346
2876
3392
3679
3727
3647
3455
3045
2365
1477
466
-618
-1697
-2633
-3297
-3682
-3864
-3897
-3771
-3462
-2999
-2476
-1997
-1615
-1329
-1109
-920
-713
-423
-33
416
873
1358
1929
2569
3162
3587
3799
3807
3604
3178
2567
1835
1009
91
-878
-1782
-2505
-3028
-3396
-3647
-3780
-3783
-3665
-3430
-3091
-2680
-2248
-1834
-1434
-1013
-550
-68
384
766
1074
1326
1533
1692
1791
1818
1759
1605
1382
1146
930
714
456
149
-173
-474
-757
-1021
-1253
-1433
-1568
-1647
-1632
-1475
-1180
-796
-366
99
609
1142
1657
2108
2466
2713
2857
2934
2984
3029
3047
3012
2933
2864
2848
2891
2942
2969
2956
2878
2699
2395
1968
1386
556
-560
-1839
-3053
-4064
-4865
-5465
-5791
-5795
-5539
-5101
-4466
-3611
-2670
-1869
-1304
-857
-406
28
381
682
1018
1407
1803
2223
2730
3303
3777
3997
3931
3637
3158
2494
1661
714
-271
-1219
-2059
-2710
-3110
-3257
-3214
-3068
-2875
-2639
-2361
-2079
-1851
-1697
-1573
-1428
-1234
-964
-572
-33
614
1284
1925
2527
3076
3496
3704
3670
3429
3018
2455
1773
1040
338
-303
-873
-1372
-1781
-2101
-2376
-2649
-2920
-3151
-3298
-3343
-3284
-3111
-2806
-2367
-1818
-1191
-512
169
784
1269
1597
1781
1836
1777
1634
1449
1263
1091
947
841
775
720
629
473
249
-33
-364
-727
-1088
-1400
-1631
-1757
-1753
-1594
-1273
-824
-300
249
783
1264
1670
1980
2197
2325
2389
2414
2428
2461
2528
2622
2721
2807
2880
2945
2979
2945
2836
2681
2500
2268
1959
1566
1059
369
-549
-1608
-2629
-3481
-4146
-4634
-4913
-4959
-4822
-4568
-4177
-3596
-2873
-2166
-1586
-1111
-673
-266
90
433
832
1292
1750
2165
2558
2939
3251
3411
3388
3185
2813
2267
1569
776
-31
-780
-1420
-1916
-2259
-2461
-2549
-2562
-2528
-2454
-2328
-2169
-2015
-1899
-1815
-1706
-1519
-1227
-815
-288
315
919
1462
1929
2325
2647
2858
2921
2824
2581
2224
1800
1360
950
579
227
-143
-554
-1003
-1468
-1935
-2387
-2797
-3138
-3387
-3523
-3523
-3353
-2989
-2447
-1776
-1041
-321
312
794
1099
1247
1278
1227
1131
1009
887
782
709
688
726
818
922
978
929
746
434
36
-391
-789
-1110
-1330
-1437
-1437
-1333
-1127
-824
-447
-33
376
746
1049
1271
1419
1520
1605
1701
1820
1966
2125
2275
2392
2468
2508
2530
2541
2534
2495
2417
2303
2163
1997
1804
1570
1251
781
111
-731
-1649
-2540
-3308
-3873
-4171
-4200
-4035
-3765
-3440
-3076
-2686
-2299
-1918
-1526
-1121
-751
-453
-223
-7
255
596
1039
1574
2153
2673
3027
3151
3035
2720
2259
1717
1159
633
161
-249
-606
-907
-1135
-1280
-1343
-1349
-1327
-1308
-1326
-1414
-1573
-1766
-1924
-1988
-1918
-1698
-1327
-836
-290
249
731
1131
1440
1649
1759
1792
1769
1696
1574
1409
1225
1050
901
778
673
557
390
125
-266
-768
-1332
-1879
-2337
-2638
-2741
-2629
-2332
-1909
-1426
-939
-491
-114
174
373
490
529
496
410
305
226
206
261
388
563
752
906
985
974
871
691
459
206
-30
-222
-347
-396
-370
-283
-149
14
185
347
484
591
666
708
723
718
704
689
677
670
666
664
657
637
597
534
454
372
299
248
230
243
284
336
391
440
486
524
551
556
534
478
383
252
97
-62
-213
-339
-426
-469
-468
-432
-376
-324
-291
-292
-333
-414
-527
-656
-783
-885
-940
-930
-852
-710
-521
-315
-122
30
120
143
104
16
-100
-213
-302
-349
-344
-286
-185
-58
73
192
283
336
346
314
247
154
50
-52
-137
-192
-210
-192
-144
-79
-11
52
92
108
96
66
22
-25
-70
-104
-123
-122
-105
-71
-22
35
89
129
143
125
71
-13
-118
-225
-320
-387
-417
-409
-366
-298
-214
-131
-57
-4
21
13
-29
-100
-187
-277
-353
-403
-416
-390
-332
-255
-168
-88
-25
12
22
10
-21
-60
-102
-135
-155
-154
-133
-94
-41
15
67
103
120
117
96
66
34
8
-8
-11
-1
24
60
100
142
180
211
232
239
236
226
214
202
194
196
206
229
261
302
344
385
420
445
456
455
443
425
409
394
384
381
381
380
367
339
292
226
139
41
-62
-160
-247
-315
-365
-396
-410
-416
-423
-437
-462
-496
-536
-572
-597
-601
-580
-532
-463
-379
-287
-200
-126
-70
-36
-21
-23
-35
-55
-77
-97
-112
-118
-112
-90
-55
-11
39
90
135
169
188
193
187
172
149
124
103
89
83
85
93
103
114
118
112
94
68
34
-2
-37
-66
-84
-93
-97
-101
-107
-126
-162
-212
-274
-336
-388
-417
-418
-394
-354
-308
-269
-242
-225
-214
-202
-187
-172
-157
-151
-155
-169
-178
-170
-135
-71
18
117
204
260
272
239
173
92
17
-36
-58
-55
-36
-18
-7
-5
-11
-16
-13
4
35
76
124
175
226
279
339
405
478
556
628
685
719
727
714
686
657
640
643
666
708
762
816
863
897
920
938
958
989
1037
1096
1159
1205
1207
1138
980
722
372
-45
-492
-924
-1297
-1578
-1747
-1809
-1781
-1694
-1581
-1469
-1378
-1312
-1268
-1233
-1196
-1141
-1053
-925
-747
-518
-238
76
408
730
1010
1220
1338
1356
1282
1138
952
763
591
455
358
288
230
165
82
-31
-177
-345
-531
-723
-906
-1068
-1194
-1269
-1282
-1224
-1095
-905
-671
-420
-176
34
202
324
407
464
517
574
641
710
766
787
751
641
453
196
-109
-427
-724
-970
-1143
-1231
-1238
-1177
-1065
-924
-772
-631
-514
-436
-401
-407
-443
-487
-513
-494
-413
-264
-57
181
417
617
753
814
797
717
592
444
294
155
35
-57
-118
-148
-148
-121
-74
-17
38
87
124
152
177
209
262
340
446
574
711
840
947
1024
1071
1092
1103
1116
1139
1173
1211
1244
1263
1272
1284
1322
1401
1523
1665
1775
1787
1631
1264
686
-55
-868
-1640
-2265
-2673
-2843
-2806
-2626
-2383
-2140
-1938
-1778
-1653
-1539
-1423
-1299
-1173
-1046
-907
-730
-484
-144
299
814
1340
1799
2109
2220
2122
1846
1463
1052
681
397
209
98
31
-26
-95
-188
-298
-425
-567
-730
-921
-1142
-1375
-1591
-1743
-1783
-1678
-1421
-1038
-583
-120
285
589
778
864
883
875
871
889
927
968
996
992
951
872
757
605
411
163
-143
-507
-909
-1309
-1659
-1906
-2014
-1965
-1778
-1490
-1157
-832
-557
-354
-223
-146
-98
-59
-11
52
132
228
339
458
588
718
831
909
932
881
753
560
325
87
-122
-275
-358
-376
-346
-292
-236
-190
-156
-125
-82
-17
77
194
323
452
572
680
781
881
986
1089
1178
1235
1244
1202
1117
1013
925
873
872
912
970
1018
1034
1020
995
990
1034
1128
1246
1319
1273
1039
587
-54
-801
-1532
-2120
-2465
-2530
-2340
-1980
-1560
-1186
-932
-818
-826
-900
-983
-1029
-1015
-938
-814
-655
-464
-235
40
364
717
1059
1333
1484
1469
1284
958
556
162
-149
-324
-345
-241
-64
118
248
283
209
45
-177
-421
-648
-831
-956
-1012
-998
-915
-764
-555
-301
-29
232
448
590
639
594
473
310
143
10
-60
-56
13
127
251
349
392
363
257
87
-120
-338
-531
-674
-750
-754
-690
-576
-429
-273
-126
-6
76
113
107
61
-12
-95
-171
-224
-241
-218
-158
-75
13
88
133
143
117
63
-2
-59
-99
-110
-90
-45
16
84
146
193
222
232
222
198
162
126
93
73
72
89
124
170
220
259
278
270
231
166
83
-4
-80
-133
-155
-141
-98
-33
40
113
169
206
222
216
198
173
148
130
123
131
155
195
250
318
389
456
507
528
511
448
338
192
25
-146
-295
-403
-459
-458
-410
-329
-239
-161
-119
-121
-174
-265
-379
-495
-584
-633
-625
-560
-445
-299
-145
-4
103
164
174
141
76
-4
-80
-138
-167
-163
-128
-71
-5
60
107
132
126
90
29
-45
-123
-191
-239
-256
-241
-198
-132
-54
23
88
129
143
131
95
44
-9
-55
-84
-89
-70
-28
26
86
137
171
183
167
128
73
9
-52
-102
-134
-148
-140
-117
-86
-54
-26
-7
-3
-13
-34
-62
-94
-120
-137
-142
-132
-113
-88
-59
-38
-24
-24
-34
-54
-76
-97
-111
-113
-104
-84
-57
-25
6
34
55
67
71
64
52
37
26
20
24
38
63
91
122
148
166
173
170
158
143
127
115
108
105
111
119
131
143
156
166
174
179
178
175
170
164
159
156
156
157
160
163
165
164
160
155
146
138
126
118
110
103
99
95
92
91
89
89
90
95
102
113
126
137
143
139
120
84
32
-31
-98
-158
-208
-240
-251
-244
-227
-206
-188
-179
-180
-191
-207
-222
-233
-232
-222
-199
-168
-130
-90
-49
-13
19
47
65
78
83
81
74
63
50
38
32
30
32
39
44
44
35
16
-14
-48
-83
-111
-126
-130
-121
-106
-90
-76
-69
-64
-60
-55
-48
-42
-44
-60
-93
-147
-214
-281
-340
-375
-380
-354
-305
-246
-192
-150
-127
-123
-133
-150
-168
-185
-198
-205
-206
-197
-177
-139
-84
-17
54
115
156
169
154
117
71
32
6
1
13
36
58
73
72
60
42
23
13
10
15
26
41
57
73
93
119
150
185
217
241
250
244
222
190
159
134
123
131
153
185
219
248
266
269
259
239
216
193
177
168
167
178
196
219
242
263
278
285
285
281
278
286
306
338
376
411
427
411
352
253
120
-32
-180
-310
-405
-461
-481
-472
-445
-413
-384
-361
-348
-342
-346
-355
-370
-385
-394
-390
-365
-313
-239
-146
-49
39
105
143
152
135
102
66
35
14
3
1
2
5
7
4
-1
-12
-31
-55
-89
-126
-168
-202
-223
-225
-206
-167
-118
-68
-27
-7
-8
-29
-62
-97
-127
-144
-149
-146
-137
-127
-119
-112
-105
-97
-88
-84
-87
-104
-134
-174
-216
-248
-258
-243
-204
-147
-85
-29
13
39
49
52
54
57
63
69
72
69
58
46
38
37
46
60
73
80
76
59
34
9
-6
-8
7
39
77
115
148
171
184
189
190
188
187
187
190
196
208
227
253
285
320
348
365
363
342
308
267
229
205
196
207
228
253
276
290
297
296
292
290
291
290
291
290
289
292
304
328
361
396
419
415
375
294
181
54
-72
-173
-240
-269
-270
-254
-238
-230
-235
-253
-274
-295
-313
-328
-344
-361
-377
-387
-383
-357
-306
-234
-155
-79
-22
6
6
-15
-44
-70
-82
-78
-62
-40
-21
-13
-16
-28
-45
-62
-77
-91
-110
-131
-161
-192
-216
-227
-218
-187
-140
-88
-42
-13
-8
-25
-58
-96
-128
-150
-154
-144
-129
-110
-92
-79
-68
-61
-55
-54
-58
-72
-98
-130
-161
-186
-197
-187
-164
-131
-94
-65
-45
-39
-42
-50
-57
-59
-57
-52
-44
-38
-33
-26
-18
-9
1
10
15
16
13
7
3
6
16
34
60
88
115
139
157
167
171
170
162
151
137
125
115
113
118
129
147
165
180
188
185
175
155
133
110
90
78
73
77
89
104
123
141
155
165
168
165
159
149
139
129
122
119
119
121
124
125
126
122
115
107
97
90
85
83
82
80
74
61
41
15
-15
-45
-71
-89
-98
-102
-98
-93
-88
-85
-82
-83
-85
-91
-100
-113
-129
-149
-170
-186
-194
-193
-181
-161
-137
-116
-97
-86
-82
-85
-90
-96
-103
-106
-106
-105
-101
-96
-88
-78
-66
-55
-45
-38
-35
-38
-44
-55
-68
-81
-92
-101
-107
-111
-115
-120
-126
-134
-141
-148
-154
-159
-160
-158
-152
-144
-133
-121
-110
-100
-92
-85
-79
-72
-64
-55
-41
-27
-10
6
19
32
43
50
57
63
68
72
76
78
78
79
78
79
84
89
98
107
114
120
122
124
124
125
128
132
138
144
146
147
141
131
122
115
112
112
117
124
130
131
131
127
123
119
118
121
126
132
135
136
133
128
121
116
113
111
109
107
102
96
88
81
77
77
83
94
107
121
132
138
139
135
130
123
118
115
115
114
116
114
114
113
112
110
107
103
95
86
73
56
41
26
13
4
-1
-2
-2
-3
-3
-7
-12
-21
-30
-43
-57
-74
-94
-116
-137
-157
-172
-183
-189
-192
-193
-195
-200
-205
-215
-225
-235
-243
-250
-254
-255
-256
-254
-249
-242
-233
-220
-204
-187
-173
-161
-151
-147
-145
-146
-145
-144
-142
-139
-138
-136
-135
-134
-133
-130
-127
-121
-114
-107
-100
-97
-94
-95
-97
-100
-103
-105
-104
-101
-96
-91
-83
-78
-72
-67
-64
-62
-59
-56
-55
-52
-49
-48
-46
-42
-37
-32
-25
-20
-18
-18
-21
-25
-30
-31
-28
-22
-12
-1
9
15
20
21
19
18
18
19
23
26
30
33
35
41
47
55
66
75
80
81
78
72
65
63
67
80
98
118
135
148
153
150
139
124
107
91
78
71
68
71
81
95
113
132
145
151
149
135
115
90
68
51
46
51
68
92
118
145
168
181
186
178
160
134
103
74
48
32
29
36
51
70
86
95
93
79
56
25
-6
-34
-54
-64
-63
-54
-39
-23
-9
0
1
-7
-22
-42
-62
-81
-95
-101
-100
-91
-77
-63
-51
-46
-46
-58
-78
-102
-127
-149
-163
-168
-163
-152
-135
-118
-104
-97
-95
-103
-114
-128
-141
-152
-156
-154
-146
-130
-109
-86
-62
-42
-28
-22
-24
-34
-47
-61
-72
-78
-78
-71
-60
-48
-35
-23
-13
-8
-4
-3
-5
-4
-8
-10
-10
-6
1
11
25
40
54
66
76
83
87
90
93
98
104
110
115
117
116
112
107
102
96
93
91
92
96
98
101
103
103
103
99
95
90
85
78
74
71
71
74
80
87
95
103
109
114
117
116
117
116
116
114
114
111
107
105
102
101
100
101
101
101
98
92
86
80
73
69
66
66
63
63
61
60
60
64
70
77
84
89
88
83
73
62
51
43
39
36
34
30
21
11
-1
-11
-20
-25
-26
-26
-27
-33
-43
-55
-71
-85
-98
-107
-113
-117
-122
-128
-133
-137
-139
-137
-133
-126
-122
-121
-124
-132
-141
-151
-157
-157
-154
-147
-139
-133
-133
-138
-144
-152
-159
-162
-163
-160
-157
-153
-149
-145
-141
-137
-133
-129
-127
-126
-128
-129
-132
-132
-127
-118
-103
-86
-68
-52
-41
-33
-31
-31
-31
-32
-33
-30
-29
-25
-23
-19
-13
-7
-1
6
11
14
15
13
10
7
5
6
10
17
25
35
46
57
67
75
83
89
96
103
108
113
118
122
128
134
140
146
150
151
149
145
137
129
120
115
111
111
113
116
119
120
119
115
109
103
94
89
82
78
76
75
77
81
86
93
98
101
98
89
74
54
34
15
2
-4
-3
4
12
21
26
25
20
12
2
-8
-18
-26
-33
-38
-38
-36
-29
-19
-6
5
15
19
15
5
-9
-25
-39
-47
-50
-48
-44
-40
-40
-42
-44
-48
-50
-49
-46
-45
-46
-52
-60
-71
-81
-87
-87
-83
-74
-66
-59
-56
-57
-61
-68
-73
-78
-82
-87
-92
-99
-106
-113
-114
-110
-100
-87
-73
-63
-59
-62
-70
-81
-90
-96
-96
-90
-80
-69
-59
-50
-42
-37
-33
-30
-28
-27
-27
-30
-34
-36
-36
-30
-19
-5
10
23
32
33
29
21
12
6
4
6
11
18
26
32
37
40
41
44
47
48
48
45
40
34
27
23
23
26
33
40
46
51
50
47
45
41
39
39
40
42
42
40
37
35
31
30
31
34
37
40
41
41
38
32
29
26
25
24
25
25
26
24
24
26
31
39
46
53
56
55
47
37
25
14
5
3
5
10
17
22
28
31
33
36
36
35
31
24
14
2
-10
-17
-19
-15
-4
10
23
30
30
23
11
-4
-18
-28
-33
-35
-31
-29
-26
-22
-17
-13
-9
-3
-5
-11
-22
-39
-59
-77
-89
-92
-84
-70
-54
-39
-31
-31
-38
-49
-61
-72
-80
-85
-89
-91
-94
-96
-96
-91
-85
-74
-64
-57
-56
-61
-73
-86
-98
-106
-106
-99
-89
-78
-68
-61
-59
-59
-60
-59
-57
-55
-52
-50
-50
-53
-54
-53
-50
-43
-33
-24
-16
-13
-13
-16
-20
-21
-20
-16
-10
-2
1
3
2
-1
-3
-4
-2
0
2
3
4
1
-1
-2
-2
-1
2
7
10
10
8
6
2
0
0
3
6
10
11
11
9
6
5
5
7
10
14
17
18
18
17
16
17
20
24
28
31
31
28
25
20
18
18
22
26
31
36
40
42
44
45
46
50
51
53
51
49
45
43
43
46
53
63
72
80
85
86
85
83
80
79
78
77
77
78
78
81
85
92
100
107
114
116
115
111
105
101
98
99
104
110
117
122
124
125
124
122
120
119
118
115
112
109
105
104
104
104
104
104
101
95
87
76
66
58
52
49
49
49
49
46
41
35
28
20
14
6
1
-5
-9
-12
-13
-13
-11
-9
-7
-7
-10
-15
-22
-27
-30
-32
-30
-25
-18
-11
-5
0
3
3
1
0
-4
-9
-12
-13
-13
-10
-4
4
12
21
28
33
33
31
28
25
21
19
20
22
25
30
35
43
49
54
59
61
62
61
59
58
57
59
64
71
77
83
88
92
94
95
94
93
93
90
88
86
84
84
83
84
85
85
84
81
75
69
60
52
46
41
37
33
29
25
20
14
8
2
-3
-7
-10
-16
-19
-24
-29
-32
-35
-38
-39
-41
-44
-48
-53
-57
-63
-65
-68
-67
-67
-66
-66
-67
-72
-78
-84
-91
-96
-101
-103
-104
-103
-103
-102
-99
-98
-95
-92
-90
-89
-90
-92
-94
-96
-95
-92
-84
-76
-65
-55
-46
-41
-39
-38
-39
-40
-40
-40
-39
-38
-38
-38
-39
-39
-40
-43
-47
-52
-61
-73
-85
-98
-109
-118
-122
-125
-126
-126
-128
-132
-138
-146
-154
-161
-167
-171
-173
-173
-173
-170
-168
-163
-158
-155
-152
-150
-151
-151
-154
-154
-153
-152
-147
-140
-133
-126
-120
-115
-114
-114
-115
-118
-123
-125
-126
-128
-127
-125
-123
-119
-117
-115
-112
-113
-115
-115
-116
-118
-118
-119
-117
-113
-108
-103
-98
-93
-88
-85
-82
-80
-78
-76
-71
-66
-59
-52
-43
-34
-25
-16
-9
-3
3
8
14
20
24
30
34
40
46
50
54
57
60
60
60
59
57
55
52
50
49
49
49
49
51
52
54
55
56
56
55
53
53
52
53
53
55
57
59
60
60
59
58
53
48
40
31
20
8
-4
-16
-27
-38
-47
-57
-64
-71
-76
-82
-87
-90
-94
-96
-99
-100
-101
-101
-100
-98
-95
-89
-81
-69
-57
-43
-27
-10
8
25
42
59
75
89
103
114
123
130
135
138
139
136
130
120
106
88
64
38
10
-21
-50
-79
-105
-127
-145
-159
-167
-169
-167
-160
-149
-135
-117
-99
-79
-57
-34
-10
16
42
72
101
131
160
190
217
243
267
288
306
321
333
340
345
347
346
342
336
329
319
307
292
277
258
238
216
193
167
141
113
83
54
25
-2
-27
-49
-68
-84
-95
-103
-108
-108
-105
-98
-88
-74
-59
-42
-23
-3
18
39
60
83
104
125
146
165
184
200
214
226
238
245
249
251
248
243
233
219
204
186
170
151
133
116
101
85
71
57
43
29
12
-4
-24
-43
-65
-87
-110
-133
-153
-173
-190
-207
-222
-235
-246
-257
-267
-274
-281
-286
-288
-290
-289
-287
-282
-275
-268
-255
-244
-230
-216
-203
-190
-178
-169
-163
-161
-161
-166
-175
-186
-200
-215
-230
-243
-252
-256
-254
-245
-229
-206
-177
-144
-108
-72
-37
-5
23
44
60
72
79
83
86
87
90
94
97
101
103
103
97
87
71
51
25
-3
-32
-58
-83
-102
-115
-122
-123
-119
-111
-101
-91
-80
-71
-63
-57
-50
-44
-34
-20
-2
21
50
84
125
168
218
267
320
371
420
469
513
554
588
617
639
657
668
672
671
666
657
644
628
608
585
559
531
497
462
423
383
341
298
258
220
185
155
130
111
95
83
74
63
50
31
4
-33
-81
-143
-215
-298
-391
-488
-589
-687
-780
-863
-932
-984
-1018
-1032
-1026
-1004
-965
-915
-856
-794
-730
-667
-608
-555
-505
-461
-420
-379
-338
-293
-246
-193
-137
-79
-18
41
96
148
192
227
252
270
282
287
289
290
294
299
309
325
344
369
398
426
456
481
503
519
526
525
515
497
472
439
401
359
315
271
226
185
144
108
75
46
21
2
-14
-23
-27
-26
-21
-11
0
15
26
35
40
38
26
6
-23
-61
-105
-154
-202
-249
-293
-330
-360
-385
-402
-414
-420
-424
-425
-420
-414
-401
-381
-354
-318
-273
-220
-159
-93
-25
40
99
150
189
212
222
217
198
168
131
86
39
-9
-54
-95
-132
-163
-185
-202
-212
-216
-213
-208
-199
-189
-179
-168
-157
-147
-136
-126
-115
-102
-86
-68
-46
-21
7
35
63
90
115
133
147
154
156
152
143
131
116
99
81
62
42
23
5
-16
-36
-57
-77
-95
-110
-124
-131
-135
-133
-126
-116
-101
-86
-70
-54
-38
-27
-17
-10
-4
-2
2
4
8
14
20
29
41
56
74
94
117
141
166
190
215
236
255
270
282
290
293
293
291
287
281
278
273
270
268
267
267
266
264
259
252
240
223
201
174
144
109
70
30
-10
-49
-86
-121
-152
-180
-203
-224
-243
-260
-278
-299
-324
-351
-381
-415
-448
-481
-507
-527
-538
-539
-530
-514
-490
-464
-438
-417
-402
-393
-392
-395
-398
-395
-382
-350
-299
-226
-128
-12
120
261
400
530
643
732
794
827
832
814
776
726
668
608
548
492
439
388
340
293
246
198
154
114
83
63
58
68
91
125
165
204
234
251
249
226
182
122
51
-26
-96
-156
-198
-217
-215
-192
-152
-100
-41
18
76
129
175
216
249
279
302
318
328
328
316
290
246
187
113
29
-63
-153
-239
-309
-364
-400
-415
-410
-391
-361
-325
-287
-251
-219
-190
-167
-145
-122
-96
-66
-29
13
62
114
166
218
265
304
331
344
345
329
300
257
202
135
62
-18
-101
-183
-261
-333
-398
-451
-493
-524
-544
-555
-557
-551
-540
-523
-504
-481
-457
-428
-398
-365
-331
-294
-258
-221
-185
-150
-117
-87
-58
-32
-7
16
39
60
81
101
118
134
147
159
167
173
178
181
183
183
183
180
178
172
163
151
137
119
99
77
55
37
19
5
-5
-13
-19
-22
-28
-34
-44
-58
-73
-92
-113
-135
-155
-172
-186
-197
-204
-206
-206
-202
-195
-185
-173
-158
-140
-117
-91
-59
-25
11
49
89
128
163
196
223
245
262
273
277
276
270
258
240
216
189
160
129
99
71
47
28
17
11
14
24
38
55
74
91
107
116
120
119
113
100
84
64
42
20
-2
-24
-45
-65
-83
-100
-116
-129
-144
-156
-168
-179
-189
-199
-208
-216
-221
-227
-228
-229
-225
-219
-211
-199
-187
-172
-155
-138
-121
-104
-86
-71
-54
-41
-26
-14
-3
10
22
35
48
62
75
90
104
117
131
143
153
161
168
171
172
172
168
163
153
142
128
111
93
72
48
24
-1
-27
-52
-77
-100
-121
-138
-152
-163
-170
-173
-172
-168
-161
-151
-141
-126
-112
-97
-81
-64
-48
-32
-17
-1
14
27
40
51
62
71
80
84
89
94
97
99
102
103
105
106
107
108
109
110
111
113
115
115
117
117
118
117
115
113
110
105
99
92
85
74
64
54
44
33
24
16
7
-1
-6
-11
-15
-18
-20
-21
-21
-19
-16
-12
-6
1
9
18
28
37
46
52
57
61
62
60
55
48
38
27
13
-3
-20
-39
-57
-76
-94
-112
-128
-143
-156
-166
-175
-180
-183
-185
-182
-177
-170
-161
-150
-138
-124
-110
-96
-82
-67
-53
-39
-27
-15
-4
5
13
21
27
33
37
41
43
47
47
49
52
54
57
61
65
70
76
83
90
99
106
114
120
128
133
137
140
140
138
135
130
124
116
108
98
89
81
70
63
55
48
42
36
31
26
21
17
12
7
3
0
-3
-5
-7
-10
-11
-12
-13
-14
-15
-16
-18
-20
-22
-24
-28
-32
-35
-40
-45
-50
-54
-57
-61
-62
-61
-59
-55
-52
-47
-42
-39
-37
-38
-41
-45
-52
-61
-68
-77
-83
-88
-92
-92
-89
-84
-76
-69
-58
-48
-39
-30
-20
-12
-5
1
6
12
17
20
22
22
22
19
14
8
2
-7
-17
-28
-37
-46
-54
-60
-63
-65
-64
-62
-56
-50
-42
-33
-24
-14
-4
4
13
19
25
31
36
39
43
45
47
49
50
52
54
55
55
55
56
55
55
55
53
53
52
51
50
48
47
45
42
38
35
32
27
23
17
12
7
2
-2
-6
-10
-12
-13
-14
-13
-10
-8
-3
3
11
19
30
41
52
65
78
92
106
118
130
140
149
155
158
159
156
150
140
129
112
93
72
50
26
4
-18
-40
-60
-78
-94
-108
-121
-131
-139
-145
-149
-152
-154
-155
-154
-153
-153
-151
-149
-147
-145
-144
-142
-140
-138
-136
-134
-132
-130
-126
-123
-121
-118
-115
-113
-111
-109
-107
-106
-105
-104
-103
-103
-101
-101
-99
-97
-95
-93
-89
-87
-84
-79
-76
-70
-66
-60
-55
-49
-43
-36
-29
-21
-13
-3
5
15
27
38
48
60
72
82
93
104
115
125
134
142
151
159
167
173
178
183
187
189
191
192
191
189
187
184
178
173
167
159
152
144
135
125
116
106
97
86
75
65
55
46
37
29
22
15
8
2
-4
-8
-13
-15
-18
-21
-22
-24
-24
-24
-24
-24
-23
-22
-21
-21
-19
-19
-18
-17
-15
-15
-14
-12
-12
-11
-9
-8
-6
-5
-4
-3
-2
-2
-2
-2
-3
-3
-5
-7
-9
-10
-12
-14
-16
-17
-17
-17
-16
-14
-13
-9
-5
-2
2
7
13
18
24
29
34
38
41
44
45
45
42
39
33
26
19
8
-1
-12
-23
-35
-45
-54
-62
-68
-74
-77
-78
-77
-75
-72
-68
-62
-56
-49
-44
-37
-31
-25
-20
-16
-12
-10
-8
-6
-7
-7
-9
-12
-14
-17
-22
-27
-31
-35
-40
-44
-47
-49
-52
-52
-52
-50
-50
-46
-44
-41
-37
-32
-28
-23
-19
-15
-11
-7
-3
0
3
5
7
8
9
10
9
9
8
5
3
1
-1
-3
-6
-8
-9
-10
-10
-10
-10
-10
-9
-7
-4
-3
-1
1
5
8
10
14
17
21
23
26
28
32
34
36
36
38
38
39
38
36
35
34
32
29
27
24
21
19
16
12
9
6
2
-1
-5
-8
-10
-13
-16
-18
-20
-22
-26
-28
-30
-31
-33
-35
-36
-37
-38
-38
-39
-39
-39
-39
-38
-38
-36
-36
-36
-34
-35
-33
-34
-34
-33
-35
-36
-36
-37
-37
-39
-39
-39
-38
-37
-35
-33
-32
-28
-26
-21
-17
-11
-5
1
7
14
22
28
34
42
49
55
61
66
70
74
77
79
79
81
81
80
78
75
72
70
66
64
61
57
53
51
48
46
45
44
44
43
43
44
46
47
49
52
56
60
62
67
70
75
79
82
86
89
91
93
95
95
95
94
91
90
86
81
75
72
65
58
52
44
35
28
21
13
5
-3
-11
-17
-24
-29
-35
-39
-43
-46
-48
-50
-52
-52
-51
-51
-50
-49
-48
-46
-44
-43
-41
-40
-38
-37
-35
-35
-33
-32
-30
-29
-28
-27
-26
-24
-23
-22
-21
-20
-20
-19
-18
-18
-17
-16
-16
-16
-17
-17
-17
-17
-17
-18
-19
-19
-19
-21
-21
-21
-22
-24
-24
-24
-23
-25
-25
-25
-25
-25
-26
-25
-24
-23
-23
-23
-22
-22
-22
-21
-21
-20
-20
-19
-20
-19
-18
-18
-18
-18
-17
-18
-17
-17
-18
-18
-18
-19
-20
-20
-22
-23
-24
-25
-26
-28
-28
-29
-30
-32
-32
-34
-34
-36
-36
-37
-38
-39
-40
-41
-43
-44
-46
-47
-47
-48
-49
-50
-51
-52
-51
-52
-53
-53
-53
-53
-52
-51
-52
-50
-49
-48
-47
-44
-42
-38
-34
-31
-27
-22
-16
-10
-5
2
9
15
22
29
35
41
48
54
61
66
72
76
79
83
85
86
87
87
87
86
83
80
76
71
65
60
53
47
40
33
27
20
13
6
1
-5
-10
-14
-19
-23
-25
-29
-31
-33
-35
-37
-36
-38
-38
-38
-38
-36
-36
-35
-34
-33
-33
-31
-31
-29
-27
-26
-25
-24
-22
-21
-19
-18
-15
-14
-11
-10
-8
-5
-3
-2
0
3
5
5
9
9
11
12
14
15
16
17
18
19
20
21
23
22
23
23
24
24
24
24
23
24
23
23
22
22
21
19
20
18
18
17
15
14
13
12
11
10
9
7
6
5
4
3
2
0
-1
-2
-3
-3
-4
-4
-4
-4
-3
-3
-1
0
1
3
6
8
11
14
17
20
24
27
31
34
37
39
42
44
47
49
51
52
55
56
57
58
60
60
62
63
63
62
64
63
62
62
61
61
59
58
55
53
50
46
41
36
31
25
18
12
4
-5
-13
-21
-31
-40
-49
-58
-67
-75
-83
-91
-97
-103
-108
-113
-116
-119
-121
-122
-121
-121
-117
-116
-113
-109
-104
-99
-93
-88
-82
-75
-69
-62
-55
-48
-41
-34
-26
-20
-13
-6
0
0
0
0
0
0
0
0
0
0
0
0
0
0
0
0
0
0
0
0
0
0
0
0
0
0
0
0
0
0
0
0
0
0
0
0
0
0
0
0
0
0
0
0
0
0
0
0
0
0
0
0
0
0
0
0
0
0
0
0
0
0
0
0
0
0
0
0
0
0
0
0
0
0
0
0
0
0
0
0
0
0
0
0
0
0
0
0
0
0
0
0
0
0
0
0
0
0
0
0
0
0
0
0
0
0
0
0
0
0
0
0
0
0
0
0
0
0
0
0
0
0
0
0
0
0
0
0
0
0
0
0
0
0
0
0
0
0
0
0
0
0
0
0
0
0
0
0
0
0
0
0
0
0
0
0
0
0
0
0
0
0
0
0
0
0
0
0
0
0
0
0
0
0
0
0
0
0
0
0
0
0
0
0
0
0
0
0
0
0
0
0
0
0
0
0
0
0
