0
0
0
0
0
0
0
0
0
0
0
0
0
0
0
0
0
0
0
0
0
0
0
0
0
0
0
0
0
0
0
0
0
0
0
0
0
0
0
0
0
0
0
0
0
0
0
0
0
0
0
0
0
0
0
0
0
0
0
0
0
0
0
0
0
0
0
0
0
0
0
0
0
0
0
0
0
0
0
0
0
0
0
0
0
0
0
0
0
0
0
0
0
0
0
0
0
0
0
0
0
0
0
0
0
0
0
0
0
0
0
0
0
0
0
0
0
0
0
0
0
0
0
0
0
0
0
0
0
0
0
0
0
0
0
0
0
0
0
0
0
0
0
0
0
0
0
0
0
0
0
0
0
0
0
0
0
0
0
0
0
0
0
0
0
0
0
0
0
0
0
0
0
0
0
0
0
0
0
0
0
0
0
0
0
0
0
0
0
0
0
0
0
0
0
0
0
0
-18
-17
-15
-12
-10
-7
-5
-3
0
2
7
10
17
22
29
37
44
51
58
63
69
72
74
75
74
74
72
70
69
68
69
70
73
75
80
82
80
79
76
67
56
41
23
3
-20
-42
-64
-83
-102
-116
-128
-133
-134
-132
-128
-122
-116
-110
-106
-102
-100
-100
-101
-105
-109
-110
-111
-107
-102
-93
-80
-67
-51
-32
-12
6
22
37
48
58
64
69
71
72
71
71
74
78
85
93
101
111
122
131
140
147
153
154
152
147
140
132
122
111
99
86
74
63
52
41
29
16
4
-11
-24
-40
-57
-74
-91
-109
-125
-138
-150
-157
-163
-167
-167
-163
-157
-149
-139
-129
-117
-106
-93
-79
-67
-54
-41
-30
-18
-7
3
14
24
33
41
47
53
60
62
65
68
67
67
68
66
65
61
56
52
48
44
39
33
28
21
14
8
4
0
-3
-5
-6
-8
-9
-9
-8
-7
-8
-9
-12
-13
-15
-17
-19
-20
-20
-19
-16
-9
-1
7
17
26
37
47
57
65
70
72
73
74
76
79
83
90
98
107
121
136
151
164
174
180
179
170
157
134
103
67
27
-16
-58
-98
-133
-163
-186
-201
-209
-209
-206
-195
-186
-177
-169
-163
-159
-159
-159
-166
-171
-175
-177
-173
-164
-152
-134
-113
-89
-62
-34
-8
15
34
48
59
65
68
70
69
67
66
67
73
81
90
103
115
127
137
147
153
156
154
147
137
126
110
95
80
67
53
42
31
23
16
7
-1
-12
-24
-39
-55
-73
-92
-112
-131
-149
-163
-175
-183
-188
-189
-186
-181
-174
-163
-150
-138
-124
-109
-96
-81
-67
-53
-38
-26
-12
1
13
25
38
49
59
68
77
85
92
99
105
109
111
112
114
113
110
105
99
92
84
76
67
59
49
41
35
27
24
20
17
15
13
13
11
10
8
6
5
2
0
-2
-2
-4
-6
-5
-5
-3
1
4
10
19
28
41
53
70
87
106
125
141
157
169
177
179
176
165
148
126
96
63
27
-11
-48
-82
-113
-138
-160
-174
-182
-185
-181
-176
-168
-159
-151
-144
-139
-134
-131
-130
-129
-128
-125
-119
-111
-100
-85
-69
-49
-29
-9
10
25
38
48
53
54
53
51
46
42
39
39
41
47
56
68
81
96
110
124
137
146
151
153
150
145
136
126
115
104
91
78
67
56
44
32
18
3
-13
-31
-52
-73
-96
-120
-144
-165
-183
-198
-209
-218
-219
-219
-216
-210
-200
-189
-177
-165
-153
-139
-126
-112
-97
-82
-67
-50
-31
-13
5
23
42
58
74
87
100
110
119
126
130
135
138
139
140
139
138
137
134
130
124
116
108
98
87
75
63
53
41
30
22
14
7
1
-4
-8
-12
-16
-20
-25
-30
-37
-43
-48
-53
-59
-62
-64
-63
-59
-53
-46
-35
-23
-9
7
24
43
62
82
103
124
145
165
185
201
213
220
223
218
207
187
161
128
87
43
-3
-50
-95
-138
-175
-206
-230
-245
-254
-256
-253
-246
-234
-224
-211
-199
-187
-177
-167
-157
-145
-133
-117
-99
-78
-56
-31
-5
20
42
62
78
89
94
94
88
78
67
54
42
30
24
20
21
25
35
47
60
75
90
102
111
118
120
119
114
107
98
87
76
66
55
46
38
29
21
11
1
-13
-26
-41
-59
-79
-100
-121
-140
-160
-176
-188
-199
-204
-204
-203
-197
-187
-172
-158
-140
-121
-101
-83
-63
-43
-26
-9
7
22
36
48
59
70
79
85
93
100
104
110
113
117
121
124
125
126
126
124
119
113
106
95
82
70
56
42
28
15
4
-4
-11
-17
-20
-21
-22
-21
-19
-19
-19
-21
-21
-22
-24
-25
-26
-25
-24
-20
-13
-5
4
16
31
46
62
78
94
112
128
144
161
175
189
200
208
215
217
215
206
192
171
144
111
74
30
-13
-59
-103
-145
-183
-217
-243
-263
-276
-281
-282
-276
-268
-255
-241
-224
-208
-190
-172
-154
-133
-113
-91
-69
-43
-16
9
34
57
78
96
107
114
116
112
104
90
75
60
45
31
21
15
14
17
23
35
50
63
77
90
100
108
110
110
106
99
90
80
69
58
47
37
28
21
11
3
-6
-17
-29
-44
-60
-77
-95
-113
-130
-147
-159
-170
-177
-181
-180
-176
-170
-161
-151
-139
-126
-111
-98
-83
-68
-55
-41
-29
-15
-3
8
18
29
39
48
57
65
72
79
84
91
96
101
105
107
108
108
105
101
94
86
77
66
55
44
33
23
14
7
4
1
-1
-1
0
0
2
2
1
0
-2
-6
-9
-11
-13
-13
-12
-7
-1
7
16
28
40
54
67
80
93
107
119
131
142
153
164
172
181
185
189
187
182
170
152
129
98
63
23
-22
-67
-112
-155
-195
-229
-255
-274
-284
-286
-281
-271
-255
-234
-213
-189
-167
-143
-121
-101
-81
-61
-42
-22
-4
16
35
52
68
82
92
98
98
94
85
71
54
35
16
-1
-18
-30
-36
-39
-36
-28
-17
-3
14
31
48
63
74
83
90
91
90
85
79
70
60
50
39
28
17
7
-3
-13
-24
-35
-45
-57
-69
-81
-93
-105
-116
-125
-134
-142
-148
-151
-151
-150
-145
-139
-129
-118
-105
-92
-74
-59
-43
-28
-15
-2
9
18
25
31
35
40
45
47
53
58
64
70
77
83
89
94
97
98
97
93
89
83
73
66
57
48
41
36
32
29
27
28
27
28
28
28
27
26
22
21
19
17
17
18
22
27
34
43
52
63
74
86
96
107
117
127
136
146
157
168
180
192
202
211
217
219
216
204
185
157
120
76
25
-32
-89
-147
-202
-253
-296
-328
-352
-364
-365
-356
-338
-315
-285
-253
-219
-185
-153
-121
-92
-65
-39
-16
7
29
49
69
85
98
108
113
114
109
100
85
67
47
26
6
-12
-28
-39
-45
-44
-40
-31
-19
-3
13
30
47
62
75
86
95
101
104
104
104
100
94
85
74
58
42
24
4
-17
-39
-60
-81
-99
-114
-126
-136
-143
-147
-149
-149
-147
-145
-143
-141
-138
-137
-132
-127
-122
-115
-105
-94
-82
-68
-53
-38
-25
-14
-2
7
15
20
26
31
35
40
44
50
57
65
73
79
84
87
89
88
84
78
72
63
55
48
44
40
41
42
46
51
57
62
66
66
64
58
51
41
32
23
15
11
10
15
23
34
50
65
82
99
112
126
137
147
156
167
177
191
207
224
240
256
264
265
256
233
195
143
78
0
-84
-172
-258
-337
-404
-455
-489
-502
-497
-476
-440
-396
-348
-297
-248
-203
-162
-128
-98
-69
-42
-13
20
55
91
130
166
198
222
236
238
226
200
163
117
66
16
-34
-77
-109
-131
-140
-137
-123
-101
-76
-50
-23
0
18
32
40
48
54
60
69
81
96
115
136
154
169
177
178
168
147
113
71
21
-32
-88
-140
-185
-222
-249
-264
-269
-264
-252
-235
-214
-192
-174
-154
-139
-125
-113
-101
-89
-76
-63
-48
-31
-15
2
15
28
37
44
48
52
55
56
57
58
60
62
65
66
66
64
60
55
48
44
38
35
36
41
50
62
79
96
113
129
142
150
156
152
144
132
117
101
86
75
70
70
77
90
109
131
155
176
198
217
230
241
251
260
271
286
306
330
358
385
405
415
408
379
324
242
129
-6
-160
-322
-480
-624
-744
-832
-883
-892
-862
-794
-699
-586
-466
-348
-240
-146
-69
-10
36
69
99
129
165
208
258
310
359
398
422
424
402
352
279
183
73
-42
-151
-248
-323
-371
-393
-388
-360
-312
-255
-192
-133
-81
-40
-7
19
40
63
90
126
171
225
286
345
399
437
456
450
417
356
266
156
35
-93
-214
-323
-412
-477
-520
-539
-535
-511
-475
-431
-388
-343
-301
-261
-219
-176
-132
-91
-49
-9
28
60
83
95
92
79
55
31
5
-16
-33
-43
-45
-39
-30
-16
-4
3
6
2
-5
-15
-22
-24
-18
-5
17
50
89
133
179
222
259
286
301
306
301
288
270
247
224
200
178
160
151
149
156
165
179
197
220
244
271
297
321
344
365
390
424
468
519
573
620
654
665
646
585
473
307
82
-192
-493
-791
-1063
-1283
-1440
-1522
-1520
-1439
-1281
-1066
-817
-561
-331
-144
-1
105
183
246
294
341
393
457
540
637
735
807
833
796
695
538
342
123
-108
-335
-539
-697
-791
-811
-761
-664
-543
-420
-305
-207
-126
-61
-19
5
24
51
102
187
302
432
556
657
722
747
729
666
558
409
233
52
-117
-255
-362
-438
-496
-542
-581
-611
-636
-655
-673
-686
-685
-659
-597
-497
-363
-212
-55
92
219
320
383
404
381
315
222
118
20
-59
-119
-156
-173
-176
-162
-142
-124
-114
-120
-140
-164
-185
-192
-181
-155
-118
-66
-4
66
137
198
244
269
279
286
293
304
317
327
335
341
348
350
342
317
270
207
142
93
70
77
102
146
210
295
403
522
633
715
758
766
766
781
816
864
908
933
929
890
810
674
455
127
-307
-802
-1286
-1689
-1975
-2130
-2155
-2055
-1847
-1546
-1169
-752
-355
-44
144
232
272
313
373
460
566
678
784
888
993
1083
1106
1015
789
458
76
-300
-628
-878
-1053
-1159
-1192
-1137
-982
-752
-500
-279
-122
-35
3
28
75
152
250
355
466
595
749
908
1029
1070
1004
828
574
290
20
-211
-401
-550
-646
-677
-641
-557
-460
-390
-380
-434
-522
-604
-649
-649
-609
-532
-416
-264
-83
107
273
375
392
332
228
118
18
-63
-128
-178
-204
-206
-178
-132
-98
-102
-146
-209
-264
-295
-292
-258
-205
-140
-63
29
136
231
292
304
271
216
167
138
131
133
144
158
179
204
227
236
221
175
110
54
23
20
38
72
124
193
271
351
425
486
536
576
619
673
732
775
790
797
827
884
948
994
1023
1026
973
846
651
392
36
-457
-1049
-1614
-2039
-2296
-2396
-2344
-2130
-1798
-1429
-1053
-652
-246
69
216
243
260
337
460
614
810
1018
1159
1180
1108
995
824
532
113
-354
-778
-1111
-1328
-1400
-1322
-1153
-973
-807
-630
-429
-236
-95
-12
52
120
208
338
525
749
947
1060
1077
1024
916
752
530
268
-11
-280
-509
-656
-699
-657
-580
-512
-462
-433
-423
-432
-443
-449
-458
-469
-452
-373
-233
-67
78
178
222
201
131
38
-48
-122
-196
-262
-298
-285
-231
-161
-102
-77
-94
-139
-189
-216
-213
-181
-133
-73
-2
85
180
258
302
303
271
222
179
162
175
199
215
226
247
279
305
306
282
244
194
138
98
96
127
170
208
261
338
424
483
509
520
539
566
608
684
791
885
925
928
952
1021
1086
1098
1090
1121
1167
1135
991
765
432
-120
-913
-1734
-2310
-2563
-2616
-2539
-2268
-1795
-1287
-900
-576
-193
178
331
253
180
314
595
860
1090
1340
1530
1489
1205
854
549
213
-252
-760
-1131
-1306
-1354
-1311
-1148
-900
-699
-636
-638
-573
-420
-255
-109
65
312
581
811
998
1161
1255
1194
956
638
343
108
-94
-262
-370
-424
-474
-545
-603
-610
-598
-620
-669
-677
-607
-480
-320
-121
94
243
262
171
56
-44
-151
-268
-355
-385
-388
-400
-404
-365
-300
-276
-309
-350
-346
-294
-230
-167
-99
-34
-8
-26
-55
-55
-33
-28
-39
-34
12
81
147
207
262
294
278
230
190
170
145
98
56
47
68
87
101
133
176
204
198
190
213
260
305
340
388
456
516
537
524
514
527
555
599
668
756
833
875
910
970
1025
1023
984
997
1084
1145
1081
902
611
101
-722
-1679
-2394
-2662
-2616
-2461
-2183
-1701
-1162
-821
-689
-513
-191
65
81
36
227
660
1081
1344
1524
1632
1495
1030
443
0
-284
-560
-856
-1040
-1050
-991
-955
-904
-793
-700
-726
-813
-790
-572
-230
134
495
845
1114
1224
1184
1077
950
774
524
260
68
-31
-91
-158
-238
-336
-488
-701
-899
-985
-930
-788
-602
-376
-120
118
280
373
422
403
272
55
-140
-230
-243
-252
-279
-306
-352
-464
-621
-726
-716
-623
-521
-405
-243
-48
112
195
219
199
118
-15
-130
-149
-79
9
81
150
215
238
197
135
103
94
77
53
63
121
179
197
179
153
114
55
3
9
88
198
303
390
467
523
538
522
499
487
476
453
429
432
482
563
643
708
764
818
873
935
1006
1053
1059
1072
1162
1308
1391
1316
1074
636
-100
-1109
-2073
-2600
-2608
-2359
-2075
-1724
-1275
-914
-829
-878
-760
-435
-145
0
212
665
1207
1551
1649
1614
1438
1002
368
-168
-412
-467
-531
-634
-702
-750
-867
-1048
-1171
-1170
-1099
-1006
-827
-483
-20
428
777
1012
1126
1094
938
760
666
660
669
621
512
356
158
-92
-372
-637
-857
-1023
-1116
-1085
-903
-622
-339
-122
24
107
123
101
105
170
240
237
155
55
-35
-151
-316
-497
-649
-774
-874
-897
-786
-570
-350
-199
-109
-53
-29
-35
-33
9
62
79
59
55
87
121
125
104
80
57
26
5
30
97
156
168
141
109
77
41
5
-15
-14
-10
-2
33
116
233
343
417
453
465
474
484
502
522
534
517
463
398
358
365
404
467
552
658
767
863
944
1004
1029
1039
1090
1190
1276
1266
1124
795
156
-808
-1816
-2435
-2498
-2232
-1924
-1608
-1230
-926
-902
-1080
-1115
-831
-407
-50
301
773
1247
1484
1455
1326
1146
788
242
-236
-413
-361
-318
-388
-521
-700
-977
-1311
-1524
-1496
-1275
-969
-595
-148
289
588
715
754
786
808
798
781
807
869
904
854
706
464
133
-249
-603
-840
-929
-906
-824
-718
-604
-504
-435
-384
-313
-209
-79
58
191
295
329
276
180
79
-37
-196
-378
-516
-581
-604
-620
-619
-589
-558
-553
-547
-490
-372
-240
-124
-12
98
172
185
161
145
157
174
183
192
201
189
145
83
42
32
41
53
69
94
119
125
106
76
49
38
49
94
178
284
376
423
435
448
477
510
531
552
582
606
601
575
546
525
511
526
596
703
789
832
849
866
891
939
1035
1158
1236
1207
1024
589
-195
-1213
-2053
-2324
-2063
-1653
-1372
-1167
-937
-816
-953
-1190
-1183
-818
-293
221
746
1257
1523
1377
992
699
569
407
129
-97
-117
-38
-77
-290
-590
-927
-1299
-1596
-1624
-1325
-865
-447
-121
151
362
449
424
408
495
682
901
1101
1234
1229
1035
696
334
50
-151
-310
-440
-513
-530
-537
-581
-656
-719
-739
-707
-598
-395
-144
72
201
254
244
149
-40
-244
-351
-332
-267
-242
-282
-372
-512
-676
-796
-799
-683
-507
-325
-159
-34
3
-61
-160
-204
-159
-58
63
183
274
301
256
179
122
100
96
114
174
270
347
351
276
168
67
-7
-37
-4
87
187
247
254
232
203
177
182
254
399
555
652
663
619
557
497
455
453
505
600
697
764
803
826
825
788
743
760
863
994
1059
1006
765
222
-637
-1551
-2079
-2022
-1624
-1279
-1106
-967
-831
-878
-1170
-1434
-1344
-871
-241
392
972
1352
1301
836
326
131
238
365
361
307
280
189
-68
-432
-768
-1036
-1260
-1378
-1269
-941
-577
-353
-268
-213
-148
-101
-65
45
287
616
929
1156
1243
1146
861
496
222
146
221
310
311
200
0
-262
-537
-742
-817
-767
-643
-486
-319
-188
-177
-309
-485
-561
-476
-302
-135
-7
74
78
-26
-215
-414
-561
-622
-571
-406
-196
-58
-73
-206
-360
-457
-466
-388
-234
-54
86
145
136
91
36
-4
21
134
305
442
493
463
396
324
260
232
262
334
400
427
417
383
322
230
137
93
122
200
286
362
421
446
422
363
316
311
345
399
475
575
678
732
721
684
661
660
664
681
731
801
830
776
610
305
-142
-639
-993
-1051
-866
-635
-504
-475
-508
-623
-837
-1057
-1120
-961
-658
-341
-73
114
170
63
-144
-302
-298
-147
48
192
258
247
173
60
-44
-100
-107
-100
-110
-129
-128
-98
-60
-51
-78
-116
-133
-119
-89
-55
-18
29
89
156
217
251
250
214
165
134
141
182
230
243
206
139
82
64
72
77
62
23
-32
-85
-122
-143
-163
-192
-220
-230
-224
-230
-264
-317
-366
-387
-375
-332
-275
-236
-240
-278
-316
-317
-279
-231
-196
-179
-168
-154
-140
-132
-124
-106
-77
-38
11
58
85
85
66
62
85
127
168
197
215
223
231
237
241
241
228
208
196
201
217
228
229
224
221
221
222
224
223
223
220
218
221
227
230
232
231
234
246
259
271
274
268
256
248
252
269
293
312
314
288
239
187
155
160
190
212
196
139
64
2
-37
-70
-126
-214
-313
-388
-413
-404
-407
-459
-557
-652
-695
-673
-615
-567
-555
-564
-556
-508
-434
-378
-372
-403
-423
-390
-302
-196
-123
-105
-123
-135
-102
-28
56
116
141
157
196
263
333
373
365
332
308
324
373
429
458
445
407
379
377
392
393
361
304
245
200
162
115
44
-42
-122
-171
-190
-201
-222
-266
-327
-383
-417
-428
-435
-460
-500
-535
-540
-520
-494
-484
-495
-515
-526
-510
-472
-424
-383
-352
-317
-269
-209
-154
-111
-75
-35
17
79
140
189
223
253
288
332
381
427
457
471
472
474
482
493
495
489
482
481
484
490
490
476
447
414
386
365
351
341
332
322
317
318
320
314
296
272
260
270
294
312
297
239
157
91
76
104
136
130
71
-15
-87
-122
-134
-167
-244
-352
-440
-473
-458
-445
-485
-590
-712
-780
-760
-679
-601
-576
-593
-603
-565
-481
-398
-360
-375
-397
-368
-265
-126
-15
22
1
-24
1
81
176
240
259
261
287
348
413
444
421
367
332
348
409
475
499
471
418
381
382
402
409
381
324
265
231
222
210
165
79
-28
-122
-177
-196
-204
-231
-288
-363
-428
-460
-467
-471
-494
-535
-574
-580
-549
-506
-487
-506
-546
-572
-551
-491
-422
-376
-364
-360
-329
-264
-184
-117
-72
-37
12
85
169
235
262
261
265
300
367
438
485
500
494
490
495
506
506
487
463
452
458
472
477
454
413
370
343
340
350
354
342
319
301
294
297
300
292
276
270
286
319
348
341
284
190
102
60
70
101
100
42
-58
-153
-205
-219
-233
-290
-390
-487
-535
-522
-495
-518
-614
-743
-829
-825
-742
-649
-608
-625
-654
-632
-552
-457
-406
-414
-440
-421
-325
-182
-62
-14
-28
-50
-21
66
171
241
257
247
255
303
367
404
390
345
315
336
397
459
478
444
387
347
344
361
365
336
285
242
225
222
205
150
63
-30
-103
-147
-182
-234
-311
-394
-460
-495
-510
-526
-556
-594
-621
-623
-605
-584
-579
-584
-586
-570
-536
-493
-456
-429
-404
-367
-315
-258
-204
-160
-119
-71
-10
58
123
174
212
249
294
347
400
449
488
519
544
566
580
585
580
569
560
555
549
542
527
503
475
447
422
403
388
379
369
355
340
328
322
321
318
307
290
279
284
302
311
282
209
115
43
27
58
87
61
-30
-143
-221
-238
-228
-247
-328
-449
-539
-550
-504
-471
-517
-636
-757
-797
-733
-621
-543
-541
-586
-599
-541
-433
-344
-324
-358
-381
-330
-203
-64
14
13
-21
-22
42
146
235
264
250
237
268
332
390
399
364
323
319
364
425
457
440
391
348
336
347
351
326
276
229
207
210
212
186
122
38
-40
-94
-129
-167
-221
-292
-361
-419
-458
-486
-513
-542
-571
-586
-585
-575
-561
-553
-549
-544
-527
-496
-451
-403
-353
-308
-264
-220
-174
-126
-75
-26
24
76
131
185
235
280
321
361
405
448
487
519
542
557
566
570
566
560
552
544
536
525
508
484
457
429
403
381
363
351
342
333
320
307
295
290
291
289
281
271
272
285
298
282
224
134
52
23
44
81
72
-6
-123
-218
-250
-236
-238
-308
-435
-549
-593
-558
-509
-521
-610
-719
-762
-704
-585
-490
-477
-523
-552
-508
-402
-302
-271
-309
-352
-332
-236
-114
-37
-34
-69
-74
-20
73
151
176
159
145
174
240
301
321
297
265
262
294
342
366
352
317
290
286
298
303
285
245
203
175
162
147
120
72
12
-50
-105
-154
-203
-254
-307
-363
-415
-460
-493
-517
-537
-554
-572
-586
-591
-582
-569
-554
-543
-529
-507
-470
-419
-367
-321
-283
-243
-197
-145
-87
-33
17
69
125
185
240
287
325
360
398
438
475
504
523
533
543
550
553
547
536
525
520
516
508
490
462
431
403
381
363
346
327
309
294
279
268
263
265
270
274
272
271
275
289
300
285
228
142
66
37
54
82
61
-25
-142
-227
-249
-230
-231
-300
-422
-525
-556
-519
-476
-496
-585
-679
-703
-635
-524
-454
-465
-519
-543
-491
-388
-300
-281
-318
-346
-311
-210
-99
-44
-52
-83
-77
-9
85
156
173
155
147
180
244
301
321
308
295
311
355
400
417
398
362
340
343
360
367
350
312
272
241
219
194
159
111
53
-1
-50
-95
-138
-183
-230
-283
-339
-393
-432
-460
-479
-498
-523
-548
-565
-565
-553
-541
-535
-535
-524
-493
-442
-389
-340
-305
-271
-225
-167
-102
-43
9
55
105
160
215
262
299
330
365
406
451
486
510
524
536
549
562
566
557
542
531
525
521
509
485
449
414
389
368
348
325
299
279
265
258
249
241
237
243
252
257
252
246
250
268
280
259
192
101
32
19
52
77
39
-67
-191
-266
-267
-236
-247
-336
-465
-558
-565
-508
-468
-504
-606
-692
-689
-593
-475
-422
-455
-520
-536
-467
-357
-280
-279
-320
-334
-279
-172
-78
-47
-72
-101
-78
-4
82
134
137
121
124
167
227
268
277
262
253
274
312
346
354
333
307
293
301
317
324
309
279
250
231
216
190
143
79
11
-42
-77
-109
-157
-225
-302
-370
-417
-447
-469
-500
-537
-566
-581
-583
-578
-579
-584
-584
-569
-539
-501
-467
-441
-415
-384
-339
-287
-230
-179
-128
-74
-18
38
88
131
170
208
251
296
342
381
413
436
453
467
485
502
518
527
528
522
513
507
500
489
470
442
417
397
384
368
348
321
293
274
265
257
245
229
216
210
210
209
199
192
200
225
244
228
164
72
5
-2
36
65
31
-72
-190
-255
-246
-208
-215
-302
-433
-523
-523
-462
-424
-471
-585
-681
-680
-581
-461
-409
-448
-516
-534
-466
-358
-286
-288
-326
-329
-259
-140
-44
-17
-47
-74
-49
28
112
161
162
148
155
193
238
263
260
250
257
290
335
368
375
359
336
323
320
322
318
305
284
261
237
214
187
147
98
40
-15
-58
-88
-120
-163
-222
-290
-350
-388
-407
-417
-434
-463
-494
-517
-525
-524
-522
-520
-514
-496
-463
-420
-380
-347
-323
-294
-254
-204
-149
-96
-49
-4
39
79
117
150
182
218
261
308
351
383
402
414
425
442
464
487
503
511
511
504
492
475
458
441
426
413
401
386
366
340
310
280
257
242
235
232
226
213
195
185
185
191
192
185
181
194
230
266
267
208
115
40
27
74
123
108
13
-114
-197
-201
-163
-161
-241
-373
-475
-486
-426
-375
-411
-526
-637
-658
-572
-450
-383
-412
-484
-517
-466
-366
-293
-288
-333
-352
-298
-192
-97
-66
-94
-128
-113
-42
43
98
105
91
96
133
185
220
226
217
218
247
293
334
350
338
314
294
286
288
289
284
267
243
216
189
166
142
103
51
-12
-71
-112
-131
-146
-179
-240
-321
-388
-421
-420
-413
-426
-465
-510
-534
-526
-500
-482
-487
-496
-487
-446
-385
-334
-310
-306
-297
-268
-214
-155
-112
-84
-58
-19
31
78
114
137
161
197
246
293
325
340
351
363
383
406
425
436
442
447
450
444
427
403
382
368
361
355
343
323
296
268
241
214
191
171
157
148
141
136
130
129
136
147
161
171
186
213
255
289
290
243
162
95
80
115
156
146
62
-56
-144
-161
-134
-127
-190
-305
-403
-426
-383
-340
-363
-461
-565
-594
-531
-429
-371
-394
-462
-501
-468
-388
-325
-319
-350
-362
-311
-213
-122
-82
-94
-113
-95
-33
41
88
98
93
101
136
180
210
217
216
228
258
299
332
343
337
324
315
313
315
315
308
295
278
258
239
220
198
170
127
75
20
-23
-53
-80
-118
-175
-248
-311
-349
-358
-359
-374
-413
-461
-494
-495
-474
-455
-454
-467
-469
-440
-390
-339
-307
-298
-291
-262
-209
-147
-99
-71
-48
-18
26
75
115
142
166
203
253
304
338
350
353
360
380
406
427
435
433
430
430
428
418
394
367
343
328
319
307
288
261
230
206
184
166
149
134
124
119
117
115
110
110
120
142
166
182
193
211
245
288
312
288
215
133
92
117
173
198
141
20
-98
-147
-124
-89
-117
-221
-347
-416
-398
-341
-327
-400
-516
-591
-564
-463
-373
-362
-424
-490
-492
-426
-347
-316
-341
-371
-355
-279
-187
-131
-129
-149
-143
-92
-19
41
68
74
83
109
146
175
189
197
211
240
270
294
307
311
309
306
303
303
308
318
320
308
280
247
221
202
175
129
64
2
-40
-59
-78
-123
-198
-281
-337
-353
-342
-341
-369
-416
-453
-458
-441
-423
-428
-448
-460
-443
-403
-361
-343
-346
-347
-325
-277
-217
-169
-140
-117
-88
-47
-4
31
54
75
104
144
189
226
248
260
269
285
307
327
344
357
363
365
364
360
352
342
329
312
289
268
250
234
220
199
171
144
124
115
111
102
87
78
78
87
102
111
118
126
146
172
194
207
222
250
292
324
309
242
155
103
120
175
202
148
29
-85
-129
-101
-66
-100
-211
-337
-398
-367
-306
-297
-378
-502
-575
-545
-444
-361
-357
-418
-475
-467
-397
-326
-305
-335
-363
-342
-265
-180
-133
-134
-151
-140
-91
-27
22
42
51
69
103
141
168
181
192
213
248
282
308
321
328
330
327
317
304
295
293
297
289
266
230
195
170
153
128
78
10
-57
-100
-114
-118
-142
-198
-270
-325
-341
-326
-310
-319
-353
-392
-406
-394
-372
-365
-378
-395
-389
-352
-300
-257
-239
-237
-231
-206
-162
-117
-82
-57
-34
-4
28
59
86
111
142
180
219
252
276
294
306
317
323
325
330
337
348
358
355
343
325
307
292
274
251
226
209
203
200
190
170
146
130
131
139
145
140
131
130
140
156
163
159
154
166
195
226
240
238
236
254
288
309
285
212
129
86
103
146
153
91
-19
-114
-143
-114
-89
-125
-221
-322
-366
-340
-297
-305
-380
-475
-519
-480
-393
-329
-333
-384
-425
-409
-347
-287
-274
-300
-321
-298
-230
-158
-122
-127
-143
-131
-82
-18
32
53
54
61
84
121
154
174
186
196
212
233
253
263
262
252
235
221
213
212
215
211
195
174
156
143
131
115
90
58
24
-10
-49
-96
-139
-173
-189
-199
-217
-252
-296
-329
-338
-329
-321
-334
-362
-383
-379
-354
-331
-327
-338
-344
-323
-276
-225
-195
-191
-196
-188
-157
-116
-82
-60
-45
-22
13
51
79
96
108
127
157
188
215
233
244
250
255
259
260
262
266
274
280
277
265
248
235
226
219
210
199
188
182
179
172
158
142
131
128
128
127
120
113
111
116
120
121
118
124
141
166
182
178
164
160
181
214
227
191
117
51
34
69
113
110
43
-54
-116
-114
-72
-54
-99
-190
-267
-284
-243
-203
-217
-287
-363
-387
-345
-280
-244
-266
-313
-337
-313
-260
-221
-221
-245
-258
-236
-185
-137
-116
-120
-124
-109
-73
-33
-6
8
18
36
60
85
105
120
135
153
169
184
194
203
212
219
220
215
211
213
219
222
213
193
173
159
152
139
111
68
19
-19
-41
-56
-79
-113
-153
-188
-207
-213
-219
-232
-252
-268
-273
-268
-257
-252
-254
-259
-260
-253
-237
-222
-210
-203
-196
-186
-170
-149
-129
-107
-83
-57
-28
-1
24
43
61
81
106
129
150
169
185
199
215
229
241
252
261
271
282
290
292
289
280
272
264
259
252
242
232
217
203
189
173
156
139
124
111
101
93
83
72
61
54
50
55
64
73
80
82
81
83
94
109
120
122
118
121
136
159
172
158
118
72
51
63
92
103
72
12
-45
-65
-51
-33
-47
-97
-157
-188
-183
-164
-167
-207
-268
-307
-305
-273
-247
-251
-281
-312
-319
-296
-268
-253
-256
-260
-251
-226
-196
-179
-175
-178
-171
-147
-113
-80
-55
-40
-26
-9
12
37
64
89
112
132
151
166
184
198
208
211
206
201
201
205
209
203
182
148
115
93
84
78
64
31
-14
-56
-85
-98
-105
-124
-159
-199
-230
-240
-239
-245
-265
-296
-322
-327
-312
-295
-293
-307
-325
-326
-308
-280
-257
-247
-245
-233
-208
-174
-141
-119
-103
-82
-51
-13
22
49
71
91
115
144
170
196
217
235
250
262
271
278
285
289
291
290
287
282
276
266
252
235
220
207
197
187
171
150
129
108
92
77
63
49
34
20
14
10
8
3
-3
-7
-4
3
15
27
36
42
47
57
69
81
89
95
102
113
129
139
135
118
101
93
100
114
117
100
68
43
32
32
28
8
-28
-63
-81
-85
-90
-111
-149
-190
-211
-213
-204
-203
-220
-246
-264
-266
-256
-249
-252
-259
-262
-254
-233
-214
-199
-192
-184
-168
-142
-112
-84
-60
-39
-17
7
34
58
80
100
120
138
154
168
178
182
182
182
182
182
178
170
158
142
129
119
111
97
77
52
26
5
-14
-29
-49
-72
-95
-116
-135
-151
-166
-179
-192
-203
-211
-218
-225
-228
-230
-232
-232
-227
-221
-210
-194
-177
-159
-143
-126
-109
-87
-63
-36
-9
19
45
70
94
116
139
162
184
205
223
239
251
261
266
270
271
271
270
269
264
258
247
234
221
205
188
171
155
138
123
104
85
66
48
35
23
13
1
-12
-24
-32
-38
-43
-49
-56
-61
-61
-54
-46
-39
-35
-31
-25
-12
5
20
31
40
49
62
81
97
108
113
117
124
137
150
153
145
131
120
118
120
119
106
81
55
36
26
19
4
-22
-53
-77
-94
-102
-118
-141
-169
-192
-205
-208
-211
-218
-230
-241
-246
-244
-238
-236
-236
-235
-228
-216
-200
-186
-175
-163
-150
-134
-116
-95
-79
-60
-44
-28
-12
1
15
29
45
61
73
82
90
98
103
109
107
103
97
91
87
83
76
63
47
29
15
4
-10
-26
-43
-62
-79
-94
-111
-130
-146
-161
-171
-178
-184
-193
-203
-210
-214
-215
-210
-208
-205
-201
-194
-183
-169
-155
-141
-127
-111
-93
-72
-51
-30
-11
7
26
43
61
79
98
116
133
146
158
167
176
184
191
196
197
198
193
191
186
179
170
161
150
141
129
117
103
89
75
62
49
35
21
10
-1
-10
-18
-26
-33
-38
-43
-45
-45
-43
-43
-41
-37
-31
-24
-15
-4
6
16
27
38
50
65
78
91
100
109
120
131
143
152
158
161
165
170
178
182
182
177
167
158
152
148
142
130
114
94
77
61
46
28
8
-15
-38
-56
-73
-89
-107
-127
-146
-162
-172
-179
-185
-192
-199
-205
-206
-205
-202
-197
-191
-185
-175
-162
-146
-130
-116
-103
-89
-73
-53
-33
-13
3
20
32
46
62
77
89
98
106
113
121
128
131
130
125
119
117
117
116
110
100
87
76
67
57
46
31
14
-2
-14
-23
-36
-50
-68
-83
-96
-104
-110
-115
-121
-127
-132
-135
-134
-132
-129
-124
-118
-111
-101
-90
-79
-69
-60
-50
-38
-26
-14
0
11
23
34
44
55
66
75
85
92
99
106
111
114
113
113
113
113
113
111
107
102
96
88
83
75
67
56
45
36
28
20
11
0
-9
-18
-26
-31
-36
-41
-46
-52
-57
-58
-58
-58
-57
-55
-50
-45
-39
-32
-24
-18
-12
-4
4
14
21
30
40
49
57
64
71
75
80
86
91
95
97
96
97
97
97
96
95
90
87
83
80
76
69
60
49
38
29
21
12
0
-12
-26
-40
-51
-61
-73
-86
-101
-111
-118
-124
-130
-136
-143
-150
-152
-151
-147
-144
-143
-142
-138
-133
-125
-117
-110
-102
-93
-83
-70
-57
-45
-36
-27
-18
-7
5
15
25
33
38
44
49
55
58
60
62
62
62
61
59
54
49
44
39
33
28
22
15
7
-2
-12
-21
-31
-40
-49
-57
-65
-72
-80
-88
-92
-95
-99
-101
-102
-101
-100
-98
-94
-91
-87
-82
-74
-66
-57
-47
-40
-32
-25
-17
-9
-1
7
14
21
28
34
40
43
48
51
54
58
61
62
63
62
61
62
60
61
60
60
59
58
55
52
48
45
42
39
37
35
33
30
25
22
20
17
15
14
13
11
8
6
6
5
6
6
7
9
13
16
18
21
23
25
29
33
37
41
44
47
50
52
53
54
55
56
57
56
54
53
50
47
45
44
43
42
39
37
36
33
30
28
26
22
22
20
20
18
15
12
9
8
7
6
6
3
2
0
-1
-3
-5
-7
-9
-10
-10
-11
-12
-15
-17
-19
-20
-20
-21
-20
-20
-19
-19
-19
-19
-19
-18
-17
-16
-14
-13
-12
-12
-12
-13
-13
-13
-13
-13
-13
-12
-13
-14
-15
-16
-17
-17
-17
-17
-17
-18
-18
-19
-19
-20
-21
-20
-19
-18
-19
-18
-18
-18
-18
-19
-19
-19
-18
-18
-19
-19
-20
-21
-22
-23
-22
-23
-22
-21
-21
-21
-20
-20
-18
-18
-16
-15
-15
-12
-11
-12
-12
-11
-11
-11
-10
-10
-8
-8
-7
-7
-6
-7
-5
-4
-3
-2
0
1
3
4
5
5
7
8
9
10
11
13
13
14
15
15
16
16
15
15
16
15
14
13
11
10
8
7
6
4
2
2
1
0
-1
-2
-3
-3
-3
-4
-3
-4
-3
-4
-3
-3
-2
-1
-1
-1
0
1
2
3
2
4
5
6
5
6
6
5
7
7
8
8
9
10
10
9
8
8
8
9
9
9
9
7
6
3
3
0
-1
-2
-3
-4
-5
-7
-10
-13
-15
-17
-18
-18
-19
-20
-20
-23
-23
-26
-27
-27
-28
-28
-27
-27
-27
-29
-30
-31
-31
-30
-28
-26
-25
-23
-22
-21
-21
-20
-18
-16
-13
-9
-6
-5
-4
-3
-2
-2
-1
0
2
4
5
6
4
4
4
2
2
2
2
3
4
3
3
0
-2
-3
-4
-4
-4
-3
-2
-4
-5
-7
-7
-8
-8
-7
-6
-4
-5
-3
-4
-3
-3
-2
0
1
3
5
7
7
9
10
10
13
14
16
18
22
23
23
24
25
25
26
28
29
29
29
28
29
28
27
26
26
24
25
24
23
21
20
19
18
18
17
16
16
15
14
14
14
14
14
14
13
13
14
14
14
13
14
13
15
14
14
14
15
14
14
15
15
15
17
17
17
17
17
17
17
18
18
17
17
18
15
15
15
14
13
12
12
12
9
8
7
6
4
2
1
-1
-2
-4
-5
-7
-10
-11
-12
-14
-14
-15
-16
-17
-18
-18
-19
-19
-20
-18
-19
-18
-18
-19
-18
-17
-17
-16
-14
-14
-12
-12
-11
-10
-10
-8
-6
-5
-4
-3
-3
-2
-2
-1
-1
-1
0
0
0
-1
-2
-3
-4
-4
-6
-7
-8
-9
-10
-11
-13
-14
-16
-17
-18
-19
-20
-22
-22
-23
-24
-25
-25
-26
-26
-25
-25
-24
-23
-22
-21
-20
-18
-17
-15
-13
-11
-10
-8
-6
-4
-2
-1
2
3
4
6
6
7
8
9
10
11
11
11
11
11
11
11
10
10
8
7
6
5
3
1
0
-1
-2
-3
-5
-7
-7
-9
-9
-9
-11
-11
-10
-12
-12
-12
-13
-11
-10
-10
-9
-8
-8
-6
-6
-4
-3
-2
0
1
2
4
5
6
7
8
10
10
12
13
14
15
15
16
16
15
17
16
16
15
16
15
14
12
12
10
9
8
8
6
5
4
3
2
0
0
-1
-1
-3
-3
-4
-4
-5
-6
-6
-7
-6
-5
-6
-6
-5
-4
-4
-3
-1
0
1
1
3
4
5
5
7
8
8
10
10
10
12
12
12
11
12
12
11
11
11
12
11
11
10
9
9
7
7
6
6
5
3
2
2
0
0
-1
-1
-2
-3
-3
-2
-4
-3
-3
0
0
0
0
0
0
0
0
0
0
0
0
0
0
0
0
0
0
0
0
0
0
0
0
0
0
0
0
0
0
0
0
0
0
0
0
0
0
0
0
0
0
0
0
0
0
0
0
0
0
0
0
0
0
0
0
0
0
0
0
0
0
0
0
0
0
0
0
0
0
0
0
0
0
0
0
0
0
0
0
0
0
0
0
0
0
0
0
0
0
0
0
0
0
0
0
0
0
0
0
0
0
0
0
0
0
0
0
0
0
0
0
0
0
0
0
0
0
0
0
0
0
0
0
0
0
0
0
0
0
0
0
0
0
0
0
0
0
0
0
0
0
0
0
0
0
0
0
0
0
0
0
0
0
0
0
0
0
0
0
0
0
0
0
0
0
0
0
0
0
0
0
0
0
0
0
0
0
0
0
0
0
0
0
0
0
0
0
0
0
0
0
0
0
0
0
0
0
