0
0
0
0
0
0
0
0
0
0
0
0
0
0
0
0
0
0
0
0
0
0
0
0
0
0
0
0
0
0
0
0
0
0
0
0
0
0
0
0
0
0
0
0
0
0
0
0
0
0
0
0
0
0
0
0
0
0
0
0
0
0
0
0
0
0
0
0
0
0
0
0
0
0
0
0
0
0
0
0
0
0
0
0
0
0
0
0
0
0
0
0
0
0
0
0
0
0
0
0
0
0
0
0
0
0
0
0
0
0
0
0
0
0
0
0
0
0
0
0
0
0
0
0
0
0
0
0
0
0
0
0
0
0
0
0
0
0
0
0
0
0
0
0
0
0
0
0
0
0
0
0
0
0
0
0
0
0
0
0
0
0
0
0
0
0
0
0
0
0
0
0
0
0
0
0
0
0
0
0
0
0
0
0
0
0
0
0
0
0
0
0
0
0
0
0
0
0
39
38
33
25
19
13
9
8
6
3
-2
-12
-26
-38
-47
-54
-53
-49
-42
-34
-29
-25
-22
-22
-22
-19
-16
-12
-5
1
8
19
25
31
34
37
35
33
28
22
16
9
1
-6
-13
-17
-17
-12
-3
9
25
41
53
61
63
59
47
29
9
-12
-30
-45
-54
-56
-54
-50
-46
-41
-37
-33
-31
-25
-19
-10
-3
2
4
4
2
0
2
5
7
11
12
13
12
18
27
38
51
56
53
38
14
-15
-41
-60
-67
-65
-55
-44
-34
-27
-20
-15
-6
3
13
17
16
9
0
-7
-8
-3
10
25
38
44
46
46
43
44
50
54
55
48
32
9
-14
-34
-45
-45
-38
-29
-20
-17
-17
-20
-22
-20
-17
-12
-10
-11
-16
-20
-21
-15
0
19
40
57
65
64
55
43
36
31
32
35
34
24
4
-20
-49
-71
-83
-87
-78
-66
-52
-38
-27
-16
-5
4
12
16
15
8
-3
-16
-24
-24
-18
-4
10
23
30
32
34
35
40
50
60
66
64
51
31
6
-19
-39
-51
-57
-55
-47
-36
-22
-7
11
30
44
54
58
52
40
23
7
-7
-19
-30
-36
-40
-40
-33
-21
-6
11
24
30
29
17
0
-19
-36
-49
-57
-61
-63
-67
-67
-66
-61
-50
-34
-14
4
20
35
48
61
70
81
87
89
86
77
68
61
58
63
72
80
85
83
73
57
39
20
3
-12
-27
-41
-56
-65
-72
-76
-74
-70
-66
-66
-69
-74
-79
-82
-79
-71
-59
-46
-33
-22
-13
-5
1
5
8
8
4
0
-6
-9
-10
-6
-1
4
10
10
10
8
7
9
12
15
19
21
21
22
24
27
32
35
36
32
23
12
0
-6
-8
-3
6
17
25
29
28
27
25
30
35
44
52
58
60
55
45
32
18
5
-6
-15
-23
-28
-29
-26
-23
-18
-17
-19
-25
-37
-51
-67
-79
-88
-91
-90
-85
-77
-66
-55
-43
-29
-14
1
13
24
31
35
36
35
32
28
22
12
3
-7
-19
-29
-36
-42
-43
-46
-47
-45
-38
-24
-1
30
68
106
139
166
180
180
171
153
131
106
81
57
32
8
-14
-34
-48
-57
-60
-57
-52
-46
-40
-34
-33
-33
-36
-41
-50
-61
-77
-92
-105
-112
-113
-105
-89
-69
-46
-23
-2
15
31
43
53
58
56
47
31
13
-6
-21
-27
-29
-25
-17
-9
-3
1
2
4
3
1
-4
-12
-24
-37
-46
-46
-38
-20
3
30
57
76
92
99
101
100
94
84
66
42
10
-24
-60
-90
-112
-121
-117
-101
-75
-44
-11
20
48
68
80
84
80
70
56
43
35
32
34
42
50
57
59
55
42
23
0
-23
-46
-63
-69
-65
-51
-29
-5
18
35
44
43
36
24
12
2
-8
-16
-23
-31
-41
-48
-53
-55
-54
-51
-48
-43
-40
-33
-24
-13
0
11
18
23
22
14
4
-7
-19
-28
-35
-41
-45
-49
-50
-50
-49
-47
-45
-45
-48
-54
-63
-74
-86
-96
-102
-107
-110
-113
-112
-109
-104
-98
-87
-75
-61
-46
-31
-15
-1
13
27
40
51
58
63
66
67
67
67
67
67
67
69
70
69
66
60
48
33
15
-5
-24
-40
-51
-56
-52
-44
-28
-9
15
41
72
107
143
179
215
247
273
295
308
318
323
325
328
331
337
347
362
383
408
436
466
495
517
535
542
543
537
525
515
507
503
505
511
519
527
526
513
481
422
333
209
52
-138
-353
-586
-827
-1064
-1283
-1473
-1625
-1727
-1774
-1765
-1699
-1583
-1421
-1224
-1004
-771
-535
-310
-105
72
217
330
411
467
503
527
547
566
585
605
626
644
658
664
661
642
604
537
438
302
129
-77
-310
-557
-807
-1048
-1266
-1448
-1588
-1674
-1704
-1671
-1579
-1431
-1238
-1009
-763
-514
-276
-61
121
268
377
448
482
487
468
432
384
333
284
241
207
184
168
159
153
146
136
119
98
71
36
-3
-48
-93
-132
-166
-187
-192
-175
-133
-70
13
113
224
339
452
561
665
759
844
916
976
1020
1049
1063
1065
1054
1038
1015
996
989
1000
1034
1096
1187
1307
1449
1596
1733
1839
1884
1841
1692
1427
1053
574
7
-622
-1279
-1931
-2541
-3069
-3480
-3749
-3864
-3825
-3636
-3305
-2860
-2336
-1768
-1191
-637
-144
267
591
823
960
1008
985
919
834
748
683
656
677
734
826
945
1078
1202
1291
1325
1288
1173
974
691
340
-64
-503
-954
-1388
-1770
-2075
-2286
-2391
-2382
-2258
-2026
-1705
-1314
-880
-434
-11
364
672
901
1041
1084
1034
910
732
518
292
78
-108
-261
-374
-444
-465
-445
-399
-341
-281
-228
-192
-182
-193
-220
-268
-336
-413
-479
-525
-551
-555
-531
-476
-391
-288
-160
-12
141
288
419
539
646
728
780
803
803
780
734
676
621
563
496
430
377
351
351
371
415
482
564
658
762
875
994
1106
1197
1279
1362
1452
1540
1624
1711
1810
1906
1993
2065
2112
2105
2006
1794
1484
1087
600
24
-612
-1270
-1931
-2569
-3139
-3586
-3884
-4045
-4073
-3947
-3658
-3236
-2723
-2148
-1529
-908
-336
165
603
974
1245
1399
1462
1470
1436
1367
1284
1218
1176
1144
1120
1121
1153
1185
1180
1126
1029
877
656
368
31
-341
-746
-1167
-1568
-1911
-2177
-2366
-2467
-2463
-2344
-2123
-1816
-1440
-1013
-570
-151
232
567
846
1041
1137
1143
1084
972
813
632
445
261
76
-95
-230
-320
-382
-434
-478
-507
-527
-547
-564
-571
-577
-600
-634
-657
-653
-633
-608
-572
-515
-439
-350
-239
-102
44
180
297
408
522
625
705
761
797
812
801
775
746
708
648
566
487
428
395
377
375
401
452
522
611
729
869
1003
1111
1209
1318
1437
1549
1651
1759
1881
2006
2120
2227
2320
2347
2248
2020
1697
1288
773
148
-542
-1257
-1977
-2678
-3291
-3752
-4056
-4237
-4291
-4181
-3889
-3467
-2966
-2402
-1794
-1196
-661
-189
250
636
916
1073
1151
1200
1222
1213
1200
1215
1244
1261
1278
1333
1421
1488
1485
1414
1289
1105
843
508
134
-277
-733
-1212
-1652
-2004
-2264
-2453
-2558
-2549
-2417
-2186
-1869
-1475
-1023
-569
-154
220
567
868
1076
1171
1177
1114
989
813
616
426
237
40
-150
-292
-372
-420
-458
-490
-509
-524
-549
-577
-599
-622
-671
-742
-801
-825
-818
-798
-759
-692
-593
-465
-316
-131
73
266
425
560
690
809
891
927
921
886
822
738
658
591
523
434
339
269
243
254
288
342
415
505
614
744
898
1065
1216
1333
1423
1508
1606
1710
1798
1871
1947
2038
2143
2254
2367
2457
2465
2340
2086
1740
1309
763
95
-650
-1417
-2183
-2920
-3554
-4019
-4318
-4492
-4536
-4393
-4046
-3557
-2996
-2380
-1719
-1067
-491
15
484
900
1191
1335
1393
1430
1443
1419
1382
1374
1392
1399
1402
1442
1522
1580
1558
1454
1299
1092
803
435
19
-426
-906
-1402
-1853
-2206
-2453
-2616
-2693
-2650
-2472
-2184
-1814
-1378
-891
-396
57
460
823
1127
1332
1414
1395
1308
1162
960
728
495
268
36
-181
-345
-449
-519
-585
-639
-672
-697
-729
-764
-791
-824
-881
-951
-1002
-1015
-1003
-976
-924
-835
-710
-559
-376
-160
72
288
474
643
796
921
1001
1033
1019
966
876
766
654
548
441
329
231
163
134
143
187
264
363
479
612
764
926
1083
1223
1340
1433
1508
1572
1637
1707
1774
1844
1931
2047
2182
2313
2418
2471
2433
2269
1975
1565
1044
405
-340
-1143
-1949
-2723
-3426
-4010
-4424
-4662
-4738
-4651
-4380
-3934
-3364
-2733
-2069
-1391
-741
-164
328
747
1085
1307
1408
1436
1436
1420
1380
1340
1328
1342
1368
1400
1451
1513
1538
1487
1357
1163
901
559
146
-312
-792
-1283
-1756
-2168
-2483
-2689
-2789
-2782
-2653
-2400
-2047
-1619
-1141
-635
-133
330
736
1082
1353
1524
1588
1558
1457
1294
1078
831
578
326
76
-159
-359
-522
-664
-797
-910
-1000
-1074
-1143
-1202
-1242
-1263
-1278
-1280
-1249
-1183
-1094
-988
-860
-700
-520
-331
-131
84
300
503
684
848
991
1099
1166
1196
1190
1143
1055
937
807
666
520
376
247
134
44
-9
-14
31
116
226
366
532
712
897
1083
1261
1412
1524
1604
1676
1756
1837
1915
2000
2111
2246
2393
2540
2667
2731
2678
2470
2121
1654
1068
355
-465
-1344
-2224
-3067
-3820
-4416
-4812
-5020
-5065
-4933
-4596
-4062
-3401
-2678
-1926
-1174
-475
135
658
1108
1459
1662
1727
1716
1683
1637
1575
1519
1494
1491
1498
1527
1592
1671
1698
1631
1478
1256
963
589
140
-362
-900
-1452
-1972
-2410
-2730
-2934
-3030
-3011
-2851
-2551
-2135
-1638
-1090
-523
25
523
966
1348
1644
1820
1868
1822
1715
1549
1330
1079
814
533
237
-48
-293
-506
-723
-949
-1154
-1318
-1448
-1553
-1621
-1639
-1624
-1594
-1526
-1396
-1216
-1029
-851
-670
-471
-273
-84
102
291
471
618
747
888
1034
1153
1230
1275
1293
1273
1211
1115
993
839
643
431
232
60
-85
-204
-276
-285
-234
-127
32
242
483
729
968
1210
1446
1650
1803
1920
2028
2133
2220
2296
2390
2507
2610
2666
2691
2684
2585
2324
1907
1388
782
52
-792
-1659
-2480
-3260
-3993
-4589
-4952
-5102
-5109
-4976
-4629
-4075
-3418
-2736
-2012
-1237
-500
109
607
1068
1465
1710
1795
1814
1835
1827
1757
1682
1665
1682
1668
1631
1630
1663
1645
1514
1295
1038
726
313
-178
-686
-1183
-1692
-2196
-2623
-2907
-3059
-3116
-3075
-2890
-2558
-2131
-1650
-1113
-530
39
528
941
1305
1606
1785
1826
1770
1651
1462
1197
892
597
306
-9
-323
-582
-771
-927
-1073
-1186
-1239
-1260
-1279
-1284
-1250
-1194
-1159
-1143
-1109
-1035
-947
-868
-775
-641
-473
-294
-98
133
393
640
852
1040
1217
1358
1433
1438
1387
1292
1144
949
734
527
325
122
-65
-199
-267
-274
-230
-131
24
217
430
656
894
1130
1339
1504
1626
1718
1792
1861
1930
1998
2071
2169
2295
2437
2570
2675
2718
2646
2417
2046
1560
962
226
-633
-1539
-2422
-3256
-4008
-4601
-4980
-5156
-5175
-5017
-4627
-4029
-3321
-2583
-1818
-1036
-303
313
831
1276
1616
1792
1820
1795
1771
1728
1647
1572
1547
1562
1582
1613
1683
1757
1761
1655
1461
1212
890
464
-51
-609
-1179
-1745
-2276
-2711
-3008
-3176
-3235
-3169
-2945
-2571
-2094
-1557
-981
-384
186
692
1122
1481
1749
1884
1891
1814
1683
1498
1254
977
697
415
126
-153
-393
-600
-800
-999
-1170
-1291
-1376
-1444
-1482
-1483
-1452
-1407
-1338
-1228
-1086
-941
-801
-654
-482
-293
-101
98
305
515
709
893
1068
1229
1351
1418
1429
1398
1322
1201
1035
837
621
397
175
-26
-188
-298
-355
-352
-283
-150
34
256
503
763
1023
1267
1478
1650
1780
1882
1974
2066
2156
2249
2367
2513
2669
2810
2921
2969
2900
2665
2269
1744
1091
294
-628
-1601
-2555
-3458
-4274
-4920
-5339
-5538
-5554
-5375
-4956
-4323
-3572
-2777
-1951
-1115
-336
323
869
1334
1684
1870
1911
1895
1875
1831
1757
1695
1689
1719
1751
1791
1860
1925
1910
1778
1552
1257
872
378
-201
-816
-1439
-2053
-2617
-3068
-3372
-3534
-3566
-3457
-3186
-2766
-2246
-1668
-1062
-449
121
614
1020
1339
1554
1645
1613
1495
1332
1137
909
671
445
243
61
-96
-218
-310
-399
-508
-625
-734
-837
-949
-1072
-1190
-1292
-1376
-1431
-1440
-1391
-1295
-1166
-1001
-787
-529
-244
43
324
588
821
1010
1151
1247
1294
1280
1205
1090
956
812
656
497
355
238
141
63
21
29
82
157
248
365
507
657
798
932
1073
1205
1305
1376
1455
1571
1710
1853
2013
2217
2456
2686
2877
3024
3103
3034
2763
2305
1719
1011
151
-833
-1843
-2800
-3683
-4466
-5059
-5385
-5472
-5387
-5126
-4636
-3937
-3146
-2356
-1568
-781
-74
482
909
1268
1540
1659
1638
1588
1580
1586
1570
1579
1664
1792
1899
1983
2079
2161
2128
1936
1624
1240
772
193
-466
-1129
-1764
-2365
-2896
-3282
-3484
-3528
-3452
-3247
-2883
-2381
-1808
-1215
-616
-33
486
900
1218
1460
1609
1630
1530
1366
1185
988
766
543
350
186
29
-110
-205
-260
-327
-439
-570
-685
-797
-932
-1083
-1217
-1325
-1427
-1507
-1516
-1436
-1304
-1149
-955
-692
-378
-52
266
580
874
1105
1260
1368
1442
1459
1388
1253
1095
933
760
581
425
301
194
95
37
50
120
204
295
411
557
712
856
997
1140
1267
1355
1416
1504
1640
1800
1957
2132
2363
2633
2889
3106
3276
3359
3270
2957
2464
1847
1096
176
-872
-1934
-2925
-3837
-4632
-5209
-5508
-5574
-5474
-5185
-4645
-3900
-3089
-2296
-1507
-727
-41
487
900
1256
1519
1622
1604
1591
1635
1686
1716
1772
1902
2053
2167
2250
2334
2369
2261
1977
1583
1124
575
-82
-793
-1483
-2129
-2720
-3208
-3518
-3635
-3603
-3451
-3162
-2722
-2171
-1578
-979
-389
163
633
1002
1293
1520
1657
1676
1600
1479
1340
1172
972
761
560
353
128
-89
-273
-433
-611
-817
-1015
-1175
-1315
-1452
-1569
-1640
-1674
-1693
-1681
-1598
-1439
-1252
-1062
-841
-565
-260
35
321
609
881
1089
1235
1353
1451
1486
1432
1321
1192
1040
853
646
460
291
120
-43
-148
-170
-136
-80
3
139
322
517
713
925
1147
1341
1482
1604
1758
1950
2133
2294
2468
2685
2913
3103
3243
3336
3323
3113
2682
2102
1428
626
-339
-1397
-2420
-3357
-4217
-4948
-5430
-5631
-5632
-5497
-5162
-4566
-3796
-3002
-2232
-1437
-648
21
533
970
1381
1681
1803
1828
1890
1998
2072
2103
2170
2296
2396
2412
2394
2383
2300
2040
1614
1119
589
-23
-722
-1424
-2053
-2616
-3125
-3510
-3688
-3666
-3525
-3293
-2932
-2425
-1835
-1246
-671
-100
422
832
1129
1367
1566
1672
1654
1565
1472
1381
1258
1116
989
870
714
507
289
88
-138
-430
-775
-1110
-1415
-1703
-1964
-2150
-2239
-2260
-2221
-2093
-1850
-1519
-1167
-819
-460
-90
250
532
766
964
1105
1162
1162
1153
1148
1115
1042
954
883
818
738
649
576
506
406
275
156
83
37
-2
-25
1
79
192
339
538
782
1039
1279
1509
1757
2028
2303
2560
2802
3039
3270
3477
3632
3722
3721
3575
3228
2678
1977
1168
241
-804
-1896
-2935
-3868
-4681
-5320
-5696
-5792
-5684
-5430
-4988
-4327
-3530
-2728
-1965
-1210
-493
96
540
925
1297
1587
1733
1814
1950
2141
2311
2443
2600
2779
2885
2871
2786
2672
2455
2043
1461
805
128
-593
-1348
-2050
-2638
-3123
-3514
-3752
-3771
-3593
-3302
-2945
-2505
-1976
-1414
-878
-376
98
509
820
1046
1246
1442
1602
1697
1753
1806
1857
1869
1834
1760
1620
1366
999
564
99
-413
-980
-1557
-2081
-2521
-2864
-3077
-3126
-3021
-2811
-2513
-2114
-1626
-1114
-638
-217
144
427
619
741
821
866
866
835
816
841
901
976
1056
1132
1188
1202
1172
1104
985
802
554
273
-15
-281
-500
-653
-725
-712
-612
-421
-133
233
642
1062
1473
1854
2179
2450
2680
2882
3036
3135
3208
3293
3380
3422
3403
3322
3136
2768
2196
1487
699
-197
-1226
-2304
-3302
-4174
-4940
-5543
-5867
-5894
-5728
-5441
-4967
-4251
-3403
-2581
-1811
-1034
-288
309
741
1129
1524
1829
1966
2037
2181
2382
2533
2622
2737
2871
2903
2781
2587
2374
2064
1547
864
148
-551
-1275
-2006
-2645
-3122
-3478
-3746
-3856
-3735
-3419
-3025
-2604
-2122
-1575
-1034
-557
-128
278
619
847
992
1142
1318
1464
1546
1601
1671
1720
1707
1642
1549
1391
1104
700
258
-181
-647
-1147
-1622
-2008
-2306
-2527
-2631
-2581
-2405
-2175
-1912
-1582
-1183
-782
-428
-118
164
393
548
654
760
859
915
926
932
964
1005
1023
1019
1002
956
863
737
606
481
338
167
-9
-153
-252
-304
-300
-235
-123
22
209
452
749
1062
1361
1644
1901
2116
2294
2470
2656
2818
2932
3038
3173
3304
3367
3341
3228
2972
2484
1776
946
63
-913
-2000
-3072
-3991
-4734
-5336
-5731
-5808
-5589
-5221
-4767
-4142
-3317
-2445
-1680
-1009
-352
240
652
921
1200
1523
1768
1885
2007
2251
2544
2757
2896
3040
3144
3070
2795
2434
2034
1501
769
-66
-852
-1563
-2241
-2848
-3279
-3507
-3603
-3608
-3456
-3107
-2642
-2183
-1762
-1338
-907
-529
-232
33
299
535
708
867
1083
1355
1612
1806
1956
2076
2123
2056
1874
1602
1220
703
80
-558
-1143
-1670
-2144
-2517
-2738
-2803
-2741
-2556
-2244
-1846
-1442
-1076
-732
-399
-106
102
234
327
399
444
486
570
701
838
944
1035
1142
1243
1287
1252
1153
1001
787
528
271
53
-140
-327
-490
-573
-557
-460
-308
-111
128
392
666
955
1264
1575
1846
2047
2188
2302
2424
2556
2684
2807
2943
3106
3267
3384
3424
3350
3075
2525
1717
749
-302
-1433
-2621
-3751
-4698
-5417
-5909
-6118
-5974
-5519
-4905
-4217
-3426
-2523
-1633
-887
-292
206
591
806
910
1051
1284
1527
1725
1952
2288
2680
3012
3250
3411
3438
3228
2767
2156
1472
690
-214
-1159
-2014
-2717
-3267
-3638
-3779
-3699
-3481
-3187
-2811
-2342
-1835
-1380
-1019
-740
-518
-352
-225
-81
121
369
637
933
1292
1697
2077
2360
2515
2526
2360
2012
1521
932
265
-467
-1195
-1827
-2306
-2628
-2786
-2768
-2597
-2331
-2004
-1627
-1227
-875
-618
-437
-303
-207
-144
-77
25
155
306
487
720
983
1222
1396
1494
1513
1442
1284
1055
774
454
120
-188
-428
-579
-644
-635
-573
-457
-291
-75
165
403
622
821
1007
1191
1390
1604
1821
2011
2164
2304
2471
2675
2891
3096
3296
3493
3650
3707
3635
3400
2927
2153
1115
-46
-1232
-2429
-3603
-4613
-5347
-5808
-6023
-5934
-5500
-4832
-4114
-3397
-2624
-1824
-1139
-628
-208
179
471
653
867
1242
1719
2163
2568
3010
3454
3762
3877
3838
3635
3164
2404
1500
594
-297
-1200
-2047
-2716
-3172
-3449
-3552
-3450
-3181
-2857
-2566
-2288
-1990
-1695
-1459
-1277
-1094
-875
-623
-316
103
646
1242
1800
2293
2721
3051
3201
3145
2901
2480
1875
1131
358
-364
-1030
-1645
-2155
-2502
-2681
-2733
-2668
-2486
-2244
-2014
-1811
-1601
-1374
-1167
-996
-819
-603
-362
-105
190
535
885
1184
1427
1613
1729
1741
1648
1482
1255
974
661
355
82
-151
-346
-495
-591
-638
-642
-606
-543
-457
-345
-198
-15
196
432
688
959
1244
1553
1877
2190
2442
2611
2712
2784
2849
2900
2931
2971
3048
3153
3243
3272
3188
2900
2320
1459
429
-680
-1856
-3066
-4180
-5052
-5652
-5997
-6043
-5731
-5125
-4397
-3638
-2832
-1995
-1252
-687
-242
153
464
647
809
1106
1558
2041
2489
2932
3370
3701
3842
3811
3609
3156
2404
1450
469
-450
-1321
-2122
-2765
-3188
-3406
-3446
-3312
-3029
-2691
-2391
-2158
-1953
-1757
-1595
-1458
-1303
-1081
-781
-412
48
618
1260
1889
2426
2827
3063
3104
2941
2606
2126
1507
778
22
-663
-1225
-1666
-2004
-2235
-2368
-2418
-2393
-2297
-2162
-2041
-1949
-1858
-1730
-1558
-1343
-1074
-746
-371
30
441
845
1202
1478
1661
1746
1723
1587
1365
1104
841
591
359
149
-37
-198
-320
-394
-440
-486
-542
-589
-608
-587
-516
-385
-198
37
318
646
1005
1363
1694
1995
2268
2490
2632
2687
2690
2685
2687
2693
2706
2744
2813
2886
2933
2913
2743
2311
1572
609
-444
-1524
-2627
-3691
-4583
-5195
-5517
-5567
-5330
-4814
-4127
-3398
-2677
-1957
-1289
-772
-424
-148
126
379
599
859
1255
1779
2338
2861
3310
3630
3750
3650
3363
2902
2234
1366
393
-538
-1327
-1950
-2409
-2702
-2837
-2827
-2700
-2487
-2240
-2022
-1881
-1824
-1805
-1771
-1682
-1519
-1264
-898
-422
135
739
1359
1956
2460
2803
2940
2861
2587
2152
1620
1044
464
-93
-599
-1025
-1343
-1549
-1675
-1763
-1857
-1959
-2046
-2093
-2096
-2058
-1974
-1836
-1636
-1361
-998
-559
-92
353
744
1066
1303
1442
1495
1479
1402
1267
1094
918
771
654
553
455
344
202
37
-136
-299
-447
-571
-669
-727
-721
-628
-440
-167
163
517
863
1177
1455
1704
1934
2135
2286
2367
2392
2407
2453
2544
2665
2794
2933
3089
3249
3368
3371
3152
2601
1701
570
-624
-1785
-2896
-3912
-4722
-5224
-5417
-5341
-5012
-4458
-3776
-3094
-2485
-1945
-1493
-1159
-923
-695
-399
-46
336
770
1313
1975
2684
3327
3794
4003
3931
3619
3134
2519
1775
919
20
-820
-1498
-1949
-2179
-2252
-2249
-2219
-2180
-2135
-2106
-2118
-2171
-2245
-2299
-2296
-2189
-1935
-1514
-936
-246
499
1233
1895
2440
2834
3054
3079
2884
2473
1917
1325
782
316
-84
-435
-742
-1012
-1255
-1477
-1678
-1875
-2086
-2312
-2520
-2651
-2664
-2541
-2293
-1940
-1510
-1035
-549
-84
338
703
991
1171
1234
1213
1163
1121
1094
1070
1041
996
921
815
679
514
314
60
-238
-552
-827
-1023
-1119
-1107
-990
-786
-518
-214
107
441
770
1066
1298
1461
1575
1673
1786
1922
2069
2205
2326
2433
2538
2637
2711
2748
2745
2715
2674
2619
2496
2204
1659
873
-50
-989
-1881
-2713
-3448
-4015
-4362
-4496
-4451
-4249
-3900
-3429
-2898
-2379
-1917
-1529
-1215
-948
-662
-302
142
624
1082
1508
1938
2401
2849
3179
3298
3171
2842
2377
1829
1242
647
66
-475
-954
-1332
-1582
-1711
-1763
-1792
-1826
-1871
-1931
-2010
-2104
-2171
-2152
-2015
-1766
-1437
-1047
-588
-51
545
1146
1676
2064
2281
2331
2248
2078
1846
1559
1222
866
527
240
-3
-236
-489
-768
-1070
-1386
-1701
-1992
-2224
-2369
-2411
-2344
-2177
-1919
-1592
-1211
-799
-381
2
313
523
643
716
785
867
943
997
1024
1037
1044
1043
1018
944
806
601
343
56
-229
-480
-670
-785
-817
-768
-651
-479
-270
-42
192
414
615
784
922
1037
1146
1276
1438
1621
1802
1959
2096
2222
2346
2449
2505
2504
2460
2411
2394
2430
2500
2521
2362
1920
1197
301
-641
-1553
-2394
-3111
-3634
-3930
-4031
-3996
-3854
-3590
-3195
-2710
-2217
-1795
-1486
-1287
-1159
-1028
-815
-473
-12
510
1034
1539
2022
2460
2784
2929
2870
2647
2314
1900
1413
871
330
-141
-491
-714
-834
-891
-930
-993
-1108
-1283
-1500
-1733
-1951
-2121
-2212
-2191
-2053
-1806
-1474
-1064
-577
-24
554
1086
1492
1735
1826
1808
1720
1585
1410
1210
1003
803
609
420
232
38
-173
-422
-717
-1050
-1397
-1723
-1993
-2178
-2245
-2181
-1998
-1731
-1420
-1084
-741
-417
-137
75
220
316
389
449
503
555
617
697
794
893
967
990
946
825
634
392
133
-112
-316
-464
-545
-557
-504
-400
-266
-113
47
211
366
492
577
622
646
676
740
844
981
1142
1307
1448
1547
1599
1617
1610
1574
1507
1411
1308
1222
1175
1179
1227
1278
1264
1113
786
301
-293
-933
-1549
-2067
-2413
-2555
-2500
-2307
-2050
-1786
-1552
-1362
-1218
-1112
-1033
-968
-902
-828
-732
-598
-416
-179
109
434
773
1087
1324
1438
1404
1230
956
633
312
33
-177
-294
-313
-246
-128
-1
97
145
133
58
-71
-240
-423
-595
-724
-786
-764
-657
-478
-252
-7
227
419
550
601
564
447
271
66
-134
-302
-417
-469
-457
-393
-290
-178
-80
-17
0
-33
-105
-205
-312
-404
-463
-475
-434
-342
-210
-63
78
192
261
274
232
143
18
-117
-243
-338
-390
-398
-363
-294
-202
-101
-6
68
108
113
88
45
0
-40
-60
-56
-18
47
129
214
292
350
384
391
374
342
302
268
243
237
248
271
300
328
348
359
356
341
315
284
258
241
238
249
270
299
335
376
419
461
501
539
571
597
614
610
577
507
395
248
76
-104
-274
-419
-523
-576
-590
-575
-554
-549
-571
-623
-704
-799
-887
-942
-942
-873
-741
-562
-358
-154
27
174
277
336
356
347
321
286
252
227
215
216
225
246
271
297
323
329
311
267
198
111
16
-75
-150
-200
-219
-210
-179
-136
-92
-59
-42
-46
-70
-108
-155
-209
-263
-315
-353
-371
-367
-340
-292
-228
-157
-84
-24
12
17
-10
-56
-112
-166
-210
-238
-247
-234
-205
-164
-122
-87
-64
-53
-51
-53
-57
-57
-59
-59
-52
-31
-2
29
57
75
83
77
60
31
0
-23
-32
-26
-7
19
51
84
114
135
148
151
148
138
125
115
112
120
139
163
191
225
264
301
333
357
369
378
384
385
391
405
433
474
522
570
614
651
678
695
704
702
698
698
699
690
653
568
421
214
-47
-342
-640
-910
-1123
-1262
-1322
-1316
-1268
-1199
-1133
-1076
-1026
-982
-934
-879
-812
-731
-632
-508
-360
-188
7
216
431
626
785
883
911
871
776
649
515
394
298
227
178
138
96
42
-33
-126
-236
-352
-468
-576
-671
-748
-796
-805
-770
-689
-566
-416
-254
-103
20
103
140
133
98
50
9
-9
-2
28
71
111
141
149
125
69
-19
-130
-253
-376
-486
-568
-611
-606
-551
-459
-347
-233
-138
-75
-44
-43
-60
-79
-91
-84
-52
0
73
154
233
297
335
345
323
274
204
125
50
-7
-34
-32
0
50
111
169
216
249
267
272
271
268
273
291
322
365
416
471
529
590
651
705
742
756
750
728
703
691
698
723
759
799
834
857
870
880
898
936
989
1038
1040
955
756
441
39
-402
-828
-1187
-1440
-1568
-1580
-1508
-1394
-1277
-1177
-1096
-1029
-966
-905
-848
-795
-742
-672
-570
-418
-211
46
334
621
870
1039
1109
1073
952
788
617
475
372
305
260
223
185
139
79
6
-83
-185
-300
-428
-565
-700
-811
-874
-868
-784
-633
-440
-240
-58
81
171
218
232
224
204
181
159
139
120
103
92
90
97
107
108
82
19
-83
-215
-354
-477
-565
-605
-594
-540
-453
-354
-257
-174
-109
-60
-22
9
39
64
85
104
125
152
185
219
249
268
270
250
209
152
86
20
-33
-63
-67
-45
-2
50
106
156
198
232
255
266
269
267
271
284
310
350
398
455
512
564
597
604
585
545
497
456
428
422
437
465
499
535
566
593
616
635
659
692
732
766
770
714
581
367
89
-223
-541
-826
-1042
-1175
-1217
-1186
-1112
-1028
-957
-912
-885
-874
-873
-870
-864
-847
-814
-758
-674
-559
-415
-244
-56
134
303
433
501
503
449
361
266
190
146
129
141
167
194
208
196
148
72
-25
-129
-231
-323
-400
-460
-495
-501
-474
-415
-332
-235
-137
-49
18
61
77
68
41
9
-17
-28
-21
1
24
41
42
23
-12
-62
-125
-188
-243
-279
-290
-278
-250
-213
-175
-140
-107
-82
-62
-54
-52
-54
-54
-46
-31
-9
21
55
95
135
172
200
212
210
196
174
146
117
90
67
52
47
57
77
101
127
147
158
161
160
152
142
132
130
136
151
170
188
201
208
210
209
201
187
166
142
118
96
82
75
77
87
106
130
157
179
191
192
179
157
131
105
83
69
65
72
86
104
124
142
156
167
174
173
164
140
99
43
-23
-98
-170
-233
-280
-310
-320
-312
-293
-268
-243
-225
-218
-218
-228
-242
-256
-268
-269
-257
-232
-196
-153
-108
-66
-33
-11
-3
-7
-19
-38
-57
-72
-80
-77
-66
-48
-24
-2
18
33
38
36
25
8
-10
-27
-40
-46
-44
-33
-16
4
24
39
46
43
32
14
-7
-28
-45
-56
-59
-56
-48
-42
-39
-46
-63
-88
-120
-151
-176
-193
-193
-179
-149
-112
-73
-39
-17
-11
-20
-43
-73
-105
-133
-148
-148
-135
-108
-73
-37
-6
16
27
25
13
-8
-30
-49
-61
-64
-57
-42
-22
-1
19
34
42
44
40
29
18
7
0
-3
0
9
22
35
50
62
70
73
69
60
49
39
30
27
31
42
59
80
98
110
114
107
94
75
57
41
31
30
33
42
53
61
65
63
58
50
41
34
29
25
25
25
26
29
31
32
35
38
44
52
59
66
71
72
72
70
64
59
53
48
45
44
44
47
50
53
54
55
54
47
37
22
4
-16
-37
-55
-72
-88
-102
-113
-125
-135
-144
-150
-155
-155
-153
-151
-146
-145
-145
-143
-140
-135
-124
-109
-94
-77
-58
-43
-27
-13
1
17
33
48
61
69
72
67
58
45
30
15
-2
-18
-38
-60
-86
-118
-152
-189
-225
-258
-283
-300
-307
-301
-285
-259
-225
-188
-150
-119
-95
-82
-79
-83
-91
-96
-95
-83
-62
-30
6
44
77
100
113
114
104
88
64
40
18
-2
-17
-25
-29
-29
-27
-23
-23
-25
-32
-40
-47
-50
-47
-40
-24
-4
16
36
51
63
71
73
72
72
71
69
71
73
79
87
98
109
120
126
129
124
113
97
79
61
49
43
46
54
67
81
93
102
106
107
108
107
111
117
124
134
146
160
175
189
200
207
211
211
208
207
206
209
217
227
236
239
231
208
170
117
55
-10
-75
-133
-179
-212
-230
-237
-233
-223
-208
-191
-175
-160
-148
-140
-132
-124
-112
-98
-75
-45
-9
30
71
111
143
168
183
192
193
191
185
179
174
168
163
156
151
144
138
132
123
110
94
73
47
16
-15
-44
-65
-74
-73
-57
-30
3
36
68
92
105
109
103
90
73
55
41
31
29
33
43
59
76
91
103
109
109
101
87
68
44
20
-7
-31
-55
-79
-100
-121
-138
-150
-155
-149
-131
-103
-62
-20
19
45
54
39
2
-53
-120
-191
-256
-309
-351
-376
-387
-387
-376
-355
-326
-291
-252
-209
-164
-120
-76
-33
11
54
95
131
161
182
192
194
188
175
161
146
132
120
109
100
94
91
91
96
104
115
130
147
165
186
211
239
270
301
330
355
374
385
389
392
397
405
422
447
477
509
537
554
559
548
524
485
438
385
330
274
220
169
122
79
40
6
-26
-54
-86
-119
-156
-196
-235
-273
-304
-325
-335
-331
-318
-297
-274
-249
-227
-209
-197
-189
-186
-185
-183
-178
-172
-161
-152
-142
-135
-135
-139
-150
-167
-187
-209
-228
-245
-258
-267
-273
-277
-282
-287
-295
-302
-310
-319
-325
-327
-324
-316
-302
-282
-259
-233
-206
-183
-162
-145
-134
-126
-120
-115
-108
-97
-86
-70
-54
-38
-25
-18
-16
-20
-32
-48
-68
-87
-103
-114
-118
-114
-105
-91
-79
-69
-64
-64
-67
-70
-72
-65
-51
-29
-2
27
52
72
83
86
82
79
73
73
77
85
99
113
128
138
145
145
142
135
123
112
99
89
81
76
75
77
84
93
105
119
131
145
157
166
177
187
199
212
226
241
253
260
263
257
244
224
200
173
147
121
99
80
63
48
36
28
19
11
4
-2
-7
-12
-14
-16
-15
-13
-10
-8
-4
1
5
10
16
21
26
31
34
35
32
27
19
10
1
-7
-16
-23
-30
-36
-43
-48
-51
-55
-57
-59
-59
-60
-63
-66
-73
-80
-89
-97
-104
-109
-109
-107
-103
-98
-94
-92
-91
-95
-102
-109
-118
-124
-128
-129
-128
-123
-119
-116
-114
-116
-122
-128
-134
-138
-141
-140
-137
-130
-125
-119
-114
-111
-110
-108
-107
-106
-105
-103
-99
-94
-88
-80
-70
-62
-52
-44
-38
-36
-37
-39
-45
-49
-53
-55
-54
-53
-50
-48
-45
-43
-45
-49
-54
-60
-68
-73
-74
-73
-68
-57
-46
-35
-27
-21
-19
-23
-29
-35
-39
-40
-35
-25
-13
-1
9
14
13
6
-4
-14
-25
-32
-32
-26
-16
-3
10
23
30
32
30
25
14
5
-4
-9
-10
-5
6
20
34
49
59
64
62
56
44
28
12
-4
-14
-22
-28
-29
-32
-35
-42
-56
-73
-96
-123
-152
-177
-200
-216
-222
-221
-213
-197
-178
-156
-133
-108
-82
-54
-23
9
40
70
96
118
134
147
154
159
160
159
156
149
141
132
124
116
113
109
108
108
106
103
97
89
78
69
61
57
54
55
56
56
54
47
39
27
14
0
-15
-27
-38
-49
-57
-62
-65
-69
-73
-74
-78
-83
-88
-93
-95
-95
-94
-89
-82
-74
-66
-58
-51
-49
-48
-47
-49
-50
-51
-50
-48
-44
-40
-36
-31
-28
-26
-24
-22
-20
-17
-13
-5
4
15
30
43
57
70
83
95
107
117
128
137
145
153
159
166
172
180
188
198
208
216
223
228
232
233
237
239
241
245
249
251
250
251
248
244
240
238
236
234
233
231
230
229
230
232
242
251
265
283
301
321
340
360
380
399
417
433
446
452
453
443
429
407
378
346
314
280
246
214
182
151
121
92
60
30
-2
-32
-64
-92
-119
-138
-154
-164
-166
-165
-160
-154
-149
-143
-141
-138
-135
-133
-130
-125
-120
-113
-106
-99
-91
-87
-82
-79
-77
-75
-75
-72
-66
-57
-44
-29
-11
6
26
44
60
73
82
84
81
73
57
36
10
-19
-55
-90
-126
-162
-196
-222
-244
-257
-261
-257
-243
-222
-195
-161
-125
-87
-52
-19
7
28
39
41
34
21
-2
-27
-57
-89
-120
-151
-181
-209
-234
-257
-273
-287
-294
-297
-293
-283
-271
-253
-234
-212
-190
-169
-150
-133
-120
-111
-107
-107
-109
-114
-121
-128
-136
-144
-152
-163
-176
-191
-206
-220
-234
-244
-251
-254
-254
-251
-248
-244
-241
-240
-239
-242
-246
-251
-259
-269
-278
-288
-298
-306
-313
-317
-320
-322
-325
-327
-329
-327
-325
-315
-299
-272
-235
-184
-123
-50
31
118
206
293
373
444
504
553
589
611
623
625
618
604
582
554
522
486
445
403
357
312
267
223
183
147
118
97
81
71
65
59
46
26
-9
-59
-126
-208
-300
-397
-495
-589
-672
-745
-801
-843
-869
-878
-869
-844
-801
-740
-662
-570
-462
-345
-221
-97
24
137
237
323
391
440
474
494
504
506
506
506
507
509
512
513
511
506
494
475
451
421
387
355
324
298
277
261
250
241
233
226
215
200
182
160
139
119
105
93
90
93
100
109
116
120
119
112
103
90
75
63
53
47
46
46
51
56
62
66
68
68
67
64
61
58
58
58
60
65
72
77
83
88
91
92
94
96
96
99
102
105
107
109
110
109
108
104
99
94
88
79
73
64
56
48
39
30
21
12
2
-7
-18
-29
-40
-52
-64
-74
-82
-91
-97
-102
-108
-113
-118
-123
-128
-134
-137
-139
-139
-137
-133
-128
-122
-116
-111
-107
-104
-105
-108
-114
-121
-131
-142
-154
-165
-175
-184
-191
-196
-198
-197
-196
-191
-184
-175
-165
-152
-138
-124
-109
-95
-83
-70
-60
-51
-44
-34
-24
-15
-4
7
18
29
38
44
47
46
42
35
28
19
14
9
6
6
8
12
15
18
19
16
10
3
-6
-15
-24
-31
-36
-37
-36
-33
-27
-20
-14
-7
-1
1
2
-1
-6
-13
-24
-35
-46
-57
-65
-71
-73
-72
-68
-63
-59
-54
-51
-51
-55
-60
-68
-75
-81
-87
-89
-90
-87
-83
-78
-72
-67
-63
-58
-57
-55
-53
-51
-48
-43
-38
-31
-26
-21
-14
-10
-7
-5
-4
-1
2
5
11
19
25
31
35
38
39
36
32
28
22
18
15
15
15
17
20
23
26
28
27
26
22
18
15
14
12
13
15
18
23
27
33
38
40
41
40
39
36
35
34
33
35
39
44
50
55
59
63
63
61
59
55
49
44
38
35
34
33
36
40
42
46
48
47
46
42
35
30
24
19
16
17
20
26
34
43
52
59
61
61
57
51
42
31
22
13
9
5
6
6
7
10
11
10
9
6
1
-4
-9
-12
-15
-18
-19
-20
-20
-21
-22
-23
-26
-26
-28
-29
-29
-28
-27
-25
-24
-22
-21
-20
-21
-23
-25
-28
-29
-31
-33
-34
-35
-36
-36
-37
-39
-40
-43
-46
-48
-51
-52
-54
-55
-54
-54
-54
-52
-52
-52
-50
-50
-47
-47
-44
-43
-40
-39
-36
-34
-32
-31
-30
-30
-30
-28
-28
-28
-27
-25
-25
-25
-25
-25
-26
-30
-34
-36
-39
-42
-44
-44
-43
-39
-36
-31
-26
-21
-17
-14
-12
-12
-12
-12
-13
-12
-12
-11
-8
-5
-1
3
6
8
10
9
8
7
6
5
4
4
6
9
14
18
24
28
30
32
31
30
26
23
19
17
16
16
17
21
23
25
26
28
27
26
26
25
26
28
33
40
47
56
65
74
82
88
94
98
103
106
112
118
127
138
149
162
175
187
197
206
211
212
212
209
202
194
184
173
159
145
129
114
96
79
62
45
29
14
2
-9
-18
-25
-33
-38
-43
-48
-53
-57
-61
-62
-63
-64
-62
-59
-54
-48
-44
-39
-33
-27
-22
-17
-10
-3
7
18
31
45
59
73
87
96
104
107
105
103
95
85
75
64
55
47
41
38
37
36
37
37
38
35
34
29
23
17
11
5
0
-7
-13
-21
-28
-37
-49
-62
-76
-91
-108
-122
-136
-148
-155
-161
-164
-163
-159
-153
-147
-140
-132
-125
-117
-109
-102
-96
-89
-82
-74
-65
-57
-49
-42
-33
-26
-19
-13
-8
-4
-2
0
0
0
-1
-4
-7
-10
-13
-16
-20
-25
-29
-34
-40
-47
-54
-63
-72
-78
-85
-90
-94
-94
-93
-90
-85
-79
-74
-68
-63
-60
-58
-56
-55
-54
-52
-47
-44
-39
-34
-29
-24
-22
-22
-23
-27
-33
-41
-50
-59
-69
-79
-87
-96
-102
-110
-116
-120
-125
-128
-130
-130
-129
-127
-121
-115
-106
-95
-83
-70
-55
-38
-22
-2
17
37
57
76
94
111
125
135
144
151
156
159
161
162
164
165
166
167
167
167
166
163
158
152
144
136
128
119
111
102
93
87
79
73
67
61
55
47
40
34
29
23
18
14
10
6
-1
-4
-10
-15
-20
-25
-30
-35
-38
-40
-40
-42
-41
-41
-42
-42
-45
-48
-52
-54
-58
-63
-65
-67
-69
-69
-69
-69
-69
-69
-71
-72
-74
-75
-78
-78
-79
-77
-75
-72
-69
-66
-63
-61
-61
-63
-68
-73
-81
-91
-101
-112
-124
-137
-149
-161
-173
-182
-191
-199
-205
-209
-212
-211
-211
-208
-203
-196
-187
-176
-163
-149
-132
-114
-97
-79
-61
-44
-28
-15
-3
6
12
18
23
24
25
27
28
29
32
35
38
40
43
45
48
49
50
51
51
51
50
49
48
46
45
45
44
46
47
48
49
51
53
53
52
50
49
44
40
35
29
25
20
15
11
8
4
0
-6
-12
-20
-30
-41
-53
-66
-81
-93
-106
-118
-130
-139
-148
-157
-166
-175
-184
-194
-202
-209
-214
-215
-215
-210
-200
-185
-163
-135
-103
-64
-20
29
81
137
193
247
300
346
384
413
430
433
424
399
360
309
247
179
104
26
-52
-128
-201
-268
-331
-389
-441
-488
-532
-569
-603
-628
-648
-658
-655
-640
-609
-560
-495
-413
-316
-209
-93
27
147
262
369
463
544
609
659
696
719
731
735
734
728
720
710
699
687
676
662
648
632
613
593
573
550
525
502
476
452
425
398
370
342
312
282
250
219
189
158
130
105
82
63
48
37
30
26
23
21
20
17
12
4
-6
-19
-36
-55
-72
-92
-109
-126
-140
-152
-163
-172
-180
-187
-194
-202
-208
-217
-225
-233
-240
-246
-252
-256
-260
-262
-265
-267
-269
-270
-272
-273
-272
-271
-267
-261
-255
-246
-235
-223
-210
-197
-184
-171
-157
-143
-128
-112
-93
-73
-50
-26
-1
26
52
78
104
126
147
164
181
196
207
218
229
238
246
254
260
265
268
268
268
264
261
253
246
238
231
224
218
212
209
204
200
196
193
187
182
176
167
157
148
137
125
115
105
96
86
78
69
62
55
48
40
32
23
14
3
-7
-19
-31
-42
-54
-65
-76
-86
-94
-102
-108
-114
-119
-123
-126
-129
-131
-132
-133
-133
-132
-129
-127
-121
-118
-115
-111
-108
-107
-105
-106
-107
-108
-111
-113
-115
-116
-117
-117
-115
-115
-113
-111
-110
-110
-110
-110
-110
-111
-111
-112
-113
-114
-113
-113
-113
-112
-113
-114
-115
-117
-121
-126
-131
-138
-144
-152
-159
-166
-173
-178
-184
-187
-190
-192
-193
-191
-190
-187
-182
-178
-170
-162
-151
-140
-124
-109
-90
-71
-50
-28
-5
18
39
60
80
98
112
123
130
133
132
126
114
99
79
56
30
1
-27
-56
-84
-112
-136
-160
-180
-198
-213
-227
-238
-248
-255
-261
-265
-267
-269
-269
-267
-264
-259
-255
-250
-242
-235
-226
-217
-206
-194
-180
-166
-149
-132
-112
-93
-75
-55
-38
-22
-8
3
14
21
28
32
37
41
45
48
52
56
60
64
68
71
74
78
82
87
92
98
104
112
118
128
136
146
155
165
175
184
195
206
218
229
241
253
265
276
286
295
302
308
311
313
312
311
308
303
296
289
279
269
257
245
231
218
203
189
175
160
147
133
119
106
94
79
66
52
35
19
3
-15
-32
-50
-65
-80
-93
-104
-113
-119
-123
-124
-125
-122
-120
-114
-110
-104
-98
-93
-90
-87
-87
-87
-90
-95
-102
-110
-120
-132
-145
-158
-171
-183
-195
-204
-212
-217
-221
-222
-222
-220
-216
-212
-206
-199
-192
-185
-177
-167
-157
-144
-128
-109
-87
-60
-30
6
43
84
127
170
213
254
291
325
353
375
390
399
401
396
386
371
352
329
303
273
245
214
183
153
123
95
68
44
21
0
-17
-32
-45
-55
-63
-70
-75
-77
-78
-78
-75
-73
-69
-65
-59
-53
-45
-40
-33
-26
-20
-14
-8
-3
1
5
8
11
13
13
14
15
15
15
14
13
12
12
12
12
13
14
14
14
14
13
13
11
9
6
2
1
-1
-5
-9
-12
-15
-19
-24
-29
-35
-41
-48
-55
-63
-70
-76
-83
-89
-94
-98
-101
-103
-105
-106
-105
-104
-103
-101
-101
-97
-93
-89
-84
-79
-73
-66
-60
-55
-49
-45
-42
-40
-39
-40
-42
-47
-53
-62
-72
-84
-97
-111
-126
-139
-154
-165
-176
-184
-189
-192
-192
-187
-179
-168
-153
-135
-114
-92
-65
-38
-8
22
52
83
114
142
170
197
221
243
262
280
294
306
316
323
328
331
332
329
326
322
314
307
298
287
276
262
249
231
213
193
172
148
123
95
67
39
7
-23
-54
-86
-117
-148
-177
-206
-234
-261
-286
-309
-331
-350
-367
-382
-395
-405
-412
-416
-417
-416
-411
-405
-395
-385
-371
-356
-341
-323
-303
-285
-265
-245
-225
-207
-187
-167
-148
-130
-112
-93
-75
-56
-39
-21
-4
15
32
50
69
87
104
122
141
157
172
188
203
216
228
240
250
259
267
275
281
287
291
295
297
299
300
301
300
297
295
291
287
283
276
271
264
256
248
238
230
221
211
201
192
182
173
165
157
149
141
133
126
119
112
104
98
91
84
78
71
64
58
52
46
39
33
27
22
16
12
8
4
1
-2
-4
-6
-8
-10
-11
-12
-12
-14
-14
-14
-14
-14
-14
-12
-11
-10
-9
-7
-5
-3
-1
0
2
3
5
5
6
6
6
6
5
4
2
1
0
-2
-4
-6
-8
-10
-12
-15
-19
-22
-28
-31
-35
-41
-46
-51
-57
-62
-68
-73
-79
-83
-87
-92
-97
-100
-104
-107
-109
-112
-114
-113
-115
-115
-114
-113
-112
-111
-109
-106
-104
-100
-97
-93
-90
-86
-83
-79
-77
-73
-70
-67
-65
-63
-60
-59
-58
-56
-55
-53
-51
-50
-48
-47
-45
-43
-41
-39
-37
-35
-33
-30
-29
-26
-24
-23
-21
-20
-17
-17
-15
-16
-16
-15
-17
-18
-19
-20
-22
-23
-26
-27
-29
-31
-33
-34
-35
-38
-39
-41
-43
-44
-46
-48
-48
-50
-52
-53
-56
-58
-59
-60
-62
-63
-64
-65
-66
-67
-67
-67
-67
-68
-67
-67
-66
-66
-66
-67
-66
-67
-67
-68
-70
-70
-71
-72
-73
-75
-75
-76
-76
-75
-75
-75
-73
-71
-69
-67
-65
-62
-59
-56
-53
-50
-48
-45
-43
-41
-40
-40
-41
-43
-45
-48
-51
-56
-62
-68
-75
-83
-89
-97
-104
-110
-116
-122
-126
-129
-130
-130
-127
-124
-118
-111
-101
-91
-80
-67
-53
-39
-25
-11
2
14
26
36
46
54
60
65
69
71
72
73
73
72
71
72
72
74
75
79
86
93
102
114
126
142
157
174
191
210
228
244
260
275
287
300
307
311
314
313
309
302
292
279
264
246
228
207
186
164
142
120
99
79
59
43
26
13
0
-10
-19
-26
-31
-35
-38
-39
-40
-39
-37
-35
-33
-30
-27
-24
-21
-17
-15
-12
-10
-7
-5
-3
0
1
3
3
4
5
6
6
6
7
5
5
5
2
2
1
0
-2
-3
-4
-5
-6
-6
-6
-7
-8
-7
-7
-5
-5
-4
-3
-1
1
4
6
9
11
14
17
18
21
24
26
28
31
32
34
35
35
37
39
39
39
39
39
40
38
38
38
36
35
33
32
30
28
27
24
22
20
18
15
13
10
8
5
2
1
-3
-4
-7
-10
-12
-15
-17
-19
-21
-23
-27
-28
-31
-32
-34
-36
-38
-39
-39
-40
-41
-40
-40
-40
-39
-37
-36
-33
-31
-29
-26
-25
-23
-21
-19
-17
-16
-15
-15
-15
-16
-15
-16
-18
-20
-22
-24
-25
-28
-29
-31
-34
-34
-36
-38
-39
-40
-41
-42
-44
-45
-48
-50
-53
-55
-58
-62
-67
-71
-75
-79
-83
-87
-91
-94
-96
-97
-98
-98
-97
-96
-93
-89
-85
-81
-74
-69
-62
-56
-49
-43
-37
-31
-26
-20
-17
-13
-9
-7
-4
-2
-1
0
1
2
1
1
2
1
1
0
-1
-2
-2
-3
-4
-5
-6
-7
-9
-10
-12
-15
-17
-20
-24
-27
-31
-36
-41
-46
-51
-55
-60
-65
-71
-75
-78
-82
-85
-87
-87
-88
-87
-85
-82
-77
-72
-65
-57
-50
-39
-29
-18
-7
6
18
30
43
55
65
77
87
95
103
110
116
120
123
125
125
125
123
121
118
116
112
108
105
103
100
97
96
96
95
96
97
98
103
104
107
110
113
117
120
123
126
129
131
132
134
135
135
135
135
135
134
133
132
130
128
126
125
123
121
118
116
115
111
109
107
105
103
100
98
96
94
90
89
85
83
80
78
75
72
69
66
63
61
57
54
51
48
43
41
38
34
32
29
26
23
21
18
16
14
11
8
6
3
0
-3
-4
-8
-9
-12
-14
-17
-19
-21
-23
-25
-27
-29
-30
-32
-32
-35
-35
-35
-36
-37
-37
-38
-38
-38
-38
-39
-39
-40
-40
-41
-42
-44
-43
-45
-46
-49
-50
-51
-53
-55
-58
-59
-61
-64
-65
-67
-69
-71
-73
-74
-76
-76
-78
-79
-79
-81
-82
-83
-84
-84
-86
-86
-87
-87
-87
-88
-87
-88
-87
-88
-87
-86
-86
-85
-84
-84
-82
-82
-80
-80
-79
-78
-78
-76
-76
-75
-74
-74
-73
-72
-73
-70
-69
-69
-67
-66
-65
-64
-63
-62
-60
-59
-58
-56
-55
-54
-53
-52
-51
-51
-50
-48
-48
-47
-47
-45
-44
-43
-43
-41
0
0
0
0
0
0
0
0
0
0
0
0
0
0
0
0
0
0
0
0
0
0
0
0
0
0
0
0
0
0
0
0
0
0
0
0
0
0
0
0
0
0
0
0
0
0
0
0
0
0
0
0
0
0
0
0
0
0
0
0
0
0
0
0
0
0
0
0
0
0
0
0
0
0
0
0
0
0
0
0
0
0
0
0
0
0
0
0
0
0
0
0
0
0
0
0
0
0
0
0
0
0
0
0
0
0
0
0
0
0
0
0
0
0
0
0
0
0
0
0
0
0
0
0
0
0
0
0
0
0
0
0
0
0
0
0
0
0
0
0
0
0
0
0
0
0
0
0
0
0
0
0
0
0
0
0
0
0
0
0
0
0
0
0
0
0
0
0
0
0
0
0
0
0
0
0
0
0
0
0
0
0
0
0
0
0
0
0
0
0
0
0
0
0
0
0
0
0
