0
0
0
0
0
0
0
0
0
0
0
0
0
0
0
0
0
0
0
0
0
0
0
0
0
0
0
0
0
0
0
0
0
0
0
0
0
0
0
0
0
0
0
0
0
0
0
0
0
0
0
0
0
0
0
0
0
0
0
0
0
0
0
0
0
0
0
0
0
0
0
0
0
0
0
0
0
0
0
0
0
0
0
0
0
0
0
0
0
0
0
0
0
0
0
0
0
0
0
0
0
0
0
0
0
0
0
0
0
0
0
0
0
0
0
0
0
0
0
0
0
0
0
0
0
0
0
0
0
0
0
0
0
0
0
0
0
0
0
0
0
0
0
0
0
0
0
0
0
0
0
0
0
0
0
0
0
0
0
0
0
0
0
0
0
0
0
0
0
0
0
0
0
0
0
0
0
0
0
0
0
0
0
0
0
0
0
0
0
0
0
0
0
0
0
0
0
0
100
112
128
152
184
217
240
260
285
332
394
450
483
504
550
641
753
808
728
491
185
-29
-45
98
228
170
-137
-588
-976
-1118
-1001
-793
-707
-834
-1091
-1308
-1351
-1182
-886
-625
-517
-562
-646
-639
-464
-134
258
566
672
579
417
372
537
861
1182
1328
1214
912
615
494
581
753
831
711
414
54
-220
-319
-275
-212
-253
-436
-706
-943
-1034
-941
-740
-577
-562
-679
-815
-834
-671
-384
-133
-55
-141
-256
-256
-96
143
330
368
269
138
96
179
310
390
363
255
125
37
16
42
66
32
-66
-189
-286
-325
-309
-258
-217
-231
-302
-379
-401
-354
-263
-170
-119
-131
-182
-209
-158
-44
75
146
159
139
130
178
295
435
542
594
635
710
806
895
980
1096
1246
1371
1427
1436
1444
1482
1569
1680
1650
1275
589
-41
-265
-103
128
119
-275
-1024
-1834
-2251
-2082
-1641
-1423
-1578
-1900
-2171
-2274
-2096
-1621
-1100
-838
-846
-888
-806
-596
-231
311
866
1148
1079
858
756
888
1231
1650
1921
1848
1445
962
687
708
874
962
840
500
36
-395
-626
-614
-518
-539
-733
-1018
-1287
-1443
-1399
-1152
-872
-753
-816
-926
-948
-815
-498
-61
315
466
407
308
339
555
899
1226
1390
1333
1127
926
855
936
1080
1149
1051
771
344
-123
-454
-513
-359
-237
-371
-786
-1320
-1721
-1780
-1471
-1039
-834
-1006
-1365
-1577
-1456
-1052
-564
-227
-174
-339
-485
-398
-60
361
670
765
668
490
381
460
704
954
1032
876
576
293
155
199
339
417
309
31
-268
-411
-329
-103
110
179
78
-70
-79
132
481
820
1064
1191
1216
1215
1312
1555
1857
2113
2247
2130
1623
864
298
252
573
818
678
76
-869
-1777
-2145
-1837
-1329
-1216
-1593
-2137
-2553
-2688
-2427
-1829
-1273
-1125
-1319
-1490
-1419
-1112
-591
85
656
835
646
415
438
772
1300
1820
2077
1916
1443
992
859
1058
1349
1451
1240
776
230
-186
-323
-216
-99
-210
-566
-1005
-1349
-1489
-1375
-1089
-862
-885
-1117
-1330
-1341
-1112
-703
-250
51
92
-45
-148
-45
295
753
1125
1241
1100
864
731
814
1044
1197
1052
624
181
-28
4
96
58
-213
-681
-1147
-1355
-1243
-1017
-933
-1042
-1243
-1421
-1493
-1389
-1123
-830
-663
-647
-690
-685
-571
-330
-10
272
399
355
268
302
507
786
993
1039
917
697
514
508
672
834
830
665
451
284
219
284
430
552
583
548
512
542
699
970
1235
1379
1426
1454
1505
1627
1833
1920
1555
756
56
-91
186
437
395
-30
-869
-1841
-2326
-2041
-1480
-1319
-1615
-2000
-2297
-2488
-2375
-1828
-1198
-958
-1087
-1201
-1124
-914
-523
119
763
1002
791
499
457
724
1192
1697
1987
1854
1363
860
671
839
1122
1236
1062
651
134
-301
-474
-367
-217
-282
-586
-952
-1231
-1363
-1294
-1032
-771
-732
-910
-1095
-1104
-908
-555
-135
185
277
176
76
149
432
828
1157
1274
1165
954
803
819
976
1092
961
565
117
-150
-210
-198
-257
-468
-822
-1192
-1388
-1336
-1169
-1088
-1156
-1290
-1388
-1411
-1330
-1137
-892
-708
-647
-651
-607
-462
-231
48
307
461
476
449
515
714
959
1128
1158
1054
893
782
784
869
947
933
813
640
490
427
485
646
810
863
813
805
925
1106
1266
1421
1567
1643
1674
1753
1755
1349
548
-92
-123
235
437
245
-305
-1160
-2044
-2390
-1972
-1370
-1306
-1761
-2211
-2417
-2448
-2223
-1642
-1050
-907
-1134
-1258
-1080
-749
-303
313
881
1027
747
457
496
853
1352
1797
1973
1735
1205
738
625
850
1129
1172
889
398
-107
-458
-538
-390
-250
-370
-746
-1142
-1366
-1379
-1201
-903
-685
-740
-997
-1169
-1074
-762
-363
16
244
231
77
17
200
572
957
1189
1182
984
765
704
844
1041
1053
762
284
-144
-376
-430
-419
-457
-635
-977
-1363
-1588
-1565
-1413
-1276
-1201
-1207
-1312
-1435
-1400
-1146
-809
-564
-473
-485
-508
-428
-178
186
503
639
602
523
550
731
994
1191
1227
1116
938
780
725
803
921
944
829
636
460
395
512
751
955
1039
1057
1078
1116
1213
1418
1664
1842
1957
2013
1757
1001
115
-242
75
538
623
211
-645
-1740
-2512
-2392
-1618
-1119
-1394
-2047
-2530
-2728
-2627
-2083
-1291
-849
-1028
-1391
-1425
-1120
-652
-18
695
1100
944
520
345
607
1138
1706
2083
2049
1574
950
611
735
1111
1350
1212
737
140
-351
-564
-458
-216
-174
-497
-1003
-1392
-1525
-1405
-1089
-745
-651
-908
-1265
-1368
-1110
-637
-148
191
256
77
-120
-64
310
833
1237
1344
1157
854
677
762
1038
1266
1198
783
239
-147
-267
-236
-239
-386
-702
-1125
-1478
-1591
-1482
-1332
-1282
-1326
-1418
-1522
-1552
-1407
-1100
-792
-627
-612
-643
-596
-402
-78
277
525
597
541
513
649
934
1208
1330
1285
1149
999
910
949
1078
1156
1078
885
688
571
602
780
998
1122
1146
1152
1177
1225
1349
1565
1786
1953
2089
2049
1520
557
-208
-223
293
670
532
-125
-1188
-2266
-2676
-2132
-1316
-1145
-1699
-2369
-2751
-2832
-2521
-1767
-1016
-859
-1238
-1536
-1407
-986
-393
364
1024
1162
771
367
404
874
1505
2034
2229
1944
1312
757
649
976
1362
1417
1045
430
-169
-543
-581
-349
-152
-308
-814
-1353
-1641
-1615
-1343
-949
-691
-801
-1194
-1481
-1381
-941
-386
78
294
198
-61
-169
80
612
1151
1428
1354
1048
755
701
930
1261
1397
1149
597
25
-323
-397
-318
-279
-449
-882
-1423
-1797
-1844
-1641
-1404
-1287
-1354
-1578
-1793
-1773
-1453
-1005
-671
-570
-654
-757
-697
-392
69
484
676
633
506
502
721
1083
1396
1509
1407
1181
967
898
1015
1203
1272
1132
854
593
494
621
884
1108
1198
1190
1142
1108
1186
1423
1716
1948
2107
2091
1603
618
-262
-376
179
683
634
-3
-1081
-2251
-2826
-2360
-1408
-1033
-1545
-2338
-2844
-2984
-2703
-1921
-1045
-771
-1183
-1632
-1599
-1160
-516
277
992
1196
801
308
269
752
1451
2035
2265
2001
1350
723
559
917
1402
1534
1159
490
-159
-563
-611
-352
-90
-194
-725
-1348
-1699
-1686
-1398
-987
-698
-778
-1183
-1545
-1522
-1089
-476
51
299
207
-82
-248
-40
512
1124
1474
1423
1092
757
664
885
1254
1461
1265
706
69
-340
-406
-269
-194
-398
-897
-1486
-1861
-1858
-1586
-1309
-1234
-1404
-1702
-1887
-1771
-1377
-918
-615
-566
-697
-805
-688
-303
198
591
735
655
534
580
862
1254
1550
1616
1470
1225
1032
1013
1175
1362
1376
1163
852
630
608
778
1029
1230
1320
1309
1243
1225
1369
1647
1933
2181
2329
2060
1152
54
-401
25
694
894
429
-576
-1857
-2793
-2701
-1745
-1004
-1238
-2087
-2794
-3098
-2997
-2355
-1361
-745
-964
-1558
-1781
-1459
-824
-9
833
1285
1057
473
194
538
1285
2020
2410
2286
1692
968
604
834
1379
1699
1475
822
89
-436
-615
-443
-120
-47
-472
-1177
-1695
-1795
-1562
-1159
-788
-718
-1051
-1511
-1668
-1349
-730
-117
245
253
-3
-256
-201
267
940
1451
1546
1273
895
705
845
1207
1487
1395
900
266
-167
-256
-169
-189
-450
-888
-1355
-1673
-1723
-1565
-1418
-1431
-1567
-1712
-1768
-1680
-1447
-1138
-865
-734
-744
-761
-631
-340
16
349
566
624
610
684
912
1205
1439
1528
1473
1341
1227
1201
1281
1383
1375
1199
970
845
854
937
1055
1198
1326
1392
1393
1404
1491
1644
1852
2131
2289
1869
774
-302
-541
18
626
695
98
-1071
-2414
-3131
-2686
-1614
-1081
-1554
-2441
-3050
-3229
-2961
-2156
-1172
-764
-1158
-1706
-1760
-1318
-631
210
1000
1295
930
358
204
666
1465
2170
2444
2157
1451
733
473
816
1390
1631
1282
528
-238
-705
-762
-488
-181
-226
-767
-1486
-1911
-1891
-1580
-1156
-829
-848
-1234
-1641
-1672
-1236
-560
32
314
234
-41
-213
-41
491
1147
1581
1576
1231
866
740
860
1080
1212
1104
720
165
-342
-625
-681
-653
-673
-816
-1152
-1614
-1938
-1904
-1603
-1293
-1173
-1299
-1550
-1685
-1539
-1148
-673
-352
-337
-493
-522
-271
162
598
909
1024
964
866
926
1215
1566
1741
1681
1502
1307
1164
1148
1262
1394
1407
1282
1117
1021
1075
1310
1616
1796
1799
1733
1701
1798
2085
2289
1878
788
-256
-518
-53
490
554
-54
-1242
-2566
-3225
-2754
-1744
-1286
-1730
-2503
-3056
-3241
-2941
-2104
-1169
-810
-1123
-1519
-1504
-1081
-420
400
1140
1394
1064
578
474
911
1630
2253
2500
2237
1553
840
571
875
1388
1598
1252
506
-257
-735
-825
-593
-307
-356
-873
-1543
-1945
-1935
-1619
-1186
-878
-903
-1236
-1564
-1538
-1078
-419
119
356
298
96
-7
189
704
1305
1657
1610
1299
966
779
789
921
1004
866
439
-156
-641
-808
-740
-662
-722
-993
-1435
-1819
-1891
-1632
-1268
-1063
-1146
-1404
-1579
-1515
-1225
-802
-424
-275
-349
-422
-294
52
496
878
1075
1071
989
1013
1234
1556
1778
1784
1619
1410
1244
1188
1284
1488
1624
1558
1365
1236
1294
1510
1768
1974
2064
2029
1951
2016
2142
1817
823
-231
-542
-113
369
389
-185
-1299
-2619
-3395
-3042
-2007
-1419
-1801
-2604
-3145
-3280
-3005
-2246
-1309
-863
-1136
-1552
-1500
-987
-298
444
1106
1371
1107
663
548
963
1694
2319
2529
2246
1593
896
565
795
1296
1535
1209
440
-362
-861
-980
-801
-540
-552
-1040
-1727
-2123
-2062
-1727
-1341
-1085
-1104
-1374
-1640
-1578
-1097
-428
96
300
233
76
38
254
734
1299
1655
1614
1277
894
601
482
540
633
571
234
-297
-781
-986
-954
-924
-972
-1121
-1410
-1699
-1749
-1521
-1248
-1099
-1122
-1289
-1410
-1339
-1091
-722
-354
-154
-179
-242
-136
142
525
885
1101
1186
1177
1144
1196
1391
1629
1711
1604
1407
1240
1228
1378
1595
1746
1754
1688
1638
1673
1833
2073
2289
2390
2448
2396
1814
667
-384
-614
-75
499
524
-194
-1482
-2870
-3643
-3226
-2099
-1443
-1826
-2725
-3364
-3512
-3139
-2255
-1265
-808
-1091
-1565
-1567
-996
-146
708
1354
1556
1230
742
621
1078
1893
2568
2745
2369
1628
915
601
835
1346
1614
1311
488
-402
-950
-1075
-883
-611
-592
-1037
-1732
-2212
-2247
-1911
-1430
-1083
-1047
-1298
-1597
-1600
-1150
-411
246
541
481
252
136
332
849
1505
1954
1952
1532
930
425
223
369
663
807
588
-30
-792
-1289
-1365
-1152
-864
-778
-1070
-1577
-1896
-1826
-1462
-1007
-786
-949
-1257
-1408
-1233
-751
-137
270
249
23
-119
23
480
1043
1466
1598
1461
1200
1042
1199
1548
1802
1823
1634
1395
1261
1314
1550
1821
2008
2031
1901
1818
1900
2136
2398
2628
2764
2348
1174
-188
-822
-403
391
789
371
-861
-2466
-3707
-3743
-2654
-1568
-1470
-2278
-3153
-3610
-3512
-2752
-1620
-792
-762
-1257
-1553
-1270
-494
485
1345
1783
1595
1023
637
838
1619
2507
2964
2742
1960
1072
519
561
1089
1596
1581
852
-203
-1007
-1303
-1144
-790
-573
-807
-1479
-2153
-2429
-2212
-1692
-1204
-1006
-1158
-1487
-1654
-1395
-717
55
555
657
459
241
267
640
1245
1749
1852
1499
922
457
292
417
620
668
442
-52
-647
-1058
-1146
-1023
-886
-898
-1139
-1519
-1769
-1743
-1494
-1150
-949
-1022
-1243
-1353
-1208
-835
-332
53
143
44
-44
55
389
860
1262
1430
1380
1200
1072
1167
1423
1629
1659
1545
1403
1312
1334
1493
1728
1955
2034
1963
1897
1925
2060
2258
2522
2593
1951
625
-624
-935
-345
360
534
-129
-1498
-3058
-3935
-3519
-2341
-1545
-1776
-2616
-3327
-3603
-3299
-2410
-1338
-758
-927
-1341
-1397
-931
-117
780
1498
1759
1477
992
794
1159
1942
2663
2918
2530
1696
861
418
587
1130
1524
1305
442
-565
-1250
-1433
-1210
-859
-706
-1032
-1709
-2287
-2429
-2099
-1555
-1116
-990
-1184
-1448
-1467
-1085
-387
304
710
749
538
374
486
939
1532
1895
1781
1187
463
46
123
543
861
740
144
-665
-1261
-1379
-1070
-689
-603
-904
-1408
-1775
-1779
-1464
-1051
-790
-814
-1054
-1252
-1170
-782
-277
110
246
168
54
83
386
907
1391
1594
1476
1229
1074
1142
1398
1673
1825
1795
1625
1444
1414
1591
1901
2177
2309
2313
2250
2193
2213
2421
2613
2219
1082
-215
-803
-515
51
282
-176
-1292
-2755
-3815
-3731
-2753
-1886
-1881
-2507
-3121
-3414
-3242
-2551
-1564
-835
-760
-1042
-1105
-720
-21
761
1444
1792
1683
1335
1123
1340
1960
2593
2853
2567
1894
1149
643
608
944
1269
1148
448
-479
-1198
-1512
-1470
-1227
-1023
-1154
-1658
-2207
-2450
-2260
-1808
-1359
-1095
-1082
-1198
-1223
-977
-442
194
689
888
834
739
783
1064
1523
1863
1780
1258
633
300
395
703
829
544
-64
-759
-1222
-1228
-915
-682
-802
-1191
-1580
-1769
-1649
-1345
-1058
-920
-979
-1105
-1121
-918
-556
-222
24
158
200
228
330
620
1019
1332
1441
1352
1211
1148
1231
1432
1623
1714
1660
1495
1370
1380
1571
1885
2155
2288
2290
2240
2185
2213
2452
2512
1816
466
-661
-803
-234
274
191
-623
-1987
-3436
-4093
-3502
-2335
-1718
-2094
-2867
-3396
-3481
-3050
-2164
-1187
-692
-809
-1055
-953
-421
349
1108
1632
1771
1579
1299
1226
1573
2218
2722
2732
2204
1443
796
490
606
944
1127
770
-116
-1053
-1623
-1729
-1542
-1279
-1193
-1492
-2054
-2525
-2615
-2296
-1784
-1340
-1126
-1130
-1180
-1115
-818
-281
324
770
932
885
820
886
1145
1455
1582
1417
1019
606
387
414
521
450
138
-337
-794
-1029
-1014
-896
-874
-1010
-1246
-1460
-1505
-1378
-1190
-1022
-913
-862
-843
-769
-601
-381
-145
85
273
389
494
661
876
1087
1253
1357
1389
1372
1356
1384
1492
1649
1745
1712
1625
1607
1721
1935
2180
2376
2443
2382
2289
2314
2280
1717
556
-535
-792
-325
141
70
-686
-1969
-3362
-4077
-3634
-2535
-1818
-2043
-2777
-3344
-3439
-3007
-2144
-1173
-604
-603
-772
-655
-152
571
1291
1786
1921
1776
1582
1538
1792
2289
2703
2687
2162
1424
815
526
602
857
998
675
-165
-1125
-1751
-1849
-1611
-1319
-1221
-1501
-2046
-2546
-2688
-2385
-1815
-1262
-983
-1011
-1111
-1051
-720
-167
439
914
1124
1113
1031
990
1083
1226
1301
1263
1116
908
632
377
174
-32
-227
-420
-588
-741
-883
-1006
-1117
-1176
-1197
-1240
-1280
-1251
-1145
-984
-796
-617
-501
-465
-412
-284
-39
286
583
806
923
979
1023
1099
1261
1441
1574
1612
1582
1574
1624
1710
1759
1768
1820
1935
2077
2249
2450
2573
2522
2403
2380
2180
1382
112
-849
-874
-292
129
-110
-1067
-2501
-3908
-4428
-3702
-2444
-1779
-2121
-2889
-3445
-3524
-3041
-2078
-1019
-401
-340
-441
-311
152
815
1472
1952
2144
2093
1966
1934
2148
2538
2815
2688
2115
1401
842
579
617
798
830
368
-558
-1505
-2063
-2105
-1828
-1498
-1399
-1710
-2291
-2802
-2919
-2535
-1844
-1179
-851
-892
-1056
-1069
-754
-151
538
1088
1317
1209
922
739
879
1254
1586
1619
1270
701
172
-80
-46
79
63
-253
-770
-1208
-1378
-1296
-1132
-1030
-1080
-1284
-1471
-1479
-1255
-894
-585
-439
-478
-554
-501
-268
123
538
835
932
862
792
868
1142
1500
1755
1806
1677
1502
1451
1567
1796
2005
2125
2161
2123
2127
2252
2437
2545
2549
2546
2294
1370
-79
-1210
-1291
-604
-25
-156
-1107
-2624
-4172
-4879
-4244
-2870
-1941
-2068
-2813
-3452
-3643
-3259
-2340
-1209
-394
-135
-160
-83
266
841
1467
1979
2275
2357
2311
2242
2317
2585
2833
2765
2267
1584
1016
696
648
747
752
339
-542
-1501
-2110
-2212
-1972
-1675
-1570
-1831
-2365
-2859
-3000
-2657
-1983
-1296
-888
-828
-922
-919
-651
-100
590
1200
1505
1417
1100
876
995
1371
1679
1664
1269
686
171
-80
-52
56
-6
-387
-950
-1377
-1488
-1361
-1194
-1112
-1173
-1363
-1542
-1531
-1267
-870
-542
-401
-417
-441
-349
-99
270
677
994
1110
1054
1005
1117
1393
1700
1898
1936
1843
1723
1695
1813
2030
2245
2379
2406
2369
2378
2469
2591
2672
2733
2624
1913
482
-1003
-1567
-1036
-220
5
-681
-2104
-3799
-4999
-4958
-3777
-2468
-2026
-2493
-3215
-3652
-3582
-2956
-1910
-842
-144
137
227
378
721
1223
1752
2191
2511
2710
2739
2645
2610
2699
2730
2470
1954
1425
1032
795
674
585
320
-302
-1155
-1878
-2195
-2119
-1886
-1741
-1861
-2237
-2678
-2923
-2772
-2237
-1548
-1010
-781
-763
-747
-565
-166
403
1017
1491
1683
1600
1413
1291
1269
1277
1264
1206
1056
777
385
-22
-344
-573
-770
-970
-1132
-1236
-1315
-1387
-1431
-1449
-1483
-1532
-1521
-1372
-1077
-723
-446
-324
-316
-315
-211
36
424
870
1206
1326
1286
1250
1316
1464
1647
1817
1941
2001
2003
1980
1986
2071
2237
2406
2539
2668
2779
2787
2705
2699
2665
2047
607
-966
-1578
-1013
-159
57
-679
-2148
-3897
-5172
-5189
-4017
-2657
-2135
-2552
-3284
-3791
-3806
-3273
-2304
-1213
-339
183
381
420
545
900
1423
1973
2483
2883
3004
2806
2548
2469
2495
2357
1980
1544
1173
892
661
437
108
-460
-1176
-1805
-2123
-2107
-1943
-1855
-2013
-2366
-2711
-2854
-2679
-2225
-1636
-1133
-871
-799
-742
-530
-120
415
969
1415
1595
1457
1159
1002
1152
1456
1621
1447
983
426
-25
-241
-245
-205
-344
-738
-1205
-1512
-1561
-1436
-1298
-1256
-1328
-1440
-1492
-1416
-1185
-846
-535
-366
-332
-304
-178
62
407
778
1065
1184
1175
1174
1270
1472
1704
1866
1919
1894
1874
1922
2057
2275
2502
2637
2678
2700
2733
2754
2808
2936
2787
1832
163
-1261
-1496
-716
82
73
-915
-2558
-4277
-5242
-4925
-3680
-2503
-2164
-2598
-3290
-3764
-3741
-3173
-2202
-1117
-173
437
606
493
451
733
1300
1979
2632
3084
3131
2799
2404
2224
2228
2176
1967
1642
1281
939
603
252
-184
-712
-1244
-1675
-1905
-1947
-1904
-1944
-2166
-2461
-2650
-2615
-2354
-1947
-1480
-1077
-812
-670
-541
-292
110
608
1105
1464
1560
1386
1138
1090
1300
1567
1612
1312
789
257
-96
-195
-140
-136
-365
-794
-1233
-1498
-1522
-1384
-1223
-1149
-1174
-1244
-1304
-1295
-1146
-850
-503
-232
-87
-23
22
134
374
719
1056
1272
1358
1368
1382
1468
1621
1777
1873
1912
1946
2011
2133
2300
2454
2558
2638
2717
2750
2740
2787
2799
2299
997
-586
-1409
-1055
-183
236
-290
-1614
-3270
-4582
-4905
-4167
-2986
-2200
-2168
-2680
-3306
-3626
-3430
-2752
-1787
-742
184
705
682
372
271
643
1358
2160
2831
3147
2979
2488
2040
1879
1940
2009
1926
1650
1257
829
407
-27
-487
-885
-1182
-1403
-1587
-1754
-1900
-2082
-2294
-2452
-2462
-2293
-2018
-1715
-1428
-1165
-922
-706
-478
-185
199
639
1042
1312
1399
1365
1338
1368
1352
1174
871
604
472
423
331
98
-283
-724
-1079
-1224
-1162
-1015
-951
-1042
-1221
-1383
-1434
-1380
-1272
-1120
-912
-646
-407
-265
-211
-187
-94
123
463
857
1188
1377
1413
1353
1300
1328
1457
1653
1863
2045
2156
2189
2181
2180
2252
2428
2644
2783
2813
2813
2657
1948
567
-856
-1376
-801
102
381
-355
-1839
-3477
-4561
-4620
-3784
-2697
-2027
-2033
-2574
-3266
-3637
-3423
-2690
-1700
-661
236
692
558
117
-69
343
1223
2196
2886
3063
2734
2175
1746
1637
1793
2020
2092
1852
1350
787
323
-52
-386
-644
-808
-956
-1190
-1507
-1824
-2076
-2211
-2220
-2129
-1986
-1829
-1673
-1534
-1376
-1151
-855
-527
-219
82
390
686
925
1068
1112
1069
989
932
942
1005
1018
858
500
92
-178
-256
-242
-271
-405
-628
-867
-1042
-1108
-1068
-975
-897
-882
-928
-961
-904
-740
-523
-317
-151
-30
66
173
322
530
774
1002
1156
1199
1171
1153
1209
1345
1526
1702
1825
1883
1913
1964
2072
2239
2412
2513
2524
2544
2572
2303
1405
85
-868
-844
-83
555
358
-739
-2259
-3511
-3956
-3565
-2754
-2060
-1785
-1989
-2555
-3157
-3408
-3106
-2337
-1336
-346
326
428
21
-450
-467
168
1231
2241
2741
2588
2043
1550
1379
1509
1780
2025
2094
1881
1412
844
343
4
-153
-182
-208
-360
-691
-1132
-1551
-1812
-1843
-1697
-1525
-1465
-1526
-1615
-1611
-1456
-1178
-858
-573
-352
-171
-6
167
344
491
570
605
660
767
867
873
737
504
308
250
314
361
284
100
-93
-230
-320
-385
-436
-457
-430
-388
-395
-481
-594
-631
-551
-385
-206
-85
-48
-70
-82
-29
103
295
492
633
680
668
662
700
767
854
984
1164
1364
1516
1596
1623
1655
1743
1874
1989
2047
2056
1961
1600
910
137
-268
-95
385
624
237
-705
-1758
-2413
-2461
-2110
-1727
-1537
-1556
-1747
-2099
-2519
-2791
-2672
-2098
-1266
-542
-251
-441
-853
-1093
-902
-279
549
1268
1614
1514
1136
779
678
883
1272
1643
1813
1688
1300
792
336
87
115
334
519
445
59
-492
-964
-1177
-1108
-889
-708
-696
-854
-1090
-1282
-1336
-1218
-969
-687
-479
-399
-426
-485
-501
-432
-271
-44
192
352
384
293
159
93
162
333
492
537
454
317
202
136
107
88
77
86
98
71
-36
-182
-288
-295
-220
-139
-119
-173
-254
-302
-286
-221
-145
-86
-55
-50
-50
-28
33
120
211
299
384
463
525
565
594
638
716
826
954
1075
1154
1168
1125
1067
1044
1066
1086
1023
833
562
321
202
202
225
159
-58
-380
-695
-905
-993
-1007
-997
-982
-971
-989
-1079
-1239
-1390
-1414
-1236
-901
-572
-412
-459
-601
-665
-539
-239
123
422
591
634
598
523
443
398
424
521
633
662
538
283
0
-172
-167
-40
77
79
-48
-234
-389
-454
-427
-339
-229
-131
-77
-91
-164
-245
-269
-199
-51
112
213
214
137
52
26
86
199
289
297
220
119
71
103
179
232
220
153
80
30
7
-21
-62
-90
-79
-43
-46
-133
-278
-389
-381
-263
-126
-75
-139
-262
-348
-342
-265
-165
-84
-24
23
52
49
12
-20
7
110
251
347
350
271
188
166
224
324
408
440
424
391
360
336
321
324
354
400
439
442
395
321
255
218
210
209
198
177
159
150
143
122
82
35
4
-7
0
11
16
8
-12
-44
-81
-110
-120
-108
-82
-53
-31
-28
-38
-52
-60
-55
-46
-43
-61
-110
-186
-271
-343
-387
-404
-402
-400
-411
-436
-473
-508
-529
-520
-479
-415
-345
-290
-254
-232
-207
-164
-101
-20
59
127
178
212
238
258
282
307
334
361
380
384
373
348
319
296
276
254
221
181
141
109
83
54
8
-56
-122
-165
-168
-138
-109
-112
-158
-226
-279
-286
-249
-191
-144
-126
-135
-163
-193
-213
-213
-181
-122
-63
-33
-50
-109
-173
-203
-181
-124
-70
-53
-81
-137
-191
-229
-240
-227
-204
-179
-170
-183
-216
-258
-282
-270
-217
-146
-84
-52
-54
-67
-64
-28
42
124
197
248
279
300
321
349
386
429
476
520
549
555
544
525
511
511
514
505
476
429
372
313
258
203
143
82
22
-27
-73
-118
-166
-215
-262
-299
-327
-348
-359
-363
-359
-351
-343
-337
-333
-324
-304
-270
-229
-189
-162
-148
-142
-132
-114
-91
-64
-41
-29
-27
-36
-45
-52
-52
-47
-42
-42
-52
-64
-74
-77
-72
-67
-69
-72
-76
-71
-57
-36
-14
2
10
18
31
55
88
129
167
197
219
234
249
271
294
319
338
347
346
334
316
299
286
274
262
238
200
150
96
42
-4
-41
-73
-107
-144
-189
-240
-289
-330
-355
-365
-365
-360
-359
-363
-369
-373
-363
-333
-289
-238
-195
-161
-135
-110
-75
-29
25
81
126
156
175
185
193
205
220
237
246
245
234
217
197
177
158
139
120
103
87
74
60
42
23
4
-12
-22
-23
-18
-8
-1
5
8
14
27
50
82
113
139
156
166
172
180
191
207
225
236
238
228
212
192
175
163
154
143
125
99
68
37
6
-20
-43
-64
-83
-101
-121
-141
-161
-175
-182
-182
-176
-167
-157
-149
-140
-129
-115
-97
-73
-47
-22
3
20
36
48
58
68
79
90
100
107
109
101
87
68
49
32
18
4
-14
-38
-67
-99
-128
-151
-166
-173
-177
-183
-192
-203
-209
-207
-194
-173
-147
-121
-100
-82
-64
-46
-23
6
37
64
84
95
101
108
116
128
138
146
145
136
121
103
88
76
65
51
28
1
-28
-53
-71
-85
-99
-113
-128
-142
-153
-159
-160
-156
-148
-140
-131
-124
-115
-102
-84
-62
-38
-18
-3
7
19
32
49
68
85
95
99
98
96
95
97
101
101
96
83
67
49
36
26
16
6
-9
-25
-42
-57
-68
-77
-83
-89
-93
-95
-93
-87
-77
-66
-55
-43
-32
-21
-5
11
29
44
55
63
70
74
79
81
85
86
82
74
61
46
30
15
1
-11
-25
-42
-61
-83
-102
-118
-129
-135
-137
-138
-140
-143
-144
-142
-135
-120
-102
-82
-65
-51
-40
-29
-15
4
26
46
62
70
75
78
83
90
100
107
108
103
94
83
75
70
65
59
48
34
17
3
-8
-14
-19
-24
-31
-39
-48
-53
-55
-52
-46
-41
-38
-36
-34
-27
-16
-1
13
26
33
38
44
54
67
82
95
102
103
101
96
94
96
98
96
89
76
58
40
26
18
11
3
-8
-21
-37
-52
-62
-66
-67
-65
-63
-61
-61
-58
-52
-42
-30
-15
0
16
29
42
53
65
75
85
95
102
107
108
106
101
94
86
78
68
58
46
33
21
8
-3
-14
-23
-30
-38
-42
-45
-48
-47
-46
-44
-42
-39
-34
-29
-23
-14
-8
-2
2
6
9
15
20
27
33
36
36
35
34
34
37
39
40
37
32
24
17
12
9
7
3
-5
-16
-27
-38
-43
-47
-47
-50
-56
-62
-67
-70
-65
-59
-52
-45
-42
-40
-37
-28
-15
-2
11
17
21
23
28
36
48
58
63
61
56
48
45
46
48
49
45
32
17
2
-8
-15
-18
-23
-32
-44
-59
-71
-79
-81
-81
-81
-82
-83
-83
-82
-76
-69
-62
-54
-46
-38
-26
-13
-1
7
12
15
18
24
32
40
45
45
37
27
15
9
7
4
2
-6
-19
-32
-46
-53
-54
-54
-51
-49
-52
-56
-59
-56
-51
-41
-30
-21
-17
-12
-8
-5
1
8
15
21
25
27
29
27
25
26
26
26
28
26
23
17
11
3
-3
-6
-5
-7
-10
-15
-26
-36
-42
-44
-40
-38
-37
-41
-48
-54
-58
-55
-46
-38
-30
-26
-27
-26
-23
-13
1
15
25
31
35
37
43
53
62
69
72
69
64
59
56
54
52
47
38
27
14
4
-3
-9
-12
-18
-25
-35
-43
-47
-47
-45
-42
-41
-39
-39
-36
-32
-26
-19
-13
-6
0
6
11
18
22
26
28
31
32
34
36
36
34
30
24
19
16
14
11
7
2
-4
-9
-14
-16
-16
-16
-16
-19
-20
-19
-17
-12
-7
-3
1
3
5
11
17
24
30
34
37
38
38
40
42
44
46
46
44
41
37
34
31
30
27
23
19
13
9
4
1
-2
-7
-12
-16
-22
-24
-26
-26
-27
-28
-30
-31
-31
-28
-24
-20
-14
-11
-7
-3
1
7
14
22
28
33
36
40
43
46
49
52
51
51
48
46
44
41
38
33
26
20
13
7
2
-3
-7
-12
-18
-24
-28
-31
-32
-32
-30
-29
-29
-27
-25
-23
-18
-13
-9
-3
0
3
6
10
11
12
13
13
15
15
14
12
8
4
-1
-5
-7
-8
-9
-11
-15
-19
-22
-24
-23
-23
-20
-19
-18
-19
-20
-17
-15
-11
-7
-4
0
2
5
7
10
14
18
22
25
28
29
30
30
28
29
28
28
27
24
21
16
11
5
0
-3
-7
-12
-17
-23
-29
-35
-39
-42
-43
-45
-47
-49
-51
-51
-51
-50
-46
-42
-38
-34
-31
-27
-22
-17
-12
-6
-2
3
9
12
15
17
19
20
22
23
23
22
20
18
16
12
10
7
5
2
0
-3
-6
-10
-12
-13
-13
-15
-15
-15
-14
-14
-13
-12
-10
-8
-6
-5
-2
-2
1
2
3
5
6
8
7
7
5
6
6
4
4
2
0
-2
-4
-5
-7
-8
-10
-12
-14
-16
-16
-17
-18
-17
-16
-16
-15
-14
-12
-10
-8
-5
-3
-1
2
4
6
9
10
13
15
15
17
18
20
20
20
20
20
20
19
18
16
15
13
11
8
6
4
2
-2
-4
-8
-12
-14
-16
-16
-18
-18
-18
-19
-18
-17
-17
-14
-12
-9
-7
-4
0
1
4
7
10
13
15
17
18
19
20
19
20
20
19
18
16
14
11
9
8
5
3
2
-1
-3
-5
-5
-6
-6
-6
-5
-5
-4
-3
-2
0
3
5
7
8
12
13
14
16
17
17
18
19
19
18
17
16
14
12
11
10
6
5
3
1
-1
-3
-3
-6
-6
-6
-7
-7
-7
-7
-7
-5
-4
-3
-2
-2
0
-1
1
2
3
4
6
6
6
7
8
10
10
10
10
10
10
9
11
11
10
10
8
7
6
5
5
4
2
0
-1
-3
-4
-6
-6
-8
-9
-9
-9
-10
-10
-10
-10
-9
-9
-8
-6
-5
-3
-2
-1
0
2
3
4
5
6
7
7
6
7
6
6
6
5
5
3
2
0
0
-2
-3
-4
-5
-7
-7
-9
-10
-9
-10
-10
-10
-10
-9
-9
-8
-8
-6
-6
-4
-4
-3
-3
-2
-1
-1
-1
-1
-1
-2
-1
-3
-4
-4
-6
-6
-7
-8
-9
-9
-11
-11
-12
-13
-13
-13
-13
-14
-13
-12
-11
-10
-10
-9
-8
-8
-8
-6
-4
-4
-4
-2
-1
-1
0
-1
0
1
1
1
1
0
-1
0
0
-1
-2
-1
-2
-3
-4
-5
-6
-6
-7
-7
-7
-8
-9
-9
-8
-8
-8
-9
-8
-7
-7
-5
-5
-3
-2
-1
0
1
1
2
4
4
6
6
6
6
6
5
5
6
5
4
4
3
2
2
0
-1
-1
-2
-3
-5
-5
-6
-8
-8
-8
-8
-9
-8
-8
-8
-7
-7
-7
-4
-4
-3
-1
-1
1
2
3
5
5
6
7
8
8
9
8
9
9
8
7
7
7
6
5
4
3
2
2
0
0
-1
-1
-2
-1
-2
-2
-2
-2
-1
0
1
2
2
3
3
4
5
7
7
8
8
8
8
8
9
7
7
7
7
7
5
4
4
3
3
2
2
0
1
0
0
0
1
0
0
1
1
2
2
4
4
5
5
7
7
9
10
10
11
11
12
12
12
12
12
12
11
11
9
9
9
7
6
6
4
3
2
1
1
0
-1
-2
-2
-4
-3
-4
-3
-4
-4
-3
-3
-2
-3
-2
-1
0
0
1
2
2
2
2
3
3
4
4
4
4
5
5
4
4
3
4
3
3
2
1
1
0
0
-1
-1
-1
-2
-2
-3
-2
-3
-3
-3
-3
-3
-3
-4
-3
-2
-2
-2
-2
-2
0
-1
-1
-1
1
0
1
0
1
1
1
0
0
0
-1
-1
-2
-2
-4
-4
-5
-6
-6
-6
-7
-8
-7
-9
-9
-9
-10
-8
-9
-8
-8
-7
-6
-5
-5
-5
-4
-4
-2
-2
0
0
0
0
0
1
0
1
0
0
0
-1
0
0
-1
-1
-1
-2
-3
-2
-3
-3
-4
-3
-4
-4
-3
-3
-4
-3
-3
-3
-3
-3
-3
-2
-2
-2
-2
-2
-2
-2
-2
-2
-2
-3
-2
-3
-2
-3
-2
-3
-3
-3
-2
-2
-2
-2
-2
-1
-1
1
-2
-1
0
-1
0
0
0
1
1
1
1
1
1
1
1
1
0
1
1
1
1
0
0
1
1
1
1
2
1
1
1
1
1
1
2
1
0
1
1
0
0
0
0
0
-1
-1
-1
-2
-2
-2
-2
-1
-2
-1
-2
-2
-1
-1
-1
-1
0
0
1
0
0
1
1
1
1
2
2
2
2
2
2
2
3
3
3
3
4
4
4
4
4
4
4
4
3
4
3
3
3
3
3
2
2
2
2
2
2
2
0
2
0
0
0
0
0
0
0
0
0
0
-1
0
0
0
-1
0
0
0
1
0
0
1
1
1
2
2
2
2
3
2
3
3
3
3
3
4
4
5
5
5
4
4
5
4
5
4
3
3
3
3
3
2
2
2
1
0
1
0
0
0
0
-1
-1
-1
0
-2
-2
-2
-2
-2
-3
-3
-2
-2
-2
-2
-2
-1
-1
-2
0
-1
0
0
-1
-1
0
0
1
0
1
1
1
1
1
1
2
1
0
1
2
1
2
1
2
1
0
0
1
0
0
-1
-1
0
-1
-1
-1
-1
-1
-1
-1
-2
-2
-2
-2
-2
-1
-2
-1
-2
-2
-2
-1
-2
-1
-2
-2
-2
-3
-2
-2
-2
-1
-2
-2
-2
-1
-2
-3
-2
-2
-2
-2
-3
-2
-2
-2
-3
-2
-2
-2
-1
-2
-2
-1
-2
-2
-1
-2
-1
0
-1
-1
0
-1
-1
-1
-1
-1
0
-1
-1
-1
-1
-1
0
-1
-1
-2
-1
-1
-2
-1
-2
-1
-2
0
-1
-2
-1
-1
-2
-2
-1
-2
-2
-2
-1
-1
-2
-1
-2
-1
-1
-1
-1
-2
-1
0
-1
-1
-1
-1
0
-1
0
0
0
0
0
0
0
1
0
0
0
0
0
0
0
0
1
1
1
1
0
1
0
0
1
1
0
1
0
-1
0
-1
1
0
0
0
0
-1
0
-1
0
0
0
0
-1
1
1
0
1
1
0
0
0
1
1
0
0
0
0
1
1
0
0
1
0
0
1
1
1
1
1
0
1
1
0
1
1
1
1
1
2
2
1
0
1
0
0
1
1
1
2
1
1
1
1
0
1
1
0
1
0
1
1
1
1
0
1
1
1
2
1
1
0
1
1
1
1
1
1
1
1
2
1
1
1
1
1
1
1
1
2
1
1
0
1
1
0
0
0
0
0
1
1
0
1
1
0
0
0
1
0
0
0
1
0
0
1
0
1
0
0
0
1
1
0
1
0
1
0
0
0
1
0
-1
0
0
0
1
0
0
0
1
1
0
0
0
0
0
0
0
0
0
1
0
0
0
-1
0
0
-1
0
0
0
-1
-1
0
0
-1
-1
-1
0
-1
0
0
-1
-1
0
0
1
0
0
-1
0
0
0
-1
-1
-1
-1
-1
-1
-1
0
0
-1
-1
0
0
0
-1
-1
-1
-1
0
0
-1
-2
-1
-1
0
0
-1
-1
0
0
-1
0
0
0
-1
0
-1
0
0
0
-1
0
0
0
0
-1
0
0
0
-1
-1
0
-1
0
0
0
0
0
0
0
-1
0
0
0
0
0
0
1
0
0
-1
0
-1
-1
0
0
0
0
0
0
0
0
0
0
0
0
0
0
-1
0
0
0
1
0
0
0
0
0
-1
0
-1
0
0
1
1
0
0
-1
0
-1
-1
0
0
0
1
1
0
-1
0
1
0
0
0
0
1
0
1
-1
0
1
0
0
0
-1
0
0
0
1
0
-1
0
0
0
0
1
1
0
0
0
1
1
0
1
1
1
-1
1
0
0
0
0
1
0
0
0
1
0
1
1
0
1
0
0
-1
1
0
0
1
1
0
0
1
1
1
1
0
1
0
1
0
1
0
0
0
0
0
0
0
1
1
0
0
1
0
0
1
0
0
1
1
0
0
1
1
0
0
0
0
1
1
0
0
1
0
0
0
0
0
1
0
0
0
0
1
0
1
1
0
0
2
0
0
0
0
0
0
1
1
0
0
0
0
0
0
0
0
0
0
0
0
0
0
0
-1
0
0
0
-1
0
0
0
0
-1
0
0
0
0
0
0
0
0
0
0
0
0
0
0
0
-1
0
0
0
-1
0
-1
0
-1
0
0
0
0
1
0
0
0
-1
-1
1
0
0
-1
-1
0
0
0
0
0
0
-1
0
0
-1
0
0
-1
-1
0
-1
0
0
0
-1
-1
0
0
-1
0
0
0
0
0
-1
-1
0
0
0
0
1
0
0
0
0
0
0
0
0
1
0
0
0
0
0
0
0
0
-1
-1
0
0
-1
-1
-1
-1
-1
0
-1
-1
0
-1
0
1
0
0
1
0
0
0
-1
1
0
0
0
0
-1
0
-1
-1
0
0
0
0
0
0
0
-1
0
0
0
0
0
0
0
0
0
0
0
-1
0
-1
0
-1
0
0
0
-1
0
-1
0
-1
1
0
0
0
0
0
-1
0
-1
0
-1
0
0
0
0
-1
0
-1
0
1
0
0
0
0
0
0
1
0
0
0
0
0
0
-1
0
0
0
0
0
0
0
0
1
0
1
1
0
0
0
0
0
1
0
0
1
0
1
0
1
0
0
0
0
0
0
0
1
0
0
0
1
0
1
1
0
0
1
0
-1
0
0
1
0
0
0
0
0
0
0
0
0
0
0
1
0
0
0
0
0
0
0
0
0
0
0
0
0
1
1
0
0
0
0
0
0
0
1
0
0
0
1
0
1
0
0
0
0
0
0
0
-1
0
1
0
0
1
1
0
0
0
0
-1
1
1
0
0
1
1
0
0
0
0
0
0
0
0
0
0
0
0
1
0
0
0
0
0
0
-1
-1
1
0
0
1
0
0
-1
0
-1
1
0
1
0
0
0
0
1
-1
0
0
0
0
0
0
0
0
0
0
0
0
0
0
-1
0
0
0
0
1
0
0
0
0
0
0
0
0
-1
0
0
0
-1
0
0
1
0
-1
0
0
0
0
0
1
0
0
0
-1
0
0
-1
0
0
0
0
-1
0
0
0
0
0
0
1
0
0
0
0
0
1
0
0
0
0
0
0
0
-1
0
-2
0
-1
0
0
0
0
-1
0
0
0
0
0
0
0
0
0
1
0
0
0
0
0
0
0
0
0
0
0
0
0
0
-1
0
0
0
1
0
0
0
0
-1
0
-1
0
1
0
0
1
0
0
0
0
0
0
0
0
0
0
1
-1
0
-1
0
0
-1
0
0
0
0
-1
0
0
0
0
0
1
0
0
0
0
0
0
0
-1
0
0
0
0
0
0
-1
0
0
0
0
0
0
-1
0
-1
0
0
0
0
1
0
0
1
0
0
0
0
0
0
0
0
0
1
0
0
0
0
1
0
0
1
1
0
1
0
0
0
0
0
-1
-1
0
0
1
1
0
0
0
0
-1
1
0
0
-1
0
0
1
0
0
0
0
0
0
1
0
0
0
0
1
0
0
0
1
1
1
1
0
0
0
0
1
1
1
0
0
0
1
0
0
0
-1
1
1
0
0
0
0
0
0
0
0
0
0
0
0
0
1
0
1
0
0
0
0
0
0
1
1
1
1
-1
0
-1
0
0
0
0
1
0
0
0
0
0
0
0
0
1
0
1
0
0
0
1
0
0
0
0
1
0
0
0
0
-1
0
0
-1
0
0
1
0
0
0
0
0
0
0
0
-1
0
0
0
-1
-1
0
0
-1
-1
-1
-1
-1
0
-1
-1
0
-1
-1
0
-1
0
0
0
-2
-1
-1
-1
-1
-1
-1
-1
0
-1
-1
-1
-2
-1
-2
-1
-1
-1
-1
-1
-1
-1
-1
-1
-2
-3
-2
-2
-2
-1
-1
-1
-1
-1
-1
-1
-1
-2
-2
-1
-2
-2
-1
-1
-3
-2
-1
-1
-1
-1
-1
-1
0
-1
-1
-1
-1
-1
0
0
1
0
0
2
2
0
0
0
0
0
1
1
0
-1
-2
-2
-1
-2
-1
-1
0
0
1
2
1
1
1
0
2
1
1
0
-1
-1
-3
-2
-3
-3
-4
-3
-3
-2
-1
1
1
1
2
2
3
4
4
4
4
3
2
1
0
-2
-2
-3
-3
-3
-2
-2
-3
-3
-4
-5
-4
-4
-2
0
2
3
4
5
6
5
6
7
6
6
5
5
3
1
0
-1
-2
-1
-1
-2
-2
-1
0
1
1
-1
0
2
6
9
11
12
11
9
7
5
3
0
-1
-2
-3
-3
-5
-4
-4
-5
-5
-6
-8
-9
-10
-8
-5
2
9
12
11
10
7
6
8
7
5
3
0
3
9
16
20
20
19
21
27
34
37
36
30
25
25
30
35
38
35
30
25
19
10
-1
-12
-21
-30
-54
-111
-205
-317
-405
-419
-340
-184
-4
140
207
202
155
111
105
144
222
312
378
390
321
183
15
-118
-163
-110
7
122
171
129
10
-145
-292
-409
-480
-494
-439
-309
-133
34
124
103
-9
-140
-205
-148
20
249
462
582
565
405
138
-153
-361
-397
-234
64
358
504
422
143
-211
-483
-567
-440
-170
128
348
423
328
97
-191
-429
-516
-403
-123
214
466
524
370
84
-202
-369
-363
-203
38
274
423
435
303
63
-197
-377
-396
-236
34
292
420
362
147
-121
-332
-409
-342
-177
14
168
235
195
58
-128
-295
-371
-316
-147
68
239
295
219
55
-122
-248
-284
-231
-115
26
154
229
221
122
-42
-211
-310
-291
-155
44
222
304
260
111
-83
-254
-344
-324
-200
-7
189
310
294
138
-106
-332
-432
-355
-128
148
350
403
296
90
-122
-264
-293
-207
-33
175
351
432
374
192
-35
-206
-234
-104
131
369
514
523
418
254
96
-10
-35
33
183
368
509
527
379
104
-197
-398
-428
-302
-114
25
41
-64
-237
-407
-525
-567
-532
-431
-287
-138
-40
-31
-109
-223
-294
-268
-142
30
174
241
234
190
154
140
140
141
148
175
224
277
296
250
151
35
-51
-90
-101
-118
-162
-220
-256
-254
-228
-215
-239
-293
-331
-310
-218
-94
5
38
9
-43
-74
-61
-7
66
139
202
242
243
191
91
-20
-90
-83
-5
97
154
123
14
-119
-213
-233
-190
-120
-66
-50
-67
-102
-140
-176
-199
-197
-163
-97
-20
39
56
33
-6
-18
18
97
184
235
233
188
141
128
160
224
290
338
367
381
393
402
423
477
590
763
948
1050
977
711
329
-20
-195
-147
46
229
258
78
-254
-607
-862
-947
-869
-684
-470
-304
-245
-316
-490
-685
-792
-733
-504
-185
93
222
176
19
-136
-193
-118
55
248
390
443
403
293
154
25
-56
-70
-18
58
108
85
-17
-162
-286
-339
-305
-217
-127
-73
-62
-74
-78
-62
-32
-8
-4
-9
-6
19
69
128
166
172
147
106
67
45
42
56
79
99
105
85
34
-32
-87
-104
-72
-5
64
102
98
63
19
-11
-16
-4
18
40
58
67
59
31
-16
-69
-109
-121
-103
-70
-46
-44
-65
-98
-129
-148
-156
-155
-145
-122
-86
-43
-7
7
-3
-23
-31
-9
38
95
137
145
122
83
48
31
31
47
68
83
87
74
37
-12
-56
-75
-58
-7
52
87
80
33
-31
-80
-88
-51
13
74
108
107
77
37
6
-3
13
46
84
111
113
84
30
-28
-68
-75
-45
-4
30
37
17
-19
-53
-68
-62
-41
-12
13
27
23
3
-25
-52
-65
-56
-30
2
23
27
13
-8
-25
-34
-33
-24
-15
-11
-10
-13
-21
-32
-45
-55
-59
-51
-35
-12
8
22
26
23
16
12
16
28
46
64
75
77
63
42
16
-1
-8
-6
3
8
4
-9
-28
-50
-67
-75
-73
-61
-44
-30
-21
-21
-26
-33
-31
-22
-5
11
21
22
15
6
1
0
6
12
16
16
15
13
8
2
-4
-11
-14
-11
-5
1
3
2
0
0
3
10
21
32
43
52
61
65
63
53
37
23
14
11
14
18
22
21
16
9
0
-3
-1
9
26
41
51
49
37
18
0
-10
-13
-9
-2
3
7
4
-4
-16
-27
-32
-28
-17
-6
-2
-9
-26
-44
-55
-54
-43
-29
-19
-18
-23
-33
-41
-41
-37
-29
-19
-13
-15
-20
-29
-34
-34
-24
-9
7
16
17
10
0
-5
-1
12
28
38
39
30
13
-3
-13
-12
-2
11
23
30
27
17
4
-6
-7
7
27
50
64
64
53
39
30
33
46
63
77
83
84
79
72
65
58
53
50
50
52
50
43
28
12
-2
-7
-5
-2
-6
-16
-32
-43
-46
-38
-26
-17
-14
-17
-21
-24
-25
-27
-34
-44
-52
-50
-42
-33
-31
-39
-59
-80
-93
-92
-81
-64
-48
-42
-47
-62
-82
-103
-115
-111
-93
-69
-49
-44
-57
-78
-96
-98
-81
-52
-23
-5
-3
-15
-31
-44
-49
-43
-29
-13
0
5
1
-4
-6
-1
11
22
30
29
25
25
34
55
77
95
98
87
72
63
64
81
103
123
130
123
105
84
68
65
73
88
102
107
100
87
73
66
68
79
86
87
77
59
39
24
19
24
37
46
49
39
18
-9
-34
-50
-54
-44
-30
-20
-24
-43
-74
-105
-127
-131
-119
-97
-76
-67
-72
-91
-117
-139
-149
-143
-122
-98
-77
-68
-74
-90
-107
-116
-111
-96
-75
-54
-43
-44
-53
-66
-77
-82
-76
-63
-44
-26
-10
-1
4
2
0
-1
2
8
14
22
26
29
30
30
27
21
10
0
-6
-5
3
15
27
34
37
36
36
38
47
60
78
97
114
127
136
141
143
143
145
147
147
144
139
133
127
123
120
112
100
88
78
73
73
75
74
63
44
22
5
-1
4
16
25
25
12
-12
-43
-70
-84
-85
-70
-50
-36
-38
-58
-91
-122
-137
-132
-110
-80
-58
-52
-62
-80
-98
-108
-109
-103
-97
-93
-94
-96
-97
-96
-93
-87
-81
-74
-68
-62
-57
-50
-43
-36
-29
-23
-23
-24
-28
-30
-29
-24
-13
-1
13
24
32
38
43
48
56
68
79
87
90
87
80
70
64
62
65
72
79
83
85
83
77
71
69
72
83
97
112
123
124
120
110
100
95
97
104
112
115
113
104
94
86
82
78
72
62
50
36
25
18
17
19
18
13
-1
-21
-42
-56
-58
-49
-34
-23
-24
-40
-68
-98
-121
-131
-129
-120
-113
-114
-124
-139
-152
-160
-160
-149
-135
-121
-110
-107
-109
-114
-121
-126
-130
-129
-126
-119
-108
-95
-83
-74
-71
-73
-74
-72
-61
-44
-24
-7
1
0
-9
-22
-32
-36
-32
-20
-2
16
32
36
31
18
4
-1
5
24
49
73
86
88
79
66
55
53
60
78
100
120
135
142
138
129
119
111
109
113
123
133
140
140
136
126
112
97
84
73
66
63
61
59
53
43
31
14
-2
-18
-32
-42
-46
-47
-45
-43
-42
-46
-54
-63
-73
-79
-82
-84
-86
-86
-82
-76
-68
-61
-61
-69
-83
-95
-103
-100
-87
-68
-54
-49
-55
-71
-91
-105
-110
-102
-86
-67
-51
-41
-42
-49
-58
-62
-60
-50
-38
-25
-16
-14
-15
-20
-23
-24
-21
-14
-5
5
14
21
26
29
31
35
40
47
52
58
65
69
75
78
80
82
81
81
81
81
83
84
84
84
81
78
74
70
64
60
56
58
63
71
78
81
76
64
50
35
29
31
40
49
54
49
38
23
10
3
5
12
19
24
21
13
0
-15
-28
-37
-42
-42
-39
-36
-34
-35
-37
-40
-42
-41
-38
-30
-25
-22
-23
-29
-37
-44
-48
-50
-48
-44
-44
-44
-48
-50
-49
-44
-37
-28
-21
-17
-18
-21
-26
-27
-23
-17
-10
-6
-4
-7
-12
-15
-14
-11
-7
-1
1
1
-1
-3
-6
-5
-2
2
6
9
9
10
12
16
24
31
38
41
40
35
31
28
27
29
33
0
0
0
0
0
0
0
0
0
0
0
0
0
0
0
0
0
0
0
0
0
0
0
0
0
0
0
0
0
0
0
0
0
0
0
0
0
0
0
0
0
0
0
0
0
0
0
0
0
0
0
0
0
0
0
0
0
0
0
0
0
0
0
0
0
0
0
0
0
0
0
0
0
0
0
0
0
0
0
0
0
0
0
0
0
0
0
0
0
0
0
0
0
0
0
0
0
0
0
0
0
0
0
0
0
0
0
0
0
0
0
0
0
0
0
0
0
0
0
0
0
0
0
0
0
0
0
0
0
0
0
0
0
0
0
0
0
0
0
0
0
0
0
0
0
0
0
0
0
0
0
0
0
0
0
0
0
0
0
0
0
0
0
0
0
0
0
0
0
0
0
0
0
0
0
0
0
0
0
0
0
0
0
0
0
0
0
0
0
0
0
0
0
0
0
0
0
0
