0
0
0
0
0
0
0
0
0
0
0
0
0
0
0
0
0
0
0
0
0
0
0
0
0
0
0
0
0
0
0
0
0
0
0
0
0
0
0
0
0
0
0
0
0
0
0
0
0
0
0
0
0
0
0
0
0
0
0
0
0
0
0
0
0
0
0
0
0
0
0
0
0
0
0
0
0
0
0
0
0
0
0
0
0
0
0
0
0
0
0
0
0
0
0
0
0
0
0
0
0
0
0
0
0
0
0
0
0
0
0
0
0
0
0
0
0
0
0
0
0
0
0
0
0
0
0
0
0
0
0
0
0
0
0
0
0
0
0
0
0
0
0
0
0
0
0
0
0
0
0
0
0
0
0
0
0
0
0
0
0
0
0
0
0
0
0
0
0
0
0
0
0
0
0
0
0
0
0
0
0
0
0
0
0
0
0
0
0
0
0
0
0
0
0
0
0
0
48
40
30
22
12
2
-9
-20
-31
-43
-55
-67
-78
-91
-101
-113
-123
-132
-140
-147
-153
-157
-162
-164
-165
-164
-162
-158
-150
-144
-136
-126
-115
-103
-90
-77
-62
-46
-30
-13
2
18
34
49
64
79
92
104
116
127
136
143
150
155
159
160
160
161
159
156
152
146
138
128
118
108
97
86
72
60
45
32
17
2
-12
-25
-40
-52
-65
-77
-88
-98
-109
-118
-126
-135
-142
-148
-152
-157
-160
-163
-165
-165
-164
-163
-161
-157
-155
-148
-144
-138
-130
-123
-113
-104
-93
-81
-69
-57
-44
-29
-15
3
17
35
52
69
87
106
126
144
164
182
201
220
236
253
269
286
299
313
325
333
342
347
348
346
342
336
328
318
306
287
266
241
213
181
146
112
78
45
10
-26
-65
-106
-147
-186
-222
-253
-282
-307
-331
-351
-372
-389
-405
-418
-426
-426
-421
-411
-400
-387
-374
-360
-341
-324
-300
-274
-245
-211
-177
-145
-113
-85
-57
-28
2
34
66
99
130
157
183
204
223
241
258
276
294
309
322
332
339
341
340
339
336
332
327
322
312
300
286
268
247
225
202
178
152
126
100
71
42
12
-19
-52
-81
-111
-139
-167
-194
-218
-241
-262
-281
-298
-314
-327
-339
-347
-351
-354
-354
-350
-342
-335
-326
-314
-304
-289
-271
-250
-226
-204
-180
-154
-129
-106
-80
-56
-31
-6
18
43
69
91
109
125
139
151
162
171
180
187
192
194
194
189
185
177
169
160
151
144
136
127
118
108
99
88
81
74
67
63
62
63
66
71
74
79
84
90
99
109
121
135
149
164
178
192
199
205
208
211
215
219
222
222
215
203
187
165
139
112
84
57
33
11
-14
-44
-81
-121
-159
-193
-220
-241
-258
-272
-285
-299
-314
-329
-344
-355
-358
-352
-339
-322
-309
-300
-291
-282
-273
-260
-243
-221
-193
-163
-134
-109
-91
-74
-61
-45
-23
3
32
61
84
104
119
126
132
139
147
158
170
182
192
194
190
181
168
156
146
138
133
129
121
111
94
72
49
25
5
-11
-22
-32
-44
-58
-76
-96
-118
-138
-155
-167
-174
-178
-181
-183
-188
-195
-204
-210
-213
-212
-205
-196
-183
-173
-166
-160
-156
-150
-143
-131
-115
-99
-81
-64
-50
-38
-29
-15
0
17
37
59
77
94
110
122
136
150
164
179
196
210
224
233
238
245
253
262
277
292
304
313
322
327
332
341
353
368
386
402
413
416
413
406
399
395
393
390
381
367
344
312
271
222
167
118
78
45
14
-27
-83
-150
-220
-281
-331
-368
-398
-422
-441
-460
-479
-503
-533
-559
-572
-564
-539
-507
-476
-453
-437
-425
-413
-396
-372
-338
-294
-242
-191
-150
-121
-102
-87
-66
-35
5
49
93
131
163
185
201
213
228
248
276
306
331
352
362
368
365
360
353
348
346
347
346
334
308
272
233
199
173
150
122
88
49
5
-38
-79
-120
-160
-197
-226
-247
-268
-293
-323
-356
-384
-401
-408
-410
-408
-405
-403
-401
-400
-403
-402
-398
-385
-361
-336
-313
-294
-280
-268
-254
-237
-215
-190
-160
-127
-94
-63
-37
-13
10
36
67
99
132
164
196
222
246
265
282
297
314
330
343
354
362
367
375
382
390
393
394
391
391
395
401
411
422
434
446
453
452
445
434
427
427
430
429
418
395
368
337
298
245
178
108
53
18
-5
-39
-102
-192
-287
-367
-422
-459
-492
-523
-551
-565
-571
-582
-611
-650
-677
-675
-638
-581
-527
-489
-464
-442
-420
-395
-371
-346
-310
-254
-181
-111
-62
-39
-31
-23
-1
36
81
127
171
213
248
273
290
298
305
319
345
377
407
427
433
427
418
410
404
398
386
371
355
334
305
265
218
171
134
106
81
45
-6
-69
-125
-172
-207
-237
-267
-299
-327
-349
-369
-396
-428
-458
-476
-476
-462
-447
-438
-436
-437
-436
-431
-424
-414
-397
-368
-333
-299
-272
-253
-237
-219
-196
-167
-133
-95
-49
-2
42
75
100
122
150
184
220
255
288
320
351
377
390
394
391
390
396
411
427
441
449
450
446
435
420
407
408
423
447
477
500
512
509
492
469
452
452
468
487
493
479
451
416
371
305
216
117
44
15
22
20
-35
-152
-297
-416
-484
-514
-539
-576
-612
-622
-611
-604
-630
-695
-761
-785
-746
-666
-590
-537
-505
-477
-447
-425
-414
-408
-383
-320
-226
-131
-64
-33
-27
-21
-5
24
60
102
153
208
258
290
303
305
307
314
332
356
385
415
438
446
433
415
401
396
398
393
373
349
328
311
286
243
181
122
83
66
50
14
-48
-123
-183
-221
-246
-278
-319
-356
-380
-391
-407
-435
-476
-508
-519
-504
-480
-463
-457
-459
-459
-455
-445
-430
-412
-384
-351
-318
-290
-263
-241
-218
-194
-170
-143
-105
-56
-7
36
68
94
123
156
192
224
255
287
325
363
390
401
402
400
404
419
437
452
463
464
457
443
425
414
415
430
454
479
499
516
526
526
512
490
479
492
528
563
570
543
499
456
414
353
256
139
50
25
51
65
0
-153
-340
-486
-554
-571
-593
-641
-693
-712
-693
-674
-704
-791
-886
-923
-880
-787
-699
-648
-619
-587
-540
-500
-487
-495
-488
-433
-329
-214
-125
-80
-61
-44
-18
11
35
62
102
161
223
275
304
315
322
331
343
356
372
395
427
458
477
478
462
444
432
428
421
410
385
355
327
301
265
209
133
53
-7
-32
-35
-49
-101
-190
-287
-357
-385
-389
-399
-426
-461
-480
-480
-478
-499
-544
-587
-597
-560
-502
-456
-441
-444
-447
-435
-416
-400
-386
-358
-305
-235
-170
-129
-116
-117
-109
-80
-32
31
103
174
235
275
295
303
317
349
390
431
464
490
515
537
545
539
521
508
509
521
529
526
515
509
519
545
575
600
615
618
611
597
584
584
607
643
678
692
678
644
591
506
386
247
129
80
101
144
133
21
-168
-365
-505
-574
-613
-658
-703
-714
-676
-624
-620
-699
-830
-940
-964
-901
-800
-714
-657
-610
-555
-503
-483
-502
-529
-520
-446
-328
-211
-130
-87
-59
-27
8
40
63
86
117
165
219
268
309
342
369
384
391
388
388
398
417
436
447
452
451
451
451
442
421
387
343
298
260
229
196
152
90
18
-45
-81
-94
-106
-152
-236
-335
-413
-446
-446
-443
-457
-483
-502
-507
-515
-546
-600
-651
-662
-619
-547
-485
-455
-455
-460
-455
-441
-433
-426
-405
-355
-280
-204
-152
-129
-124
-115
-90
-48
2
60
124
186
238
273
292
307
332
362
394
418
437
457
480
498
502
492
478
474
480
486
486
479
478
499
539
584
617
629
625
617
616
632
663
706
748
775
782
766
717
624
480
301
141
63
85
161
198
124
-68
-298
-479
-573
-619
-675
-749
-793
-764
-686
-639
-694
-849
-1017
-1100
-1063
-953
-844
-772
-717
-648
-571
-524
-534
-581
-608
-570
-466
-347
-265
-224
-191
-134
-56
12
53
68
82
114
171
235
290
337
374
406
431
444
455
469
481
487
485
476
474
484
503
514
502
457
393
324
259
192
114
31
-31
-41
1
60
85
39
-72
-205
-315
-386
-427
-454
-476
-482
-470
-455
-458
-498
-569
-642
-685
-684
-645
-594
-545
-502
-454
-402
-356
-337
-356
-404
-455
-477
-459
-412
-354
-297
-234
-151
-32
101
161
59
-195
-444
-496
-277
108
495
779
958
1052
1054
964
828
729
726
814
954
1096
1192
1185
1060
874
743
746
886
1104
1334
1528
1671
1760
1795
1788
1759
1745
1786
1885
1956
1829
1301
306
-978
-2171
-2917
-3085
-2758
-2122
-1392
-811
-591
-775
-1198
-1624
-1869
-1826
-1436
-727
129
875
1288
1248
760
-31
-868
-1493
-1784
-1752
-1472
-1042
-611
-360
-404
-715
-1148
-1504
-1596
-1331
-741
30
800
1417
1798
1911
1780
1482
1137
873
789
892
1107
1307
1381
1256
922
434
-101
-564
-868
-965
-864
-614
-300
-9
188
256
198
59
-86
-151
-103
20
125
134
34
-145
-369
-618
-878
-1126
-1332
-1467
-1507
-1452
-1343
-1232
-1141
-1046
-919
-757
-579
-402
-231
-83
24
79
78
37
-28
-93
-143
-180
-210
-240
-273
-297
-301
-269
-194
-89
19
116
194
257
315
370
435
509
582
639
672
689
696
699
713
736
763
784
789
773
727
666
619
605
631
691
780
892
1012
1131
1262
1412
1576
1744
1904
2042
2167
2324
2549
2766
2834
2666
2226
1335
-295
-2612
-4903
-6218
-6159
-5063
-3467
-1669
34
1113
1189
513
-239
-605
-515
19
995
2141
2888
2804
1900
446
-1279
-2946
-4092
-4386
-3899
-2996
-2013
-1177
-696
-700
-1060
-1403
-1381
-866
90
1311
2488
3249
3347
2817
1889
849
-55
-636
-817
-671
-377
-134
-77
-259
-628
-1038
-1302
-1281
-942
-359
326
939
1336
1451
1326
1071
791
560
413
344
311
246
101
-145
-511
-996
-1526
-1944
-2105
-1977
-1660
-1285
-946
-698
-580
-593
-671
-700
-579
-288
98
441
608
542
265
-129
-509
-764
-842
-758
-575
-372
-239
-245
-401
-637
-843
-917
-816
-551
-193
162
442
623
704
693
631
595
649
789
944
1040
1039
940
758
532
329
198
149
176
263
379
470
515
544
613
743
929
1166
1448
1749
2020
2241
2396
2469
2463
2419
2389
2368
2357
2403
2504
2535
2369
2003
1343
-5
-2353
-5207
-7290
-7611
-6304
-4190
-1825
570
2520
3324
2837
1727
788
293
211
586
1338
1969
1906
1034
-349
-1959
-3566
-4769
-5149
-4664
-3644
-2400
-1109
-22
548
584
447
488
768
1223
1842
2513
2894
2680
1913
881
-170
-1074
-1644
-1747
-1476
-1079
-716
-411
-194
-125
-164
-143
53
400
805
1195
1478
1534
1322
945
563
261
33
-132
-251
-361
-499
-656
-798
-933
-1097
-1267
-1352
-1290
-1117
-930
-784
-678
-608
-584
-607
-654
-682
-642
-483
-199
137
407
514
438
214
-98
-437
-734
-936
-1018
-990
-888
-764
-672
-631
-615
-574
-462
-264
0
294
571
791
914
911
790
595
400
277
238
251
262
245
196
121
36
-24
-14
85
260
471
676
838
922
923
886
867
916
1050
1248
1464
1649
1784
1882
1939
1945
1933
1963
2046
2154
2291
2485
2668
2695
2538
2210
1372
-608
-3773
-6933
-8453
-7788
-5748
-3276
-613
2036
3817
3951
2816
1536
689
108
-214
116
1031
1657
1280
107
-1276
-2690
-4130
-5182
-5301
-4519
-3328
-2007
-576
699
1336
1261
981
936
1091
1285
1578
1980
2165
1802
979
58
-764
-1476
-1965
-2038
-1709
-1220
-745
-270
192
508
607
624
716
873
999
1065
1086
1014
793
494
245
93
-44
-238
-461
-649
-772
-841
-873
-890
-918
-943
-910
-794
-647
-564
-580
-644
-690
-696
-686
-673
-644
-565
-404
-153
139
376
462
365
128
-185
-524
-836
-1058
-1141
-1072
-888
-659
-465
-363
-342
-331
-254
-90
141
396
634
810
884
835
682
479
305
210
193
214
241
260
257
226
195
201
265
377
529
711
897
1035
1105
1124
1121
1128
1176
1296
1469
1633
1758
1876
2015
2159
2278
2367
2430
2493
2615
2807
2972
3005
2899
2486
1158
-1659
-5463
-8537
-9360
-7962
-5441
-2510
730
3715
5225
4719
3114
1657
635
-197
-546
82
1243
1725
970
-456
-1899
-3328
-4730
-5558
-5320
-4261
-2937
-1493
115
1509
2131
1994
1682
1573
1554
1501
1560
1760
1758
1255
392
-483
-1223
-1828
-2164
-2034
-1491
-816
-221
280
691
940
1017
1040
1123
1241
1284
1201
1014
741
403
76
-135
-213
-256
-365
-532
-678
-756
-774
-754
-717
-691
-695
-703
-679
-657
-700
-814
-916
-943
-910
-875
-853
-800
-663
-427
-120
185
385
407
247
-26
-330
-611
-838
-985
-1020
-937
-782
-639
-562
-548
-552
-506
-360
-93
250
594
873
1058
1122
1038
832
582
375
255
204
203
226
246
238
211
198
233
322
459
625
802
965
1099
1184
1216
1216
1229
1298
1442
1653
1905
2143
2325
2437
2495
2539
2634
2834
3088
3252
3209
2810
1607
-984
-4817
-8480
-10186
-9349
-6849
-3736
-340
3007
5249
5435
3969
2208
927
-18
-644
-458
543
1344
1001
-291
-1726
-3017
-4323
-5407
-5647
-4899
-3657
-2298
-767
862
2047
2411
2251
2102
2054
1879
1577
1356
1179
758
10
-781
-1356
-1719
-1925
-1869
-1480
-913
-408
-37
282
600
882
1113
1331
1521
1583
1427
1068
604
132
-263
-508
-568
-495
-408
-399
-464
-556
-654
-776
-910
-986
-938
-754
-498
-281
-211
-342
-626
-933
-1148
-1226
-1176
-1008
-714
-309
133
494
668
610
355
-2
-360
-639
-816
-903
-916
-862
-758
-647
-586
-590
-609
-552
-360
-53
301
620
851
969
965
857
684
491
328
215
143
83
22
-34
-70
-72
-23
98
282
498
722
931
1085
1147
1113
1035
969
950
993
1118
1323
1552
1734
1841
1881
1876
1874
1933
2069
2258
2500
2822
3177
3436
3516
3295
2287
-224
-4218
-8236
-10294
-9644
-7171
-4005
-502
3056
5565
5913
4413
2509
1112
82
-656
-580
421
1327
1053
-251
-1651
-2761
-3859
-4906
-5315
-4810
-3782
-2602
-1173
504
1902
2509
2502
2427
2437
2269
1848
1402
1000
425
-403
-1189
-1613
-1677
-1560
-1311
-909
-493
-269
-247
-214
16
442
966
1502
1962
2181
2008
1452
682
-67
-623
-898
-867
-616
-332
-199
-269
-459
-687
-931
-1174
-1333
-1289
-990
-524
-91
122
38
-288
-723
-1130
-1409
-1498
-1384
-1077
-621
-103
339
568
537
309
6
-272
-474
-597
-668
-717
-744
-739
-714
-693
-676
-610
-440
-153
199
539
795
934
975
946
873
790
725
689
645
558
410
231
79
0
33
190
448
754
1047
1278
1414
1448
1405
1342
1322
1392
1576
1856
2198
2539
2817
2980
3037
3078
3195
3382
3549
3562
3072
1379
-2028
-6523
-10220
-11356
-9759
-6579
-2836
1090
4577
6388
5850
3833
1861
560
-296
-662
-118
1038
1589
747
-941
-2502
-3716
-4866
-5777
-5881
-5066
-3781
-2321
-611
1201
2516
2971
2896
2806
2735
2397
1777
1117
495
-236
-1052
-1646
-1801
-1643
-1403
-1157
-893
-696
-654
-659
-460
87
885
1709
2362
2697
2585
1984
1030
11
-791
-1209
-1223
-924
-507
-204
-168
-379
-698
-995
-1194
-1242
-1087
-732
-285
92
247
107
-283
-784
-1241
-1551
-1684
-1639
-1417
-1024
-492
100
615
899
866
550
80
-404
-800
-1043
-1101
-989
-765
-526
-371
-363
-470
-588
-595
-428
-95
332
760
1104
1303
1327
1193
951
679
442
270
160
106
104
140
204
294
433
615
807
978
1127
1261
1359
1402
1397
1375
1381
1467
1679
1998
2357
2681
2921
3059
3102
3102
3132
3210
3319
3314
2694
662
-3092
-7504
-10504
-10698
-8451
-5083
-1422
2238
5147
6133
4963
2852
1168
202
-345
-318
581
1737
1894
607
-1300
-2894
-4095
-5156
-5842
-5673
-4666
-3270
-1719
-8
1604
2597
2824
2704
2650
2589
2265
1699
1101
517
-139
-781
-1191
-1290
-1242
-1209
-1201
-1173
-1136
-1079
-866
-346
489
1461
2312
2825
2866
2419
1594
617
-243
-780
-911
-704
-337
-35
21
-202
-584
-956
-1212
-1346
-1366
-1228
-879
-353
167
440
335
-90
-646
-1156
-1509
-1636
-1511
-1161
-673
-157
283
528
496
217
-163
-476
-629
-639
-571
-479
-395
-336
-326
-393
-536
-696
-775
-689
-422
-33
389
761
1033
1187
1227
1169
1047
904
759
612
452
292
161
85
83
170
341
557
759
913
1031
1139
1254
1382
1518
1652
1783
1937
2140
2385
2628
2827
2950
2997
3000
3000
3007
3033
3077
2863
1640
-1327
-5647
-9457
-10771
-9220
-6050
-2533
920
3943
5517
4931
2958
1171
293
-49
-66
603
1802
2349
1301
-832
-2797
-4076
-4986
-5631
-5612
-4779
-3562
-2324
-976
497
1646
2097
2124
2252
2523
2558
2192
1645
1083
424
-332
-928
-1164
-1173
-1207
-1320
-1404
-1429
-1437
-1342
-941
-148
866
1807
2449
2665
2403
1714
819
14
-481
-606
-424
-107
82
-54
-494
-975
-1226
-1197
-1028
-847
-666
-489
-418
-566
-920
-1297
-1487
-1408
-1124
-779
-515
-429
-525
-669
-663
-413
-12
329
451
322
-2
-436
-880
-1216
-1335
-1190
-840
-436
-155
-112
-296
-549
-673
-536
-151
364
863
1233
1402
1344
1116
837
634
558
589
663
710
681
566
411
281
235
307
490
749
1029
1273
1455
1580
1669
1763
1912
2151
2483
2865
3212
3433
3502
3461
3376
3304
3295
3212
2434
92
-3929
-8212
-10561
-9903
-7109
-3763
-608
2250
4203
4307
2712
917
181
352
761
1437
2595
3455
2734
352
-2311
-4047
-4918
-5455
-5564
-4900
-3729
-2689
-1893
-965
115
896
1233
1591
2313
3048
3231
2816
2172
1484
689
-133
-694
-884
-940
-1121
-1402
-1614
-1714
-1721
-1535
-966
-5
1090
1969
2428
2440
2065
1421
727
247
122
288
538
650
429
-232
-1211
-2097
-2448
-2157
-1514
-894
-448
-146
11
-27
-242
-498
-675
-772
-850
-943
-1043
-1143
-1213
-1144
-824
-291
234
509
459
187
-147
-422
-569
-570
-468
-352
-294
-333
-481
-720
-960
-1053
-880
-444
127
671
1083
1331
1420
1376
1247
1116
1045
1034
1020
935
776
578
374
206
126
189
394
679
978
1262
1520
1727
1873
1995
2147
2362
2644
2984
3346
3662
3875
3946
3867
3708
3500
2913
1132
-2403
-6850
-10012
-10140
-7620
-4341
-1610
600
2354
2913
1861
280
-266
440
1404
2126
2989
3844
3484
1233
-1796
-3882
-4612
-4789
-4889
-4589
-3788
-3058
-2755
-2456
-1684
-668
136
830
1787
2849
3367
3067
2362
1732
1215
688
237
5
-154
-532
-1163
-1773
-2120
-2192
-2033
-1568
-750
244
1077
1521
1597
1455
1214
959
795
827
1005
1116
922
357
-432
-1198
-1732
-1931
-1822
-1536
-1255
-1097
-1046
-1002
-908
-825
-821
-881
-932
-958
-1002
-1079
-1122
-1051
-841
-522
-167
117
222
122
-104
-328
-470
-531
-546
-536
-506
-460
-435
-480
-604
-754
-840
-789
-567
-194
252
689
1059
1328
1459
1433
1304
1176
1110
1093
1080
1059
1018
921
750
552
416
402
516
744
1065
1437
1791
2083
2325
2570
2863
3182
3481
3733
3939
4082
4150
4124
3720
2212
-1054
-5511
-9093
-9766
-7517
-4299
-1888
-439
572
942
215
-929
-1044
256
1870
2848
3433
3919
3552
1560
-1256
-3146
-3468
-3171
-3204
-3458
-3526
-3574
-3831
-3881
-3163
-1845
-599
355
1328
2326
2846
2624
2095
1812
1810
1792
1661
1493
1184
512
-465
-1350
-1824
-1910
-1774
-1469
-982
-414
48
309
448
591
766
943
1123
1320
1459
1377
1009
506
102
-125
-302
-554
-871
-1183
-1458
-1664
-1700
-1489
-1138
-888
-891
-1071
-1230
-1256
-1179
-1052
-885
-684
-485
-318
-157
13
147
185
130
37
-84
-251
-439
-558
-538
-403
-257
-209
-308
-521
-731
-802
-661
-334
79
472
791
1022
1181
1290
1377
1483
1616
1721
1709
1542
1267
981
764
679
744
929
1145
1302
1378
1439
1566
1793
2112
2504
2932
3325
3642
3885
4084
4261
4356
3986
2374
-968
-5162
-7986
-7753
-5126
-2453
-1241
-1051
-992
-1181
-1919
-2372
-1358
806
2534
3061
3078
3076
2351
435
-1556
-2123
-1411
-930
-1501
-2554
-3389
-4028
-4512
-4333
-3199
-1734
-777
-336
137
763
1163
1251
1455
2026
2606
2739
2420
1914
1327
626
-48
-443
-531
-563
-751
-1024
-1188
-1169
-1021
-782
-436
-12
359
573
658
742
923
1188
1436
1526
1352
918
335
-269
-829
-1308
-1619
-1670
-1488
-1258
-1194
-1378
-1726
-2046
-2136
-1896
-1405
-897
-602
-560
-620
-587
-395
-119
119
234
192
11
-248
-488
-620
-615
-504
-374
-334
-458
-709
-938
-967
-720
-280
159
429
487
425
393
501
772
1158
1563
1861
1950
1803
1503
1202
1035
1029
1119
1218
1270
1254
1203
1201
1342
1626
1979
2322
2621
2867
3076
3293
3547
3802
3995
3962
3188
979
-2559
-5785
-6593
-4662
-2041
-925
-1395
-2077
-2357
-2693
-2987
-2196
-100
1848
2327
1843
1611
1550
736
-593
-1037
-187
566
-75
-1699
-3077
-3795
-4122
-3949
-2972
-1671
-1053
-1318
-1600
-1206
-411
269
897
1726
2482
2631
2183
1690
1498
1451
1337
1200
1068
732
43
-753
-1213
-1164
-823
-491
-295
-236
-308
-460
-528
-324
198
875
1443
1701
1573
1135
575
119
-103
-137
-157
-314
-663
-1156
-1669
-2039
-2143
-1987
-1708
-1470
-1356
-1354
-1385
-1335
-1098
-659
-147
235
338
169
-131
-372
-426
-297
-103
17
-5
-149
-353
-537
-643
-636
-529
-372
-216
-91
6
102
239
429
640
816
930
1026
1163
1355
1543
1654
1668
1613
1524
1425
1346
1340
1416
1506
1550
1552
1574
1651
1793
2022
2339
2669
2930
3124
3300
3465
3578
3459
2611
497
-2521
-4785
-4688
-2600
-740
-711
-1899
-2757
-2882
-2837
-2549
-1336
496
1517
1112
365
367
666
359
-188
49
850
859
-449
-2057
-2910
-3061
-2934
-2474
-1700
-1303
-1806
-2585
-2555
-1584
-459
314
920
1443
1548
1192
964
1323
1958
2289
2208
1936
1469
692
-130
-493
-291
51
122
-95
-432
-804
-1113
-1171
-876
-372
114
493
759
857
764
596
515
525
505
381
167
-135
-539
-948
-1183
-1211
-1223
-1395
-1665
-1849
-1872
-1798
-1646
-1386
-1067
-815
-676
-571
-438
-322
-257
-180
-40
90
98
-10
-131
-194
-227
-260
-282
-288
-298
-306
-262
-152
-30
57
129
227
351
479
625
829
1083
1303
1407
1395
1349
1345
1401
1494
1594
1675
1709
1688
1665
1708
1811
1921
2026
2158
2304
2398
2455
2557
2728
2890
2926
2553
1244
-1148
-3542
-4168
-2562
-514
-181
-1586
-2916
-3081
-2677
-2322
-1545
-118
845
346
-758
-871
9
508
188
54
557
656
-451
-1927
-2507
-2213
-1879
-1733
-1509
-1463
-2076
-2903
-2869
-1763
-540
22
145
268
329
265
482
1264
2140
2433
2115
1647
1236
795
448
479
784
874
495
-101
-570
-828
-899
-749
-452
-269
-338
-446
-325
-14
243
360
421
432
311
94
-52
-92
-168
-357
-546
-670
-834
-1118
-1386
-1464
-1404
-1383
-1438
-1451
-1372
-1256
-1126
-941
-732
-611
-596
-560
-399
-178
-22
37
52
54
39
27
47
79
77
44
32
75
141
199
259
333
414
475
535
650
841
1054
1202
1253
1259
1301
1418
1597
1793
1950
2026
2036
2046
2107
2220
2374
2543
2661
2666
2592
2545
2611
2765
2786
2185
513
-1840
-3405
-2949
-1104
6
-811
-2474
-3226
-2811
-2153
-1573
-675
244
178
-841
-1372
-577
524
658
140
26
230
-178
-1197
-1782
-1505
-1112
-1203
-1491
-1678
-2042
-2624
-2711
-1849
-717
-275
-503
-676
-496
-195
199
904
1714
2046
1773
1410
1343
1401
1341
1288
1361
1316
912
336
-37
-145
-195
-271
-327
-420
-643
-820
-647
-163
194
113
-224
-403
-267
31
273
323
121
-253
-542
-544
-355
-278
-481
-852
-1194
-1420
-1517
-1478
-1336
-1186
-1100
-1056
-1004
-951
-905
-807
-607
-369
-217
-190
-188
-107
52
210
278
230
104
-8
-9
115
290
408
418
368
338
376
474
610
767
927
1048
1104
1120
1163
1263
1398
1541
1678
1813
1947
2087
2231
2377
2503
2574
2561
2513
2526
2622
2712
2702
2501
1844
414
-1467
-2612
-2098
-664
-155
-1307
-2830
-3191
-2502
-1848
-1485
-941
-430
-738
-1617
-1710
-556
576
531
-152
-376
-240
-548
-1187
-1311
-869
-708
-1175
-1678
-1825
-1951
-2222
-2157
-1518
-922
-959
-1283
-1192
-651
-119
283
744
1154
1202
1012
1069
1466
1761
1674
1425
1263
1088
796
563
536
514
226
-253
-629
-769
-748
-623
-428
-293
-346
-515
-579
-432
-176
25
83
-32
-258
-426
-398
-240
-166
-308
-574
-806
-952
-1045
-1104
-1139
-1179
-1240
-1272
-1199
-1027
-849
-744
-703
-667
-596
-480
-324
-150
7
111
143
126
111
148
234
326
367
348
310
312
393
528
657
721
718
713
771
899
1043
1159
1252
1361
1473
1562
1645
1776
1963
2137
2258
2359
2467
2542
2555
2563
2599
2631
2633
2527
1988
691
-969
-1823
-1211
-109
-138
-1485
-2681
-2631
-1918
-1544
-1434
-1082
-843
-1341
-2020
-1668
-344
518
157
-559
-675
-499
-696
-1019
-891
-573
-737
-1281
-1537
-1410
-1404
-1605
-1555
-1191
-1042
-1301
-1445
-1071
-493
-143
62
350
594
611
637
956
1386
1531
1384
1247
1230
1191
1105
1077
1039
794
353
-32
-205
-227
-178
-111
-146
-373
-635
-662
-442
-236
-213
-299
-388
-471
-491
-342
-82
32
-145
-450
-629
-629
-575
-566
-621
-745
-914
-1026
-989
-842
-727
-727
-798
-850
-822
-696
-514
-357
-271
-235
-178
-74
52
166
252
299
319
347
420
531
637
702
733
742
747
769
840
944
1020
1028
1008
1060
1221
1424
1583
1690
1786
1874
1947
2047
2224
2406
2470
2431
2411
2450
2474
2423
2175
1429
117
-1050
-1101
-161
347
-555
-2018
-2518
-1922
-1388
-1440
-1460
-1157
-1197
-1823
-2063
-1193
-68
53
-659
-1053
-811
-620
-791
-849
-627
-636
-1093
-1466
-1374
-1178
-1264
-1392
-1259
-1115
-1270
-1446
-1205
-689
-363
-288
-152
115
310
431
682
1027
1172
1053
941
1003
1111
1139
1131
1085
870
487
156
44
76
93
36
-101
-310
-488
-505
-397
-347
-432
-538
-564
-550
-542
-492
-403
-384
-500
-642
-673
-607
-560
-598
-700
-818
-902
-903
-816
-713
-676
-723
-809
-867
-850
-743
-598
-502
-492
-509
-474
-365
-230
-114
-41
-5
25
93
217
358
467
533
591
669
759
846
925
998
1046
1057
1057
1105
1212
1327
1398
1446
1536
1678
1821
1936
2037
2121
2138
2111
2147
2273
2387
2396
2234
1710
667
-485
-870
-241
378
-138
-1449
-2156
-1754
-1189
-1260
-1536
-1416
-1273
-1640
-2005
-1536
-563
-219
-730
-1186
-1041
-767
-814
-906
-754
-687
-999
-1337
-1281
-1043
-1050
-1230
-1257
-1174
-1228
-1306
-1095
-672
-421
-419
-378
-151
120
345
609
883
975
880
841
985
1159
1209
1179
1116
949
680
478
440
436
325
139
-23
-161
-282
-319
-269
-254
-361
-502
-547
-503
-450
-402
-351
-337
-400
-493
-535
-522
-513
-547
-629
-730
-804
-806
-746
-687
-671
-688
-710
-715
-691
-626
-544
-499
-493
-470
-386
-270
-185
-149
-133
-108
-54
50
199
339
418
445
484
575
698
819
932
1038
1119
1162
1175
1213
1315
1452
1550
1582
1603
1677
1787
1876
1951
2040
2118
2130
2120
2169
2259
2288
2209
1934
1270
279
-423
-250
387
355
-694
-1732
-1747
-1106
-855
-1161
-1381
-1347
-1527
-1891
-1742
-939
-356
-625
-1216
-1313
-973
-769
-811
-813
-775
-933
-1187
-1199
-983
-890
-1019
-1134
-1142
-1182
-1242
-1104
-757
-489
-459
-479
-352
-124
108
367
641
789
761
721
823
1002
1119
1147
1100
941
708
580
630
696
580
326
122
34
-16
-75
-134
-213
-345
-474
-511
-460
-425
-459
-520
-554
-549
-522
-493
-486
-522
-577
-620
-647
-674
-695
-692
-679
-681
-708
-733
-744
-745
-727
-684
-638
-616
-607
-560
-463
-361
-296
-259
-219
-161
-85
8
113
200
262
325
427
544
627
674
732
833
944
1034
1103
1164
1218
1268
1339
1436
1537
1619
1686
1741
1791
1850
1919
1974
2000
2017
2041
2050
2029
1904
1482
650
-227
-466
50
477
-27
-1129
-1724
-1431
-978
-1000
-1249
-1317
-1397
-1724
-1894
-1452
-768
-608
-1036
-1400
-1321
-1062
-928
-882
-871
-989
-1193
-1234
-1056
-903
-948
-1054
-1080
-1095
-1143
-1075
-810
-532
-440
-464
-404
-211
22
253
477
632
664
642
686
822
976
1079
1080
953
764
661
697
754
693
530
362
229
134
91
80
8
-165
-339
-396
-359
-336
-378
-449
-508
-536
-515
-467
-450
-494
-548
-567
-566
-574
-579
-569
-561
-573
-586
-581
-584
-609
-629
-611
-576
-557
-548
-526
-476
-410
-342
-283
-238
-192
-121
-22
81
164
225
290
382
496
608
696
768
841
922
994
1046
1097
1159
1229
1295
1362
1442
1537
1628
1702
1754
1802
1860
1905
1916
1905
1921
1988
2069
2083
1888
1340
521
-125
-136
344
553
-30
-993
-1480
-1227
-773
-672
-934
-1302
-1617
-1756
-1556
-1087
-766
-889
-1246
-1416
-1293
-1090
-962
-909
-942
-1071
-1182
-1131
-967
-879
-921
-977
-969
-952
-949
-880
-698
-486
-349
-289
-240
-150
15
249
492
638
649
610
634
759
926
1041
1036
919
775
701
715
744
721
628
502
380
293
242
186
88
-32
-122
-172
-216
-282
-347
-380
-390
-402
-435
-492
-557
-585
-558
-517
-525
-587
-651
-660
-610
-536
-482
-484
-541
-602
-603
-535
-456
-417
-421
-431
-412
-353
-279
-219
-188
-162
-106
-15
85
171
243
309
380
460
546
624
686
741
797
848
880
894
908
944
999
1053
1084
1092
1098
1121
1158
1190
1197
1191
1182
1176
1169
1174
1206
1240
1236
1170
1031
786
417
21
-202
-158
12
80
-29
-243
-500
-770
-953
-927
-736
-605
-682
-886
-1051
-1117
-1114
-1065
-1007
-1019
-1125
-1224
-1204
-1088
-1002
-994
-1010
-996
-948
-870
-764
-677
-654
-672
-637
-513
-360
-250
-201
-187
-170
-113
0
130
200
185
144
153
228
328
400
408
355
282
257
300
367
394
370
330
309
313
326
315
254
160
87
76
109
121
67
-43
-155
-212
-199
-163
-168
-241
-343
-418
-438
-418
-407
-432
-483
-521
-513
-458
-410
-411
-456
-501
-501
-452
-382
-325
-308
-322
-329
-306
-250
-190
-148
-124
-96
-50
20
97
165
216
254
298
360
436
510
571
613
652
701
763
830
893
948
1007
1070
1129
1174
1206
1232
1255
1275
1305
1350
1396
1423
1425
1381
1240
985
685
475
430
502
566
516
296
-64
-418
-605
-595
-533
-577
-740
-920
-1036
-1071
-1058
-1066
-1166
-1344
-1468
-1418
-1230
-1063
-1027
-1094
-1174
-1191
-1108
-952
-809
-755
-766
-741
-626
-469
-351
-310
-312
-298
-214
-56
114
204
187
129
123
201
329
436
478
451
406
399
442
490
491
450
409
412
455
500
492
411
299
222
217
252
262
211
114
17
-33
-33
-23
-53
-130
-212
-251
-242
-224
-240
-300
-376
-425
-417
-370
-328
-332
-380
-429
-439
-407
-362
-336
-332
-337
-327
-292
-242
-203
-189
-190
-177
-128
-55
24
88
134
173
214
264
321
380
438
499
568
641
707
755
794
837
904
993
1079
1138
1173
1199
1221
1241
1260
1283
1303
1318
1329
1313
1210
983
691
468
396
450
516
484
291
-42
-379
-562
-560
-506
-550
-704
-876
-985
-1016
-1004
-1017
-1119
-1289
-1402
-1348
-1172
-1027
-1009
-1081
-1157
-1160
-1067
-916
-796
-770
-802
-782
-666
-510
-400
-365
-374
-366
-289
-143
1
67
41
-7
0
81
193
279
306
284
260
276
328
367
355
314
290
309
359
394
372
290
191
135
143
176
173
116
24
-55
-86
-83
-83
-123
-198
-261
-278
-258
-243
-267
-328
-391
-417
-389
-341
-314
-340
-391
-424
-417
-380
-341
-318
-319
-323
-313
-280
-241
-216
-207
-197
-168
-118
-60
-7
35
69
105
152
211
273
332
386
442
499
562
625
682
731
786
853
928
990
1034
1069
1104
1140
1178
1216
1252
1279
1297
1308
1285
1176
961
700
506
453
508
568
514
299
-32
-338
-483
-467
-422
-477
-642
-822
-926
-935
-906
-921
-1036
-1201
-1295
-1231
-1067
-945
-949
-1040
-1117
-1104
-990
-838
-740
-735
-769
-744
-624
-478
-379
-358
-368
-342
-241
-89
38
75
32
-12
16
120
242
320
327
293
273
303
365
401
384
339
322
356
414
446
418
333
243
206
232
266
252
175
78
14
-1
17
14
-43
-137
-212
-230
-203
-184
-212
-281
-350
-374
-339
-282
-253
-279
-331
-362
-351
-312
-273
-258
-268
-276
-261
-221
-185
-171
-173
-169
-142
-90
-34
12
37
55
87
143
210
273
323
367
412
466
530
593
647
692
739
798
864
926
976
1012
1038
1065
1106
1157
1198
1216
1220
1229
1243
1253
1232
1139
954
719
534
472
515
559
503
303
2
-284
-436
-437
-399
-453
-618
-807
-924
-948
-928
-940
-1037
-1188
-1281
-1234
-1085
-964
-959
-1040
-1111
-1099
-996
-857
-759
-747
-779
-760
-647
-495
-388
-354
-356
-330
-236
-93
38
87
51
5
29
130
254
326
323
276
243
269
337
394
386
332
293
305
357
395
378
305
217
172
185
214
202
131
41
-26
-46
-39
-44
-88
-163
-230
-255
-252
-262
-299
-353
-396
-408
-389
-365
-365
-397
-433
-440
-414
-378
-353
-346
-346
-341
-323
-292
-265
-252
-245
-227
-190
-142
-94
-58
-33
-7
27
79
135
184
228
272
326
386
444
494
538
582
637
706
775
832
879
920
960
996
1027
1054
1079
1098
1110
1121
1132
1139
1137
1117
1047
895
679
484
392
411
464
444
289
15
-274
-452
-474
-431
-458
-602
-790
-921
-955
-936
-941
-1028
-1175
-1280
-1253
-1112
-982
-965
-1045
-1122
-1111
-1004
-858
-758
-748
-783
-766
-651
-491
-381
-358
-375
-352
-249
-91
47
97
59
13
43
151
277
344
334
289
263
297
366
413
401
352
322
344
393
421
394
319
242
211
236
271
258
186
91
21
-2
4
3
-31
-100
-169
-208
-215
-220
-246
-293
-335
-356
-351
-333
-322
-334
-363
-383
-386
-373
-351
-330
-314
-303
-295
-280
-261
-241
-219
-192
-156
-114
-70
-26
14
48
81
120
171
229
283
331
372
412
450
492
535
582
634
690
751
808
852
884
909
943
981
1015
1038
1049
1060
1068
1075
1079
1081
1082
1079
1060
995
854
654
467
368
372
416
402
265
18
-250
-427
-474
-457
-487
-607
-768
-885
-926
-919
-932
-1013
-1141
-1237
-1220
-1104
-990
-960
-1009
-1058
-1043
-953
-825
-728
-700
-707
-677
-573
-438
-342
-308
-301
-262
-167
-37
77
125
106
80
110
198
293
342
338
307
293
314
359
387
368
322
295
312
354
378
359
299
229
188
191
212
205
154
81
17
-19
-35
-54
-89
-146
-202
-236
-245
-257
-291
-342
-387
-408
-402
-381
-370
-382
-410
-434
-433
-415
-389
-370
-357
-346
-333
-312
-286
-267
-254
-233
-197
-150
-98
-53
-16
12
35
68
114
169
221
267
311
347
375
403
437
477
521
564
606
645
677
703
728
753
774
793
817
842
858
864
862
860
854
851
856
873
890
891
855
759
595
403
256
204
235
269
228
75
-155
-377
-506
-533
-532
-582
-694
-812
-883
-906
-919
-964
-1058
-1158
-1188
-1117
-999
-927
-938
-988
-1005
-951
-843
-735
-672
-660
-650
-584
-468
-360
-307
-296
-276
-206
-89
35
116
129
101
92
135
211
274
308
317
320
329
343
346
330
303
290
313
354
378
360
308
246
202
187
194
193
161
103
43
-5
-39
-68
-102
-143
-186
-221
-241
-257
-284
-323
-362
-387
-393
-379
-360
-351
-357
-373
-383
-379
-364
-342
-319
-294
-271
-247
-218
-191
-170
-154
-133
-99
-55
-4
47
89
121
147
175
209
248
291
337
381
417
444
462
478
502
536
576
612
639
661
681
702
722
735
741
750
773
806
831
833
814
793
787
791
802
811
811
808
800
765
663
486
285
157
149
221
268
201
0
-259
-452
-508
-468
-455
-536
-679
-795
-836
-825
-826
-894
-1017
-1107
-1082
-954
-829
-802
-866
-937
-935
-843
-710
-611
-586
-597
-568
-466
-340
-264
-254
-262
-226
-123
23
141
181
150
113
132
202
280
325
335
334
340
362
378
365
322
283
285
329
372
376
332
262
196
162
160
161
141
98
48
7
-30
-67
-110
-155
-194
-220
-234
-248
-275
-315
-353
-381
-392
-390
-382
-371
-361
-356
-356
-360
-367
-367
-354
-322
-281
-242
-215
-196
-181
-167
-143
-108
-68
-26
16
63
103
135
157
179
205
239
285
334
380
405
416
425
438
458
484
515
545
564
574
579
585
591
598
608
622
633
639
650
665
671
662
649
644
647
649
646
639
633
634
643
638
568
410
214
76
54
123
192
170
10
-234
-442
-520
-493
-466
-521
-641
-753
-805
-799
-794
-847
-961
-1062
-1061
-951
-825
-781
-831
-901
-917
-847
-730
-634
-601
-603
-572
-475
-359
-293
-291
-305
-275
-173
-28
93
139
116
86
104
169
236
276
287
295
316
350
374
357
301
243
227
261
312
338
313
249
171
114
96
95
87
54
12
-26
-56
-88
-128
-178
-230
-267
-279
-274
-277
-302
-343
-380
-402
-407
-399
-385
-376
-369
-359
-347
-340
-340
-338
-320
-285
-239
-192
-152
-126
-113
-103
-83
-54
-13
33
81
123
154
178
200
225
251
280
318
359
398
431
456
466
470
477
493
515
537
549
554
556
557
557
557
556
558
565
576
581
575
562
556
557
560
559
556
554
554
555
553
545
544
557
579
568
468
294
123
42
78
166
202
104
-114
-342
-460
-449
-404
-426
-532
-653
-717
-707
-675
-700
-807
-932
-971
-887
-755
-683
-707
-772
-800
-751
-645
-552
-521
-530
-510
-414
-281
-193
-186
-219
-229
-166
-38
97
175
179
155
158
197
242
261
262
270
301
349
392
388
330
254
208
219
264
309
324
297
238
169
116
86
65
44
22
3
-23
-54
-91
-136
-191
-242
-271
-275
-266
-261
-271
-294
-330
-359
-370
-358
-334
-313
-290
-270
-262
-262
-265
-263
-252
-227
-187
-138
-96
-69
-55
-45
-37
-21
6
50
101
146
180
200
210
217
231
256
288
324
356
380
394
397
398
399
403
414
429
446
459
466
465
454
442
429
423
430
439
445
441
427
407
395
396
401
401
397
397
403
403
401
392
388
401
429
446
401
270
96
-34
-59
4
75
67
-62
-265
-433
-495
-473
-462
-515
-607
-677
-691
-663
-656
-719
-834
-920
-903
-797
-694
-664
-700
-744
-741
-682
-598
-543
-528
-516
-452
-341
-240
-201
-222
-247
-224
-142
-27
73
120
124
124
147
182
205
209
211
227
261
299
321
304
247
184
148
152
181
212
225
201
147
83
36
7
-15
-36
-60
-85
-106
-126
-150
-187
-243
-297
-325
-319
-296
-278
-279
-300
-326
-341
-331
-310
-290
-272
-252
-229
-205
-188
-179
-176
-170
-148
-111
-66
-29
-7
2
10
22
41
65
94
122
152
182
208
226
231
234
245
267
296
322
341
351
357
362
369
375
377
380
390
404
412
406
392
377
371
374
382
382
371
357
348
345
339
331
328
338
355
368
365
354
343
344
361
383
394
397
404
416
397
314
177
49
-6
29
109
148
74
-97
-272
-363
-362
-341
-366
-437
-508
-537
-517
-498
-542
-650
-751
-763
-680
-567
-505
-515
-560
-586
-562
-503
-453
-434
-419
-366
-272
-184
-143
-156
-185
-183
-127
-31
64
119
134
138
150
167
178
184
194
214
245
281
304
298
267
226
196
184
188
205
226
231
209
164
113
65
29
7
-4
-14
-29
-41
-57
-83
-125
-174
-213
-231
-231
-215
-198
-197
-212
-234
-246
-249
-245
-237
-222
-204
-186
-171
-161
-158
-161
-158
-143
-117
-90
-66
-44
-26
-12
0
12
27
45
68
98
126
148
162
170
177
189
201
216
230
246
261
276
288
293
293
291
293
299
305
308
308
305
294
285
275
266
261
264
268
269
262
249
236
229
229
234
240
242
241
235
229
228
233
241
248
255
262
276
296
312
298
231
119
11
-45
-33
17
48
13
-95
-228
-316
-339
-331
-338
-373
-418
-450
-458
-459
-486
-553
-624
-650
-612
-547
-504
-499
-521
-539
-530
-498
-462
-443
-428
-388
-318
-246
-205
-205
-223
-228
-196
-130
-53
4
34
53
70
86
93
94
103
129
165
201
223
224
205
183
170
164
160
159
165
172
167
145
110
70
34
12
1
-8
-22
-40
-56
-70
-95
-128
-161
-184
-193
-189
-179
-176
-186
-203
-216
-219
-218
-213
-205
-193
-179
-165
-152
-145
-143
-141
-134
-121
-101
-83
-65
-51
-36
-24
-10
5
22
41
64
88
108
123
134
146
158
172
187
203
218
231
245
259
272
280
283
287
292
298
302
304
302
296
291
288
283
273
260
253
258
266
270
261
241
222
214
220
228
224
208
190
187
200
215
220
214
206
203
204
202
195
185
187
206
222
198
127
36
-24
-29
7
40
25
-47
-134
-187
-190
-177
-188
-229
-273
-290
-275
-254
-260
-308
-370
-399
-376
-329
-295
-290
-303
-312
-300
-275
-258
-255
-257
-237
-192
-138
-101
-92
-101
-106
-93
-60
-21
12
36
54
71
86
93
94
96
106
124
148
168
178
171
150
123
104
99
106
120
124
108
80
48
27
16
4
-13
-33
-49
-54
-55
-61
-82
-115
-145
-161
-161
-156
-156
-163
-174
-180
-182
-183
-187
-193
-194
-183
-168
-153
-144
-143
-144
-140
-131
-117
-103
-91
-80
-66
-53
-39
-24
-12
2
17
33
47
62
75
87
99
110
122
134
146
156
165
171
179
186
192
196
199
201
204
206
205
201
193
184
176
170
164
157
152
145
139
131
119
107
100
98
99
98
93
81
72
70
75
82
83
74
68
68
78
91
102
104
101
100
103
113
125
139
149
152
140
112
77
50
45
58
73
66
32
-18
-58
-75
-78
-85
-106
-136
-160
-171
-173
-185
-217
-261
-294
-300
-289
-273
-273
-291
-313
-325
-324
-316
-316
-317
-310
-291
-265
-242
-233
-236
-238
-226
-203
-171
-142
-117
-96
-76
-57
-45
-34
-23
-8
14
39
63
82
93
95
93
87
82
84
92
105
113
109
92
72
54
43
35
27
18
9
4
-1
-11
-28
-52
-73
-88
-93
-92
-98
-109
-121
-134
-142
-148
-154
-159
-162
-159
-152
-146
-143
-146
-148
-149
-144
-132
-118
-103
-89
-76
-64
-53
-41
-29
-14
1
20
39
57
73
87
97
109
118
131
144
157
170
182
190
197
200
204
205
206
207
208
209
208
207
202
195
186
180
174
171
167
164
158
152
147
141
135
126
118
110
107
107
107
105
100
94
88
83
84
89
94
98
98
99
100
102
105
111
115
118
119
121
127
131
131
123
107
92
82
81
87
87
74
51
26
7
-3
-7
-14
-28
-44
-60
-71
-80
-94
-109
-125
-135
-136
-134
-134
-140
-153
-162
-167
-166
-163
-160
-157
-152
-143
-134
-127
-124
-122
-119
-109
-94
-78
-63
-53
-46
-41
-35
-29
-22
-16
-8
0
8
13
17
17
16
13
9
6
5
6
12
16
15
6
-9
-22
-29
-30
-27
-26
-30
-37
-43
-49
-57
-65
-73
-76
-76
-71
-66
-65
-69
-77
-84
-87
-86
-83
-77
-71
-66
-62
-62
-67
-70
-72
-68
-62
-54
-46
-39
-36
-36
-38
-39
-36
-30
-19
-9
0
5
9
10
12
16
20
27
35
44
52
55
54
51
49
51
53
57
60
63
63
63
62
58
55
51
51
52
53
53
50
44
38
33
31
30
29
27
25
24
21
17
12
8
5
3
4
5
6
5
3
1
-2
-2
2
6
13
18
22
23
23
22
23
28
33
40
46
52
53
52
49
45
41
39
40
43
44
43
37
26
13
2
-5
-9
-11
-13
-17
-25
-37
-49
-62
-72
-77
-79
-79
-78
-82
-88
-96
-102
-108
-109
-108
-106
-102
-98
-94
-92
-92
-94
-93
-91
-87
-79
-70
-60
-53
-49
-47
-47
-44
-38
-30
-20
-13
-8
-6
-7
-4
-2
2
5
7
8
10
11
14
12
10
6
3
2
3
2
2
-1
-4
-5
-7
-7
-9
-10
-11
-12
-12
-13
-14
-15
-16
-15
-13
-13
-13
-12
-11
-11
-8
-7
-5
-3
-1
2
5
7
10
11
15
19
22
28
32
35
36
38
42
44
49
53
57
60
63
67
69
72
75
77
79
81
85
88
90
92
92
92
92
92
93
95
95
94
93
93
91
91
91
90
88
86
85
85
85
86
84
81
78
77
75
74
75
75
74
73
71
67
65
63
64
66
67
68
69
66
65
63
62
61
62
63
62
63
62
58
54
49
44
40
38
37
36
34
29
21
11
3
-3
-8
-11
-13
-18
-23
-30
-37
-45
-54
-61
-64
-66
-66
-67
-69
-76
-83
-89
-94
-96
-95
-93
-91
-90
-92
-96
-99
-104
-106
-105
-101
-98
-96
-97
-98
-102
-104
-106
-105
-104
-101
-98
-94
-93
-93
-95
-96
-96
-93
-90
-86
-82
-81
-79
-79
-80
-78
-77
-74
-70
-68
-64
-62
-61
-60
-59
-59
-56
-52
-48
-46
-42
-42
-41
-39
-37
-36
-33
-29
-27
-25
-23
-23
-21
-20
-18
-17
-15
-12
-9
-7
-7
-6
-5
-3
-2
2
4
6
10
11
14
16
18
19
23
26
29
31
33
35
38
40
42
45
48
50
52
54
55
57
57
57
59
60
60
59
60
60
59
58
56
57
57
57
56
56
54
53
52
52
52
52
54
54
55
54
54
53
53
53
54
56
56
57
56
55
54
52
50
49
49
47
47
44
42
38
33
29
26
23
21
18
15
11
5
0
-6
-11
-16
-20
-23
-27
-31
-36
-40
-46
-50
-55
-58
-60
-61
-63
-67
-68
-72
-75
-77
-78
-79
-79
-78
-77
-78
-77
-77
-77
-74
-73
-70
-67
-64
-60
-58
-54
-51
-48
-44
-39
-34
-30
-25
-22
-16
-12
-9
-5
1
5
9
13
17
20
24
28
30
33
35
38
40
43
44
47
48
49
51
52
53
54
54
55
54
55
54
55
53
53
51
50
49
49
49
46
45
44
43
42
40
39
38
37
37
36
35
33
33
32
31
31
32
31
30
31
31
30
30
31
30
31
31
32
31
33
33
33
33
33
34
34
33
34
34
34
33
34
33
34
34
33
32
33
31
31
30
30
31
30
29
28
27
24
24
22
22
20
18
18
15
13
10
7
5
3
1
-1
-3
-5
-8
-11
-13
-16
-18
-20
-21
-22
-23
-25
-28
-30
-32
-32
-34
-34
-35
-36
-38
-39
-41
-43
-44
-45
-45
-46
-46
-47
-48
-50
-51
-53
-54
-55
-57
-57
-57
-58
-60
-61
-64
-64
-66
-67
-67
-67
-69
-69
-71
-72
-73
-74
-74
-74
-74
-75
-74
-75
-74
-75
-74
-74
-74
-72
-71
-71
-70
-68
-68
-66
-66
-65
-62
-61
-59
-58
-56
-53
-52
-50
-48
-46
-44
-41
-40
-38
-36
-35
-33
-31
-29
-29
-27
-27
-26
-25
-26
-25
-24
-23
-23
-23
-24
-25
-24
-24
-24
-24
-23
-23
-23
-21
-21
-21
-19
-18
-15
-13
-11
-8
-5
-1
2
5
9
14
19
25
30
36
41
48
54
60
67
73
79
86
91
98
103
107
111
115
119
122
125
125
127
127
127
126
125
123
122
119
117
114
110
107
103
99
95
90
88
84
81
77
74
71
68
66
64
63
62
60
59
58
57
55
54
54
52
50
49
48
45
43
40
38
34
29
26
21
17
12
7
2
-3
-9
-13
-20
-25
-30
-35
-40
-44
-48
-52
-56
-59
-63
-65
-68
-70
-72
-72
-74
-75
-75
-76
-77
-78
-77
-77
-78
-78
-78
-77
-77
-77
-77
-76
-76
-76
-76
-74
-74
-73
-71
-70
-68
-66
-64
-61
-58
-54
-51
-48
-45
-38
-36
-31
-26
-21
-17
-11
-6
-1
4
9
14
21
25
30
35
40
45
48
53
56
59
63
66
69
72
74
75
77
78
78
79
79
80
79
79
79
78
77
77
75
72
71
69
67
65
62
59
56
53
50
48
45
41
38
35
30
27
23
20
18
14
10
7
4
2
-2
-4
-7
-8
-10
-12
-13
-12
-13
-13
-13
-12
-11
-9
-8
-5
-4
0
2
5
8
11
15
19
21
26
30
33
37
40
44
47
49
50
53
55
56
58
57
58
57
54
53
52
48
45
40
36
32
26
20
14
8
1
-6
-13
-21
-28
-35
-43
-50
-56
-64
-70
-78
-84
-90
-94
-100
-105
-110
-116
-120
-124
-126
-129
-131
-133
-135
-136
-138
-137
-137
-138
-137
-135
-134
-131
-130
-127
-124
-122
-119
-115
-112
-108
-104
-101
-97
-93
-89
-85
-80
-76
-71
-65
-62
-57
-52
-48
-44
-39
-34
-30
-24
-20
-15
-11
-6
-1
4
7
11
15
19
23
25
28
30
33
34
37
37
37
38
38
36
36
35
33
31
29
27
24
20
17
12
9
5
1
-3
-8
-11
-14
-19
-21
-24
-26
-28
-31
-31
-32
-32
-32
-32
-32
-31
-28
-28
-26
-24
-22
-20
-18
-16
-13
-11
-9
-7
-5
-4
-2
-2
-1
0
1
1
3
3
3
4
4
7
8
10
11
13
15
18
20
22
25
29
31
34
39
42
45
49
53
57
60
65
70
74
78
81
85
89
93
96
99
101
104
107
109
112
114
117
120
123
126
130
133
137
142
146
150
155
159
164
168
170
173
176
177
178
179
178
176
173
167
160
152
143
131
119
105
89
73
54
38
20
3
-15
-31
-46
-59
-72
-82
-92
-98
-104
-106
-107
-106
-102
-98
-93
-85
-77
-67
-58
-48
-38
-27
-17
-10
-1
5
11
14
17
18
19
19
18
16
15
14
14
15
16
18
23
29
35
43
53
66
77
92
105
121
134
148
161
172
182
189
195
197
198
196
189
183
173
163
151
139
127
117
107
97
91
86
84
84
83
85
88
92
94
95
95
92
86
77
63
47
26
1
-26
-57
-90
-126
-163
-198
-234
-270
-303
-334
-361
-385
-404
-418
-427
-432
-431
-425
-413
-399
-378
-355
-329
-300
-270
-240
-209
-181
-155
-132
-111
-94
-82
-74
-70
-71
-76
-84
-95
-110
-125
-142
-161
-179
-195
-211
-226
-240
-250
-259
-266
-269
-270
-269
-267
-260
-252
-242
-231
-218
-204
-188
-171
-155
-137
-119
-101
-84
-66
-50
-33
-16
-1
12
27
40
53
64
74
84
93
102
108
115
121
125
130
134
137
140
143
145
148
149
152
155
158
161
163
166
168
168
169
169
169
165
162
157
151
143
134
123
111
99
86
73
59
46
32
19
9
-3
-11
-20
-27
-32
-38
-41
-43
-44
-45
-46
-45
-45
-44
-43
-42
-42
-43
-44
-46
-47
-50
-53
-55
-58
-61
-63
-65
-67
-68
-68
-67
-66
-64
-61
-58
-54
-51
-46
-44
-39
-35
-33
-31
-28
-28
-27
-26
-26
-26
-28
-30
-30
-32
-33
-34
-33
-32
-33
-31
-29
-25
-22
-17
-12
-5
2
8
17
24
33
42
50
60
67
74
81
88
93
99
104
108
113
117
120
123
128
132
135
139
141
143
145
147
147
147
144
140
136
129
122
112
102
88
76
63
49
35
22
10
0
-9
-17
-22
-24
-23
-18
-10
1
16
35
56
80
106
136
166
196
225
255
282
307
328
344
356
363
362
356
344
325
300
271
235
196
155
111
68
24
-16
-55
-91
-121
-146
-168
-182
-191
-196
-196
-190
-182
-170
-159
-145
-132
-119
-108
-100
-93
-89
-88
-91
-95
-103
-114
-126
-139
-154
-167
-181
-193
-205
-213
-218
-221
-222
-220
-213
-206
-196
-183
-170
-155
-140
-125
-110
-95
-83
-71
-61
-53
-46
-41
-37
-35
-33
-33
-31
-30
-26
-22
-14
-4
9
26
47
71
98
127
160
193
228
260
290
317
339
355
365
366
359
344
321
289
251
208
158
108
55
3
-46
-91
-131
-163
-188
-205
-215
-217
-212
-201
-188
-172
-156
-142
-130
-125
-126
-134
-148
-171
-199
-233
-269
-307
-344
-375
-401
-416
-420
-410
-385
-344
-288
-218
-134
-40
61
167
272
374
467
548
614
661
686
690
673
634
575
498
407
307
201
90
-17
-118
-212
-293
-360
-414
-451
-473
-481
-474
-457
-431
-398
-361
-321
-281
-244
-208
-177
-151
-131
-115
-105
-98
-95
-95
-96
-98
-100
-102
-103
-102
-100
-96
-90
-82
-74
-66
-55
-46
-36
-27
-17
-9
-1
7
14
21
29
36
45
52
60
68
75
82
89
95
99
104
105
107
105
103
100
93
88
80
72
65
56
49
42
37
32
30
29
28
29
31
34
38
42
45
50
53
56
58
58
58
57
54
51
46
41
36
29
23
17
11
5
0
-6
-11
-15
-21
-25
-29
-33
-37
-40
-43
-45
-46
-47
-47
-45
-44
-41
-36
-29
-23
-13
-4
6
17
31
45
58
75
92
111
129
150
170
192
215
237
259
281
302
323
341
359
372
383
391
395
394
390
382
370
354
334
311
285
257
227
195
162
129
96
63
32
2
-27
-53
-78
-101
-120
-136
-151
-161
-170
-175
-177
-176
-173
-167
-158
-148
-134
-119
-102
-82
-61
-39
-17
7
30
53
75
97
115
129
139
147
149
144
135
119
98
72
40
5
-35
-77
-121
-165
-210
-252
-294
-333
-368
-400
-427
-451
-471
-485
-494
-501
-503
-500
-496
-485
-473
-455
-436
-412
-388
-360
-332
-303
-272
-242
-210
-181
-152
-124
-98
-74
-52
-31
-13
4
20
34
48
61
75
88
101
115
130
145
159
176
190
205
218
231
242
253
263
272
279
286
292
295
297
298
298
296
291
285
277
266
254
238
220
199
175
149
122
93
65
35
5
-23
-51
-79
-106
-132
-156
-179
-200
-221
-240
-259
-275
-292
-307
-320
-332
-341
-347
-350
-350
-345
-338
-328
-316
-304
-291
-275
-260
-240
-221
-199
-177
-157
-140
-125
-111
-99
-86
-73
-55
-34
-11
13
37
60
79
97
114
133
151
172
194
215
233
247
256
260
259
258
255
255
256
258
260
260
257
250
240
227
214
201
191
183
174
167
159
147
134
117
100
82
67
54
44
36
30
25
18
12
2
-6
-14
-21
-25
-26
-25
-23
-22
-18
-18
-19
-20
-22
-23
-24
-23
-21
-18
-16
-15
-15
-17
-20
-24
-29
-33
-35
-36
-36
-33
-32
-32
-32
-34
-35
-38
-38
-38
-37
-35
-33
-31
-29
-29
-30
-31
-32
-33
-33
-32
-29
-25
-22
-18
-14
-11
-9
-6
-4
-1
3
7
11
17
23
27
32
36
40
44
49
54
59
65
72
78
85
91
95
98
102
104
105
107
107
108
107
107
106
105
101
99
96
92
89
87
86
83
83
83
83
83
81
81
79
78
77
74
71
67
63
58
51
44
34
22
9
-4
-19
-33
-50
-67
-84
-103
-119
-136
-154
-170
-184
-196
-207
-216
-222
-226
-226
-225
-221
-215
-206
-196
-184
-171
-157
-141
-124
-106
-89
-71
-51
-32
-15
4
21
40
58
76
94
109
125
140
153
165
175
184
191
196
199
200
200
198
194
188
181
172
162
150
137
123
106
90
72
52
32
10
-13
-36
-60
-86
-111
-138
-162
-188
-211
-234
-254
-273
-291
-307
-319
-331
-338
-344
-346
-347
-345
-339
-332
-324
-314
-302
-289
-274
-258
-242
-225
-206
-188
-169
-151
-133
-115
-98
-81
-66
-50
-35
-19
-5
9
22
35
50
61
74
87
99
112
125
139
153
167
180
194
207
219
231
242
252
260
268
274
279
282
283
283
281
278
271
265
256
245
234
223
210
197
184
171
156
143
131
118
106
95
85
75
67
59
52
47
42
37
34
31
29
26
24
25
24
22
21
21
20
20
19
19
18
17
17
16
16
15
14
14
14
13
14
15
14
15
16
16
17
17
18
18
18
18
17
17
16
13
11
9
4
1
-3
-7
-13
-18
-24
-31
-38
-46
-54
-62
-71
-80
-88
-97
-106
-115
-122
-130
-138
-145
-151
-157
-163
-166
-169
-172
-173
-174
-175
-174
-173
-171
-169
-165
-161
-158
-153
-147
-141
-135
-128
-120
-114
-105
-98
-90
-82
-73
-65
-57
-49
-42
-35
-28
-21
-16
-9
-4
2
6
10
15
19
24
27
31
35
38
42
46
49
52
53
57
60
62
64
66
68
70
71
73
72
74
76
74
74
74
72
71
71
68
66
66
63
61
58
56
53
50
48
46
42
40
38
35
33
31
28
26
23
21
19
17
16
14
13
12
11
10
9
8
8
7
6
5
4
3
3
3
3
2
3
3
3
4
5
5
5
5
7
7
7
7
7
8
7
7
7
6
5
5
3
4
3
2
2
1
1
-1
-2
-3
-4
-5
-7
-9
-9
-11
-12
-13
-16
-18
-18
-20
-22
-23
-25
-26
-28
-29
-31
-32
-33
-35
-36
-37
-38
-38
-39
-40
-39
-39
-38
-38
-38
-37
-36
-35
-34
-34
-32
-31
-30
-29
-28
-29
-27
-27
-26
-26
-26
-25
-25
-24
-24
-23
-23
-23
-22
-21
-21
-20
-20
-20
-19
-19
-18
-17
-17
-16
-16
-15
-14
-13
-13
-11
-11
-11
-11
-9
-9
-9
-8
-8
-7
-7
-6
-5
-5
-5
-4
-3
-3
-2
-1
-1
-1
-1
0
0
0
1
1
0
0
0
0
0
-1
0
-1
-1
-2
-2
-2
-3
-4
-4
-5
-5
-7
-8
-8
-8
-9
-11
-12
-12
-14
-12
-13
-14
-14
-14
-13
-14
-14
-13
-12
-12
-11
-10
-8
-7
-6
-4
-3
-1
0
3
4
7
8
11
14
16
19
22
24
27
30
33
37
40
44
47
51
55
58
62
64
68
70
73
76
78
81
82
83
82
83
83
82
81
79
78
74
72
70
65
62
57
53
47
43
38
32
26
21
16
10
4
-1
-7
-12
-17
-22
-28
-33
-38
-42
-46
-50
-54
-56
-59
-63
-64
-66
-67
-67
-67
-67
-65
-63
-63
-60
-55
-52
-48
-44
-39
-32
-27
-21
-14
-7
0
7
16
24
32
42
50
59
67
76
83
92
98
105
111
115
121
123
127
129
129
130
128
126
123
119
114
106
99
90
81
71
60
47
36
23
10
-3
-16
-30
-43
-57
-69
-82
-93
-104
-116
-125
-136
-145
-153
-160
-167
-174
-178
-183
-188
-192
-194
-196
-199
-200
-201
-201
-201
-201
-200
-198
-197
-193
-190
-187
-181
-176
-169
-160
-151
-140
-129
-116
-102
-85
-68
-49
-30
-8
14
38
62
86
111
138
163
189
214
239
262
284
305
324
341
355
369
377
385
388
389
386
381
372
361
347
329
309
289
264
240
213
185
157
127
100
69
41
14
-12
-37
-60
-82
-102
-120
-136
-150
-162
-173
-182
-188
-193
-197
-200
-200
-201
-200
-199
-196
-195
-191
-188
-185
-181
-177
-174
-171
-166
-162
-158
-154
-151
-145
-141
-137
-132
-126
-120
-114
-107
-100
-94
-86
-78
-70
-62
-52
-44
-35
-26
-17
-10
-1
7
14
21
28
34
39
44
48
52
55
56
59
60
61
61
61
61
61
60
57
56
55
51
50
47
44
44
40
38
35
34
32
29
28
27
25
24
23
22
21
20
20
20
19
19
18
18
16
16
14
13
11
9
5
2
0
-6
-9
-14
-19
-24
-30
-36
-42
-47
-55
-60
-67
-72
-78
-82
-86
-91
-94
-97
-99
-100
-102
-102
-102
-100
-101
-98
-96
-94
-90
-88
-85
-82
-77
-74
-70
-66
-63
-60
-56
-53
-49
-46
-41
-38
-33
-29
-25
-22
-17
-12
-7
-2
3
8
13
19
24
29
34
40
44
49
54
58
62
66
70
73
76
79
82
85
87
88
92
94
97
99
102
105
108
111
113
116
119
122
125
126
129
130
132
133
132
134
133
131
130
127
124
121
117
113
107
103
97
91
86
79
74
67
62
55
50
46
41
36
32
28
25
22
21
18
15
14
12
11
9
8
6
4
3
1
-2
-3
-5
-9
-11
-15
-18
-23
-28
-32
-37
-43
-48
-53
-59
-65
-72
-77
-83
-90
-96
-101
-106
-111
-116
-120
-123
-126
-130
-132
-135
-136
-136
-137
-137
-136
-135
-134
-131
-128
-124
-120
-115
-110
-103
-97
-90
-83
-73
-66
-57
-48
-40
-30
-21
-13
-4
4
13
20
28
34
40
46
51
55
58
60
62
63
64
64
64
63
62
60
59
57
57
56
56
55
57
58
59
61
64
67
70
74
78
81
84
88
90
93
94
96
95
94
93
90
85
80
74
66
58
49
40
30
20
9
-1
-11
-22
-30
-39
-46
-53
-59
-64
-68
-70
-72
-73
-71
-70
-67
-65
-61
-58
-53
-48
-44
-39
-35
-31
-28
-24
-20
-17
-16
-14
-14
-12
-13
-14
-15
-16
-18
-19
-21
-23
-24
-26
-28
-29
-31
-32
-34
-33
-35
-35
-35
-35
-34
-33
-33
-32
-31
-30
-29
-28
-27
-26
-23
-22
-21
-19
-17
-16
-14
-11
-9
-7
-5
-2
0
3
5
6
9
12
14
16
18
19
22
22
22
24
24
24
24
23
22
20
18
17
14
11
9
6
4
1
-2
-5
-7
-10
-12
-14
-15
-17
-18
-20
-20
-20
-21
-19
-19
-18
-18
-16
-14
-12
-11
-9
-7
-4
-2
0
3
4
7
9
11
13
16
16
18
21
22
24
25
27
28
29
31
32
33
33
34
35
35
34
34
33
31
30
28
26
24
20
18
16
13
10
7
4
1
0
-2
-3
-4
-4
-4
-4
0
0
2
5
9
11
16
19
23
27
31
34
37
40
42
44
45
47
47
47
47
46
45
44
42
41
40
37
35
33
31
28
26
22
20
17
13
9
5
-1
-7
-13
-19
-27
-34
-43
-52
-60
-69
-78
-86
-93
-101
-107
-113
-118
-121
-123
-123
-122
-120
-116
-111
-104
-95
-87
-77
-66
-53
-41
-29
-16
-4
9
21
32
43
51
60
69
75
81
86
89
92
93
95
94
93
92
91
88
84
80
77
73
70
65
60
57
52
48
44
40
36
31
27
23
19
14
10
6
2
-1
-5
-9
-13
-17
-20
-24
-28
-31
-33
-37
-40
-43
-45
-47
-48
-50
-52
-53
-55
-55
-57
-57
-57
-57
-58
-59
-59
-59
-60
-60
-60
-61
-61
-61
-61
-61
-61
-61
-61
-60
-60
-59
-58
-57
-55
-54
-52
-50
-47
-44
-42
-39
-36
-32
-28
-24
-20
-15
-12
-7
-2
2
7
12
17
21
26
31
34
39
44
48
51
54
58
60
63
65
68
69
70
71
72
71
72
71
70
69
67
65
64
60
58
55
53
49
47
43
39
35
32
28
24
20
16
12
9
5
1
-2
-6
-11
-14
-17
-21
-24
-29
-31
-35
-39
-42
-44
-48
-51
-53
-56
-58
-61
-63
-64
-66
-67
-68
-68
-69
-70
-69
-68
-68
-66
-66
-64
-61
-59
-56
-54
-50
-46
-43
-39
-35
-31
-25
-20
-14
-9
-4
3
9
15
21
27
34
39
46
52
58
64
69
74
79
83
88
92
95
99
100
102
104
104
104
104
102
100
98
95
90
86
81
76
71
64
59
52
46
39
33
26
20
14
7
1
-5
-10
-16
-20
-25
-29
-32
-36
-39
-41
-44
-46
-47
-49
-49
-50
-50
-51
-50
-49
-49
-46
-46
-44
-42
-39
-37
-34
-31
-28
-26
-21
-19
-15
-13
0
0
0
0
0
0
0
0
0
0
0
0
0
0
0
0
0
0
0
0
0
0
0
0
0
0
0
0
0
0
0
0
0
0
0
0
0
0
0
0
0
0
0
0
0
0
0
0
0
0
0
0
0
0
0
0
0
0
0
0
0
0
0
0
0
0
0
0
0
0
0
0
0
0
0
0
0
0
0
0
0
0
0
0
0
0
0
0
0
0
0
0
0
0
0
0
0
0
0
0
0
0
0
0
0
0
0
0
0
0
0
0
0
0
0
0
0
0
0
0
0
0
0
0
0
0
0
0
0
0
0
0
0
0
0
0
0
0
0
0
0
0
0
0
0
0
0
0
0
0
0
0
0
0
0
0
0
0
0
0
0
0
0
0
0
0
0
0
0
0
0
0
0
0
0
0
0
0
0
0
0
0
0
0
0
0
0
0
0
0
0
0
0
0
0
0
0
0
