0
0
0
0
0
0
0
0
0
0
0
0
0
0
0
0
0
0
0
0
0
0
0
0
0
0
0
0
0
0
0
0
0
0
0
0
0
0
0
0
0
0
0
0
0
0
0
0
0
0
0
0
0
0
0
0
0
0
0
0
0
0
0
0
0
0
0
0
0
0
0
0
0
0
0
0
0
0
0
0
0
0
0
0
0
0
0
0
0
0
0
0
0
0
0
0
0
0
0
0
0
0
0
0
0
0
0
0
0
0
0
0
0
0
0
0
0
0
0
0
0
0
0
0
0
0
0
0
0
0
0
0
0
0
0
0
0
0
0
0
0
0
0
0
0
0
0
0
0
0
0
0
0
0
0
0
0
0
0
0
0
0
0
0
0
0
0
0
0
0
0
0
0
0
0
0
0
0
0
0
0
0
0
0
0
0
0
0
0
0
0
0
0
0
0
0
0
0
14
43
-35
-26
48
7
-47
12
35
-26
-14
28
-9
-22
18
-7
-28
35
23
-53
0
60
-32
-60
53
41
-60
-8
60
-20
-47
34
18
-40
8
27
-32
-10
31
-23
-28
42
7
-56
12
46
-39
-31
56
11
-56
13
41
-37
-27
42
4
-35
14
15
-41
-10
33
-19
-26
30
6
-44
0
19
-32
-7
41
-11
-37
25
17
-45
-15
37
0
-25
10
8
-18
-11
-6
-12
1
3
-14
-6
8
-7
-13
-3
-4
-1
5
-9
-8
15
7
-15
-9
6
1
-11
-16
1
20
-5
-30
3
21
-29
-35
23
20
-32
-8
34
-1
-30
0
16
-1
-13
-9
17
22
-19
-21
27
10
-43
-6
33
-17
-26
33
10
-41
10
29
-44
-19
59
-3
-53
42
52
-56
-28
63
2
-56
23
41
-37
-15
45
-12
-39
35
18
-50
1
48
-21
-26
44
17
-33
8
21
-20
3
33
-12
-7
44
-2
-44
24
27
-45
3
55
-23
-32
45
-2
-57
34
50
-51
-19
71
-2
-67
35
66
-37
-38
42
24
-18
-1
11
7
5
-4
5
16
-11
-20
19
15
-21
11
39
-20
-41
27
37
-22
-6
36
-7
-28
34
28
-37
-9
47
-2
-42
28
51
-32
-45
33
34
-20
-4
23
-11
-18
21
14
-12
2
10
-4
1
4
-1
16
12
-31
-14
51
26
-47
-16
41
3
-28
18
31
-14
-23
7
13
3
6
1
-8
6
5
-21
0
34
-1
-34
6
33
0
-20
-3
14
8
-6
0
21
14
-22
-24
19
26
-5
-11
0
-9
-6
8
4
-3
2
-1
-9
-4
4
5
15
8
-26
-15
42
25
-41
-21
30
12
-10
10
6
-18
-7
10
-3
-1
9
-4
-6
4
-14
-2
36
-2
-40
19
39
-29
-9
52
-12
-48
40
37
-42
-3
37
-27
-21
41
-1
-38
18
30
-24
-22
21
12
-7
3
8
2
5
-4
-6
21
16
-19
-4
23
-1
-11
4
-2
4
11
-12
-20
7
12
-17
-21
7
20
7
-2
-12
-35
-9
50
10
-49
16
44
-46
-42
42
7
-46
10
24
-39
-24
28
-12
-33
11
-14
-28
36
-4
-72
19
41
-67
-10
80
-44
-105
32
54
-48
-27
43
-10
-61
-8
10
-40
-7
49
-24
-78
17
49
-56
-54
38
5
-45
9
21
-30
-32
-4
-6
-6
12
-9
-43
4
19
-60
-6
89
-40
-96
57
32
-81
6
68
-24
-58
14
41
-22
-44
24
28
-32
-12
31
10
-31
-32
22
48
-12
-28
26
20
-26
-18
30
45
-6
-35
25
51
-23
-44
53
60
-52
-31
80
35
-55
-17
49
29
-11
11
32
-5
-10
32
22
-8
8
33
36
-16
-33
44
38
-32
5
39
-16
-21
3
13
28
-16
-39
38
27
-52
-9
34
-16
-23
12
11
-12
-35
-25
-12
-35
-38
-3
-16
-67
-76
-48
-20
-29
-71
-72
-42
-51
-53
-36
-63
-68
-50
-53
-28
-39
-97
-64
-31
-102
-86
-8
-78
-136
-55
-38
-113
-110
-42
-43
-105
-95
-4
-1
-82
-66
6
-16
-31
38
44
-14
-14
39
90
54
-26
55
154
47
9
137
139
78
145
189
153
139
166
221
232
173
204
286
236
160
156
178
221
171
81
162
170
5
49
138
-21
-54
98
52
-63
-24
26
-12
-49
-3
30
-37
-40
24
-23
-33
17
-54
-66
10
-72
-135
-53
-66
-123
-96
-107
-149
-119
-93
-149
-182
-97
-46
-116
-129
-58
-69
-119
-51
18
-67
-105
13
18
-67
-34
-25
-42
19
-9
-63
13
34
-24
-17
15
50
45
-10
37
83
15
27
92
61
36
42
53
81
72
38
21
61
110
22
2
116
24
-28
123
31
-35
137
31
-86
100
55
-71
74
44
-89
37
62
-66
-17
49
11
8
11
19
49
-3
-23
54
20
-17
50
-9
-72
21
-11
-87
-8
-23
-99
-37
-34
-115
-92
-56
-75
-101
-105
-66
-81
-139
-76
-43
-118
-86
-53
-111
-96
-112
-141
-53
-113
-219
-88
-67
-205
-143
-74
-136
-102
-56
-83
-66
-47
-74
-50
-14
-51
-69
-15
-20
-96
-75
1
-47
-112
-36
7
-85
-90
-26
-61
-96
-62
-28
-13
-45
-36
56
48
-26
49
152
109
40
86
157
137
98
122
157
192
212
207
259
300
229
265
386
260
150
339
317
70
184
328
151
130
233
169
191
219
126
191
209
35
45
117
0
-39
2
-19
40
107
81
142
244
238
231
278
273
195
159
161
74
-47
-52
-13
-81
-184
-131
-26
-80
-82
61
21
-58
66
38
-94
15
54
-88
-80
-50
-112
-80
-72
-171
-180
-157
-217
-272
-297
-313
-371
-470
-433
-344
-411
-417
-318
-351
-334
-144
-121
-200
-56
22
-80
18
109
3
91
160
-41
4
193
63
-62
-6
-30
-98
-115
-100
-118
-199
-200
-143
-173
-159
-63
-61
-118
-74
18
17
-11
40
34
-40
-7
56
34
4
-27
-38
15
26
28
66
12
-35
42
72
44
51
54
40
-2
6
104
52
-59
70
136
9
62
173
88
47
133
142
72
84
139
72
-4
43
45
-17
-12
-6
-27
-51
-70
-31
-34
-83
-17
23
-78
-105
21
102
19
-62
6
57
13
3
13
3
25
32
2
23
59
40
-3
-29
17
72
31
-11
-12
-26
6
13
-25
10
18
-28
15
32
-32
-25
1
-68
-110
-60
-73
-129
-99
-94
-135
-100
-99
-123
-45
-16
-46
-32
-45
-17
6
-64
-57
-51
-126
-82
-34
-94
-133
-166
-131
-48
-91
-90
-46
-120
-112
-73
-80
-16
-96
-179
4
30
-85
6
36
0
81
108
118
112
96
227
222
104
285
410
271
318
468
494
553
608
579
574
622
624
499
366
350
288
129
40
-60
-268
-363
-314
-382
-520
-472
-366
-433
-419
-172
-72
-100
68
220
284
425
461
473
589
531
454
554
517
361
292
274
245
102
20
117
-16
-311
-269
-140
-305
-462
-363
-351
-541
-494
-292
-325
-371
-290
-217
-153
-206
-218
-80
-174
-320
-227
-244
-305
-293
-420
-442
-372
-435
-360
-270
-405
-420
-326
-343
-343
-323
-350
-343
-353
-391
-345
-296
-313
-273
-232
-234
-154
-64
-32
33
68
60
167
325
316
282
401
418
370
518
581
513
551
514
444
518
526
440
396
385
391
381
404
460
429
403
453
476
521
590
560
479
419
432
450
339
232
191
111
83
47
-19
18
-70
-210
-131
-141
-226
-172
-218
-281
-260
-315
-272
-264
-414
-373
-312
-368
-245
-180
-265
-160
-50
-74
-13
87
141
177
217
266
245
249
324
274
225
265
180
152
233
97
-74
-64
-105
-257
-349
-386
-471
-530
-496
-519
-592
-533
-434
-459
-471
-393
-302
-217
-207
-233
-150
-105
-173
-121
-42
-98
-97
-46
-68
-82
-142
-155
-22
-101
-256
-95
-10
-122
-75
-34
-98
-60
3
29
34
-39
-58
46
84
8
0
106
113
11
95
230
89
-18
111
75
-99
-73
16
-127
-283
-142
-106
-290
-168
-70
-252
-132
63
-9
13
50
44
149
128
82
202
204
169
273
291
241
255
267
268
239
211
207
119
84
129
9
-69
34
-53
-171
-26
18
-116
-58
31
-79
-124
-33
-45
-144
-143
-4
31
-86
-43
59
-6
-38
27
106
165
112
111
186
104
37
114
73
-62
-61
55
42
-116
-124
-64
-161
-147
-48
-142
-169
-110
-168
-106
-62
-231
-226
-112
-199
-231
-97
-92
-192
-99
30
-102
-136
70
33
-112
28
170
102
62
135
142
47
85
233
170
31
129
211
98
64
97
52
35
3
-21
81
52
-65
55
89
-51
42
86
-77
-19
52
-46
24
67
-125
-191
-57
-40
-162
-150
-36
-77
-135
-79
-66
-123
-193
-133
32
-45
-132
34
27
-104
-46
17
69
38
-102
44
154
-135
-104
200
-9
-222
58
162
-77
-94
134
118
-108
-18
221
109
-34
77
128
71
121
163
52
-6
51
36
40
35
-103
-36
94
-63
-17
163
-6
0
192
72
63
175
45
90
170
-13
59
199
31
-47
45
160
169
58
160
212
17
76
181
50
76
122
26
38
49
-11
-13
-17
-9
51
105
128
58
8
92
51
-28
164
218
-31
0
236
129
-90
27
185
61
3
164
146
-35
-50
12
56
69
-34
-26
146
69
-64
102
88
-117
67
234
40
13
87
-8
26
43
-46
77
57
-165
-26
89
-149
-174
35
23
-138
-69
124
32
-116
5
126
67
5
100
140
-71
-123
64
38
-62
16
61
-27
-78
-22
-2
-20
7
-1
-8
47
17
-88
-67
-22
-132
-62
184
35
-152
87
86
-212
-105
180
111
-93
-70
45
-18
-116
-73
-48
-90
-60
-17
-15
-1
-62
-174
-143
-24
-20
-57
-10
-58
-196
-123
2
-46
-78
-82
-94
-41
-37
-65
-52
-75
-91
-96
-99
-9
53
-67
-157
-24
66
-31
-15
60
-82
-142
61
110
-104
-125
45
-44
-161
20
84
-39
-51
-52
-51
-6
-7
-10
1
0
-50
-97
52
57
-201
-65
225
31
-134
53
85
-132
-158
98
125
-95
-3
139
-55
-151
-89
-45
99
51
-123
65
124
-182
-104
170
14
-150
41
212
74
-103
6
59
-152
-113
170
143
-80
-94
14
18
-49
-76
-23
17
-77
-133
27
75
-194
-297
-25
48
-166
-31
187
-125
-297
19
5
-190
0
30
-190
-114
15
-83
-173
-129
-5
33
15
82
65
-31
-65
-112
-53
128
114
-68
-79
1
-130
-177
81
75
-193
-41
221
34
-116
42
30
-80
93
221
106
85
77
-38
36
190
115
39
169
208
70
110
254
144
123
357
296
160
397
427
181
285
456
325
321
515
481
294
312
401
332
300
355
303
266
330
261
173
291
288
108
185
326
194
78
171
188
-6
-71
100
69
-111
-39
26
-102
-144
-105
-102
-93
-145
-227
-169
-93
-169
-216
-123
-154
-325
-262
-55
-111
-246
-193
-171
-211
-156
-145
-253
-283
-195
-178
-210
-166
-211
-362
-343
-223
-235
-261
-237
-310
-320
-187
-231
-371
-267
-135
-186
-181
-31
-43
-229
-139
100
27
-52
75
96
59
82
64
38
76
119
95
104
187
83
-91
21
129
-10
-37
73
-27
-207
-154
-52
-180
-299
-206
-186
-282
-248
-227
-300
-266
-219
-246
-161
-60
-128
-187
-117
-106
-148
-34
83
-27
-117
2
108
110
113
115
111
150
217
259
257
172
24
23
176
179
71
69
54
7
34
64
71
47
-14
29
143
169
136
87
36
60
124
184
284
314
178
122
217
200
154
244
232
123
136
168
126
65
-29
-105
-66
31
44
-53
-124
-182
-287
-257
-101
-83
-152
-139
-138
-184
-174
-122
-112
-122
-80
-2
44
46
15
-31
-31
62
193
264
251
204
167
153
169
226
276
268
242
241
260
235
148
121
185
194
157
185
213
143
38
35
91
89
106
181
179
69
-12
-5
31
38
6
-43
-67
-89
-135
-153
-164
-249
-306
-242
-193
-240
-285
-328
-388
-391
-340
-320
-356
-411
-437
-445
-465
-457
-423
-454
-541
-567
-507
-486
-548
-561
-508
-519
-562
-519
-456
-481
-539
-518
-437
-421
-466
-452
-398
-421
-470
-422
-313
-272
-285
-256
-194
-160
-126
-36
68
86
59
137
273
316
310
355
420
427
432
549
634
547
466
511
554
539
543
571
543
453
411
458
490
417
327
350
403
358
304
306
264
174
177
295
354
273
199
206
183
167
259
331
289
236
246
307
331
280
260
299
346
409
451
432
391
347
361
488
607
611
615
674
700
694
704
690
631
585
618
706
742
663
542
461
427
414
423
443
416
320
243
196
19
-286
-529
-632
-644
-607
-587
-678
-920
-1203
-1352
-1346
-1277
-1193
-1120
-1059
-1031
-1070
-1130
-1180
-1213
-1153
-927
-618
-409
-390
-479
-577
-637
-579
-381
-160
-52
-64
-102
-122
-154
-192
-205
-179
-119
-38
27
24
-66
-197
-300
-294
-180
-78
-45
-52
-82
-93
-25
83
140
169
212
257
351
506
605
590
570
660
817
968
1106
1165
1066
959
1035
1269
1567
1802
1868
1885
1990
2144
2278
2368
2464
2559
2618
2804
2924
2376
1239
238
-150
-7
154
22
-345
-1062
-2133
-3070
-3404
-3265
-3245
-3431
-3266
-2837
-2833
-3310
-3737
-3837
-3700
-3294
-2347
-1139
-544
-783
-1184
-1161
-752
-266
362
1236
1898
2033
1970
2001
1964
1650
1369
1624
2238
2616
2546
2128
1468
683
44
-73
247
427
204
-206
-604
-1035
-1574
-2012
-2084
-1936
-1763
-1529
-1305
-1351
-1835
-2476
-2698
-2349
-1720
-1072
-612
-522
-776
-1074
-1039
-682
-300
35
380
657
732
593
395
260
211
360
745
1107
1127
781
330
33
-45
91
344
493
392
128
-100
-180
-137
-8
191
415
580
653
689
735
805
995
1366
1815
2177
2350
2396
2506
2768
3154
3574
3905
4070
4084
4090
4069
3629
2630
1574
1077
1186
1330
1049
392
-559
-1768
-2877
-3398
-3285
-3117
-3364
-3712
-3769
-3808
-4167
-4605
-4661
-4307
-3834
-3217
-2362
-1710
-1727
-2119
-2128
-1462
-563
185
871
1480
1717
1590
1519
1758
2026
2077
2212
2643
2975
2772
2138
1517
1097
785
667
837
944
550
-251
-959
-1333
-1588
-1836
-1907
-1819
-1815
-1964
-2134
-2345
-2764
-3222
-3221
-2615
-1836
-1337
-1194
-1289
-1494
-1538
-1125
-353
331
659
752
806
809
733
731
904
1141
1341
1506
1569
1354
867
443
368
560
764
815
648
256
-225
-529
-501
-272
-86
-24
-32
-80
-168
-227
-117
219
680
1132
1494
1696
1759
1859
2166
2730
3414
4020
4380
4452
4452
4456
4001
2899
1829
1577
2046
2289
1756
832
-191
-1459
-2729
-3289
-2938
-2580
-3007
-3653
-3796
-3866
-4453
-5107
-4988
-4218
-3604
-3187
-2500
-1891
-2051
-2628
-2487
-1333
-122
513
1034
1681
1915
1585
1434
1975
2628
2786
2884
3368
3671
3145
2179
1667
1690
1645
1497
1592
1592
873
-320
-1081
-1155
-1208
-1528
-1649
-1498
-1642
-2238
-2723
-2764
-2822
-3163
-3223
-2692
-2121
-1988
-2059
-1975
-1837
-1759
-1401
-639
31
215
156
275
519
597
646
915
1204
1239
1159
1201
1216
969
672
654
820
863
712
495
280
37
-146
-111
60
99
-69
-223
-204
-123
-42
169
520
844
1069
1297
1609
1926
2233
2682
3271
3773
4017
4170
4445
4373
3374
2012
1461
1941
2426
2054
1211
442
-568
-1948
-2937
-2912
-2476
-2703
-3399
-3575
-3425
-3933
-4954
-5294
-4556
-3704
-3331
-2868
-2192
-2131
-2796
-3010
-1970
-525
164
436
1079
1674
1514
1092
1414
2301
2737
2743
3142
3704
3417
2315
1600
1814
2134
1966
1814
1876
1430
233
-774
-861
-660
-952
-1340
-1252
-1177
-1762
-2588
-2833
-2600
-2520
-2554
-2338
-2112
-2306
-2629
-2446
-1854
-1464
-1338
-1070
-651
-454
-474
-286
135
389
444
625
932
1010
807
710
872
1011
963
882
861
740
463
275
327
382
227
16
-43
-32
-112
-192
-150
-84
-83
-14
212
468
602
702
942
1289
1646
2021
2431
2830
3146
3403
3692
4015
4341
4422
3783
2542
1644
1800
2484
2471
1514
471
-295
-1179
-2153
-2568
-2320
-2319
-3020
-3564
-3425
-3436
-4253
-5047
-4718
-3671
-3092
-3001
-2698
-2390
-2648
-2967
-2283
-806
110
135
299
975
1361
1135
1151
1932
2690
2776
2785
3171
3247
2484
1694
1868
2529
2572
2061
1715
1434
671
-248
-462
-109
-167
-757
-1112
-1114
-1438
-2201
-2620
-2336
-1996
-1996
-2017
-2016
-2354
-2904
-2913
-2114
-1264
-979
-998
-981
-1007
-1120
-951
-277
418
648
619
667
664
439
293
574
1055
1270
1177
986
732
383
130
230
553
657
414
103
-66
-161
-227
-129
108
225
158
125
259
456
609
834
1211
1630
1963
2206
2484
2859
3200
3479
3818
4258
4481
3897
2602
1628
1709
2369
2488
1745
855
120
-860
-1968
-2479
-2237
-2100
-2643
-3176
-3143
-3261
-4131
-4964
-4690
-3639
-3014
-2975
-2785
-2513
-2760
-3136
-2596
-1185
-180
-94
9
608
963
711
675
1486
2413
2610
2532
2790
2876
2237
1530
1742
2502
2639
2081
1647
1406
783
-70
-312
74
134
-438
-911
-1000
-1311
-2040
-2446
-2102
-1654
-1685
-1863
-1891
-2131
-2693
-2897
-2260
-1357
-966
-1008
-1063
-1124
-1272
-1193
-574
203
514
408
327
345
261
172
418
889
1106
960
731
554
348
165
237
538
667
415
22
-208
-260
-242
-110
150
274
104
-122
-129
99
395
703
1056
1346
1505
1661
1921
2319
2796
3225
3598
3926
4199
4257
3667
2492
1649
1848
2629
2787
1904
802
-20
-905
-1852
-2237
-1895
-1699
-2323
-3073
-3209
-3318
-4054
-4757
-4389
-3278
-2732
-2938
-2998
-2791
-2898
-3096
-2465
-1032
-88
-184
-308
192
657
606
710
1580
2504
2591
2301
2395
2533
2127
1642
1953
2716
2759
2002
1385
1175
797
176
4
376
407
-269
-930
-1123
-1316
-1824
-2097
-1723
-1310
-1485
-1882
-1961
-1981
-2341
-2628
-2210
-1385
-960
-1032
-1145
-1177
-1277
-1244
-708
82
461
329
162
214
275
250
421
814
1014
860
646
577
505
333
293
485
585
359
25
-124
-94
-66
-31
104
170
2
-209
-167
142
472
702
945
1173
1282
1393
1679
2190
2782
3225
3509
3719
3905
4013
3666
2760
1972
1994
2640
2887
2127
993
154
-578
-1370
-1800
-1585
-1378
-1973
-2903
-3238
-3234
-3664
-4288
-4153
-3242
-2713
-2980
-3180
-2929
-2796
-2901
-2470
-1232
-250
-308
-587
-195
441
639
751
1468
2344
2445
2056
2060
2356
2249
1866
2030
2684
2766
2024
1334
1140
943
477
287
588
596
-140
-934
-1173
-1214
-1532
-1789
-1538
-1225
-1470
-1964
-2100
-1993
-2088
-2250
-1997
-1467
-1246
-1345
-1356
-1214
-1150
-1115
-767
-188
107
32
-28
116
269
305
423
684
788
639
512
565
627
519
393
417
419
226
0
-45
30
11
-83
-73
-30
-132
-266
-193
94
368
517
680
900
1068
1232
1536
2013
2547
2954
3233
3463
3681
3882
3776
3061
2152
1862
2360
2799
2322
1261
395
-287
-1072
-1657
-1609
-1341
-1752
-2700
-3192
-3141
-3372
-4014
-4179
-3501
-2891
-3019
-3245
-3006
-2773
-2896
-2718
-1683
-578
-408
-713
-466
212
553
649
1212
2074
2312
1939
1870
2245
2318
1947
1915
2471
2716
2123
1411
1188
1064
640
352
587
723
110
-752
-1101
-1108
-1329
-1621
-1488
-1195
-1390
-1924
-2149
-2043
-2077
-2252
-2114
-1672
-1454
-1562
-1574
-1382
-1285
-1296
-1058
-527
-149
-147
-174
7
184
222
318
575
737
620
488
578
704
636
486
467
499
377
200
190
278
253
136
109
155
96
-23
52
353
633
767
875
1060
1268
1459
1807
2388
2923
3169
3273
3539
3833
3521
2509
1703
1830
2480
2645
2012
1175
405
-573
-1519
-1747
-1261
-1058
-1761
-2638
-2918
-3044
-3576
-4008
-3618
-2827
-2623
-2933
-2941
-2682
-2767
-2925
-2304
-1026
-272
-447
-608
-212
184
290
695
1665
2353
2126
1699
1839
2131
1983
1790
2181
2714
2496
1734
1291
1194
888
470
544
939
750
-132
-836
-982
-1066
-1330
-1332
-965
-914
-1479
-1990
-1969
-1803
-1888
-1928
-1612
-1329
-1473
-1685
-1552
-1294
-1224
-1144
-759
-337
-287
-419
-311
-18
155
234
439
644
562
334
340
568
693
614
535
509
380
185
152
294
373
291
206
198
153
47
48
247
490
640
761
911
1058
1215
1492
1958
2489
2859
3047
3210
3465
3623
3259
2408
1801
1958
2490
2541
1881
1041
276
-591
-1333
-1419
-992
-976
-1787
-2655
-2927
-3041
-3434
-3649
-3218
-2660
-2724
-3080
-2999
-2697
-2719
-2726
-2032
-957
-519
-769
-790
-328
38
213
760
1669
2066
1678
1361
1631
1942
1881
1891
2313
2551
2066
1405
1229
1258
984
672
789
961
517
-291
-710
-721
-835
-1058
-982
-763
-1000
-1624
-1932
-1744
-1549
-1606
-1644
-1567
-1665
-1909
-1866
-1482
-1204
-1208
-1186
-952
-751
-711
-569
-222
42
79
103
265
374
294
261
453
665
676
569
509
451
324
274
410
560
524
362
249
206
173
194
334
500
568
585
668
845
1081
1348
1689
2082
2393
2587
2775
3071
3353
3153
2337
1550
1481
2013
2354
2024
1331
525
-478
-1366
-1519
-975
-662
-1235
-2139
-2634
-2901
-3268
-3398
-2933
-2359
-2397
-2795
-2825
-2593
-2604
-2631
-2056
-1072
-574
-721
-783
-487
-247
-103
441
1362
1841
1535
1160
1269
1513
1556
1700
2162
2399
1941
1292
1096
1156
1016
828
937
1036
594
-131
-489
-492
-577
-747
-668
-509
-784
-1372
-1669
-1542
-1364
-1281
-1137
-1107
-1517
-2064
-2091
-1564
-1050
-863
-829
-881
-1107
-1251
-911
-227
245
282
164
79
-22
-29
264
700
889
751
568
475
391
359
507
727
766
597
423
332
255
226
344
523
577
493
430
483
610
830
1174
1520
1751
1913
2093
2324
2581
2878
3042
2694
1926
1400
1521
1948
2047
1702
1156
374
-605
-1226
-1083
-598
-605
-1229
-1875
-2311
-2740
-3017
-2785
-2227
-2005
-2301
-2573
-2529
-2462
-2446
-2135
-1457
-916
-852
-914
-745
-512
-357
-29
619
1197
1272
1056
1004
1128
1233
1388
1734
2046
1926
1459
1116
1047
1039
997
1040
1103
864
315
-127
-238
-225
-283
-327
-312
-468
-880
-1221
-1235
-1072
-990
-1002
-1051
-1226
-1513
-1631
-1439
-1156
-1028
-1040
-1068
-1109
-1132
-968
-607
-282
-159
-163
-158
-127
-60
134
408
577
576
508
461
433
442
543
666
678
585
489
422
361
336
384
434
393
304
276
321
398
509
677
867
1019
1151
1353
1618
1858
2059
2274
2500
2547
2203
1635
1280
1362
1656
1762
1557
1105
368
-496
-1013
-885
-453
-366
-797
-1409
-1974
-2436
-2591
-2257
-1718
-1539
-1875
-2291
-2453
-2403
-2187
-1735
-1178
-899
-1042
-1244
-1157
-834
-455
-49
376
610
515
326
363
624
903
1113
1305
1401
1231
905
736
816
954
1002
1007
954
692
259
-31
-26
88
107
42
-66
-320
-697
-927
-846
-628
-521
-568
-736
-1058
-1432
-1564
-1331
-974
-776
-804
-997
-1279
-1456
-1281
-788
-310
-117
-193
-391
-554
-510
-157
329
625
595
376
171
121
300
638
892
855
586
312
195
272
483
672
658
423
140
-12
24
220
468
608
558
425
398
536
793
1126
1441
1589
1561
1551
1710
1852
1712
1378
1151
1148
1227
1261
1218
979
414
-271
-650
-567
-298
-218
-432
-865
-1415
-1867
-1939
-1606
-1200
-1107
-1370
-1735
-1970
-1964
-1688
-1226
-836
-771
-1008
-1232
-1171
-825
-372
17
227
177
-54
-184
-4
395
745
899
885
748
542
434
562
817
956
897
749
597
420
291
320
442
462
330
166
51
-60
-164
-173
-110
-110
-219
-331
-388
-456
-583
-697
-752
-783
-799
-769
-728
-760
-858
-923
-878
-752
-580
-409
-312
-317
-350
-300
-144
59
243
353
355
291
275
358
499
610
640
570
425
303
292
382
473
489
407
249
97
38
84
163
219
249
251
223
222
327
515
683
783
864
952
1035
1147
1330
1489
1444
1183
913
817
893
1036
1138
1073
729
195
-235
-331
-145
65
82
-159
-608
-1083
-1341
-1244
-913
-642
-658
-943
-1310
-1545
-1515
-1221
-819
-562
-605
-871
-1101
-1106
-869
-498
-156
-14
-136
-378
-481
-320
15
346
545
543
361
153
122
320
605
790
792
636
404
225
225
395
578
618
496
293
99
-6
25
151
245
214
72
-106
-249
-307
-269
-192
-183
-297
-477
-626
-674
-609
-480
-379
-387
-498
-606
-622
-515
-325
-140
-48
-77
-164
-203
-139
10
182
290
275
158
35
-5
50
149
216
189
64
-90
-181
-167
-84
-8
-1
-71
-170
-215
-167
-63
35
84
82
49
33
87
210
345
441
485
498
506
536
617
733
840
886
848
738
618
555
571
632
672
636
498
284
78
-38
-46
-5
12
-50
-201
-404
-576
-641
-600
-522
-487
-537
-658
-790
-862
-833
-728
-616
-563
-586
-647
-677
-628
-499
-336
-205
-150
-161
-186
-164
-74
55
166
209
174
98
43
54
126
215
263
241
171
96
61
82
141
196
205
168
119
87
82
106
143
170
163
129
93
79
90
118
145
148
118
67
20
-5
-7
9
21
18
-7
-51
-100
-135
-142
-123
-98
-78
-79
-109
-155
-190
-193
-169
-139
-116
-113
-134
-168
-191
-186
-157
-122
-98
-91
-98
-112
-117
-104
-74
-46
-34
-38
-47
-49
-39
-17
15
35
35
27
29
49
81
119
159
185
196
207
233
271
314
354
384
401
401
403
415
428
431
420
402
382
366
353
339
314
274
226
185
158
139
117
85
44
3
-37
-63
-71
-74
-80
-96
-116
-136
-156
-169
-165
-152
-148
-157
-178
-200
-216
-221
-213
-200
-198
-218
-245
-265
-270
-261
-245
-231
-224
-226
-228
-222
-205
-179
-147
-112
-83
-61
-44
-24
4
36
71
105
129
142
152
167
185
202
213
221
223
223
223
224
226
224
220
213
204
195
187
181
176
169
157
139
121
106
93
77
58
39
17
-8
-31
-50
-69
-92
-117
-141
-162
-182
-201
-216
-230
-242
-255
-265
-270
-271
-272
-267
-259
-248
-236
-226
-211
-195
-176
-158
-137
-116
-95
-83
-73
-62
-51
-40
-27
-12
-1
5
10
20
33
46
57
67
77
87
97
111
126
141
150
159
172
186
195
202
210
218
222
221
217
209
202
192
184
176
161
139
115
95
78
64
48
29
9
-13
-32
-49
-63
-78
-91
-105
-114
-121
-127
-135
-142
-147
-152
-152
-152
-149
-149
-151
-155
-157
-154
-150
-145
-136
-131
-126
-122
-116
-107
-96
-84
-71
-56
-41
-29
-17
-3
12
26
41
54
64
71
75
82
87
92
95
95
94
90
86
81
76
71
67
61
53
45
38
31
27
25
25
22
19
15
14
13
15
18
17
12
3
-3
-12
-16
-19
-24
-30
-43
-56
-71
-81
-85
-85
-87
-93
-102
-110
-115
-112
-104
-92
-83
-78
-76
-72
-61
-45
-26
-8
3
10
16
25
40
55
69
77
79
79
79
81
87
94
98
94
88
82
78
77
80
81
79
71
63
55
50
50
50
46
37
25
14
5
1
-2
-8
-17
-28
-39
-47
-50
-51
-52
-55
-61
-68
-71
-68
-62
-55
-50
-48
-47
-46
-37
-26
-14
-4
1
3
6
9
18
28
36
38
33
28
25
26
31
35
33
27
19
12
10
15
21
25
22
16
12
13
19
28
38
43
41
39
38
40
45
52
54
52
45
37
30
24
21
17
11
3
-9
-22
-35
-44
-52
-58
-62
-67
-72
-79
-85
-89
-87
-81
-75
-69
-66
-65
-63
-56
-48
-35
-26
-18
-13
-13
-10
-4
5
13
19
22
20
21
23
29
36
40
43
42
41
40
43
48
51
53
53
50
46
45
45
45
42
38
33
27
22
16
10
3
-3
-8
-14
-19
-24
-31
-36
-40
-41
-40
-39
-38
-36
-37
-37
-33
-26
-19
-14
-10
-9
-7
-5
-2
3
7
8
4
2
-2
-2
-1
0
0
-3
-8
-13
-13
-13
-8
-6
-6
-7
-9
-8
-5
3
8
11
13
14
14
17
23
28
30
30
26
24
22
22
22
21
16
10
4
0
-5
-6
-8
-11
-16
-21
-25
-26
-27
-27
-27
-29
-31
-32
-32
-31
-29
-27
-27
-28
-29
-28
-27
-24
-22
-22
-22
-22
-21
-19
-16
-13
-11
-8
-6
-3
0
3
8
11
15
18
20
23
26
26
28
29
29
28
26
25
24
20
17
14
11
7
3
0
-3
-5
-8
-10
-12
-14
-14
-14
-15
-13
-13
-13
-12
-11
-9
-7
-6
-5
-3
-3
-2
-2
-2
0
0
0
0
0
-1
-2
-2
-2
-1
-1
0
0
1
0
3
4
6
7
9
10
10
11
13
14
14
13
13
11
12
10
9
8
8
7
6
4
3
2
3
3
4
4
3
4
5
6
8
9
9
9
9
9
9
10
10
9
7
5
3
1
0
-2
-5
-7
-10
-13
-15
-17
-17
-18
-19
-19
-19
-19
-17
-14
-12
-7
-4
-1
2
6
9
13
16
19
21
23
25
26
25
24
24
23
21
19
16
13
11
6
4
1
-2
-4
-5
-8
-11
-12
-14
-13
-13
-13
-12
-12
-12
-10
-10
-8
-4
-3
-1
-1
-1
0
1
2
4
5
5
3
3
3
3
3
4
4
2
0
0
-1
-1
-1
-1
-1
-3
-5
-5
-6
-6
-6
-5
-7
-7
-8
-7
-7
-7
-5
-5
-4
-3
-2
-1
2
4
5
7
8
10
12
12
13
14
14
14
14
14
13
11
9
7
5
2
-1
-2
-5
-8
-9
-13
-15
-15
-16
-16
-17
-17
-17
-17
-16
-14
-12
-10
-7
-6
-5
-2
-1
3
4
7
7
7
8
8
9
9
8
8
6
4
2
1
-1
-1
-2
-5
-7
-8
-10
-12
-11
-12
-11
-12
-12
-12
-11
-10
-9
-8
-7
-6
-5
-4
-2
-1
1
3
4
5
6
6
7
8
9
10
9
9
9
8
7
8
7
5
4
2
0
0
-2
-3
-4
-5
-7
-8
-11
-11
-12
-13
-13
-13
-14
-15
-14
-13
-12
-11
-9
-7
-7
-6
-4
-2
0
3
5
6
6
9
9
10
11
11
11
11
10
9
7
6
5
4
2
2
0
-2
-3
-4
-4
-5
-6
-6
-5
-5
-3
-1
-1
2
2
5
5
8
10
12
13
14
15
15
16
15
15
15
14
12
10
8
5
3
1
-1
-4
-7
-9
-11
-14
-15
-16
-17
-18
-18
-20
-19
-18
-16
-15
-14
-13
-11
-10
-7
-4
-2
-1
1
3
6
7
9
11
13
14
15
16
17
18
17
18
17
18
17
15
16
15
14
13
11
10
9
7
5
4
2
1
-2
-4
-5
-6
-7
-8
-9
-11
-12
-12
-12
-11
-11
-12
-10
-11
-9
-9
-7
-5
-4
-3
-2
-1
0
1
1
2
3
3
3
4
4
3
3
3
3
3
3
2
2
2
2
2
2
2
3
2
3
4
4
6
6
8
8
8
8
9
9
10
11
10
10
10
8
8
6
6
4
3
2
0
-2
-4
-4
-7
-7
-10
-11
-13
-14
-15
-15
-16
-16
-17
-16
-17
-16
-15
-13
-11
-10
-9
-8
-6
-4
-2
0
2
5
7
8
10
11
12
13
14
15
15
14
14
14
11
11
9
8
5
4
2
1
-2
-4
-5
-7
-9
-10
-12
-12
-12
-13
-13
-13
-12
-13
-12
-11
-10
-8
-8
-8
-6
-5
-4
-3
-4
-3
-3
-2
-2
-4
-4
-3
-4
-4
-4
-5
-7
-6
-7
-8
-7
-7
-7
-7
-6
-6
-4
-4
-3
-2
-1
0
1
3
3
5
6
7
8
8
10
10
11
12
12
12
11
11
11
10
10
9
8
6
5
4
4
2
1
-1
-3
-3
-4
-6
-8
-8
-9
-10
-11
-12
-12
-12
-12
-12
-12
-11
-10
-9
-8
-7
-6
-5
-4
-3
-2
1
2
3
5
5
7
8
9
10
10
11
12
11
11
10
9
9
8
7
5
5
3
2
0
-1
-2
-3
-5
-6
-6
-8
-7
-8
-8
-9
-9
-9
-8
-7
-7
-5
-5
-3
-3
-2
-1
0
1
1
2
2
2
3
3
3
2
2
2
2
1
0
0
-1
-1
-2
-3
-3
-3
-3
-3
-2
-2
-2
-1
0
-1
0
1
2
3
4
4
5
7
6
7
7
7
8
7
8
8
7
7
7
7
6
5
5
4
3
2
2
1
1
0
0
0
0
-1
-1
-1
-2
-2
-1
-2
-2
-1
-1
-2
-1
-1
0
-1
0
0
0
2
1
1
2
2
2
2
2
2
1
1
3
2
2
2
2
1
1
1
1
1
0
1
1
1
0
1
0
1
0
1
1
0
0
0
-1
0
-1
0
-1
-1
-1
-1
0
0
-1
-1
0
-2
-1
-1
0
-1
-1
-1
-1
-1
-1
-2
-2
-2
-3
-2
-3
-3
-3
-2
-2
-2
-2
-2
-2
-3
-2
-2
-2
-2
-2
-2
-1
-1
-1
-1
0
0
-1
0
1
0
0
0
1
0
0
-1
-1
-1
-1
-1
-1
-2
-2
-2
-2
-2
-3
-2
-2
-2
-2
-3
-3
-2
-1
-1
-1
0
0
0
1
1
1
0
1
2
2
2
2
2
2
1
1
-1
0
1
0
0
1
0
0
1
0
0
1
0
0
-1
0
-1
-2
-2
-1
-1
0
0
1
2
2
1
2
0
0
0
0
0
-1
0
0
0
0
0
1
1
1
1
0
0
-1
-1
-1
-1
-1
-1
-1
-1
-1
-2
-3
-3
-4
-3
-3
-1
0
1
3
3
3
2
0
-1
-3
-6
-6
-7
-6
-4
-1
2
3
5
5
5
4
2
-2
-4
-7
-9
-9
-9
-6
-2
2
6
9
11
11
9
6
2
-1
-5
-7
-7
-7
-3
1
4
8
11
12
12
9
6
2
0
-3
-5
-6
-4
-3
0
3
5
6
7
6
5
2
0
-1
-3
-3
-3
-2
0
1
2
3
4
3
2
1
1
0
1
2
3
4
5
5
5
4
2
1
-1
-3
-4
-3
-3
-2
0
2
4
4
5
4
3
0
-2
-4
-5
-5
-5
-3
-1
2
5
8
8
9
8
6
3
0
-3
-5
-6
-5
-4
-1
1
3
6
7
7
7
4
3
-1
-4
-6
-7
-8
-8
-6
-4
-3
2
3
3
3
2
1
-1
-4
-5
-5
-7
-6
-4
-2
-1
1
3
4
5
5
5
3
3
1
1
0
-1
-1
-1
-1
0
0
1
2
3
3
2
1
1
0
0
-2
-3
-3
-4
-4
-3
-2
-1
0
0
1
2
2
1
1
1
-1
-2
-2
-4
-3
-2
-1
-1
1
3
4
3
4
3
1
-2
-3
-5
-6
-7
-7
-7
-6
-6
-5
-4
-4
-5
-5
-7
-8
-8
-8
-8
-6
-4
-3
-1
1
0
1
2
2
1
0
0
1
0
-1
0
-1
-2
-3
-3
-3
-4
-4
-5
-4
-4
-2
-2
0
1
3
3
3
4
3
4
3
2
2
1
0
-1
-1
-3
-6
-6
-8
-9
-8
-8
-7
-4
-2
0
2
4
4
3
2
2
1
1
2
2
2
1
0
-1
-3
-5
-8
-10
-13
-16
-19
-19
-19
-17
-13
-9
-4
3
9
13
16
17
18
17
15
15
14
15
18
18
17
15
12
4
-3
-8
-15
-21
-21
-21
-18
-15
-14
-13
-13
-13
-11
-9
-5
2
8
15
20
23
23
22
16
15
12
11
13
16
17
16
14
6
-1
-6
-10
-13
-12
-10
-7
-6
-5
-8
-8
-8
-8
-5
1
1
3
6
3
-2
-4
-3
-5
-2
9
14
12
16
14
0
-8
-6
-12
-14
1
12
11
15
19
4
-11
-11
-12
-16
-2
22
27
28
34
23
-1
-11
-14
-22
-18
4
15
19
27
26
7
-4
-12
-24
-26
-16
-12
-6
7
7
2
8
6
-8
-3
2
-12
-8
7
2
1
20
21
9
15
11
-15
-22
-14
-22
-27
1
19
6
15
21
-14
-33
-22
-30
-30
11
37
36
50
52
17
-11
-22
-43
-50
-23
2
18
49
64
42
20
-1
-53
-88
-78
-70
-57
-3
53
65
68
81
54
-14
-46
-44
-81
-87
-8
39
39
101
131
48
-7
-30
-123
-170
-107
-62
-24
78
131
97
68
19
-76
-129
-120
-105
-58
27
91
125
139
116
66
-5
-83
-120
-119
-115
-43
78
119
124
157
80
-79
-126
-132
-178
-103
53
108
120
144
87
-29
-101
-115
-105
-77
-13
68
87
61
63
44
-32
-65
-46
-65
-79
-16
27
17
51
79
17
-18
2
-48
-80
1
17
-20
48
64
-22
-6
22
-42
-19
32
-12
5
30
-37
-4
41
-45
-10
80
-40
-78
65
1
-99
57
99
-61
-33
65
-52
-120
30
75
-24
27
119
-7
-117
-18
-5
-110
-11
148
64
-7
108
55
-161
-108
32
-101
-99
179
157
-35
103
121
-183
-169
29
-90
-93
161
124
-33
56
34
-133
-55
52
-41
-23
82
-26
-94
52
69
-16
94
131
-67
-110
-22
-100
-97
105
155
75
87
54
-94
-156
-96
-48
-24
54
120
67
4
-3
-49
-78
-40
-26
7
65
16
9
90
-1
-84
58
46
-105
16
117
-68
-90
73
-2
-105
45
121
0
-23
28
-53
-139
-84
7
46
77
118
104
-1
-85
-94
-99
-59
46
98
122
147
48
-49
-19
-81
-157
-11
60
-35
64
176
19
-33
70
-53
-174
-45
-9
-67
49
135
68
45
22
-57
-72
-84
-93
12
58
8
92
147
-4
-27
58
-90
-168
4
-14
-88
124
182
18
80
89
-152
-156
-33
-106
-27
180
122
51
105
-41
-185
-77
-66
-112
76
157
25
70
106
-83
-126
-23
-61
-81
32
113
91
28
40
52
-98
-157
11
30
-68
74
186
0
-93
16
-41
-154
-22
109
30
4
69
-9
-107
-46
11
-8
36
100
43
-48
-25
-26
-112
-36
118
52
7
128
23
-176
-78
-21
-138
-13
168
72
27
87
-45
-170
-107
-64
-31
70
122
120
75
-43
-113
-98
-112
-83
64
168
117
67
64
-60
-206
-135
-27
-41
60
194
102
0
10
-95
-179
-73
-21
-14
122
157
41
34
-2
-153
-129
-21
-50
15
166
91
-18
53
-7
-179
-86
41
-66
-26
154
50
-74
38
2
-140
-36
67
-13
21
119
32
-55
6
-2
-86
-4
99
34
28
89
-22
-102
-41
-81
-57
111
67
1
130
-4
-238
-65
16
-168
22
272
62
-38
111
-33
-221
-77
52
15
48
137
107
-24
-84
-38
-49
-61
43
83
30
40
-11
-106
-40
4
-59
35
149
22
-62
26
-18
-141
-50
84
43
33
109
54
-75
-105
-97
-103
-45
68
139
124
79
38
-64
-185
-134
-10
-21
29
215
175
-32
-22
12
-157
-199
2
105
16
28
170
66
-172
-74
41
-147
-113
114
28
-40
107
54
-41
47
3
-80
20
19
-61
34
72
-22
24
76
-20
-22
49
-32
-99
-20
-5
-46
26
91
64
28
-43
-94
-52
-65
-67
92
155
44
20
35
-45
-101
-80
6
76
28
28
113
22
-104
-32
11
-39
-18
34
58
5
-73
16
70
-74
-31
120
-20
-100
72
58
-73
7
62
-40
-48
35
22
-19
23
41
-18
-28
15
-17
-38
27
20
-15
59
38
-89
-31
31
-93
-53
132
73
-54
17
51
-66
-91
28
64
-19
-4
49
-29
-45
41
1
-13
95
39
-103
-32
51
-72
-111
100
146
-75
-60
123
-22
-203
-22
131
-19
-77
141
154
-139
-104
135
-78
-213
129
127
-135
56
156
-114
-90
70
-64
-87
73
45
-17
57
27
-79
-41
-7
-65
16
110
26
10
61
-31
-76
-18
-14
13
44
4
22
24
-68
-71
-3
-9
-17
35
62
10
-39
-13
-15
-48
8
50
20
5
-13
-20
-38
-73
15
84
1
43
112
-52
-107
-4
-64
-86
57
109
63
20
14
-18
-149
-137
57
54
-1
170
164
-79
-102
-44
-149
-108
67
79
67
121
34
-101
-73
-12
-80
-78
114
143
-39
-2
103
-63
-138
-7
15
11
31
0
48
45
-80
-32
65
-17
-42
2
-8
19
3
-45
53
53
-105
-32
103
-17
-45
100
42
-87
-12
39
-44
-15
89
15
-67
27
5
-138
-27
107
-40
-35
161
44
-137
4
48
-118
-51
117
44
-28
53
25
-68
-18
0
-54
16
50
-21
16
81
43
-16
-54
-36
-37
-130
-60
119
76
17
101
41
-83
-71
-65
-48
50
84
54
54
43
-44
-127
-63
34
-15
1
124
63
-50
-13
6
-27
-25
5
39
-19
-81
-5
4
-57
50
111
-1
10
54
-75
-94
29
9
-6
115
88
-37
-27
-43
-132
-66
74
69
62
141
43
-117
-53
-38
-117
24
125
19
15
30
-65
-88
-45
5
70
71
56
69
-2
-104
-85
-24
-21
25
121
107
8
-39
-59
-102
-80
26
81
92
116
47
-57
-65
-78
-107
-58
34
93
38
11
98
-4
-154
-13
47
-70
32
139
36
-3
6
-54
-64
-45
-44
38
86
-1
-4
77
-42
-145
41
81
-103
23
173
-70
-112
94
-42
-124
77
38
-29
83
28
-11
39
-49
-46
10
-53
12
61
-24
30
25
-120
-45
36
-80
2
165
28
-45
73
-31
-126
14
1
-15
129
24
-83
76
-11
-198
-11
111
-41
-32
102
49
-79
-59
-3
-21
-1
18
3
64
23
-99
0
62
-63
4
99
-7
-11
13
-60
-36
-25
-33
57
31
1
75
-58
-135
27
-43
-108
133
127
-52
54
67
-136
-103
19
-51
-33
137
116
-41
-6
57
-129
-200
68
129
-80
41
224
-28
-165
24
-8
-139
-25
80
54
42
50
21
-47
-81
-59
-25
33
72
52
21
-7
-17
-78
-130
36
86
-112
46
214
-94
-87
159
-93
-147
155
-4
-119
168
74
-152
59
90
-139
-46
74
-69
-72
80
69
-4
47
69
-50
-121
-63
-34
-37
34
113
97
29
0
-40
-92
-46
-22
-33
78
93
4
83
78
-90
-93
-39
-82
-68
44
153
99
-25
42
47
-176
-155
72
-8
-120
123
206
-35
-14
102
-121
-207
17
47
-35
89
179
16
-111
14
32
-169
-81
139
-18
-71
196
99
-124
50
15
-229
-19
114
-109
22
225
-14
-114
87
27
-194
-89
100
1
-13
161
80
-36
10
-104
-145
46
39
-43
83
141
-16
-114
2
38
-111
-43
122
-3
-55
86
25
-53
33
19
-48
-14
10
6
23
30
14
-19
-33
-14
-2
17
34
-1
-16
-16
-56
-14
85
41
-17
68
41
-117
-51
62
-48
-32
125
34
-48
59
-37
-154
11
48
-65
66
149
-35
-81
10
-35
-64
22
75
61
7
-5
28
-46
-79
65
51
-62
75
92
-140
-72
88
-82
-86
142
43
-119
19
24
-126
-22
117
13
-14
112
14
-138
-5
32
-102
39
160
-4
-6
58
-100
-128
-6
-14
2
90
92
31
-43
-56
-21
-88
-98
82
114
-28
32
121
-49
-135
10
6
-95
-2
64
-16
24
93
-1
-50
-8
-64
-105
-2
82
53
35
68
6
-103
-39
48
-35
-35
85
29
-77
9
69
-32
-54
21
-17
-72
25
56
-39
15
75
-64
-73
80
33
-58
29
47
-24
-19
-23
-1
65
-34
-89
63
6
-128
41
73
-63
45
40
-104
23
38
-104
50
131
-33
18
97
-57
-80
32
-53
-94
87
69
-76
70
114
-135
-115
50
-63
-106
72
122
34
16
38
-21
-99
-61
-8
-20
40
111
33
-21
38
-17
-124
-48
42
-7
6
97
59
-26
2
-6
-91
-50
45
2
-25
57
60
-46
-53
41
-5
-104
5
56
-73
-1
109
-12
-24
45
-48
-61
25
-8
3
88
42
-29
17
31
-46
-49
37
38
-37
-5
56
-23
-73
-5
-13
-29
43
28
-1
45
-25
-111
-18
47
-14
13
106
60
-56
-57
-4
-31
-72
-19
51
37
31
67
41
10
-21
-104
-68
37
21
40
111
84
15
-55
-73
-17
-59
-100
17
58
-2
36
82
9
-70
-72
-59
-58
-20
50
98
72
24
47
16
-61
-17
-25
-81
20
45
-10
102
86
-45
0
-56
-151
-2
15
-71
101
154
-10
3
35
-60
-87
-57
-16
40
59
51
14
17
12
-104
-61
61
-47
-37
99
-4
-18
69
-37
-36
29
-44
-1
42
-36
6
29
-53
-5
83
25
-25
48
18
-120
-45
65
-33
-20
107
43
-46
-10
5
-55
-69
22
27
-45
68
110
-76
-3
135
-111
-144
130
-11
-167
108
131
-83
10
59
-85
-56
-7
-53
37
90
-35
-26
99
11
-83
44
71
-60
-57
22
29
17
12
38
19
-77
-49
27
-33
-16
70
-6
-56
18
28
5
-22
-25
45
-30
-115
91
129
-101
-10
101
-93
-76
76
2
-15
44
-10
-20
35
40
-7
-39
2
-16
-76
17
87
1
-15
-7
-52
-33
-14
-6
37
24
8
0
-28
55
68
-69
-2
105
-60
-110
56
64
-58
-56
55
33
-94
-40
51
-27
-45
18
24
21
-21
-6
84
-10
-77
94
55
-132
2
136
-28
-68
96
42
-134
-76
20
-36
-5
80
53
32
-19
-103
-40
-7
-66
38
136
44
-14
0
-9
-67
-126
-13
105
-4
6
160
48
-110
-15
3
-116
-57
72
29
-16
53
52
-25
-32
-19
-8
12
-39
-13
121
49
-66
66
84
-114
-83
63
-29
-110
49
95
-72
-34
99
-24
-109
7
38
-27
-33
32
76
7
-12
47
22
-4
-18
-68
-16
-1
-82
17
120
9
1
96
-31
-170
-17
84
-60
15
256
102
-135
-4
4
-206
-111
60
20
69
109
5
9
-21
-169
-106
34
1
22
150
135
-23
-88
-29
-40
-93
-4
129
100
-18
1
47
-76
-113
20
19
-18
49
24
-21
23
-24
-80
47
74
-81
-8
125
-62
-107
111
51
-82
45
77
-39
-43
17
9
-47
-14
72
6
-63
18
20
-89
-59
70
62
-28
17
85
-28
-91
28
20
-58
41
51
-46
45
56
-108
-45
54
-59
-17
146
57
-46
37
-17
-124
17
92
-26
19
68
-74
-78
30
-7
-37
34
31
-51
-39
36
-3
-40
39
37
-4
47
21
-44
-6
-15
-58
16
77
31
-5
-6
-21
-42
-13
55
46
7
16
-35
-70
12
13
-33
20
9
-73
-49
8
-16
-25
32
35
-5
49
53
-21
20
34
-35
31
81
2
7
31
-56
-77
-4
-13
-69
-23
26
-36
-56
8
5
-36
-12
9
12
67
56
-14
49
60
-66
-22
72
-12
-51
-12
3
12
-35
-20
50
-53
-105
36
33
-37
64
61
-77
-6
98
-22
-39
107
24
-144
-42
74
-19
-70
14
33
-42
-58
-3
10
-19
-41
-43
28
109
40
-29
64
35
-146
-91
74
35
-35
26
92
33
-86
-67
2
-63
-96
4
92
79
-1
24
86
-47
-92
65
15
-90
44
86
6
51
45
-51
-104
-170
-151
-32
-14
48
164
73
-24
-6
-76
-78
20
35
94
142
54
46
51
-79
-108
-29
-43
-64
0
74
26
-83
-20
51
-100
-96
106
15
-99
99
135
-18
19
65
-15
-65
-59
19
59
-30
-19
52
-33
-65
7
-46
-52
66
-14
-95
110
124
-107
-23
128
-28
-87
45
54
-3
-11
3
15
-13
-22
26
17
-30
-5
-4
-60
3
78
0
25
93
-58
-82
49
-63
-102
75
22
-56
55
35
-53
-27
-9
-13
-14
18
103
58
-31
58
53
-108
-35
85
-42
-48
101
16
-101
20
76
-51
-27
86
-30
-123
-14
-19
-38
93
70
-30
25
-4
-124
-75
54
56
16
84
115
4
-50
-29
-49
-56
-20
36
53
31
38
5
-42
-33
-60
-26
30
-46
6
100
-17
-21
74
-11
-38
-3
-52
-8
56
3
10
82
34
-77
-49
40
-28
-94
29
53
-72
16
133
2
-10
86
-65
-116
67
52
-15
95
87
-65
-97
-17
-11
-75
-25
55
-11
-65
2
44
-17
-60
5
23
-30
17
50
9
42
18
-61
21
80
-23
-22
95
58
-67
-30
59
12
-39
25
68
-10
-74
-63
-51
-18
-4
-46
30
71
-102
-133
14
-5
-74
1
122
98
-45
1
95
-40
-38
90
20
15
62
-34
5
75
-23
-17
12
-71
-67
-72
-96
31
48
-76
13
104
-51
-121
-19
11
-51
-61
75
199
102
-15
41
31
-132
-166
27
156
68
36
127
47
-145
-149
-53
-59
-58
27
62
43
34
-49
-114
-35
-10
-88
-19
149
98
-84
-5
167
-6
-173
42
134
-73
-76
108
124
-2
-61
37
80
-87
-99
76
42
-27
33
-7
-11
6
-141
-83
98
-42
-92
92
18
-103
11
10
-71
9
48
-21
16
98
49
-17
31
54
-31
-65
41
81
-32
-2
139
21
-137
-13
51
-104
-86
89
57
-61
-8
39
-13
-38
-32
3
11
-60
-24
68
-11
-60
25
-11
-107
-18
75
13
39
104
-8
-41
49
2
16
120
56
-14
-5
-37
-18
2
-18
3
-28
-60
-13
-28
-36
53
19
-111
-43
66
-65
-101
95
56
-109
-14
43
-57
-28
38
25
17
5
-16
-21
-18
29
64
69
121
123
27
5
32
-27
-62
6
57
21
-11
19
-44
-188
-147
-53
-131
-99
49
3
-59
-5
-21
-28
23
41
82
124
92
67
86
62
18
52
94
46
20
48
7
-68
-62
-8
-22
-77
-20
60
3
-41
10
6
-51
-69
-25
23
45
75
72
35
25
-39
-84
3
14
-37
44
63
-29
-41
-40
-57
-51
-64
-42
27
40
21
25
44
14
-80
-65
37
25
13
96
109
55
18
-22
12
76
42
30
97
91
19
7
28
21
-27
-86
-62
2
-34
-73
3
34
-64
-113
-66
-66
-111
-74
-16
-29
-27
-8
-43
-54
-27
-7
26
38
39
62
11
-27
70
78
5
76
96
-7
29
72
19
72
83
-20
9
42
-38
-23
35
19
-11
-43
-49
-60
-115
-82
-8
-16
3
29
-50
-110
-82
-90
-109
-39
27
-8
-36
3
24
-2
-11
15
13
-28
-10
56
76
77
81
56
26
3
-19
-21
1
51
57
33
114
145
-19
-69
33
-19
-82
44
118
31
-22
-18
-57
-89
-44
-5
-18
-7
-9
-66
-68
-31
-47
-20
56
36
-16
3
-14
-92
-81
-5
3
-15
21
8
-61
-70
-66
-90
-53
22
40
3
-7
30
-29
-135
-43
66
-31
-49
96
82
-52
-12
104
6
-122
13
109
-14
11
139
16
-120
-22
27
-43
28
131
22
-82
8
36
-56
22
155
29
-88
26
2
-141
-33
78
-25
-4
98
18
-29
29
-28
-86
-1
7
-60
27
111
3
-52
35
4
-115
-50
76
12
-49
52
55
-50
-26
16
-40
-56
-21
-24
-20
41
66
-5
-24
32
-21
-90
11
90
8
-26
37
9
-81
-70
-4
8
-6
6
46
49
-9
-35
6
30
20
35
81
83
38
36
66
65
70
63
17
14
33
-11
-11
57
51
8
13
10
1
-17
-69
-48
14
-24
-15
80
49
-38
-12
8
-37
-21
46
60
33
31
30
8
-13
-50
-64
-41
-83
-121
-42
-9
-69
-38
4
-68
-89
-18
-16
-42
12
44
-16
-37
32
37
-18
37
115
78
48
92
114
91
70
93
128
86
6
7
28
-33
-56
29
37
-58
-45
-15
-130
-172
-68
-77
-139
-53
2
-103
-148
-85
-112
-158
-54
12
-57
-26
58
-12
-44
62
38
-61
1
80
43
58
145
136
63
76
96
43
62
128
66
30
115
85
-11
37
64
-44
-73
2
3
-50
-29
3
-61
-135
-116
-97
-135
-139
-93
-96
-141
-141
-108
-125
-156
-137
-108
-106
-74
3
39
-1
-10
19
-28
-63
43
133
85
64
144
129
-5
-12
85
36
-43
49
116
42
42
103
39
-45
-11
5
-46
-8
70
22
-47
-9
16
-42
-47
19
4
-80
-65
19
14
-9
61
80
-38
-87
-1
11
-51
10
110
45
-25
39
42
-59
-62
-2
-7
-2
46
51
-9
-52
-43
-43
-40
17
49
18
2
-10
-32
-15
-1
-3
30
48
9
-15
-6
-30
-55
-6
48
24
8
25
-34
-114
-86
-45
-82
-80
-22
-33
-98
-105
-72
-84
-122
-89
-15
-30
-79
-16
41
-32
-66
11
18
-47
-27
50
63
22
34
92
71
12
46
79
15
5
71
73
53
98
121
62
23
54
69
57
114
188
161
98
79
45
-8
-20
27
62
49
44
53
10
-47
-62
-84
-93
-60
-49
-51
-28
-60
-126
-119
-104
-122
-88
-30
-38
-46
-13
-9
-28
2
45
41
49
96
97
72
106
144
127
127
163
149
116
134
155
144
141
132
114
123
120
93
102
113
80
60
72
55
9
-13
-30
-55
-52
-22
-26
-51
-57
-65
-105
-139
-133
-119
-150
-180
-154
-148
-203
-223
-194
-196
-193
-127
-64
-38
3
68
112
143
203
271
303
333
392
433
440
443
453
456
433
398
361
306
220
129
57
-13
-92
-152
-207
-289
-348
-360
-377
-382
-326
-266
-252
-232
-182
-141
-98
-26
70
162
240
328
429
515
601
700
770
806
818
790
707
578
430
295
145
-34
-197
-363
-579
-778
-916
-1045
-1158
-1210
-1226
-1241
-1214
-1137
-1056
-1000
-925
-819
-711
-594
-447
-292
-160
-45
59
162
268
358
434
533
668
809
959
1148
1336
1474
1596
1721
1802
1829
1829
1775
1652
1483
1287
1050
801
573
355
155
10
-87
-169
-212
-195
-159
-136
-98
-52
-46
-69
-76
-72
-80
-98
-126
-182
-298
-474
-663
-843
-1032
-1201
-1320
-1427
-1540
-1635
-1721
-1782
-1791
-1763
-1703
-1595
-1471
-1360
-1249
-1118
-960
-779
-579
-347
-101
122
347
612
901
1196
1497
1750
1890
1900
1775
1520
1185
842
521
259
90
-3
-63
-110
-138
-153
-161
-145
-92
-27
29
67
88
96
78
39
4
-35
-89
-142
-186
-251
-328
-381
-419
-456
-462
-424
-386
-360
-314
-250
-204
-161
-99
-40
-6
16
28
16
-8
-22
-12
21
82
162
238
294
337
383
432
488
559
638
692
708
702
663
588
510
452
399
357
345
347
329
292
259
218
143
59
-5
-76
-173
-258
-327
-412
-504
-573
-630
-684
-705
-685
-647
-593
-516
-432
-368
-321
-268
-214
-170
-114
-28
57
122
178
221
241
249
259
278
309
337
346
337
307
243
156
62
-38
-148
-267
-383
-488
-586
-675
-734
-759
-769
-777
-767
-756
-769
-790
-792
-791
-794
-784
-763
-752
-733
-692
-643
-588
-513
-439
-397
-370
-349
-349
-368
-368
-344
-318
-294
-263
-239
-228
-212
-177
-123
-49
45
144
238
327
412
483
541
592
635
659
662
648
615
559
486
414
344
271
205
153
108
69
42
29
20
9
9
22
40
65
106
154
188
216
240
250
241
232
229
230
248
292
358
435
521
604
674
725
759
767
751
712
644
538
392
213
8
-208
-412
-584
-710
-787
-829
-840
-830
-813
-793
-758
-709
-647
-573
-481
-384
-282
-179
-84
5
83
149
212
282
362
457
568
681
780
848
879
864
813
747
672
583
492
396
269
115
-42
-192
-329
-431
-476
-481
-459
-414
-358
-305
-260
-218
-174
-129
-83
-40
-9
6
6
-6
-24
-36
-37
-24
5
51
110
175
240
301
354
389
395
375
326
246
138
18
-102
-223
-336
-437
-522
-593
-655
-705
-733
-743
-740
-721
-684
-641
-605
-569
-533
-497
-459
-415
-363
-309
-255
-200
-150
-106
-63
-26
0
19
34
44
47
50
57
62
58
46
25
-11
-61
-105
-136
-153
-154
-140
-127
-123
-130
-136
-137
-121
-83
-26
35
88
128
149
149
142
138
140
144
151
155
149
138
133
139
153
180
216
251
277
302
328
355
385
419
453
479
498
511
524
540
561
587
601
591
553
484
383
263
144
29
-86
-196
-300
-405
-506
-591
-654
-696
-716
-716
-709
-703
-694
-682
-668
-649
-617
-579
-540
-501
-460
-415
-367
-306
-234
-159
-90
-32
9
30
40
47
53
62
76
84
80
62
31
-9
-56
-95
-124
-144
-156
-160
-159
-156
-150
-135
-120
-106
-88
-71
-58
-47
-29
-9
9
24
33
27
10
-10
-27
-35
-28
-6
19
43
58
65
63
64
72
90
114
139
156
161
155
144
132
126
128
140
155
170
184
199
214
234
259
283
299
299
282
248
200
146
98
57
24
-3
-27
-49
-77
-101
-121
-134
-135
-127
-113
-97
-80
-63
-45
-24
9
51
101
159
225
294
364
432
496
549
587
607
612
600
576
543
505
460
407
349
282
210
139
73
12
-39
-83
-122
-157
-186
-212
-231
-243
-251
-255
-260
-265
-271
-277
-281
-281
-273
-263
-254
-248
-248
-253
-264
-274
-284
-290
-296
-301
-306
-312
-314
-312
-297
-272
-232
-178
-115
-45
31
111
198
289
388
485
577
655
712
746
761
758
741
714
676
623
550
455
337
198
45
-113
-267
-402
-512
-584
-616
-610
-570
-502
-416
-322
-221
-113
4
130
263
395
514
602
649
647
602
522
422
321
225
140
66
-3
-72
-142
-214
-283
-347
-401
-447
-487
-525
-565
-609
-649
-684
-705
-712
-702
-674
-633
-584
-531
-477
-424
-372
-320
-267
-214
-163
-115
-68
-30
1
21
32
31
24
14
4
-2
-2
3
12
18
21
19
13
10
12
25
44
75
111
151
192
233
272
311
347
376
397
406
404
393
375
354
335
319
313
316
333
364
406
454
503
542
565
565
541
495
431
355
274
187
96
3
-89
-182
-269
-341
-393
-421
-425
-406
-371
-327
-274
-220
-163
-102
-32
42
121
203
279
344
395
427
440
439
427
408
386
364
342
323
305
287
272
256
241
227
217
210
207
205
201
194
180
156
124
84
40
3
-31
-52
-59
-53
-33
-4
34
78
123
168
206
237
256
259
247
219
176
118
49
-27
-107
-186
-259
-321
-372
-410
-437
-454
-465
-475
-481
-484
-481
-469
-450
-422
-388
-354
-327
-306
-297
-296
-302
-307
-309
-305
-292
-271
-244
-213
-184
-154
-127
-102
-81
-59
-41
-24
-8
4
12
14
12
3
-12
-29
-48
-66
-81
-97
-111
-128
-147
-174
-202
-235
-267
-297
-321
-339
-350
-353
-350
-343
-329
-312
-292
-272
-250
-225
-202
-175
-145
-115
-80
-46
-12
16
40
59
77
94
113
136
165
197
231
264
298
331
366
401
439
480
520
554
579
591
587
566
530
481
420
353
279
201
122
41
-40
-118
-191
-256
-313
-356
-388
-407
-414
-413
-404
-391
-373
-354
-332
-308
-282
-254
-227
-202
-179
-162
-147
-139
-134
-129
-127
-121
-116
-108
-100
-90
-76
-62
-44
-22
2
27
55
81
106
131
156
182
211
242
276
311
347
382
415
448
479
508
536
563
583
596
599
594
578
553
519
481
435
387
337
282
226
169
110
53
-1
-51
-97
-137
-172
-202
-226
-248
-267
-285
-299
-313
-324
-330
-332
-329
-321
-311
-298
-284
-270
-257
-241
-226
-208
-190
-171
-153
-137
-124
-114
-108
-104
-103
-106
-112
-119
-129
-142
-158
-175
-193
-212
-232
-248
-264
-278
-287
-291
-291
-289
-284
-277
-269
-259
-246
-232
-213
-191
-165
-139
-112
-86
-62
-41
-20
1
22
45
69
94
118
140
160
177
195
212
232
253
276
301
324
346
367
385
401
417
432
445
458
465
468
463
450
427
395
356
310
262
212
164
117
72
27
-13
-52
-85
-115
-139
-156
-167
-174
-176
-177
-176
-175
-173
-170
-164
-158
-151
-141
-129
-119
-109
-100
-93
-85
-79
-72
-64
-52
-39
-22
-5
15
34
54
72
90
108
127
146
167
187
206
220
231
237
236
230
221
207
192
177
159
140
120
97
74
47
22
-2
-23
-41
-55
-66
-72
-78
-82
-82
-83
-83
-81
-78
-73
-67
-61
-54
-48
-44
-41
-41
-41
-44
-46
-48
-49
-48
-47
-44
-41
-38
-36
-33
-31
-27
-25
-22
-17
-12
-8
-4
-1
1
3
3
5
6
8
9
10
12
12
11
10
11
11
12
16
19
23
27
31
34
37
38
39
39
37
36
35
32
28
22
16
8
-1
-10
-20
-31
-42
-51
-61
-69
-77
-83
-88
-93
-94
-98
-100
-102
-103
-105
-105
-106
-106
-105
-105
-105
-104
-103
-102
-98
-94
-87
-79
-70
-59
-49
-39
-30
-23
-16
-11
-7
-3
0
3
5
8
9
10
11
11
13
16
19
24
29
34
38
41
43
44
45
44
44
43
42
39
37
34
30
27
23
20
18
15
15
15
15
17
19
21
27
34
41
49
59
68
79
90
100
111
119
129
137
143
147
150
149
146
140
134
124
112
101
90
77
62
47
31
14
-4
-24
-44
-65
-85
-105
-125
-144
-163
-180
-195
-209
-220
-228
-232
-234
-232
-226
-220
-211
-201
-190
-178
-166
-153
-141
-127
-115
-105
-94
-86
-78
-71
-65
-59
-53
-48
-41
-37
-30
-25
-19
-12
-5
2
11
21
31
43
56
69
84
99
114
130
146
161
175
187
199
208
215
220
223
225
225
224
220
215
210
203
196
187
178
167
156
142
128
113
95
77
57
37
16
-5
-26
-47
-66
-84
-101
-116
-129
-138
-146
-152
-156
-157
-157
-156
-154
-151
-148
-144
-140
-136
-131
-127
-122
-116
-111
-104
-97
-89
-82
-74
-67
-60
-53
-46
-40
-34
-29
-25
-20
-14
-9
-4
1
7
13
20
27
35
43
49
58
65
72
79
87
93
100
106
113
119
124
130
136
139
142
143
142
139
133
124
114
100
84
65
46
25
3
-18
-40
-60
-79
-96
-109
-121
-129
-133
-134
-133
-129
-124
-115
-105
-92
-80
-67
-52
-39
-24
-10
3
17
30
42
53
64
74
83
90
98
102
105
108
108
107
105
100
95
89
80
69
58
45
31
17
0
-15
-32
-48
-65
-81
-96
-110
-121
-132
-140
-146
-148
-150
-148
-145
-139
-133
-125
-117
-107
-98
-88
-80
-72
-64
-58
-52
-47
-42
-39
-36
-32
-31
-29
-27
-24
-22
-19
-17
-14
-11
-6
-3
1
4
8
12
17
20
25
28
32
34
37
38
38
38
36
33
29
25
20
13
7
0
-7
-14
-21
-28
-34
-40
-46
-52
-56
-61
-64
-68
-71
-74
-77
-79
-81
-81
-82
-81
-81
-78
-76
-70
-64
-57
-49
-39
-28
-15
-2
13
28
42
58
73
87
100
113
125
134
143
149
153
154
154
152
145
139
130
119
107
92
78
64
49
32
19
5
-8
-20
-32
-42
-50
-57
-63
-69
-73
-75
-78
-79
-79
-79
-78
-76
-74
-69
-66
-60
-54
-46
-37
-30
-21
-11
-2
8
19
27
36
43
51
58
63
67
69
72
72
72
71
69
66
63
59
55
50
45
40
36
31
27
25
21
19
17
14
14
13
14
13
14
15
17
18
21
22
26
28
32
35
39
43
48
53
58
64
68
74
77
81
85
88
89
90
90
89
86
82
77
70
63
55
46
36
25
14
4
-8
-19
-30
-42
-52
-64
-73
-83
-92
-100
-108
-115
-121
-127
-132
-136
-139
-142
-144
-145
-145
-145
-145
-143
-142
-140
-136
-133
-128
-123
-117
-111
-104
-95
-87
-77
-66
-55
-42
-29
-16
-2
11
24
37
49
63
74
86
97
107
117
125
133
139
144
149
153
155
157
158
157
155
151
148
141
134
125
116
105
94
81
70
56
44
31
19
8
-3
-13
-21
-30
-36
-43
-48
-52
-56
-58
-60
-62
-63
-63
-63
-64
-63
-61
-61
-59
-58
-55
-53
-50
-47
-45
-41
-39
-36
-34
-30
-29
-27
-25
-23
-21
-20
-20
-20
-20
-19
-20
-21
-21
-21
-22
-22
-22
-22
-21
-22
-21
-21
-20
-19
-17
-17
-16
-13
-12
-10
-9
-8
-6
-5
-5
-5
-5
-4
-4
-4
-4
-4
-5
-4
-3
-4
-2
-2
0
1
1
3
5
6
7
7
9
9
9
9
9
10
9
9
9
9
8
7
6
5
4
2
1
0
-1
-2
-3
-5
-7
-7
-8
-8
-8
-9
-9
-8
-9
-8
-7
-6
-6
-6
-5
-4
-4
-4
-4
-2
-2
-2
-1
-1
-1
0
0
0
0
0
0
0
-1
-1
-1
-1
-2
-2
-2
-2
-3
-3
-4
-3
-5
-4
-5
-6
-6
-7
-7
-9
-10
-12
-13
-14
-16
-17
-18
-18
-19
-19
-19
-20
-19
-18
-18
-17
-16
-14
-12
-12
-9
-8
-7
-5
-3
-1
1
2
4
5
7
8
10
11
12
13
15
16
16
18
19
22
23
24
26
28
30
31
33
34
36
38
39
39
40
41
42
42
43
42
42
42
42
43
42
43
42
41
41
40
38
38
36
35
32
30
29
27
25
22
20
18
15
13
10
8
6
3
1
-2
-4
-6
-9
-11
-14
-16
-19
-21
-24
-25
-28
-29
-31
-32
-34
-34
-35
-35
-36
-36
-37
-37
-37
-36
-35
-35
-35
-32
-32
-31
-29
-27
-26
-24
-22
-21
-20
-19
-16
-15
-14
-12
-11
-11
-9
-7
-5
-3
-2
1
2
4
7
10
12
15
18
21
25
29
32
35
38
42
43
47
50
52
54
56
57
58
59
59
59
58
56
54
52
49
45
43
40
36
32
27
23
18
14
10
6
1
-3
-7
-11
-15
-19
-21
-25
-28
-31
-32
-35
-37
-39
-40
-42
-43
-44
-44
-45
-45
-46
-46
-46
-44
-43
-42
-40
-39
-37
-35
-34
-31
-29
-27
-24
-23
-21
-19
-18
-17
-16
-16
-15
-15
-15
-16
-15
-17
-17
-17
-18
-19
-20
-20
-21
-22
-23
-24
-24
-25
-25
-26
-26
-26
-26
-25
-25
-25
-24
-23
-22
-20
-19
-17
-14
-13
-10
-7
-3
-1
3
6
10
13
17
21
25
28
31
35
38
41
44
46
48
50
51
52
54
56
56
55
57
57
57
57
55
55
55
53
51
49
46
43
41
39
35
32
29
26
22
18
14
10
7
3
-1
-4
-8
-12
-15
-18
-21
-25
-29
-31
-34
-38
-39
-42
-44
-46
-48
-50
-51
-53
-54
-55
-55
-56
-57
-57
-58
-58
-58
-58
-57
-57
-56
-55
-54
-54
-52
-52
-50
-49
-47
-45
-45
-42
-41
-39
-37
-34
-31
-29
-25
-22
-20
-16
-13
-10
-5
-3
0
4
6
10
13
16
20
22
25
28
32
33
36
37
41
43
44
45
47
48
49
49
50
49
49
49
48
47
46
45
43
42
39
38
36
33
31
30
28
26
23
22
19
17
15
14
11
10
8
6
5
3
3
0
-1
-2
-3
-3
-5
-7
-7
-8
-8
-9
-10
-12
-12
-12
-13
-13
-13
-14
-15
-15
-16
-17
-18
-18
-19
-20
-21
-21
-22
-21
-22
-22
-22
-23
-22
-21
-21
-19
-19
-18
-17
-16
-15
-13
-12
-11
-10
-7
-7
-5
-4
-3
-1
0
1
2
3
3
6
6
7
8
9
10
11
12
12
13
15
16
17
18
19
20
21
21
23
24
25
25
26
27
29
30
31
31
32
34
34
36
37
37
37
38
38
39
39
39
39
38
37
37
35
34
33
31
28
26
22
20
18
15
11
8
4
2
-3
-6
-10
-13
-17
-20
-24
-27
-30
-33
-35
-38
-40
-42
-44
-45
-46
-47
-48
-48
-48
-47
-46
-46
-45
-43
-43
-40
-39
-38
-35
-33
-30
-29
-27
-24
-22
-20
-18
-16
-15
-12
-11
-8
-7
-6
-5
-3
-2
-2
0
-1
0
1
0
1
1
1
1
1
1
-1
0
0
0
-1
-1
-1
-2
0
-1
-2
-1
-1
-1
-1
-1
-1
-1
0
0
0
-1
-1
0
0
1
1
0
1
1
1
1
2
1
1
1
2
2
2
2
1
2
2
3
0
1
1
1
1
1
0
1
1
1
1
1
1
1
2
2
2
3
2
3
3
3
3
4
5
5
6
7
6
6
7
8
8
8
9
8
8
9
9
8
9
9
9
9
8
8
8
7
7
7
7
7
6
7
6
6
6
5
5
5
5
5
5
5
4
5
4
4
4
5
4
4
4
3
3
3
3
3
2
2
2
2
2
1
1
1
1
1
0
1
1
1
0
0
0
0
0
0
0
1
0
1
0
2
1
1
1
1
1
1
1
1
1
1
0
2
1
1
0
1
1
1
2
1
1
1
1
1
1
1
1
1
1
0
1
0
0
0
0
0
0
0
1
0
-1
0
0
0
0
0
-2
-2
-1
-1
-1
-1
-2
-1
-2
-2
-2
-3
-2
-2
-2
-3
-2
-3
-2
-3
-3
-3
-3
-3
-4
-3
-3
-3
-3
-3
-3
-2
-2
-3
-2
-3
-3
-3
-3
-4
-3
-3
-3
-4
-3
-3
-3
-3
-3
-3
-2
-3
-4
-3
-2
-2
-2
-2
-2
-2
-3
-3
-1
-2
-2
-3
-2
-2
-2
-2
-1
-2
-1
-1
-1
-2
-2
-1
-2
-1
0
-1
0
-1
-1
-1
0
-1
-1
-1
-1
-1
-2
-1
-1
-1
0
0
0
-1
0
0
-1
-1
-1
-1
0
-1
0
0
0
-1
0
1
0
1
0
0
1
0
0
1
0
1
1
0
1
1
0
1
1
1
0
1
1
0
1
0
1
2
0
1
0
1
1
0
1
0
1
1
2
1
1
1
1
0
1
1
1
1
1
1
2
1
1
0
1
1
1
1
0
1
2
1
1
1
1
1
0
1
1
1
1
1
1
1
2
1
1
1
1
1
0
1
1
1
1
1
2
1
1
1
1
1
1
0
1
1
0
1
0
1
0
1
1
1
0
0
0
0
0
1
0
0
1
1
0
1
1
1
0
1
1
1
1
0
0
0
1
1
0
0
1
0
0
1
1
1
1
1
0
1
1
0
1
1
1
1
1
1
2
1
0
1
0
0
0
1
1
2
1
1
1
1
0
1
1
0
1
0
1
1
1
0
0
0
1
0
1
0
1
0
1
0
0
1
0
0
1
0
1
0
0
0
0
1
0
1
0
1
0
0
0
0
0
0
-1
0
-1
-1
0
0
-1
0
0
-1
-1
-1
0
-1
-1
-1
-1
-1
-2
-1
-1
-1
-2
-1
-1
-1
-1
-2
-1
-2
-1
-3
-3
-3
-2
-2
-4
-3
-3
-3
-2
-4
-4
-4
-3
-3
-4
-3
-4
-4
-4
-4
-4
-4
-4
-3
-4
-3
-4
-5
-3
-3
-4
-4
-4
-4
-4
-4
-4
-3
-4
-4
-4
-3
-4
-2
-3
-3
-3
-3
-3
-2
-2
-2
-3
-2
-2
-2
-3
-3
-2
-3
-3
-3
-3
-2
-2
-3
-3
-2
-1
-1
-2
-2
-1
-2
-1
-1
-1
-1
-1
0
1
1
1
0
1
1
1
2
2
3
2
3
2
3
4
4
3
3
3
4
3
3
3
3
3
1
2
2
1
2
1
1
0
0
0
-1
-2
-2
-2
-2
-2
-3
-3
-3
-4
-4
-5
-4
-5
-5
-4
-4
-4
-4
-3
-3
-3
-2
-2
-2
0
0
0
1
1
2
2
4
5
4
5
6
6
7
7
8
8
9
9
10
10
9
10
9
9
8
8
8
7
7
7
6
4
3
2
2
0
-1
-2
-4
-5
-7
-8
-11
-11
-12
-14
-16
-17
-19
-19
-20
-20
-21
-22
-22
-22
-22
-21
-21
-19
-17
-16
-14
-13
-9
-7
-4
-1
3
6
8
13
16
21
25
29
34
37
40
44
48
50
54
57
58
61
62
63
63
65
64
63
62
61
57
55
53
48
44
40
34
30
24
19
12
6
-1
-7
-13
-19
-26
-31
-37
-42
-47
-52
-57
-60
-64
-66
-68
-70
-71
-72
-71
-71
-70
-67
-64
-62
-59
-54
-50
-44
-39
-34
-29
-23
-17
-11
-5
1
6
13
0
0
0
0
0
0
0
0
0
0
0
0
0
0
0
0
0
0
0
0
0
0
0
0
0
0
0
0
0
0
0
0
0
0
0
0
0
0
0
0
0
0
0
0
0
0
0
0
0
0
0
0
0
0
0
0
0
0
0
0
0
0
0
0
0
0
0
0
0
0
0
0
0
0
0
0
0
0
0
0
0
0
0
0
0
0
0
0
0
0
0
0
0
0
0
0
0
0
0
0
0
0
0
0
0
0
0
0
0
0
0
0
0
0
0
0
0
0
0
0
0
0
0
0
0
0
0
0
0
0
0
0
0
0
0
0
0
0
0
0
0
0
0
0
0
0
0
0
0
0
0
0
0
0
0
0
0
0
0
0
0
0
0
0
0
0
0
0
0
0
0
0
0
0
0
0
0
0
0
0
0
0
0
0
0
0
0
0
0
0
0
0
0
0
0
0
0
0
