0
0
0
0
0
0
0
0
0
0
0
0
0
0
0
0
0
0
0
0
0
0
0
0
0
0
0
0
0
0
0
0
0
0
0
0
0
0
0
0
0
0
0
0
0
0
0
0
0
0
0
0
0
0
0
0
0
0
0
0
0
0
0
0
0
0
0
0
0
0
0
0
0
0
0
0
0
0
0
0
0
0
0
0
0
0
0
0
0
0
0
0
0
0
0
0
0
0
0
0
0
0
0
0
0
0
0
0
0
0
0
0
0
0
0
0
0
0
0
0
0
0
0
0
0
0
0
0
0
0
0
0
0
0
0
0
0
0
0
0
0
0
0
0
0
0
0
0
0
0
0
0
0
0
0
0
0
0
0
0
0
0
0
0
0
0
0
0
0
0
0
0
0
0
0
0
0
0
0
0
0
0
0
0
0
0
0
0
0
0
0
0
0
0
0
0
0
0
17
8
2
-5
-12
-20
-28
-36
-42
-49
-56
-63
-69
-74
-78
-81
-85
-87
-90
-90
-90
-90
-90
-87
-84
-80
-77
-72
-66
-61
-55
-49
-42
-35
-29
-22
-16
-8
-1
4
10
16
21
27
31
36
39
43
46
48
50
51
51
52
52
52
51
50
49
47
44
43
38
36
33
30
28
24
19
18
14
10
8
5
1
-1
-3
-6
-8
-11
-12
-14
-16
-18
-19
-22
-22
-23
-23
-24
-25
-25
-27
-26
-25
-25
-24
-25
-25
-24
-23
-21
-21
-21
-20
-18
-19
-18
-16
-16
-16
-13
-13
-13
-11
-10
-9
-8
-9
-7
-6
-6
-6
-3
-3
-2
0
0
0
1
1
3
5
5
6
7
7
7
8
10
10
10
10
12
12
12
11
11
12
11
12
12
12
12
11
10
9
10
9
9
8
7
8
7
6
6
5
5
5
4
5
5
5
5
5
4
4
4
5
4
5
4
4
5
4
3
3
3
2
2
2
1
0
-1
0
-1
-1
-2
-2
-2
-3
-3
-3
-4
-4
-2
-3
-3
-2
-2
-1
0
0
0
2
3
3
4
5
5
7
7
7
8
8
10
10
10
10
10
9
8
9
9
7
6
6
6
5
5
3
4
4
2
2
1
0
0
0
0
0
-1
1
1
1
0
1
0
1
2
2
2
2
3
3
3
4
4
3
4
4
3
4
3
4
4
4
4
4
3
3
3
3
3
2
2
0
0
-1
-2
-2
-3
-4
-5
-5
-7
-7
-8
-9
-10
-10
-11
-14
-14
-16
-17
-19
-19
-20
-21
-21
-23
-24
-24
-26
-27
-26
-29
-28
-28
-29
-28
-28
-28
-27
-27
-27
-25
-24
-24
-22
-22
-20
-17
-16
-14
-11
-9
-6
-3
-1
1
4
7
8
12
15
19
22
25
27
31
33
36
39
42
45
47
49
52
54
56
57
59
60
61
61
62
62
63
63
61
61
61
60
59
57
54
52
50
48
45
42
38
36
32
28
24
21
16
12
8
4
-1
-5
-9
-14
-18
-23
-26
-30
-33
-38
-41
-45
-48
-51
-54
-56
-58
-60
-61
-63
-64
-66
-67
-67
-67
-67
-66
-66
-64
-64
-62
-59
-57
-56
-54
-52
-50
-46
-45
-41
-37
-35
-31
-28
-25
-23
-19
-16
-13
-10
-6
-4
-2
1
3
6
8
10
12
14
15
19
20
21
22
23
24
25
27
26
26
26
26
26
26
25
25
25
24
23
24
23
22
22
21
21
20
18
18
18
17
16
15
14
16
14
14
13
14
13
13
12
11
11
11
11
10
10
9
9
8
9
8
8
7
6
7
7
7
6
6
4
4
2
2
2
1
2
1
0
1
0
-1
-1
-1
-3
-1
-2
-2
-2
-3
-3
-3
-3
-4
-3
-4
-3
-3
-4
-3
-3
-3
-2
-1
-2
-3
-1
-1
-1
-1
-1
0
0
1
2
1
2
2
2
2
2
2
3
4
3
3
2
2
3
3
3
3
2
3
2
2
2
1
1
1
0
1
1
1
0
0
1
0
1
-1
-1
-1
-1
-1
-1
-2
-1
-2
-2
-2
-3
-2
-3
-3
-3
-4
-3
-3
-4
-5
-5
-6
-6
-5
-6
-5
-4
-4
-5
-5
-4
-5
-5
-4
-5
-6
-5
-4
-5
-3
-3
-2
-2
-3
-3
-3
-4
-4
-3
-3
-2
-2
-1
-2
-2
-2
-3
-3
-2
-2
-2
-2
-2
-2
-2
-2
-3
-3
-2
-2
-3
-2
-2
-2
-2
-1
-1
-2
-1
-1
0
0
0
-1
0
0
-1
-1
0
0
0
0
-1
-1
-1
-2
-2
-2
-1
-2
-2
-3
-1
-2
-3
-2
-3
-4
-3
-3
-3
-3
-3
-3
-2
-2
-2
-2
-2
-1
-2
-1
-1
-1
-1
0
1
1
2
2
2
2
1
2
1
1
1
1
1
2
2
2
2
0
0
0
-1
-2
-2
-4
-4
-4
-5
-5
-6
-7
-7
-8
-9
-9
-11
-11
-10
-11
-12
-11
-12
-11
-12
-12
-11
-11
-11
-11
-10
-8
-7
-7
-5
-3
-1
0
1
3
4
6
8
9
10
12
14
16
17
19
22
23
24
25
25
26
25
24
25
25
24
25
24
23
21
19
17
17
14
11
8
6
4
1
-1
-3
-6
-8
-11
-13
-16
-19
-21
-23
-25
-26
-28
-29
-31
-31
-31
-31
-32
-31
-31
-31
-30
-30
-27
-26
-24
-21
-19
-16
-14
-10
-7
-5
-2
1
4
7
10
13
16
20
22
26
29
31
34
35
37
39
40
41
43
43
44
45
44
44
44
43
42
41
40
38
36
34
32
30
27
25
24
20
17
13
12
8
4
1
-4
-7
-10
-12
-16
-20
-23
-27
-31
-34
-37
-41
-45
-48
-50
-52
-55
-56
-59
-61
-62
-63
-64
-66
-66
-65
-66
-65
-64
-63
-62
-61
-59
-58
-57
-56
-53
-51
-48
-44
-42
-39
-36
-34
-32
-29
-26
-22
-19
-15
-10
-5
-2
1
4
8
12
15
19
25
31
35
40
44
50
54
59
63
67
71
76
80
85
89
92
94
97
100
101
101
103
103
102
101
100
98
96
92
88
84
80
75
69
63
57
51
44
37
29
22
14
7
0
-8
-14
-22
-29
-35
-41
-48
-55
-60
-64
-69
-74
-79
-82
-85
-88
-89
-89
-90
-89
-91
-91
-90
-89
-89
-86
-83
-80
-77
-75
-70
-66
-63
-60
-57
-53
-48
-43
-38
-34
-28
-25
-19
-16
-13
-10
-7
-3
0
4
9
13
16
18
21
23
24
25
26
29
30
31
34
35
36
36
35
35
34
33
32
31
28
28
28
27
26
25
24
20
17
13
11
8
7
7
6
5
2
0
-3
-6
-6
-8
-8
-8
-8
-10
-12
-14
-13
-14
-15
-13
-14
-14
-13
-15
-15
-14
-13
-13
-13
-13
-14
-15
-17
-17
-16
-15
-13
-11
-12
-12
-14
-15
-13
-11
-10
-7
-5
-5
-5
-4
-2
-1
2
6
10
14
15
17
18
19
22
26
30
36
37
39
40
42
44
45
47
49
50
50
50
48
48
50
49
49
47
46
44
41
38
37
35
33
31
28
23
18
16
14
13
11
8
4
2
-1
-5
-6
-7
-7
-8
-8
-10
-10
-11
-12
-13
-13
-12
-11
-10
-8
-6
-5
-3
-3
-3
-3
-3
-1
1
1
2
3
2
2
1
1
2
2
3
3
2
2
-1
-2
-3
-3
-5
-5
-6
-7
-5
-6
-7
-9
-11
-12
-14
-15
-14
-13
-12
-10
-11
-12
-15
-16
-17
-18
-16
-14
-11
-10
-11
-11
-13
-13
-14
-13
-13
-12
-11
-12
-12
-13
-14
-15
-17
-17
-16
-16
-17
-17
-16
-17
-19
-21
-21
-21
-20
-19
-17
-17
-14
-14
-15
-16
-15
-14
-11
-7
-2
2
4
5
7
7
8
10
14
19
22
25
28
30
31
31
32
33
33
32
33
32
34
33
33
33
30
29
26
23
19
16
13
9
8
5
3
0
-1
-5
-9
-14
-19
-25
-29
-32
-34
-34
-34
-35
-35
-40
-45
-51
-56
-61
-61
-57
-53
-49
-46
-48
-52
-57
-62
-63
-59
-52
-43
-35
-30
-29
-31
-34
-36
-34
-27
-17
-7
0
6
6
5
2
2
6
13
21
31
37
38
35
32
27
24
26
31
39
45
49
48
41
34
26
18
16
19
23
27
29
28
23
13
4
-4
-8
-10
-10
-8
-7
-7
-9
-13
-18
-24
-29
-31
-35
-36
-36
-36
-36
-35
-32
-31
-32
-33
-35
-38
-40
-40
-39
-33
-28
-23
-18
-15
-16
-17
-20
-20
-18
-15
-8
-2
4
7
10
9
9
9
11
13
17
22
26
28
29
30
30
30
34
34
35
35
35
33
32
31
31
31
32
32
32
29
23
17
11
4
2
3
4
8
9
7
1
-7
-15
-23
-29
-29
-25
-18
-11
-7
-6
-10
-17
-25
-31
-33
-28
-20
-9
3
10
14
12
8
3
1
3
11
22
35
46
53
56
55
51
49
50
53
59
66
73
77
77
74
68
62
58
54
53
53
53
51
48
42
33
24
13
5
-3
-10
-13
-15
-16
-18
-21
-27
-36
-47
-58
-66
-70
-68
-63
-55
-47
-43
-44
-50
-56
-63
-65
-62
-51
-36
-20
-8
3
6
6
4
3
5
11
20
32
43
54
62
69
71
72
69
65
58
51
48
45
47
52
60
66
67
62
49
33
15
1
-5
-4
4
17
28
33
30
19
2
-13
-24
-25
-18
-5
8
19
22
17
8
-6
-16
-21
-20
-15
-8
-3
-2
-6
-12
-19
-23
-26
-24
-22
-20
-19
-20
-20
-21
-17
-12
-3
7
18
25
29
29
29
29
32
39
49
60
71
78
79
75
70
61
51
46
40
36
32
26
17
7
-6
-21
-37
-52
-66
-79
-91
-100
-111
-119
-126
-133
-139
-145
-150
-154
-157
-158
-156
-153
-145
-136
-128
-120
-113
-109
-107
-105
-101
-96
-86
-76
-64
-53
-43
-38
-36
-39
-41
-45
-46
-43
-38
-32
-25
-18
-13
-13
-14
-17
-21
-26
-29
-29
-28
-26
-21
-18
-16
-16
-17
-19
-24
-28
-34
-38
-40
-41
-39
-36
-31
-27
-23
-20
-18
-19
-20
-19
-18
-13
-6
0
10
20
26
32
36
38
40
42
46
46
50
52
55
55
57
58
57
59
58
57
54
51
47
42
38
34
33
34
35
36
35
33
29
22
17
14
13
15
19
23
27
29
29
26
24
21
21
22
26
30
33
34
34
31
28
24
21
21
20
21
23
24
24
22
20
19
17
18
18
18
20
21
22
23
24
26
29
31
32
34
34
34
31
29
28
27
28
29
30
29
28
25
22
18
14
10
10
8
10
10
12
12
12
11
10
10
10
11
12
13
15
17
18
20
20
19
18
16
16
14
14
14
14
12
10
8
4
1
-2
-5
-5
-6
-6
-6
-7
-6
-7
-7
-8
-7
-7
-5
-2
1
5
9
11
13
14
16
16
19
22
24
27
29
32
32
33
31
30
28
26
23
21
18
15
12
11
8
7
4
2
-1
-4
-7
-9
-10
-11
-10
-9
-7
-4
-2
0
1
2
2
2
3
4
5
6
7
8
7
6
5
4
1
-2
-5
-6
-10
-13
-15
-17
-19
-21
-23
-24
-26
-29
-32
-35
-38
-42
-44
-47
-49
-51
-53
-55
-55
-56
-59
-60
-63
-65
-67
-68
-68
-70
-71
-70
-71
-73
-76
-79
-81
-81
-83
-83
-82
-82
-80
-78
-76
-72
-69
-67
-63
-60
-56
-52
-45
-38
-33
-28
-23
-20
-19
-19
-18
-17
-16
-16
-17
-19
-24
-27
-31
-33
-32
-33
-34
-34
-36
-38
-40
-41
-40
-35
-28
-16
-5
4
14
23
31
39
46
52
57
63
70
81
94
111
131
151
171
189
207
223
239
258
278
303
330
359
391
422
455
484
505
517
516
506
486
459
428
396
361
327
291
252
209
163
112
56
-7
-73
-144
-217
-289
-356
-414
-464
-503
-537
-570
-604
-638
-669
-687
-690
-671
-626
-559
-469
-362
-239
-111
19
141
247
331
387
414
420
405
377
339
292
240
177
106
32
-44
-120
-193
-259
-317
-364
-400
-421
-424
-410
-381
-333
-269
-192
-111
-23
67
153
222
262
255
186
53
-142
-364
-579
-752
-854
-876
-819
-706
-564
-413
-269
-146
-55
-6
-1
-33
-92
-157
-206
-216
-180
-108
-12
87
174
238
277
289
280
260
236
216
214
235
277
332
388
427
441
431
405
378
361
369
410
496
626
794
991
1207
1424
1620
1779
1909
2011
2079
2108
2116
2131
2160
2186
2176
2082
1821
1295
453
-658
-1912
-3161
-4264
-5093
-5548
-5615
-5345
-4789
-3968
-2913
-1719
-518
578
1479
2120
2472
2586
2576
2536
2499
2448
2365
2237
2043
1758
1377
907
353
-316
-1106
-1969
-2803
-3494
-3960
-4144
-4018
-3602
-2969
-2206
-1376
-514
333
1096
1710
2137
2369
2412
2310
2135
1966
1837
1730
1605
1426
1173
833
413
-67
-577
-1102
-1633
-2138
-2558
-2826
-2887
-2718
-2336
-1786
-1140
-467
173
743
1230
1618
1886
2013
2005
1891
1714
1510
1315
1147
998
824
584
264
-117
-538
-979
-1399
-1761
-2040
-2234
-2330
-2302
-2142
-1873
-1533
-1163
-795
-471
-214
-13
163
337
510
674
830
964
1062
1103
1084
1007
863
640
349
20
-315
-619
-860
-1011
-1062
-1024
-921
-779
-617
-451
-296
-159
-34
83
200
317
433
551
672
785
877
935
948
908
809
660
480
300
143
27
-36
-40
13
109
236
380
527
673
815
950
1073
1191
1319
1456
1598
1742
1889
2026
2102
2080
1961
1783
1564
1310
1023
694
269
-339
-1162
-2111
-3033
-3794
-4296
-4472
-4294
-3827
-3190
-2462
-1645
-728
223
1103
1827
2351
2636
2675
2533
2336
2173
2027
1833
1548
1166
690
131
-475
-1063
-1598
-2096
-2564
-2955
-3181
-3171
-2902
-2391
-1680
-855
-39
675
1255
1714
2058
2272
2346
2284
2097
1804
1442
1072
751
482
222
-83
-448
-855
-1270
-1655
-1958
-2126
-2147
-2048
-1851
-1542
-1107
-565
22
597
1114
1525
1779
1853
1784
1638
1449
1222
964
690
396
37
-429
-993
-1593
-2156
-2623
-2923
-2985
-2773
-2319
-1707
-1009
-275
431
1015
1398
1550
1486
1222
797
297
-155
-468
-620
-630
-520
-318
-84
107
223
278
289
249
158
56
-8
-19
9
65
146
231
284
283
254
249
298
402
558
777
1058
1369
1645
1852
1978
2013
1941
1777
1603
1508
1505
1532
1538
1544
1580
1630
1662
1672
1615
1327
609
-576
-2027
-3454
-4628
-5379
-5565
-5158
-4334
-3346
-2324
-1236
-85
1007
1887
2495
2813
2810
2508
2076
1753
1653
1685
1683
1546
1232
703
-39
-893
-1709
-2412
-3026
-3566
-3943
-4016
-3710
-3044
-2075
-901
302
1321
2016
2408
2591
2631
2546
2358
2107
1804
1449
1065
716
446
201
-117
-562
-1117
-1723
-2302
-2754
-2967
-2884
-2533
-1996
-1336
-594
191
946
1592
2069
2340
2379
2192
1838
1423
1047
750
510
292
78
-148
-405
-699
-1000
-1269
-1500
-1715
-1912
-2028
-2002
-1827
-1528
-1126
-652
-164
253
556
749
840
812
641
350
9
-310
-558
-708
-734
-651
-525
-434
-403
-405
-401
-384
-355
-300
-219
-131
-63
2
100
235
368
459
498
495
450
379
322
331
408
515
625
732
835
912
937
907
843
775
714
677
696
806
1001
1229
1454
1676
1914
2143
2290
2326
2291
2241
2172
2060
1913
1714
1317
509
-762
-2287
-3758
-4957
-5733
-5926
-5478
-4577
-3525
-2464
-1329
-97
1085
2054
2765
3212
3327
3087
2669
2330
2180
2100
1919
1555
991
201
-793
-1844
-2754
-3427
-3899
-4206
-4274
-3991
-3338
-2384
-1213
79
1314
2262
2806
3006
2996
2864
2642
2372
2084
1759
1349
857
353
-112
-561
-1054
-1608
-2171
-2672
-3038
-3180
-3009
-2500
-1740
-863
17
836
1538
2066
2395
2538
2504
2293
1928
1474
1015
613
293
30
-229
-528
-880
-1267
-1648
-1955
-2118
-2124
-2022
-1871
-1679
-1420
-1082
-673
-211
265
672
922
986
905
756
589
418
232
17
-226
-479
-700
-839
-860
-773
-651
-556
-504
-464
-415
-334
-201
-22
150
265
308
319
338
378
434
493
533
529
482
428
411
454
535
613
651
640
590
517
442
404
434
528
652
792
961
1171
1397
1598
1782
1969
2141
2233
2202
2090
1979
1899
1818
1708
1545
1200
444
-837
-2453
-4037
-5303
-6094
-6254
-5696
-4591
-3307
-2074
-867
360
1484
2348
2930
3259
3295
3010
2556
2193
2034
1967
1800
1409
756
-164
-1299
-2479
-3473
-4127
-4445
-4483
-4226
-3616
-2666
-1489
-208
1069
2187
2944
3231
3145
2862
2511
2153
1833
1569
1292
905
382
-213
-816
-1409
-1987
-2525
-2972
-3255
-3304
-3057
-2487
-1613
-562
480
1355
1997
2387
2528
2453
2235
1941
1591
1192
776
386
47
-245
-523
-821
-1165
-1552
-1929
-2223
-2346
-2226
-1862
-1335
-764
-248
142
367
444
413
315
157
-45
-261
-451
-573
-590
-497
-339
-194
-118
-133
-226
-358
-466
-504
-465
-374
-261
-136
-12
93
183
260
310
313
273
228
217
267
384
549
725
851
888
825
691
535
405
320
275
272
332
459
639
859
1126
1427
1704
1913
2066
2208
2340
2416
2406
2336
2270
2236
2182
2059
1820
1324
352
-1176
-3001
-4697
-5958
-6615
-6519
-5632
-4227
-2751
-1438
-238
892
1838
2516
2992
3298
3346
3105
2758
2527
2437
2324
2018
1419
477
-792
-2243
-3596
-4576
-5053
-5046
-4647
-3927
-2932
-1745
-488
737
1848
2722
3218
3299
3104
2811
2532
2304
2129
1953
1633
1063
264
-655
-1582
-2420
-3069
-3484
-3649
-3547
-3146
-2448
-1507
-418
677
1598
2217
2510
2538
2385
2151
1929
1745
1546
1278
939
534
55
-473
-1000
-1501
-1978
-2397
-2662
-2680
-2421
-1894
-1146
-293
483
1022
1263
1222
949
521
52
-353
-644
-808
-823
-684
-448
-221
-90
-98
-265
-558
-865
-1053
-1053
-882
-584
-233
77
280
373
390
359
287
192
106
52
51
131
294
509
711
833
829
687
451
194
-1
-86
-37
139
390
633
816
939
1042
1129
1196
1270
1387
1543
1711
1892
2126
2403
2624
2664
2495
2209
1911
1632
1363
1109
780
102
-1137
-2780
-4379
-5578
-6222
-6166
-5312
-3891
-2417
-1204
-173
803
1636
2242
2723
3134
3318
3146
2767
2436
2197
1918
1493
871
-34
-1266
-2669
-3916
-4724
-4978
-4706
-4021
-3078
-2031
-985
18
973
1858
2582
3018
3116
2962
2693
2401
2141
1948
1757
1383
688
-260
-1288
-2271
-3094
-3599
-3698
-3462
-3016
-2389
-1582
-677
205
1006
1683
2154
2362
2344
2204
2025
1852
1694
1518
1257
856
288
-420
-1170
-1828
-2307
-2592
-2677
-2551
-2242
-1819
-1328
-779
-209
278
576
667
601
444
249
93
47
109
183
170
45
-169
-458
-787
-1069
-1215
-1198
-1058
-835
-556
-267
-28
131
218
248
229
179
137
144
218
341
483
610
693
705
650
561
475
416
379
355
353
383
435
491
546
609
676
733
793
902
1096
1363
1676
2015
2353
2642
2815
2817
2632
2325
2023
1811
1663
1510
1249
675
-450
-2101
-3889
-5352
-6251
-6470
-5885
-4581
-3009
-1623
-501
498
1344
1907
2281
2678
3065
3224
3147
3031
2927
2650
2092
1311
327
-935
-2417
-3815
-4801
-5222
-5064
-4380
-3311
-2102
-987
-74
667
1310
1889
2376
2728
2950
3073
3079
2949
2720
2403
1891
1052
-63
-1258
-2368
-3287
-3859
-3940
-3572
-2959
-2240
-1451
-664
11
561
1050
1501
1871
2147
2353
2488
2516
2413
2165
1744
1140
381
-482
-1355
-2100
-2585
-2768
-2669
-2341
-1875
-1414
-1068
-820
-593
-348
-73
239
575
840
924
812
579
303
21
-236
-433
-589
-774
-1012
-1230
-1329
-1268
-1053
-709
-301
40
212
223
148
56
-5
12
125
285
413
467
458
408
340
290
295
366
481
591
660
674
647
605
562
524
497
493
519
570
667
852
1134
1472
1810
2123
2421
2696
2885
2902
2739
2498
2286
2108
1931
1745
1423
600
-981
-3044
-4966
-6341
-7046
-6888
-5730
-3973
-2368
-1228
-293
580
1169
1465
1871
2575
3249
3621
3855
4076
3988
3312
2197
940
-431
-1968
-3458
-4564
-5163
-5296
-4959
-4140
-3010
-1867
-939
-288
160
565
1076
1748
2545
3365
4017
4274
4050
3461
2636
1583
352
-865
-1914
-2790
-3462
-3768
-3632
-3223
-2746
-2239
-1710
-1256
-899
-487
117
869
1660
2423
3071
3450
3453
3090
2447
1617
709
-169
-929
-1501
-1863
-2069
-2179
-2202
-2153
-2104
-2096
-2050
-1870
-1561
-1154
-632
0
618
1076
1324
1375
1233
908
486
85
-235
-482
-690
-874
-1030
-1160
-1249
-1248
-1123
-899
-646
-410
-196
-7
141
260
372
472
522
502
439
373
323
293
307
387
527
683
813
889
897
835
727
621
556
551
605
684
738
777
856
1018
1258
1572
1969
2410
2790
2991
2952
2716
2430
2204
2025
1840
1607
1118
-6
-1837
-3861
-5430
-6329
-6560
-5965
-4563
-2976
-1888
-1264
-637
47
542
984
1757
2761
3524
3942
4291
4516
4187
3171
1805
358
-1163
-2607
-3609
-4020
-4064
-3963
-3732
-3364
-2947
-2512
-1994
-1375
-680
96
964
1886
2815
3692
4345
4538
4199
3459
2449
1264
115
-748
-1296
-1709
-2077
-2349
-2561
-2810
-3031
-3040
-2787
-2366
-1783
-972
2
966
1814
2508
2969
3099
2912
2531
2082
1635
1212
801
379
-57
-529
-1068
-1624
-2082
-2411
-2688
-2909
-2941
-2710
-2283
-1728
-1047
-306
314
700
911
1048
1119
1107
1025
885
649
301
-99
-464
-756
-971
-1110
-1160
-1114
-979
-770
-507
-235
-3
153
224
233
220
237
303
408
527
629
688
709
726
767
832
913
1010
1091
1119
1094
1060
1031
989
951
961
1017
1100
1226
1447
1777
2170
2523
2709
2678
2525
2370
2209
2005
1781
1407
507
-1094
-2949
-4408
-5269
-5625
-5348
-4358
-3161
-2457
-2245
-1982
-1478
-952
-331
711
2031
3050
3580
3956
4263
4147
3446
2468
1436
283
-924
-1830
-2268
-2478
-2703
-2941
-3155
-3398
-3610
-3567
-3133
-2361
-1359
-245
824
1726
2453
3005
3309
3356
3225
2942
2466
1887
1381
962
476
-133
-781
-1465
-2229
-2924
-3299
-3293
-3034
-2581
-1930
-1215
-613
-131
338
796
1168
1478
1795
2090
2290
2369
2319
2080
1626
1017
327
-368
-974
-1432
-1791
-2145
-2511
-2823
-3025
-3044
-2797
-2270
-1576
-869
-244
248
585
799
964
1113
1195
1124
868
463
-16
-456
-748
-834
-756
-612
-491
-429
-423
-430
-392
-268
-79
125
293
389
406
365
302
251
233
273
377
535
738
977
1204
1350
1408
1420
1409
1376
1355
1391
1471
1550
1640
1777
1954
2147
2338
2462
2426
2255
2060
1878
1670
1447
1107
299
-1165
-2842
-4031
-4548
-4669
-4437
-3732
-2890
-2514
-2609
-2594
-2197
-1627
-843
466
2069
3180
3457
3342
3210
2955
2524
2183
1971
1514
673
-223
-926
-1569
-2254
-2802
-3094
-3239
-3301
-3170
-2817
-2353
-1823
-1195
-517
123
744
1395
2016
2542
2960
3183
3059
2622
2103
1647
1221
821
491
134
-430
-1157
-1812
-2285
-2605
-2715
-2511
-2078
-1635
-1264
-909
-568
-285
4
408
915
1419
1849
2160
2289
2207
1957
1585
1107
566
34
-466
-964
-1436
-1821
-2102
-2322
-2478
-2502
-2351
-2049
-1642
-1169
-689
-286
-8
160
266
342
408
471
514
508
439
319
184
73
20
32
87
151
191
175
93
-33
-151
-218
-224
-198
-158
-128
-108
-71
8
142
325
557
830
1106
1345
1539
1697
1811
1865
1871
1862
1866
1913
2017
2143
2243
2304
2325
2261
2092
1898
1749
1590
1378
1134
693
-329
-1945
-3438
-4076
-3977
-3727
-3491
-3120
-2844
-3005
-3291
-3057
-2312
-1527
-671
629
2094
2915
2903
2627
2439
2218
2044
2225
2581
2483
1729
732
-202
-1143
-2050
-2635
-2809
-2785
-2720
-2585
-2432
-2390
-2404
-2274
-1884
-1250
-425
456
1203
1739
2122
2345
2353
2230
2154
2127
2028
1872
1708
1404
801
41
-612
-1111
-1522
-1779
-1815
-1778
-1842
-1947
-1966
-1925
-1847
-1613
-1145
-553
29
558
976
1199
1276
1343
1434
1508
1594
1665
1508
944
136
-571
-1031
-1347
-1611
-1834
-2034
-2217
-2302
-2217
-2007
-1775
-1545
-1261
-907
-555
-296
-160
-104
-50
62
244
449
605
666
659
656
699
746
731
641
513
395
300
226
154
43
-121
-288
-382
-383
-317
-197
-25
175
380
616
890
1169
1425
1682
1956
2222
2463
2682
2846
2927
2962
2991
2969
2844
2637
2387
2103
1815
1419
527
-1088
-2869
-3850
-3816
-3511
-3532
-3745
-3956
-4306
-4645
-4386
-3422
-2413
-1718
-882
355
1423
1841
1957
2263
2652
2921
3261
3702
3727
3009
1993
1244
720
129
-504
-1038
-1584
-2241
-2811
-3109
-3230
-3290
-3201
-2886
-2460
-2044
-1637
-1221
-762
-156
626
1392
1941
2271
2451
2480
2426
2451
2562
2532
2250
1843
1379
777
83
-479
-825
-1095
-1371
-1603
-1821
-2135
-2483
-2644
-2500
-2131
-1653
-1157
-732
-437
-231
-22
262
659
1094
1381
1393
1203
977
797
662
564
469
289
-2
-327
-624
-907
-1173
-1347
-1420
-1477
-1593
-1725
-1786
-1748
-1615
-1379
-1056
-713
-410
-139
138
440
759
1076
1354
1541
1601
1556
1459
1355
1259
1156
1013
817
583
339
124
-20
-73
-59
-12
70
190
318
449
635
906
1219
1532
1860
2198
2487
2699
2866
2980
2984
2878
2725
2588
2454
2183
1476
174
-1322
-2250
-2352
-2207
-2443
-3045
-3692
-4271
-4685
-4607
-3958
-3205
-2728
-2291
-1597
-887
-484
-150
517
1435
2236
2826
3232
3268
2853
2369
2254
2401
2378
2022
1450
710
-188
-1040
-1601
-1887
-2061
-2178
-2250
-2373
-2620
-2870
-2912
-2645
-2095
-1387
-736
-316
-93
111
411
834
1386
1994
2448
2610
2544
2369
2118
1844
1677
1634
1534
1222
718
104
-558
-1161
-1552
-1697
-1726
-1803
-1989
-2229
-2395
-2410
-2347
-2307
-2217
-1901
-1344
-766
-367
-171
-62
107
451
952
1415
1631
1560
1327
1044
755
482
248
39
-190
-469
-801
-1166
-1496
-1691
-1678
-1492
-1255
-1085
-1011
-960
-825
-544
-147
255
569
775
911
1033
1179
1368
1567
1729
1828
1853
1790
1661
1527
1437
1403
1406
1429
1436
1397
1344
1330
1372
1446
1526
1581
1592
1571
1545
1516
1475
1338
893
-4
-1050
-1615
-1481
-1190
-1364
-1970
-2596
-3059
-3342
-3255
-2722
-2133
-1876
-1798
-1560
-1265
-1166
-1050
-513
349
1065
1437
1586
1543
1303
1144
1378
1845
2077
1912
1546
1113
595
102
-161
-212
-272
-472
-784
-1191
-1673
-2062
-2141
-1895
-1525
-1240
-1140
-1201
-1281
-1195
-861
-348
201
656
919
986
985
1056
1234
1481
1753
1960
1966
1709
1314
969
746
609
516
402
166
-253
-760
-1169
-1400
-1558
-1770
-1995
-2101
-2051
-1958
-1916
-1894
-1806
-1591
-1243
-804
-384
-96
67
229
459
705
875
957
988
969
881
733
555
357
144
-47
-178
-275
-410
-587
-740
-816
-826
-795
-719
-614
-513
-425
-306
-136
54
245
443
651
850
1036
1228
1427
1615
1771
1891
1976
2030
2062
2078
2089
2099
2108
2096
2062
2036
2013
1942
1809
1662
1533
1411
1285
1070
537
-404
-1344
-1686
-1427
-1239
-1615
-2321
-2898
-3255
-3431
-3280
-2792
-2343
-2197
-2116
-1834
-1528
-1392
-1136
-436
452
1013
1183
1230
1259
1264
1423
1866
2306
2336
1983
1573
1246
946
717
648
622
416
-7
-522
-1018
-1418
-1608
-1560
-1420
-1380
-1503
-1724
-1911
-1911
-1645
-1213
-796
-485
-279
-170
-93
101
482
938
1320
1585
1714
1667
1504
1410
1479
1595
1597
1451
1186
812
398
80
-83
-232
-517
-911
-1278
-1577
-1878
-2176
-2333
-2253
-2043
-1904
-1904
-1933
-1854
-1612
-1217
-746
-342
-126
-71
-7
176
430
652
796
854
800
645
489
436
479
527
510
401
193
-68
-269
-312
-231
-157
-183
-298
-433
-511
-478
-316
-72
171
345
454
556
724
972
1273
1586
1858
2043
2158
2269
2391
2482
2549
2632
2709
2691
2569
2407
2227
2047
1887
1593
858
-250
-1052
-1054
-741
-976
-1832
-2663
-3148
-3475
-3643
-3409
-2978
-2869
-3059
-3037
-2718
-2510
-2408
-1904
-947
-163
96
165
360
598
870
1405
2114
2501
2362
2064
1932
1872
1766
1730
1784
1698
1314
765
241
-193
-488
-599
-628
-765
-1098
-1545
-1963
-2190
-2131
-1885
-1666
-1574
-1554
-1558
-1547
-1389
-982
-438
20
325
533
657
719
870
1222
1656
1932
1970
1848
1648
1434
1299
1287
1304
1183
852
384
-81
-430
-644
-796
-990
-1293
-1673
-2016
-2215
-2268
-2241
-2186
-2096
-1977
-1871
-1784
-1647
-1394
-1049
-693
-399
-205
-93
6
181
445
716
891
940
904
849
826
859
925
957
889
726
529
353
229
150
95
35
-57
-182
-297
-333
-264
-128
25
178
338
501
676
896
1167
1454
1723
1962
2157
2305
2428
2546
2650
2712
2713
2649
2556
2482
2298
1690
649
-195
-257
121
22
-822
-1797
-2430
-2852
-3136
-3041
-2685
-2644
-3032
-3290
-3144
-2978
-2975
-2682
-1899
-1171
-956
-973
-798
-482
-140
408
1188
1737
1734
1504
1514
1755
1972
2134
2299
2327
2073
1651
1290
1060
918
826
726
507
106
-409
-892
-1190
-1239
-1169
-1195
-1391
-1649
-1856
-1977
-1941
-1696
-1356
-1126
-1041
-966
-830
-645
-376
35
494
808
915
933
998
1142
1341
1544
1675
1665
1499
1232
958
775
718
699
541
113
-525
-1111
-1359
-1272
-1145
-1274
-1654
-2058
-2286
-2286
-2088
-1788
-1546
-1469
-1499
-1488
-1368
-1146
-818
-404
-21
191
228
234
354
613
942
1235
1380
1324
1150
1030
1060
1174
1224
1125
903
632
396
262
252
297
289
186
56
-5
29
154
358
592
779
902
1021
1190
1398
1622
1853
2056
2179
2207
2179
2165
2218
2220
1880
1120
405
272
555
535
-93
-892
-1467
-1892
-2229
-2267
-2063
-2099
-2529
-2877
-2837
-2715
-2769
-2695
-2239
-1740
-1577
-1583
-1429
-1163
-925
-550
75
627
766
661
714
998
1313
1566
1793
1913
1821
1598
1434
1397
1406
1377
1279
1105
854
530
182
-86
-188
-204
-307
-558
-857
-1110
-1302
-1382
-1300
-1155
-1129
-1235
-1314
-1277
-1165
-1006
-766
-491
-300
-231
-188
-65
146
397
637
823
901
851
747
714
794
853
758
564
419
323
153
-97
-294
-392
-502
-688
-878
-1031
-1196
-1361
-1416
-1339
-1272
-1318
-1401
-1404
-1314
-1178
-1000
-781
-583
-468
-382
-228
8
255
469
657
812
896
921
958
1053
1159
1209
1191
1129
1037
930
844
822
820
773
678
599
572
573
591
644
729
810
886
991
1132
1283
1413
1506
1565
1618
1682
1744
1801
1825
1660
1146
468
125
310
568
356
-295
-975
-1494
-1854
-1937
-1702
-1520
-1789
-2314
-2584
-2512
-2398
-2304
-2032
-1646
-1462
-1507
-1484
-1268
-1014
-744
-303
231
521
461
348
460
771
1129
1449
1653
1627
1392
1160
1121
1260
1409
1426
1278
1014
712
434
248
203
250
224
24
-288
-575
-780
-886
-853
-720
-657
-784
-1005
-1139
-1124
-998
-795
-564
-419
-445
-556
-572
-415
-152
105
292
373
305
123
-8
69
319
516
503
315
86
-99
-182
-117
26
59
-132
-433
-647
-715
-699
-655
-616
-655
-810
-992
-1059
-977
-836
-716
-624
-558
-544
-542
-461
-258
-10
191
322
398
434
467
559
738
933
1044
1046
994
959
977
1045
1131
1182
1159
1079
1010
1014
1079
1159
1227
1276
1294
1272
1253
1280
1357
1443
1495
1493
1440
1360
1245
1024
662
299
139
171
145
-141
-626
-1131
-1537
-1757
-1728
-1573
-1585
-1893
-2280
-2465
-2414
-2246
-2016
-1759
-1598
-1596
-1611
-1463
-1164
-844
-531
-203
79
225
287
400
612
864
1104
1305
1409
1363
1222
1119
1137
1237
1307
1254
1061
788
524
344
274
273
236
73
-192
-452
-624
-709
-724
-682
-643
-694
-835
-961
-983
-918
-809
-667
-530
-478
-517
-539
-457
-320
-207
-109
-5
66
57
18
25
53
47
40
91
156
131
8
-119
-182
-193
-186
-176
-202
-310
-472
-587
-593
-540
-523
-570
-654
-730
-767
-736
-632
-514
-450
-448
-448
-400
-301
-176
-34
114
228
291
331
396
494
602
712
822
913
952
953
962
1009
1079
1148
1201
1233
1230
1206
1200
1240
1310
1369
1398
1403
1389
1355
1319
1317
1346
1365
1328
1224
1054
794
455
156
25
29
-15
-240
-620
-1049
-1424
-1643
-1636
-1496
-1460
-1660
-1975
-2197
-2231
-2106
-1870
-1609
-1452
-1453
-1494
-1410
-1172
-866
-559
-275
-48
84
162
281
485
735
968
1154
1268
1287
1232
1174
1182
1254
1324
1314
1201
1010
789
592
469
423
388
275
63
-188
-405
-550
-610
-601
-585
-639
-772
-912
-977
-946
-855
-739
-647
-617
-642
-664
-628
-522
-382
-257
-178
-157
-175
-196
-175
-97
11
89
107
69
0
-63
-85
-51
4
12
-59
-179
-287
-344
-351
-325
-302
-326
-406
-498
-544
-523
-464
-399
-356
-340
-350
-357
-324
-238
-124
-19
61
123
171
224
298
411
543
658
737
786
827
876
948
1040
1132
1193
1215
1217
1227
1266
1332
1409
1471
1497
1485
1444
1393
1356
1342
1335
1301
1222
1084
869
586
301
94
-19
-110
-260
-493
-800
-1144
-1436
-1583
-1581
-1547
-1591
-1730
-1908
-2053
-2099
-1997
-1778
-1558
-1436
-1409
-1391
-1311
-1132
-863
-550
-279
-109
-21
57
189
379
598
809
966
1047
1060
1047
1053
1097
1152
1187
1176
1111
989
834
690
588
520
442
330
181
5
-185
-353
-460
-510
-546
-606
-701
-807
-900
-950
-937
-869
-786
-736
-729
-733
-709
-647
-561
-468
-377
-307
-268
-245
-212
-163
-114
-73
-33
5
27
17
-12
-40
-65
-87
-99
-112
-142
-206
-285
-347
-379
-387
-389
-392
-408
-437
-459
-446
-394
-326
-268
-229
-199
-167
-114
-29
80
191
276
330
374
433
511
612
720
814
880
920
957
1005
1066
1127
1185
1234
1274
1309
1342
1375
1402
1414
1409
1391
1368
1348
1317
1258
1167
1039
866
645
418
220
59
-97
-271
-469
-701
-963
-1215
-1394
-1486
-1535
-1589
-1665
-1757
-1853
-1915
-1897
-1787
-1632
-1493
-1386
-1300
-1211
-1093
-920
-692
-451
-244
-91
33
154
290
447
615
770
886
953
989
1017
1047
1076
1097
1098
1074
1020
943
853
761
667
571
474
375
271
153
22
-110
-224
-318
-396
-460
-519
-585
-662
-734
-779
-789
-771
-741
-709
-690
-690
-697
-678
-609
-508
-408
-340
-309
-303
-295
-252
-161
-50
35
65
48
13
-4
6
37
63
51
-6
-85
-154
-195
-211
-220
-238
-275
-324
-365
-377
-357
-322
-287
-259
-234
-203
-158
-97
-26
47
118
188
264
343
422
495
561
623
688
757
829
895
944
978
1002
1025
1053
1094
1138
1177
1201
1214
1219
1224
1223
1217
1199
1170
1131
1085
1030
953
841
678
486
289
122
-12
-131
-266
-436
-650
-885
-1096
-1238
-1314
-1356
-1400
-1465
-1551
-1639
-1692
-1675
-1592
-1473
-1357
-1259
-1174
-1087
-978
-831
-649
-455
-274
-117
21
148
274
401
528
650
750
830
890
933
963
974
968
951
924
890
847
789
715
624
518
412
319
238
161
77
-21
-130
-240
-338
-412
-460
-493
-532
-583
-644
-697
-723
-716
-686
-649
-627
-634
-653
-651
-605
-528
-446
-384
-354
-351
-348
-316
-241
-145
-71
-38
-43
-65
-84
-81
-58
-30
-23
-48
-94
-141
-177
-202
-215
-226
-236
-247
-254
-252
-244
-236
-228
-211
-174
-120
-57
3
54
92
123
168
234
317
400
469
520
557
590
630
686
746
798
837
867
890
914
939
968
998
1025
1049
1074
1095
1104
1090
1055
1014
975
941
906
853
761
619
446
271
123
6
-100
-217
-367
-555
-758
-939
-1068
-1145
-1196
-1248
-1313
-1392
-1465
-1506
-1496
-1438
-1355
-1271
-1192
-1115
-1029
-924
-794
-647
-493
-345
-207
-72
62
192
311
418
513
601
680
754
820
865
885
877
856
832
812
792
762
714
643
548
450
361
287
221
152
74
-18
-117
-211
-285
-336
-375
-417
-468
-521
-566
-594
-600
-587
-570
-562
-565
-566
-554
-519
-471
-416
-369
-333
-308
-284
-248
-202
-151
-104
-66
-38
-24
-20
-23
-29
-36
-44
-53
-62
-74
-93
-121
-154
-181
-200
-205
-197
-184
-172
-167
-166
-159
-138
-103
-56
-6
41
78
111
146
189
241
302
360
411
451
481
506
533
565
602
640
677
709
733
751
764
776
791
815
850
886
921
945
949
931
901
870
847
835
823
794
729
622
481
329
193
83
-9
-99
-213
-359
-530
-701
-848
-952
-1022
-1073
-1122
-1178
-1238
-1286
-1309
-1300
-1263
-1205
-1134
-1055
-964
-866
-761
-654
-544
-432
-313
-184
-48
87
209
309
385
452
517
585
656
719
759
772
759
731
700
669
637
595
539
470
391
311
235
163
90
15
-64
-140
-209
-265
-311
-352
-393
-435
-474
-505
-518
-516
-502
-485
-471
-467
-466
-458
-437
-403
-362
-322
-295
-277
-263
-245
-216
-180
-143
-115
-100
-96
-95
-91
-86
-83
-88
-102
-121
-141
-153
-161
-170
-182
-198
-210
-213
-205
-187
-173
-161
-154
-146
-127
-93
-52
-13
16
32
46
72
112
163
214
255
279
291
306
329
362
400
432
456
474
490
507
528
548
565
576
588
608
637
671
699
715
715
703
687
675
671
668
658
632
582
511
424
327
229
137
49
-35
-123
-223
-337
-459
-581
-687
-774
-837
-885
-925
-962
-1000
-1031
-1047
-1044
-1020
-978
-924
-857
-784
-703
-618
-529
-439
-348
-250
-147
-39
71
172
258
331
390
441
487
529
566
593
604
599
581
553
519
480
438
392
344
291
232
174
113
56
2
-51
-100
-146
-189
-226
-259
-283
-301
-319
-335
-348
-352
-344
-326
-302
-281
-269
-267
-264
-252
-225
-189
-152
-125
-114
-116
-120
-117
-102
-81
-62
-53
-57
-69
-87
-101
-115
-128
-139
-149
-153
-153
-151
-153
-160
-170
-177
-170
-148
-116
-82
-56
-41
-31
-18
6
41
79
113
139
157
173
193
215
238
256
273
288
307
330
355
374
385
390
393
402
419
442
466
484
496
505
513
525
539
554
567
579
592
607
617
620
608
580
542
501
463
432
399
356
291
206
104
-2
-97
-177
-246
-311
-382
-460
-543
-627
-697
-750
-783
-802
-808
-807
-801
-787
-766
-735
-695
-643
-584
-512
-433
-350
-265
-186
-113
-46
17
83
152
221
285
336
372
394
404
411
416
419
418
407
388
359
326
289
251
210
168
124
81
41
5
-29
-64
-97
-130
-162
-184
-199
-206
-213
-218
-222
-226
-226
-217
-205
-194
-187
-183
-183
-177
-169
-156
-144
-137
-138
-143
-151
-156
-158
-157
-156
-159
-166
-176
-186
-196
-206
-218
-228
-236
-239
-236
-226
-217
-210
-206
-203
-196
-181
-157
-127
-97
-70
-50
-33
-20
-7
9
24
43
63
84
102
118
125
127
126
126
135
150
175
199
216
226
227
226
229
239
255
274
295
310
321
328
333
338
344
353
363
375
389
402
412
418
416
407
391
372
349
325
299
268
228
177
116
47
-24
-94
-160
-223
-285
-349
-413
-475
-532
-581
-622
-656
-682
-702
-713
-710
-698
-676
-647
-613
-574
-529
-476
-414
-347
-274
-203
-136
-72
-11
48
108
165
217
260
294
320
341
355
365
371
370
364
350
331
310
284
258
234
209
185
160
134
106
78
52
29
9
-8
-21
-29
-37
-42
-50
-60
-71
-78
-79
-74
-59
-45
-39
-44
-57
-73
-82
-81
-75
-67
-71
-87
-110
-133
-149
-155
-156
-158
-167
-180
-192
-199
-197
-188
-179
-172
-167
-161
-150
-133
-109
-87
-68
-52
-37
-14
12
42
73
100
121
137
155
175
195
219
237
248
253
253
245
235
226
219
219
227
240
255
269
280
291
310
342
391
452
516
571
612
637
655
674
701
734
767
793
803
796
778
751
726
701
679
661
634
603
564
516
459
392
319
244
169
98
32
-32
-98
-172
-254
-340
-424
-501
-566
-618
-659
-693
-727
-760
-792
-820
-841
-850
-846
-831
-803
-764
-719
-667
-614
-558
-497
-431
-361
-282
-203
-124
-52
11
65
110
147
177
200
215
221
220
214
201
181
159
132
102
74
47
23
0
-21
-45
-68
-89
-106
-117
-122
-124
-125
-124
-122
-118
-110
-101
-92
-88
-86
-86
-85
-82
-77
-76
-83
-100
-124
-153
-174
-185
-190
-191
-197
-214
-238
-265
-285
-294
-293
-287
-282
-283
-290
-298
-300
-295
-283
-269
-252
-237
-222
-205
-185
-161
-138
-118
-99
-81
-60
-39
-17
1
12
20
25
32
43
56
67
76
82
87
90
96
102
107
112
117
125
135
147
155
159
158
156
157
167
184
204
220
228
228
225
227
234
249
263
275
281
280
279
279
279
281
281
277
272
266
260
252
239
218
188
152
115
81
48
15
-23
-67
-116
-168
-216
-258
-293
-323
-348
-367
-380
-387
-387
-379
-369
-356
-338
-316
-285
-244
-197
-148
-99
-57
-21
10
41
73
109
143
174
197
213
218
215
207
195
183
170
158
145
128
109
82
53
19
-10
-34
-54
-68
-79
-93
-107
-124
-140
-153
-161
-163
-160
-154
-147
-139
-129
-117
-101
-85
-67
-52
-42
-34
-27
-19
-10
1
9
10
2
-15
-37
-58
-75
-85
-91
-97
-107
-124
-147
-168
-186
-198
-205
-209
-210
-212
-212
-209
-202
-191
-180
-168
-158
-147
-133
-114
-92
-68
-45
-28
-16
-6
2
12
23
37
50
63
74
83
93
101
112
123
135
148
160
171
184
196
212
225
238
250
260
268
274
278
282
284
285
284
281
276
269
261
254
244
235
225
212
201
190
181
178
179
181
183
182
178
176
179
186
201
219
236
246
251
250
248
245
244
243
239
230
216
197
178
157
133
108
81
54
31
10
-4
-16
-29
-43
-59
-73
-82
-86
-83
-75
-66
-58
-53
-50
-46
-43
-39
-35
-31
-29
-28
-29
-31
-37
-46
-59
-73
-88
-103
-115
-126
-139
-152
-165
-180
-194
-209
-220
-229
-234
-238
-240
-241
-241
-241
-242
-242
-241
-239
-236
-230
-221
-211
-202
-193
-184
-180
-177
-176
-178
-178
-176
-172
-165
-162
-165
-174
-190
-207
-219
-223
-220
-212
-206
-203
-205
-211
-215
-215
-207
-196
-182
-170
-159
-147
-133
-117
-102
-83
-69
-52
-32
-11
10
31
47
58
67
75
84
93
100
104
104
100
97
94
93
93
92
88
83
78
76
78
80
81
79
77
73
73
77
86
95
100
104
104
102
102
104
110
116
121
123
125
126
125
125
123
121
118
117
117
116
117
117
116
116
115
116
118
119
118
114
110
107
106
105
102
95
82
66
48
31
17
3
-8
-22
-39
-56
-72
-86
-97
-105
-111
-118
-124
-127
-126
-122
-114
-105
-95
-84
-72
-60
-46
-31
-16
-3
10
23
35
47
59
67
71
70
67
63
60
60
60
58
53
43
32
19
8
-1
-7
-13
-17
-21
-24
-27
-29
-32
-36
-37
-40
-40
-41
-39
-36
-33
-31
-31
-33
-37
-42
-46
-48
-48
-45
-42
-43
-48
-57
-69
-79
-84
-84
-81
-80
-82
-86
-93
-96
-95
-88
-77
-68
-60
-56
-53
-48
-40
-30
-18
-9
0
7
14
22
31
40
46
52
58
64
73
83
91
96
99
99
98
99
99
101
102
101
98
98
97
99
99
98
96
92
88
88
91
96
100
104
104
103
100
98
96
96
95
95
96
97
99
101
99
93
85
75
66
61
60
61
62
60
56
48
38
29
23
20
18
19
21
23
23
21
17
10
3
-2
-5
-5
-2
1
2
-1
-7
-17
-24
-31
-36
-38
-40
-42
-45
-51
-57
-64
-69
-72
-75
-76
-76
-75
-69
-64
-56
-50
-45
-40
-38
-34
-28
-20
-9
2
12
19
21
20
17
13
13
14
18
22
25
24
19
8
-4
-17
-27
-35
-38
-39
-38
-40
-47
-56
-68
-78
-85
-86
-82
-74
-66
-61
-61
-63
-65
-68
-65
-60
-52
-46
-41
-39
-39
-40
-39
-38
-38
-37
-39
-41
-44
-46
-48
-51
-52
-57
-60
-62
-63
-63
-62
-61
-62
-64
-61
-57
-48
-38
-27
-19
-15
-16
-15
-13
-7
2
12
19
22
22
20
18
17
21
26
29
33
34
35
37
41
47
54
60
65
68
71
76
83
92
103
114
126
135
142
149
154
161
166
174
181
190
197
201
202
198
190
180
167
156
146
136
128
119
105
87
64
39
13
-8
-23
-34
-41
-45
-52
-64
-77
-92
-105
-113
-117
-114
-105
-96
-89
-83
-84
-89
-95
-101
-101
-95
-84
-72
-64
-61
-63
-71
-80
-86
-90
-88
-82
-75
-68
-65
-65
-68
-73
-78
-85
-87
-85
-79
-70
-60
-53
-48
-49
-51
-53
-54
-52
-43
-28
-10
10
28
40
45
47
46
47
51
61
74
86
93
93
84
66
45
21
1
-13
-22
-25
-27
-31
-38
-51
-69
-85
-99
-103
-97
-82
-64
-47
-36
-34
-39
-46
-50
-48
-37
-22
-5
6
11
5
-5
-14
-20
-20
-14
-5
2
6
5
0
-7
-12
-13
-8
-2
4
9
10
10
5
2
-1
-1
-1
2
4
5
4
2
-1
-4
-6
-6
-4
0
2
3
3
2
1
1
2
4
7
10
13
14
16
17
18
20
22
26
30
32
34
32
29
24
18
15
11
9
6
2
-4
-12
-20
-28
-33
-36
-36
-37
-36
-36
-37
-38
-40
-39
-39
-37
-36
-34
-33
-33
-34
-34
-35
-34
-32
-28
-24
-21
-17
-12
-7
1
9
18
27
34
41
48
56
65
75
83
90
96
102
106
110
114
119
121
123
122
116
108
95
78
60
41
21
2
-17
-39
-63
-89
-117
-143
-165
-178
-188
-194
-197
-198
-201
-204
-206
-205
-201
-196
-185
-175
-163
-154
-145
-141
-139
-136
-133
-127
-119
-107
-93
-80
-69
-60
-52
-45
-37
-27
-14
0
16
33
50
62
74
80
84
88
94
103
115
127
138
145
150
149
147
146
147
151
156
162
166
169
168
162
156
147
140
134
130
127
123
116
105
91
75
61
48
37
29
20
10
-1
-16
-29
-43
-55
-66
-73
-78
-82
-85
-88
-91
-93
-96
-96
-92
-85
-75
-63
-51
-41
-33
-25
-19
-11
-3
7
17
28
38
48
54
58
60
62
63
66
69
75
80
84
87
88
88
86
84
82
83
84
82
82
80
78
74
70
65
59
54
49
45
41
38
35
32
26
23
19
16
14
13
12
10
7
7
4
4
3
3
2
3
3
4
5
4
4
3
6
8
11
15
18
20
19
17
14
13
12
14
15
17
17
16
11
8
3
0
-1
1
4
6
9
10
9
7
6
5
8
11
15
18
20
21
20
18
15
15
15
16
17
17
17
17
14
13
9
7
4
0
-1
-3
-5
-8
-12
-18
-24
-32
-38
-44
-49
-54
-57
-59
-62
-66
-69
-74
-78
-80
-79
-77
-74
-70
-64
-60
-57
-54
-50
-47
-42
-35
-28
-21
-14
-7
-3
0
2
4
3
4
6
9
11
11
12
8
5
2
-2
-4
-5
-6
-6
-5
-5
-7
-10
-14
-17
-21
-22
-23
-23
-24
-24
-27
-32
-36
-39
-42
-44
-45
-45
-47
-49
-53
-55
-59
-62
-65
-69
-71
-74
-76
-77
-80
-83
-85
-86
-86
-86
-84
-80
-77
-74
-70
-64
-60
-55
-49
-43
-37
-32
-27
-22
-18
-14
-11
-8
-5
-1
0
1
1
1
1
1
0
0
-1
-1
-2
-4
-5
-7
-8
-9
-9
-10
-10
-10
-10
-11
-10
-12
-11
-9
-8
-7
-5
-3
-3
-3
-2
-2
-1
0
2
3
5
6
8
9
9
9
11
12
14
19
21
23
26
27
28
29
31
32
35
37
39
41
41
42
42
42
42
44
45
48
49
50
50
50
49
48
49
50
49
48
49
49
48
47
45
45
45
44
44
43
42
41
41
41
40
39
40
39
39
38
37
36
36
35
34
35
34
33
33
33
33
32
31
32
31
29
29
27
26
23
20
18
15
10
7
3
-2
-7
-12
-17
-23
-27
-32
-36
-39
-43
-47
-50
-53
-56
-58
-60
-61
-62
-62
-63
-66
-66
-67
-67
-66
-65
-63
-62
-59
-58
-56
-54
-52
-49
-44
-42
-38
-34
-31
-27
-24
-20
-15
-11
-7
-2
4
8
13
16
23
27
31
36
42
46
51
54
58
60
63
65
66
68
70
71
71
72
70
70
68
67
66
65
65
63
61
60
57
56
54
53
50
50
49
48
47
46
46
43
43
42
41
42
41
40
39
38
37
36
34
32
33
32
31
31
31
30
29
28
27
27
26
26
25
24
23
21
18
17
14
11
9
5
4
1
-2
-4
-8
-10
-13
-15
-18
-19
-20
-23
-25
-27
-30
-32
-35
-38
-39
-42
-44
-47
-49
-53
-53
-56
-57
-58
-59
-58
-59
-59
-60
-60
-59
-59
-60
-60
-61
-62
-64
-66
-67
-70
-72
-74
-77
-79
-81
-83
-86
-89
-91
-92
-94
-94
-95
-96
-96
-96
-97
-96
-95
-95
-93
-93
-92
-90
-89
-88
-86
-84
-83
-81
-80
-77
-74
-71
-69
-66
-65
-60
-58
-55
-51
-47
-45
-41
-39
-36
-32
-30
-26
-23
-21
-18
-15
-13
-10
-9
-6
-4
-2
0
2
4
4
7
6
8
8
8
10
10
11
11
12
13
13
13
13
14
13
14
13
14
14
13
13
13
13
12
13
12
13
14
13
14
15
15
16
18
18
18
21
22
23
24
25
27
27
30
32
33
35
37
39
40
41
43
44
46
47
48
48
49
50
50
50
49
48
49
49
49
49
49
49
49
48
50
50
50
50
50
52
52
54
51
52
52
52
53
53
53
55
55
55
56
56
56
57
57
57
56
57
56
56
55
54
54
54
53
53
53
53
53
53
53
54
54
55
56
56
56
57
58
58
59
59
60
60
59
60
60
60
60
61
61
62
61
63
61
62
62
62
62
63
63
63
63
62
61
62
60
60
59
59
58
56
56
54
53
51
51
50
48
47
46
46
45
44
43
43
42
42
41
42
43
43
43
44
46
47
49
52
54
57
59
62
64
69
71
74
77
80
82
85
87
89
90
91
91
93
93
92
91
90
88
85
83
78
74
70
65
59
53
47
39
32
25
15
8
-2
-10
-19
-28
-38
-47
-56
-65
-75
-85
-93
-102
-111
-119
-128
-137
-145
-152
-159
-165
-171
-177
-182
-187
-192
-195
-200
-203
-204
-207
-208
-209
-210
-209
-210
-210
-208
-206
-203
-201
-197
-192
-188
-184
-179
-175
-170
-164
-160
-154
-150
-145
-141
-138
-135
-132
-129
-126
-125
-122
-120
-120
-119
-119
-119
-119
-119
-121
-120
-120
-122
-122
-124
-124
-125
-126
-126
-124
-124
-123
-122
-120
-117
-115
-112
-108
-104
-99
-95
-90
-86
-81
-76
-71
-66
-60
-56
-50
-47
-42
-38
-33
-30
-26
-24
-21
-19
-18
-15
-14
-14
-13
-14
-14
-15
-16
-17
-20
-21
-23
-26
-27
-30
-31
-32
-34
-35
-36
-36
-37
-36
-37
-35
-34
-33
-31
-28
-26
-22
-18
-15
-11
-6
-3
2
7
12
16
22
27
32
38
43
49
55
59
64
69
75
80
84
89
93
98
102
107
110
114
117
121
123
126
129
131
132
134
136
137
137
137
137
136
136
135
133
130
130
128
125
122
120
117
114
111
109
106
103
101
98
95
92
90
87
85
83
81
79
77
75
74
73
72
71
71
70
70
69
69
69
69
68
69
68
67
68
66
68
67
67
66
66
65
65
65
65
66
66
65
65
65
65
63
63
62
61
59
58
57
54
51
48
46
44
42
39
36
32
30
25
21
18
14
10
6
3
-1
-4
-7
-10
-11
-11
-12
-10
-8
-4
0
5
11
19
27
38
49
62
75
89
102
115
129
143
156
168
180
189
197
202
206
207
206
201
194
184
172
156
140
120
98
75
52
27
3
-20
-44
-67
-87
-106
-123
-138
-150
-159
-165
-168
-170
-168
-166
-160
-155
-148
-141
-134
-127
-122
-118
-115
-115
-117
-120
-126
-136
-145
-157
-171
-185
-199
-212
-227
-239
-249
-257
-264
-267
-267
-265
-259
-253
-241
-229
-213
-196
-178
-157
-136
-114
-92
-69
-47
-23
-1
20
41
62
82
102
119
135
151
166
178
187
197
204
208
211
211
209
204
196
187
173
158
139
117
96
71
43
16
-13
-42
-72
-100
-128
-153
-178
-199
-217
-231
-243
-249
-253
-254
-249
-241
-229
-214
-198
-179
-159
-137
-115
-93
-72
-52
-32
-16
0
13
23
31
36
38
38
37
34
29
22
15
8
0
-7
-14
-20
-25
-28
-30
-31
-31
-29
-28
-24
-20
-16
-11
-6
-2
0
3
4
5
4
3
0
-3
-8
-12
-18
-24
-29
-33
-38
-43
-45
-46
-48
-47
-45
-43
-40
-35
-30
-24
-18
-12
-5
2
8
14
20
25
29
32
35
38
38
38
37
36
35
33
30
27
24
21
18
14
12
10
8
7
6
7
7
8
10
11
13
16
20
24
27
32
36
41
45
50
53
56
60
62
66
67
69
71
71
72
73
73
71
70
69
69
67
66
65
63
63
62
62
60
62
63
63
64
65
66
69
71
74
76
78
79
82
84
86
88
90
92
93
94
95
98
99
99
101
103
104
103
105
104
105
104
102
100
96
91
85
78
69
60
50
37
25
11
-4
-20
-33
-48
-64
-78
-92
-106
-117
-128
-138
-146
-153
-159
-162
-164
-165
-164
-161
-159
-154
-148
-141
-134
-125
-116
-107
-98
-90
-82
-74
-67
-60
-54
-49
-44
-40
-36
-34
-32
-29
-27
-25
-24
-22
-20
-16
-14
-11
-8
-3
0
5
9
14
18
24
28
31
35
37
40
42
44
45
44
45
45
42
41
39
36
33
31
28
26
21
18
14
11
7
2
-1
-5
-9
-13
-16
-20
-24
-27
-29
-33
-34
-37
-39
-41
-42
-42
-43
-44
-44
-43
-43
-42
-41
-40
-38
-37
-35
-33
-30
-28
-26
-23
-21
-18
-16
-12
-9
-6
-4
0
3
6
8
12
15
17
20
23
25
26
28
30
32
34
35
36
37
37
38
39
38
38
37
36
34
33
31
27
26
23
19
16
14
9
8
5
3
1
-1
-1
-2
-2
-1
0
2
5
8
11
16
21
26
32
38
45
51
57
64
70
76
82
88
93
99
103
107
110
113
114
116
116
116
114
113
111
108
103
99
94
89
83
77
69
62
56
47
40
32
23
15
7
-2
-11
-19
-29
-35
-44
-52
-60
-67
-74
-80
-87
-92
-96
-101
-105
-108
-111
-112
-114
-115
-115
-115
-114
-113
-111
-109
-106
-103
-99
-94
-90
-86
-79
-74
-68
-62
-55
-48
-42
-36
-29
-23
-17
-12
-6
-2
2
6
9
11
13
15
15
16
16
16
15
15
14
11
10
8
7
6
4
2
1
-1
-2
-2
-2
-3
-4
-5
-5
-5
-5
-6
-5
-5
-5
-4
-5
-5
-4
-4
-4
-5
-5
-5
-6
-6
-6
-7
-8
-7
-8
-8
-8
-8
-7
-8
-7
-8
-8
-8
-7
-7
-7
-8
-7
-8
-10
-11
-11
-13
-14
-16
-19
-22
-23
-26
-30
-32
-35
-37
-40
-43
-46
-48
-51
-53
-55
-58
-60
-61
-62
-62
-64
-64
-64
-64
-64
-63
-62
-60
-59
-57
-55
-54
-51
-48
-45
-43
-39
-37
-34
-30
-26
-23
-17
-14
-10
-5
1
5
12
17
24
31
38
47
55
65
74
86
98
109
123
136
150
163
178
193
208
221
236
250
261
272
283
291
296
302
304
304
302
297
291
282
272
259
245
229
213
195
175
156
135
116
96
76
57
40
22
6
-9
-24
-37
-49
-59
-70
-77
-85
-91
-97
-101
-104
-107
-107
-109
-109
-109
-107
-105
-103
-100
-98
-94
-91
-87
-84
-80
-76
-73
-70
-66
-63
-61
-59
-56
-55
-53
-53
-52
-53
-53
-54
-55
-58
-59
-61
-64
-67
-70
-73
-75
-79
-82
-83
-86
-88
-89
-90
-91
-91
-92
-91
-91
-89
-87
-86
-82
-79
-75
-72
-68
-62
-57
-52
-47
-41
-35
-28
-22
-16
-8
-1
6
13
20
26
33
40
47
54
60
66
73
77
84
88
93
98
102
106
109
112
115
116
117
117
117
116
114
112
110
105
100
94
88
79
71
62
53
42
32
20
8
-4
-16
-29
-41
-53
-65
-76
-88
-99
-109
-119
-128
-134
-141
-146
-150
-154
-155
-156
-157
-155
-154
-150
-148
-143
-138
-133
-128
-123
-116
-111
-104
-100
-94
-88
-84
-78
-74
-70
-66
-64
-60
-58
-55
-53
-51
-50
-49
-48
-47
-46
-46
-45
-44
-43
-41
-39
-38
-36
-34
-32
-30
-26
-23
-20
-18
-15
-11
-10
-7
-4
-2
0
3
4
7
7
8
10
11
12
13
14
15
17
17
19
21
23
24
26
28
30
33
34
36
39
41
42
45
45
47
48
50
50
49
49
49
48
46
44
41
38
35
31
27
23
18
14
8
4
0
-4
-10
-14
-17
-21
-25
-27
-29
-32
-33
-35
-36
-36
-37
-36
-36
-35
-34
-34
-33
-32
-31
-30
-30
-28
-28
-27
-28
-27
-27
-27
-28
-28
-29
-31
-30
-30
-32
-33
-33
-33
-33
-33
-32
-32
-31
-30
-28
-27
-25
-22
-21
-18
-16
-14
-12
-10
-8
-6
-4
-2
-1
1
0
2
2
3
4
3
4
5
4
4
4
4
4
4
4
4
6
6
7
8
9
10
12
14
15
18
19
22
24
26
28
29
30
33
34
35
37
37
38
38
38
38
39
38
38
37
36
35
34
33
32
30
28
28
26
24
22
21
19
18
16
14
13
12
9
9
8
6
5
4
4
2
1
0
0
0
-1
-2
-3
-1
-3
-3
-4
-4
-4
-5
-4
-4
-5
-4
-4
-3
-3
-3
-2
-1
-2
-1
0
1
2
2
4
5
6
6
8
8
8
9
11
11
12
13
14
13
14
15
16
16
16
17
17
18
18
18
18
19
18
19
19
19
19
19
21
21
21
21
22
22
23
24
25
25
25
26
26
28
27
28
27
28
0
0
0
0
0
0
0
0
0
0
0
0
0
0
0
0
0
0
0
0
0
0
0
0
0
0
0
0
0
0
0
0
0
0
0
0
0
0
0
0
0
0
0
0
0
0
0
0
0
0
0
0
0
0
0
0
0
0
0
0
0
0
0
0
0
0
0
0
0
0
0
0
0
0
0
0
0
0
0
0
0
0
0
0
0
0
0
0
0
0
0
0
0
0
0
0
0
0
0
0
0
0
0
0
0
0
0
0
0
0
0
0
0
0
0
0
0
0
0
0
0
0
0
0
0
0
0
0
0
0
0
0
0
0
0
0
0
0
0
0
0
0
0
0
0
0
0
0
0
0
0
0
0
0
0
0
0
0
0
0
0
0
0
0
0
0
0
0
0
0
0
0
0
0
0
0
0
0
0
0
0
0
0
0
0
0
0
0
0
0
0
0
0
0
0
0
0
0
