0
0
0
0
0
0
0
0
0
0
0
0
0
0
0
0
0
0
0
0
0
0
0
0
0
0
0
0
0
0
0
0
0
0
0
0
0
0
0
0
0
0
0
0
0
0
0
0
0
0
0
0
0
0
0
0
0
0
0
0
0
0
0
0
0
0
0
0
0
0
0
0
0
0
0
0
0
0
0
0
0
0
0
0
0
0
0
0
0
0
0
0
0
0
0
0
0
0
0
0
0
0
0
0
0
0
0
0
0
0
0
0
0
0
0
0
0
0
0
0
0
0
0
0
0
0
0
0
0
0
0
0
0
0
0
0
0
0
0
0
0
0
0
0
0
0
0
0
0
0
0
0
0
0
0
0
0
0
0
0
0
0
0
0
0
0
0
0
0
0
0
0
0
0
0
0
0
0
0
0
0
0
0
0
0
0
0
0
0
0
0
0
0
0
0
0
0
0
-64
-63
-61
-61
-62
-63
-66
-68
-68
-64
-58
-50
-40
-31
-24
-20
-16
-12
-6
0
8
17
25
33
42
48
56
67
77
89
98
106
109
112
114
116
121
128
133
137
135
128
114
98
78
58
39
20
3
-15
-33
-51
-72
-91
-110
-127
-141
-155
-165
-176
-185
-195
-204
-213
-218
-220
-218
-212
-206
-198
-189
-181
-171
-159
-143
-121
-94
-62
-26
11
46
83
121
164
211
261
315
365
411
448
475
494
507
517
523
525
522
512
493
466
429
387
341
293
248
204
162
122
78
38
1
-34
-68
-99
-125
-151
-177
-201
-223
-243
-260
-269
-268
-262
-249
-236
-225
-218
-219
-231
-248
-267
-283
-291
-294
-295
-295
-293
-286
-277
-267
-262
-252
-238
-219
-199
-181
-163
-142
-120
-98
-81
-64
-48
-32
-24
-29
-44
-60
-65
-62
-53
-42
-26
-1
26
52
68
72
65
51
35
18
2
-18
-41
-69
-102
-136
-160
-168
-158
-140
-118
-95
-71
-50
-39
-44
-63
-75
-73
-66
-69
-82
-98
-109
-118
-126
-135
-137
-120
-96
-79
-79
-79
-57
-4
72
151
231
311
392
458
483
462
420
381
357
333
294
243
190
137
91
46
8
-15
-20
-17
-18
-25
-31
-30
-23
-11
7
39
86
135
171
185
184
175
168
160
153
149
147
150
154
151
139
119
97
68
36
1
-34
-64
-88
-108
-133
-159
-183
-199
-207
-214
-219
-223
-222
-222
-226
-233
-240
-240
-230
-213
-194
-173
-158
-151
-158
-173
-192
-208
-217
-219
-218
-211
-203
-194
-184
-174
-164
-146
-122
-95
-68
-47
-29
-17
-6
3
14
23
34
46
55
60
57
55
50
48
44
37
29
25
27
33
42
53
74
102
136
176
216
256
296
334
360
375
380
376
369
364
363
368
381
397
412
426
435
442
440
431
412
386
352
306
244
171
90
11
-62
-128
-184
-231
-280
-333
-388
-442
-484
-505
-502
-481
-448
-407
-359
-309
-264
-227
-202
-186
-178
-183
-202
-229
-261
-291
-320
-347
-365
-371
-371
-377
-391
-409
-420
-420
-411
-400
-390
-373
-352
-332
-312
-294
-277
-261
-251
-253
-263
-275
-281
-279
-264
-237
-197
-146
-93
-40
8
51
85
107
117
117
108
96
81
69
61
61
73
102
155
230
322
426
537
637
713
751
743
702
644
601
595
636
709
797
889
985
1090
1190
1271
1327
1368
1399
1427
1457
1520
1638
1811
2009
2200
2357
2430
2284
1749
752
-596
-2038
-3305
-4234
-4767
-4900
-4673
-4180
-3528
-2789
-1982
-1139
-355
254
643
886
1079
1272
1473
1680
1905
2134
2292
2304
2136
1794
1280
596
-210
-1023
-1711
-2203
-2487
-2567
-2441
-2130
-1710
-1279
-897
-573
-296
-70
114
294
510
774
1050
1305
1529
1728
1866
1892
1770
1511
1156
739
289
-149
-520
-784
-949
-1046
-1092
-1082
-1023
-956
-924
-940
-985
-1022
-1017
-947
-790
-558
-291
-37
180
363
514
618
654
621
532
404
246
70
-102
-256
-396
-529
-655
-766
-855
-929
-983
-995
-941
-819
-643
-440
-231
-32
147
298
420
516
580
603
586
549
519
501
495
490
486
483
476
458
429
394
367
361
387
436
505
585
682
804
952
1109
1266
1439
1634
1828
1975
2067
2144
2229
2304
2327
2294
2194
1904
1207
-19
-1614
-3186
-4376
-5048
-5250
-5050
-4512
-3757
-2946
-2150
-1317
-401
483
1139
1489
1652
1803
1992
2167
2310
2450
2566
2522
2189
1588
848
61
-763
-1603
-2352
-2874
-3133
-3178
-3037
-2683
-2123
-1484
-923
-503
-153
198
542
839
1109
1400
1701
1925
2011
1990
1920
1771
1458
955
350
-241
-771
-1231
-1586
-1768
-1772
-1672
-1541
-1374
-1136
-849
-588
-390
-213
-1
240
480
709
940
1140
1212
1091
799
410
-16
-453
-865
-1179
-1355
-1405
-1374
-1281
-1111
-878
-641
-459
-347
-282
-245
-237
-253
-256
-213
-131
-52
-3
18
37
53
62
79
124
205
293
359
398
419
433
419
357
257
146
42
-36
-67
-26
88
250
429
610
791
962
1099
1182
1225
1270
1343
1438
1518
1574
1629
1711
1814
1904
1971
2043
2125
2164
2106
1964
1783
1493
872
-262
-1796
-3341
-4503
-5118
-5221
-4885
-4189
-3278
-2361
-1541
-750
99
930
1546
1857
1973
2069
2194
2291
2344
2390
2393
2199
1685
894
-2
-882
-1724
-2496
-3097
-3414
-3437
-3247
-2880
-2311
-1562
-783
-146
296
636
960
1271
1540
1782
2025
2230
2295
2176
1931
1622
1218
652
-56
-775
-1375
-1817
-2109
-2227
-2145
-1896
-1573
-1244
-894
-509
-121
207
465
693
915
1110
1253
1359
1448
1487
1406
1172
828
438
26
-433
-937
-1427
-1815
-2042
-2117
-2082
-1961
-1762
-1495
-1175
-815
-416
-2
363
610
726
743
714
638
495
292
70
-131
-299
-431
-500
-488
-408
-298
-182
-54
86
210
284
306
308
312
311
283
246
241
295
392
499
604
705
799
877
939
1000
1062
1099
1099
1087
1109
1172
1247
1310
1400
1554
1750
1927
2059
2160
2232
2216
2097
1957
1851
1610
893
-481
-2264
-3923
-5047
-5536
-5482
-4962
-4080
-3055
-2117
-1307
-483
430
1277
1848
2115
2250
2394
2524
2580
2585
2576
2454
2024
1218
189
-847
-1796
-2643
-3329
-3721
-3759
-3526
-3124
-2557
-1790
-907
-108
464
849
1179
1507
1804
2048
2275
2476
2549
2387
2005
1506
954
315
-435
-1206
-1844
-2267
-2486
-2526
-2372
-2029
-1583
-1145
-748
-348
62
427
699
905
1111
1320
1472
1533
1527
1462
1291
956
485
-23
-490
-896
-1232
-1469
-1582
-1613
-1650
-1733
-1821
-1842
-1748
-1523
-1170
-710
-206
246
569
752
824
820
737
571
338
74
-189
-424
-589
-657
-628
-541
-446
-360
-280
-194
-99
-2
103
215
323
406
450
458
442
409
359
309
288
321
403
516
640
761
859
902
882
821
750
701
702
776
926
1131
1375
1659
1960
2220
2391
2468
2467
2381
2218
2065
1989
1830
1195
-187
-2107
-3966
-5230
-5754
-5674
-5131
-4248
-3220
-2269
-1443
-599
353
1271
1927
2278
2494
2719
2911
2980
2941
2858
2649
2115
1174
-10
-1186
-2217
-3080
-3708
-3980
-3874
-3512
-3026
-2411
-1613
-705
112
700
1104
1456
1807
2117
2371
2594
2757
2732
2417
1853
1176
464
-296
-1100
-1838
-2383
-2685
-2779
-2688
-2391
-1915
-1371
-873
-433
0
435
821
1127
1393
1642
1830
1899
1848
1713
1492
1138
644
76
-467
-936
-1310
-1566
-1681
-1675
-1628
-1602
-1594
-1523
-1326
-1012
-646
-287
40
309
490
576
598
591
544
425
236
23
-175
-347
-491
-578
-581
-515
-434
-377
-347
-324
-289
-239
-163
-48
96
235
337
393
420
428
417
387
365
383
444
521
590
643
676
680
655
621
594
574
555
544
561
641
802
1040
1321
1599
1846
2053
2209
2288
2294
2274
2245
2171
2037
1918
1817
1461
437
-1334
-3371
-4986
-5827
-5964
-5560
-4702
-3540
-2361
-1379
-535
329
1197
1867
2233
2442
2687
2959
3101
3054
2905
2675
2179
1255
-6
-1321
-2475
-3404
-4056
-4314
-4122
-3604
-2968
-2297
-1525
-645
192
817
1234
1579
1936
2260
2506
2704
2849
2815
2455
1782
952
103
-732
-1551
-2266
-2755
-2967
-2936
-2712
-2317
-1782
-1200
-681
-253
137
546
962
1341
1668
1949
2140
2163
1988
1668
1259
760
166
-465
-1026
-1454
-1745
-1909
-1929
-1835
-1727
-1692
-1703
-1643
-1424
-1050
-578
-71
405
761
935
936
825
651
427
163
-106
-341
-523
-657
-751
-794
-770
-683
-582
-509
-464
-424
-364
-267
-125
58
255
422
518
546
527
481
426
377
365
407
493
598
686
728
714
645
533
412
322
300
342
432
578
800
1092
1406
1710
2003
2273
2458
2506
2449
2360
2253
2103
1971
1938
1829
1175
-343
-2436
-4368
-5570
-5978
-5790
-5128
-4094
-2937
-1919
-1079
-253
621
1383
1879
2193
2538
2954
3268
3339
3215
2970
2516
1682
478
-865
-2110
-3152
-3921
-4286
-4170
-3688
-3078
-2472
-1824
-1068
-275
412
947
1407
1856
2264
2583
2835
3032
3065
2775
2127
1252
320
-590
-1443
-2155
-2621
-2821
-2811
-2650
-2345
-1906
-1402
-920
-478
-29
454
934
1364
1742
2067
2286
2325
2160
1832
1382
824
188
-446
-986
-1380
-1636
-1780
-1815
-1736
-1568
-1371
-1207
-1097
-1008
-883
-668
-350
31
396
658
772
738
595
386
154
-62
-248
-399
-516
-596
-636
-638
-611
-563
-503
-448
-412
-383
-321
-204
-32
170
376
548
651
671
629
567
513
480
468
476
505
540
566
571
558
533
499
451
409
401
439
524
668
887
1170
1468
1745
2012
2273
2474
2557
2548
2518
2471
2344
2162
2017
1817
1159
-311
-2396
-4388
-5648
-6055
-5831
-5150
-4106
-2923
-1889
-1084
-337
472
1227
1770
2177
2657
3235
3675
3766
3535
3108
2479
1537
299
-1039
-2265
-3284
-4023
-4355
-4195
-3663
-3029
-2468
-1935
-1309
-583
141
807
1441
2054
2572
2938
3174
3307
3254
2874
2141
1200
228
-682
-1495
-2151
-2580
-2788
-2833
-2755
-2536
-2172
-1722
-1250
-757
-203
406
1008
1546
1991
2324
2502
2477
2249
1862
1363
779
143
-468
-977
-1348
-1612
-1797
-1896
-1887
-1794
-1680
-1604
-1553
-1459
-1239
-848
-309
274
758
1036
1084
950
707
423
153
-67
-241
-386
-507
-601
-679
-750
-798
-793
-718
-606
-490
-381
-261
-121
32
200
371
516
596
594
539
477
445
452
495
557
626
680
694
661
594
518
435
356
310
328
409
530
691
920
1215
1535
1840
2136
2398
2549
2553
2470
2376
2259
2084
1913
1780
1449
480
-1274
-3348
-4992
-5785
-5811
-5314
-4446
-3354
-2297
-1461
-776
-70
666
1284
1757
2263
2924
3576
3923
3834
3399
2734
1843
734
-471
-1614
-2618
-3439
-3969
-4069
-3752
-3239
-2762
-2362
-1921
-1346
-643
143
979
1803
2498
2974
3237
3346
3291
2996
2422
1644
789
-49
-829
-1512
-2052
-2428
-2662
-2770
-2736
-2539
-2197
-1760
-1258
-683
-21
674
1308
1809
2165
2373
2414
2292
2051
1738
1338
816
213
-367
-849
-1235
-1553
-1779
-1883
-1890
-1891
-1939
-1993
-1946
-1701
-1222
-563
140
728
1087
1192
1097
890
649
420
211
19
-155
-307
-460
-637
-816
-937
-947
-847
-671
-468
-281
-138
-31
83
232
398
533
602
599
557
511
487
493
531
602
696
782
833
839
804
727
625
542
529
588
681
792
946
1143
1367
1634
1967
2321
2576
2658
2612
2504
2339
2150
2025
1902
1401
115
-1849
-3803
-5059
-5456
-5250
-4687
-3899
-3058
-2357
-1799
-1195
-451
284
891
1491
2289
3234
3991
4262
4016
3400
2545
1527
462
-515
-1372
-2164
-2883
-3381
-3534
-3409
-3212
-3057
-2864
-2493
-1887
-1080
-129
884
1811
2494
2889
3087
3160
3079
2790
2317
1759
1177
562
-97
-769
-1423
-2029
-2531
-2835
-2889
-2720
-2405
-1997
-1508
-940
-320
300
856
1306
1639
1872
2012
2077
2083
1998
1755
1312
725
105
-465
-966
-1372
-1640
-1768
-1834
-1935
-2088
-2225
-2256
-2085
-1660
-1010
-277
356
772
961
974
862
683
495
326
165
-6
-182
-365
-567
-772
-926
-971
-893
-734
-543
-359
-202
-78
25
127
233
328
392
417
419
419
435
461
498
557
641
729
792
828
844
831
787
740
734
771
820
882
982
1131
1312
1533
1828
2154
2380
2421
2327
2192
2038
1886
1796
1686
1175
-111
-2013
-3817
-4862
-5057
-4732
-4181
-3539
-2937
-2489
-2115
-1588
-855
-94
574
1278
2199
3221
3982
4199
3873
3178
2272
1298
416
-284
-870
-1481
-2133
-2685
-3029
-3210
-3342
-3425
-3332
-2946
-2261
-1349
-316
693
1513
2046
2336
2516
2660
2734
2674
2475
2182
1803
1306
676
-49
-815
-1557
-2180
-2575
-2680
-2545
-2291
-1996
-1678
-1323
-930
-515
-85
360
808
1234
1619
1944
2175
2237
2066
1679
1172
650
173
-238
-565
-818
-1079
-1445
-1912
-2369
-2670
-2732
-2533
-2079
-1430
-723
-119
296
537
652
677
654
635
645
646
566
364
68
-259
-549
-732
-773
-685
-526
-370
-245
-142
-47
40
106
156
202
245
284
321
361
394
422
465
542
657
795
933
1050
1128
1167
1189
1222
1263
1299
1325
1346
1364
1418
1562
1802
2049
2194
2211
2127
1953
1735
1608
1609
1422
557
-1073
-2867
-4045
-4326
-4021
-3545
-3101
-2795
-2684
-2649
-2398
-1787
-996
-250
497
1430
2510
3383
3728
3513
2939
2239
1582
1076
729
396
-103
-807
-1558
-2185
-2661
-3053
-3352
-3446
-3224
-2689
-1929
-1081
-299
288
674
981
1339
1781
2224
2564
2739
2728
2525
2138
1587
902
154
-553
-1109
-1453
-1613
-1683
-1759
-1881
-1997
-2018
-1881
-1582
-1160
-658
-126
378
811
1160
1423
1588
1633
1582
1483
1367
1215
1004
726
378
-74
-659
-1336
-1977
-2432
-2604
-2484
-2140
-1699
-1300
-1023
-845
-675
-440
-138
195
510
748
850
781
564
257
-62
-308
-415
-372
-244
-139
-122
-182
-251
-263
-184
-43
99
194
223
201
156
117
102
114
160
256
405
571
717
833
938
1037
1132
1247
1379
1487
1531
1531
1549
1608
1698
1833
2009
2136
2114
1963
1783
1612
1433
1296
1226
962
82
-1447
-3015
-3900
-3930
-3512
-3078
-2789
-2679
-2744
-2819
-2603
-1985
-1160
-341
497
1460
2410
3013
3078
2733
2269
1895
1681
1588
1475
1148
497
-375
-1233
-1911
-2405
-2768
-2981
-2981
-2753
-2370
-1930
-1512
-1154
-829
-434
118
802
1484
2022
2349
2469
2418
2254
2016
1708
1328
910
512
152
-204
-599
-1035
-1467
-1811
-1983
-1948
-1763
-1532
-1318
-1118
-901
-653
-365
-21
369
761
1099
1345
1478
1481
1377
1225
1067
868
556
120
-375
-846
-1253
-1579
-1785
-1839
-1766
-1630
-1476
-1309
-1122
-925
-724
-499
-236
22
202
269
253
192
120
68
75
145
230
274
265
240
236
265
316
372
408
397
335
235
128
37
-35
-72
-58
11
116
227
344
478
636
824
1054
1317
1565
1740
1844
1929
2019
2112
2224
2380
2526
2550
2407
2162
1868
1548
1301
1229
1124
467
-985
-2703
-3790
-3883
-3397
-2932
-2734
-2787
-3034
-3281
-3181
-2566
-1659
-764
102
1070
2016
2584
2612
2313
2056
2052
2289
2585
2656
2262
1383
283
-690
-1359
-1770
-2041
-2233
-2345
-2396
-2437
-2502
-2567
-2534
-2269
-1671
-786
160
900
1307
1446
1493
1594
1809
2093
2326
2394
2255
1938
1483
921
312
-253
-677
-916
-1013
-1081
-1228
-1490
-1799
-2023
-2040
-1829
-1466
-1052
-643
-264
50
266
408
548
751
1014
1250
1318
1118
707
279
5
-106
-172
-299
-509
-769
-1009
-1165
-1206
-1168
-1108
-1054
-994
-930
-889
-878
-869
-806
-654
-434
-210
-51
38
98
181
317
513
736
917
999
987
913
803
672
546
454
387
315
219
97
-40
-167
-242
-220
-97
91
313
536
743
922
1107
1345
1634
1926
2193
2452
2690
2812
2760
2599
2417
2213
1995
1864
1757
1243
-59
-1834
-3177
-3518
-3166
-2815
-2814
-3120
-3609
-4085
-4200
-3721
-2816
-1846
-940
-17
834
1343
1410
1304
1411
1913
2682
3384
3648
3270
2354
1275
428
-26
-206
-356
-633
-1055
-1590
-2201
-2807
-3259
-3405
-3166
-2582
-1823
-1154
-789
-719
-705
-478
61
830
1632
2257
2558
2525
2274
1961
1695
1522
1436
1397
1290
987
439
-265
-954
-1467
-1719
-1724
-1607
-1543
-1641
-1842
-1985
-1965
-1769
-1424
-973
-527
-233
-135
-117
-27
191
501
829
1075
1134
984
717
481
344
284
245
171
-2
-307
-700
-1067
-1303
-1367
-1292
-1160
-1061
-1059
-1134
-1186
-1099
-823
-416
14
374
615
752
837
929
1067
1233
1384
1482
1492
1388
1185
951
761
656
634
653
637
533
370
229
177
245
443
741
1047
1278
1451
1619
1761
1836
1896
2020
2183
2296
2328
2171
1535
290
-1094
-1848
-1736
-1323
-1287
-1777
-2557
-3373
-3960
-4010
-3459
-2647
-1948
-1420
-969
-645
-551
-546
-293
393
1382
2337
2900
2880
2356
1674
1224
1180
1425
1647
1575
1128
411
-399
-1147
-1692
-1930
-1877
-1684
-1541
-1579
-1835
-2194
-2404
-2226
-1631
-837
-127
327
502
507
513
670
1018
1470
1895
2183
2251
2065
1663
1190
823
653
631
616
463
83
-496
-1101
-1512
-1690
-1789
-1948
-2099
-2093
-1936
-1785
-1737
-1724
-1605
-1293
-793
-206
286
533
553
525
607
799
983
1061
1017
888
699
464
205
-44
-244
-375
-441
-500
-628
-837
-1038
-1105
-995
-791
-605
-501
-467
-434
-323
-89
231
551
804
990
1135
1243
1320
1395
1509
1677
1851
1961
1951
1812
1625
1512
1535
1640
1732
1762
1698
1505
1220
970
866
904
1028
1111
866
14
-1252
-2216
-2319
-1793
-1350
-1400
-1855
-2476
-3044
-3279
-2978
-2298
-1615
-1112
-729
-466
-428
-543
-493
-27
787
1635
2178
2214
1783
1191
814
834
1142
1437
1443
1084
479
-176
-735
-1106
-1231
-1143
-998
-971
-1145
-1484
-1863
-2076
-1938
-1457
-868
-440
-277
-306
-366
-303
-27
431
929
1305
1481
1461
1307
1118
997
1011
1140
1259
1211
923
471
-4
-372
-541
-516
-483
-698
-1215
-1770
-2040
-1962
-1712
-1496
-1393
-1394
-1418
-1354
-1141
-813
-462
-139
147
360
449
415
351
378
531
718
800
698
440
133
-96
-169
-110
-49
-87
-221
-376
-502
-584
-594
-515
-380
-246
-152
-97
-66
-20
98
309
564
777
902
970
1049
1185
1371
1560
1688
1723
1711
1737
1844
1982
2085
2152
2182
2116
1920
1683
1533
1492
1498
1474
1249
543
-645
-1752
-2109
-1735
-1330
-1446
-2015
-2698
-3278
-3578
-3392
-2776
-2100
-1650
-1377
-1165
-1062
-1061
-910
-360
528
1415
1965
2035
1719
1318
1176
1421
1882
2224
2193
1761
1116
496
52
-199
-285
-281
-337
-592
-1045
-1557
-1965
-2128
-1981
-1597
-1212
-1054
-1145
-1305
-1324
-1100
-649
-88
409
714
814
798
792
895
1138
1464
1746
1858
1731
1405
1027
754
651
649
626
505
241
-205
-823
-1455
-1840
-1803
-1463
-1175
-1241
-1660
-2125
-2293
-2029
-1455
-838
-426
-316
-410
-497
-411
-132
252
624
882
941
781
497
269
242
415
639
727
585
252
-108
-319
-298
-119
46
66
-66
-268
-424
-442
-289
-36
194
323
356
349
373
499
753
1069
1340
1482
1505
1508
1587
1764
1989
2207
2371
2405
2279
2090
1988
2000
2051
2106
2085
1680
652
-627
-1326
-1132
-664
-702
-1352
-2217
-3010
-3593
-3732
-3338
-2758
-2430
-2373
-2346
-2290
-2286
-2186
-1687
-775
195
854
1079
968
773
813
1267
1985
2583
2750
2461
1931
1440
1147
1054
1080
1101
969
557
-96
-776
-1266
-1480
-1445
-1265
-1151
-1310
-1732
-2147
-2279
-2079
-1662
-1184
-803
-635
-657
-696
-564
-214
287
814
1226
1415
1376
1220
1120
1184
1399
1627
1711
1571
1235
802
383
52
-186
-362
-497
-629
-854
-1249
-1718
-2029
-2043
-1852
-1636
-1501
-1468
-1519
-1559
-1455
-1156
-769
-447
-239
-113
-29
39
130
282
475
640
715
702
640
572
537
548
592
614
553
416
261
149
94
81
96
105
67
-12
-64
-34
63
181
309
436
546
638
742
896
1097
1318
1515
1657
1759
1864
1977
2051
2080
2114
2161
2179
2174
2112
1766
970
56
-337
-68
240
-45
-846
-1691
-2334
-2728
-2771
-2478
-2205
-2286
-2596
-2781
-2769
-2705
-2546
-2099
-1410
-794
-476
-421
-443
-348
21
682
1419
1902
1964
1733
1491
1453
1627
1877
2045
2033
1786
1326
810
425
236
162
106
-2
-253
-716
-1271
-1653
-1710
-1541
-1348
-1258
-1318
-1506
-1696
-1701
-1435
-992
-560
-262
-108
-49
-7
113
379
765
1132
1336
1345
1243
1104
982
945
1029
1143
1095
777
269
-259
-632
-726
-580
-451
-628
-1112
-1608
-1827
-1725
-1444
-1154
-999
-1045
-1215
-1321
-1228
-953
-613
-316
-123
-67
-114
-162
-74
200
561
833
902
800
651
588
679
888
1070
1083
900
644
450
381
427
534
613
574
424
264
193
247
400
598
761
843
855
862
929
1096
1344
1572
1680
1678
1646
1641
1696
1814
1847
1506
786
171
126
453
530
96
-557
-1131
-1583
-1849
-1805
-1589
-1569
-1852
-2148
-2250
-2273
-2322
-2239
-1895
-1451
-1162
-1079
-1090
-1087
-960
-598
-27
524
799
773
658
678
890
1198
1478
1649
1660
1495
1242
1049
980
964
925
855
730
464
47
-360
-582
-612
-589
-626
-759
-988
-1274
-1482
-1483
-1295
-1072
-941
-910
-922
-925
-867
-691
-397
-86
125
206
229
258
312
413
587
771
818
656
388
188
126
156
192
146
-56
-380
-670
-776
-717
-641
-649
-747
-896
-1050
-1136
-1094
-946
-795
-718
-709
-730
-744
-705
-561
-310
-40
137
187
172
193
305
499
715
863
883
796
702
682
737
815
868
867
803
705
629
618
671
745
801
824
828
847
895
970
1076
1191
1270
1286
1271
1276
1313
1369
1431
1387
1065
493
24
-28
208
295
-2
-537
-1078
-1495
-1681
-1576
-1348
-1302
-1535
-1833
-1982
-1989
-1923
-1757
-1464
-1158
-984
-954
-964
-934
-799
-502
-68
344
534
476
346
351
545
840
1107
1250
1220
1041
841
754
804
889
913
857
724
499
208
-30
-118
-92
-69
-135
-297
-532
-784
-947
-932
-781
-644
-628
-720
-833
-887
-839
-673
-442
-252
-180
-202
-221
-167
-46
101
223
268
205
87
29
87
188
221
158
44
-80
-186
-237
-206
-156
-176
-287
-424
-526
-585
-598
-556
-487
-462
-512
-593
-625
-591
-503
-380
-244
-137
-93
-87
-41
76
239
392
501
560
571
572
620
726
841
897
892
867
858
875
919
979
1027
1033
1014
1011
1054
1124
1202
1281
1337
1332
1274
1230
1246
1299
1339
1328
1195
874
431
98
38
136
123
-138
-573
-1040
-1412
-1583
-1517
-1369
-1362
-1562
-1825
-1983
-1996
-1890
-1680
-1412
-1193
-1089
-1059
-1014
-894
-684
-382
-27
280
437
439
400
453
642
903
1130
1235
1183
1017
851
797
862
948
952
845
653
420
206
74
39
36
-11
-131
-309
-506
-672
-748
-719
-637
-592
-623
-720
-815
-845
-776
-626
-463
-362
-350
-396
-425
-385
-278
-155
-61
-25
-53
-117
-151
-108
-18
50
58
16
-50
-117
-151
-129
-82
-75
-140
-243
-335
-386
-397
-374
-345
-352
-403
-468
-503
-487
-432
-360
-289
-238
-216
-203
-165
-78
42
166
262
327
371
417
490
601
720
812
860
886
921
979
1054
1126
1175
1195
1201
1217
1260
1324
1383
1400
1358
1282
1219
1201
1217
1221
1149
946
614
272
59
4
-8
-116
-370
-725
-1092
-1362
-1460
-1420
-1376
-1442
-1607
-1776
-1876
-1880
-1782
-1607
-1421
-1286
-1211
-1145
-1048
-900
-686
-415
-137
80
200
259
328
454
642
850
1019
1098
1066
971
896
899
957
1001
979
872
696
497
335
253
223
180
79
-73
-247
-412
-536
-594
-595
-588
-612
-672
-743
-795
-806
-755
-658
-555
-488
-471
-468
-433
-354
-259
-194
-184
-208
-215
-166
-77
-3
8
-41
-104
-132
-101
-35
15
4
-73
-167
-223
-229
-214
-209
-232
-283
-342
-383
-392
-379
-367
-364
-359
-340
-308
-267
-221
-165
-102
-33
41
108
169
228
303
400
511
609
672
707
740
792
872
973
1071
1140
1166
1167
1185
1239
1321
1407
1472
1494
1455
1384
1327
1311
1315
1298
1220
1047
770
455
211
97
47
-55
-271
-583
-926
-1217
-1372
-1376
-1324
-1346
-1483
-1668
-1807
-1839
-1753
-1579
-1391
-1267
-1222
-1199
-1125
-974
-759
-511
-267
-72
50
125
200
322
488
674
837
940
961
918
864
854
898
958
980
936
823
667
518
423
383
357
294
174
14
-153
-289
-365
-388
-396
-432
-509
-605
-679
-710
-695
-649
-597
-567
-562
-563
-546
-510
-466
-430
-400
-365
-324
-277
-228
-190
-173
-169
-158
-123
-71
-29
-16
-35
-73
-110
-125
-121
-114
-125
-165
-220
-263
-285
-290
-287
-294
-309
-328
-331
-310
-271
-226
-187
-153
-116
-67
-6
65
143
218
291
366
444
525
603
673
739
801
864
929
997
1057
1104
1140
1173
1215
1266
1323
1365
1375
1349
1309
1280
1269
1257
1213
1098
897
643
412
258
161
55
-116
-365
-666
-956
-1167
-1262
-1288
-1328
-1435
-1593
-1744
-1835
-1832
-1740
-1604
-1488
-1426
-1392
-1333
-1215
-1041
-825
-601
-402
-248
-130
-14
125
288
458
612
735
810
838
839
849
882
922
946
935
880
782
664
560
489
435
375
287
172
39
-98
-211
-282
-321
-353
-401
-467
-540
-602
-635
-627
-595
-564
-552
-552
-551
-533
-497
-455
-432
-435
-442
-420
-364
-296
-251
-243
-263
-278
-258
-194
-112
-60
-64
-112
-164
-183
-160
-116
-90
-108
-165
-228
-263
-256
-226
-206
-213
-243
-271
-276
-247
-194
-139
-100
-75
-47
-3
62
140
220
294
360
420
484
557
634
707
778
846
912
969
1018
1062
1104
1144
1182
1222
1262
1291
1299
1282
1253
1225
1203
1182
1148
1077
950
766
564
394
272
172
54
-114
-336
-591
-823
-986
-1067
-1111
-1175
-1286
-1426
-1556
-1635
-1633
-1560
-1460
-1381
-1341
-1315
-1264
-1160
-1004
-810
-612
-443
-311
-202
-83
60
225
394
544
660
730
770
803
845
895
938
959
949
907
838
760
688
624
563
496
415
320
211
96
-10
-97
-162
-214
-263
-318
-382
-444
-494
-514
-510
-493
-479
-476
-483
-486
-477
-449
-412
-381
-367
-365
-369
-361
-331
-284
-237
-209
-201
-208
-210
-195
-161
-118
-90
-90
-115
-146
-168
-169
-157
-145
-146
-162
-186
-207
-214
-205
-185
-162
-143
-124
-106
-85
-56
-16
31
83
138
190
236
283
330
384
446
514
580
638
684
723
761
810
866
924
974
1008
1029
1047
1068
1099
1129
1142
1129
1095
1054
1017
984
940
861
736
571
396
251
144
51
-61
-216
-415
-634
-823
-951
-1016
-1054
-1112
-1207
-1326
-1437
-1504
-1501
-1436
-1348
-1276
-1237
-1210
-1169
-1090
-960
-795
-625
-474
-354
-256
-152
-29
111
255
390
496
571
624
670
715
758
790
807
807
789
757
713
660
600
534
467
399
329
255
169
78
-14
-99
-167
-222
-268
-315
-367
-421
-467
-499
-515
-517
-510
-499
-491
-487
-488
-487
-484
-472
-445
-408
-367
-337
-324
-325
-320
-303
-264
-212
-162
-134
-134
-149
-161
-158
-138
-113
-95
-96
-116
-145
-165
-169
-158
-143
-129
-123
-122
-120
-111
-90
-60
-25
9
44
81
117
155
196
238
285
332
381
430
476
518
555
591
629
672
717
760
797
825
847
866
889
916
946
970
978
968
945
913
884
859
827
777
696
580
449
320
211
120
32
-75
-211
-372
-536
-675
-776
-844
-898
-962
-1043
-1134
-1211
-1255
-1252
-1212
-1160
-1111
-1072
-1036
-983
-903
-799
-676
-550
-434
-325
-218
-107
10
127
236
333
417
493
564
628
682
719
738
740
733
723
711
692
660
611
547
477
409
347
292
236
172
99
26
-46
-105
-152
-192
-232
-273
-313
-350
-381
-400
-411
-412
-411
-407
-402
-399
-400
-401
-395
-377
-347
-315
-285
-266
-257
-251
-240
-214
-179
-142
-118
-113
-120
-130
-135
-131
-119
-108
-107
-114
-124
-130
-131
-125
-116
-105
-93
-77
-58
-36
-12
9
31
56
85
122
160
194
222
243
264
288
319
353
387
415
435
454
473
500
531
565
595
618
635
648
664
688
718
750
776
791
787
771
748
725
707
690
663
615
538
435
321
212
117
34
-46
-142
-262
-399
-538
-658
-748
-812
-862
-916
-976
-1040
-1094
-1123
-1125
-1100
-1060
-1016
-969
-920
-863
-793
-709
-614
-514
-410
-307
-204
-102
-6
83
168
242
313
379
439
491
531
556
567
565
556
543
526
505
475
437
389
333
275
221
169
118
66
11
-46
-103
-151
-194
-233
-268
-301
-333
-360
-379
-390
-397
-399
-400
-400
-398
-390
-383
-374
-364
-353
-337
-315
-288
-262
-241
-232
-230
-225
-212
-192
-166
-147
-141
-148
-165
-177
-181
-171
-156
-142
-136
-136
-138
-138
-128
-114
-93
-70
-48
-26
-4
15
32
48
63
82
107
135
164
188
201
212
224
241
266
296
321
341
354
366
382
406
436
467
491
508
521
533
553
579
607
632
646
651
646
637
627
617
604
586
553
503
437
357
275
191
111
36
-45
-134
-234
-342
-445
-536
-611
-672
-723
-774
-824
-871
-907
-926
-925
-906
-877
-842
-804
-760
-705
-637
-557
-470
-382
-292
-208
-121
-35
53
137
215
283
339
388
429
466
496
518
529
528
516
499
477
453
423
389
347
298
248
198
151
107
64
19
-27
-72
-112
-146
-169
-187
-199
-210
-223
-234
-243
-246
-240
-223
-206
-189
-182
-187
-196
-201
-199
-182
-157
-133
-122
-127
-143
-159
-163
-151
-127
-106
-95
-102
-118
-136
-147
-145
-134
-121
-111
-108
-105
-105
-101
-94
-82
-67
-48
-25
0
23
41
51
58
67
84
108
135
159
175
183
188
199
217
241
266
286
299
307
319
337
363
385
402
411
414
418
432
454
478
498
507
507
504
504
511
522
529
525
507
478
444
407
366
320
263
198
125
50
-23
-95
-169
-247
-330
-415
-493
-558
-607
-647
-683
-720
-758
-791
-808
-807
-787
-751
-713
-673
-633
-587
-528
-458
-381
-297
-218
-143
-71
-1
68
134
195
245
284
315
339
361
378
388
387
374
354
329
306
282
254
223
183
142
101
64
32
2
-32
-66
-100
-130
-150
-163
-174
-182
-187
-194
-198
-200
-199
-195
-190
-183
-172
-162
-156
-158
-168
-179
-186
-183
-168
-151
-142
-147
-162
-181
-192
-187
-172
-153
-144
-146
-159
-176
-185
-182
-173
-162
-154
-148
-144
-140
-133
-124
-112
-100
-83
-62
-37
-14
5
17
25
36
52
78
106
133
152
162
168
177
191
212
238
258
272
277
279
282
291
306
323
335
342
342
341
344
355
370
387
402
409
411
413
420
430
439
444
437
420
399
375
351
324
287
239
180
116
49
-12
-70
-131
-198
-269
-341
-405
-457
-501
-537
-570
-601
-626
-643
-643
-633
-613
-588
-561
-528
-485
-432
-370
-305
-242
-186
-132
-77
-18
45
109
165
209
240
263
281
299
318
334
342
340
329
311
290
271
252
231
206
179
150
121
95
69
45
21
-2
-24
-42
-55
-63
-71
-77
-81
-85
-86
-81
-76
-73
-74
-76
-76
-70
-59
-47
-44
-55
-78
-102
-114
-107
-90
-71
-68
-88
-121
-151
-165
-156
-137
-117
-114
-128
-150
-168
-172
-164
-149
-136
-126
-120
-108
-92
-74
-59
-51
-44
-30
-7
26
58
81
88
82
77
81
100
129
157
172
173
169
166
173
188
205
217
222
223
227
237
252
266
271
269
266
268
279
301
324
342
350
349
348
350
360
376
393
402
400
386
363
336
310
284
253
217
171
120
63
2
-59
-124
-187
-247
-303
-351
-392
-428
-464
-499
-533
-560
-572
-569
-551
-528
-505
-484
-465
-439
-401
-353
-296
-239
-187
-142
-103
-65
-22
20
60
95
120
141
159
174
186
193
193
186
177
169
164
160
154
142
122
98
74
54
42
32
23
12
-5
-23
-40
-51
-60
-65
-68
-70
-70
-67
-61
-57
-60
-69
-82
-93
-95
-83
-68
-60
-71
-104
-146
-181
-192
-176
-148
-125
-129
-159
-200
-231
-234
-212
-177
-150
-144
-158
-179
-194
-190
-175
-154
-137
-126
-116
-105
-90
-75
-64
-57
-52
-39
-14
16
44
57
51
37
30
35
59
89
111
116
107
96
94
111
139
167
187
189
184
184
193
212
235
251
256
251
247
248
259
272
283
291
296
300
307
316
323
323
322
318
317
316
312
299
272
233
188
145
109
79
45
2
-52
-116
-179
-232
-269
-295
-316
-341
-370
-401
-427
-440
-438
-426
-408
-390
-373
-355
-329
-295
-255
-215
-176
-143
-110
-75
-36
5
44
74
93
104
114
125
141
157
170
173
168
156
145
139
136
134
129
120
108
97
89
84
79
70
57
46
38
37
41
43
40
32
20
14
14
20
26
24
15
2
-11
-19
-25
-35
-53
-79
-103
-121
-126
-120
-115
-123
-144
-171
-192
-195
-177
-148
-123
-115
-126
-143
-157
-154
-137
-111
-91
-80
-76
-77
-78
-75
-70
-64
-57
-44
-25
-4
12
17
9
-7
-19
-17
0
27
53
69
71
66
64
68
86
112
140
167
192
214
229
241
245
240
237
240
251
269
286
292
283
259
232
209
201
208
226
245
260
262
253
238
224
217
225
243
264
274
267
235
180
118
56
4
-35
-68
-104
-148
-205
-271
-336
-392
-435
-462
-473
-472
-464
-454
-443
-432
-419
-403
-377
-339
-291
-237
-181
-131
-92
-66
-47
-34
-18
4
30
57
75
81
73
59
42
28
23
22
23
21
16
9
-4
-14
-25
-33
-36
-33
-24
-9
6
16
19
20
19
22
33
51
72
90
100
97
84
59
33
7
-10
-16
-23
-39
-78
-143
-224
-298
-344
-351
-326
-291
-271
-283
-320
-360
-374
-350
-291
-221
-165
-135
-130
-137
-141
-133
-113
-93
-71
-55
-38
-24
-16
-18
-30
-46
-55
-48
-25
5
27
30
16
-4
-13
0
32
73
110
131
143
154
170
198
231
264
292
312
327
342
353
357
357
350
338
331
326
322
318
304
286
264
248
246
259
282
309
328
334
331
323
323
339
371
407
428
413
351
248
128
17
-63
-107
-128
-153
-202
-281
-382
-482
-556
-591
-588
-556
-512
-472
-439
-417
-399
-383
-362
-331
-285
-220
-143
-64
3
44
59
53
38
30
39
62
94
119
129
117
92
57
22
-4
-18
-22
-20
-15
-7
-1
1
-1
-3
-6
-3
10
37
76
121
159
183
193
191
181
173
167
164
162
151
133
107
72
26
-32
-100
-171
-236
-285
-311
-320
-321
-324
-335
-350
-361
-357
-333
-294
-248
-205
-171
-144
-121
-101
-84
-69
-61
-60
-58
-54
-47
-39
-38
-45
-55
-67
-73
-66
-54
-42
-37
-41
-49
-51
-43
-24
3
32
58
85
115
153
197
246
285
316
339
354
369
383
396
404
408
409
406
403
395
375
344
305
269
245
242
253
268
275
271
259
246
243
255
275
302
334
374
421
466
486
450
346
186
10
-130
-196
-188
-145
-122
-171
-296
-465
-623
-714
-717
-656
-569
-498
-463
-459
-465
-464
-452
-429
-403
-370
-320
-246
-151
-59
3
19
-10
-57
-90
-87
-44
13
60
74
53
11
-32
-56
-63
-57
-49
-43
-37
-27
-8
12
28
36
35
37
52
85
131
173
200
202
186
165
149
148
152
152
135
93
36
-28
-87
-130
-161
-189
-217
-252
-291
-331
-361
-377
-375
-359
-331
-298
-268
-244
-226
-210
-193
-171
-141
-108
-81
-66
-65
-75
-90
-101
-107
-104
-99
-93
-87
-86
-86
-85
-83
-76
-64
-46
-24
3
30
57
82
103
127
155
193
235
278
319
348
368
377
379
379
379
383
385
392
395
396
391
377
354
326
298
279
269
269
275
276
268
251
232
221
222
237
260
282
298
312
327
343
356
349
306
218
99
-26
-129
-187
-204
-203
-215
-262
-345
-445
-532
-582
-588
-562
-522
-486
-463
-447
-436
-424
-412
-401
-388
-366
-328
-275
-210
-152
-115
-104
-114
-131
-134
-120
-94
-64
-42
-36
-39
-47
-49
-47
-42
-38
-35
-28
-14
13
45
77
100
114
120
130
148
176
205
230
246
251
247
239
226
207
176
134
89
48
19
2
-10
-25
-55
-95
-139
-173
-189
-187
-172
-152
-134
-120
-108
-98
-88
-81
-77
-74
-68
-55
-34
-11
6
10
-1
-21
-42
-54
-56
-52
-47
-47
-50
-56
-60
-58
-52
-43
-31
-18
0
25
55
85
112
135
151
165
180
198
217
236
253
269
283
295
303
305
299
287
274
262
256
253
252
247
239
228
211
195
172
145
118
96
86
90
103
117
123
116
96
73
63
72
97
128
150
150
126
80
25
-27
-72
-108
-136
-157
-180
-202
-225
-252
-277
-300
-315
-317
-305
-286
-262
-244
-236
-235
-242
-246
-244
-235
-219
-202
-190
-182
-178
-173
-168
-160
-153
-147
-142
-139
-135
-130
-123
-121
-121
-125
-130
-132
-128
-119
-108
-95
-83
-76
-66
-53
-40
-24
-12
-4
-3
-5
-6
-8
-9
-12
-17
-26
-36
-47
-55
-62
-68
-73
-77
-82
-84
-88
-98
-111
-126
-143
-152
-151
-138
-121
-107
-101
-103
-107
-111
-106
-92
-74
-58
-47
-42
-44
-47
-51
-54
-58
-63
-64
-61
-54
-45
-37
-33
-33
-34
-34
-28
-17
-4
10
22
30
36
41
49
59
68
77
86
94
105
116
127
133
134
134
134
137
144
153
162
164
161
152
144
141
145
155
165
173
173
168
161
154
153
156
161
166
167
165
159
151
144
138
135
133
133
132
131
125
114
99
79
59
42
26
13
3
-10
-25
-44
-59
-71
-80
-84
-86
-89
-92
-97
-100
-101
-100
-97
-93
-92
-91
-91
-95
-100
-105
-110
-113
-113
-110
-105
-102
-100
-100
-100
-99
-93
-86
-77
-67
-61
-56
-52
-49
-47
-40
-35
-29
-24
-17
-10
-3
3
9
13
17
21
26
31
37
41
40
36
30
26
21
21
21
21
16
10
2
-3
-2
4
11
18
19
17
12
9
9
12
15
15
13
11
6
5
6
6
7
8
9
10
14
19
22
24
24
23
22
22
28
32
35
37
38
40
45
53
61
70
76
80
84
87
90
96
103
106
110
114
118
122
126
128
131
132
135
138
144
151
154
153
150
143
137
134
133
135
137
136
133
127
119
111
106
103
101
101
99
94
89
82
74
68
61
55
48
40
34
25
18
11
2
-8
-17
-28
-34
-38
-40
-43
-45
-49
-55
-61
-70
-74
-78
-81
-84
-88
-92
-96
-98
-101
-106
-109
-111
-114
-113
-111
-106
-102
-98
-97
-99
-102
-103
-102
-99
-94
-90
-87
-86
-86
-86
-85
-80
-78
-74
-70
-65
-60
-54
-48
-43
-41
-39
-40
-40
-41
-40
-37
-35
-36
-36
-38
-41
-44
-46
-50
-52
-51
-49
-44
-39
-33
-29
-30
-33
-36
-37
-35
-30
-26
-23
-23
-26
-30
-32
-33
-33
-32
-30
-29
-28
-25
-22
-20
-19
-18
-20
-18
-17
-12
-7
-5
-3
-2
-1
3
7
12
18
20
23
24
26
29
32
37
39
41
42
43
43
45
48
48
49
50
50
51
52
53
55
56
55
57
58
59
61
60
61
60
60
58
57
56
56
54
53
50
47
43
39
35
31
27
24
21
18
16
11
8
7
6
7
9
8
6
3
1
1
1
2
3
5
2
-1
-5
-11
-16
-18
-20
-19
-19
-19
-20
-22
-25
-28
-30
-31
-30
-28
-25
-22
-22
-22
-25
-28
-30
-30
-30
-28
-29
-29
-31
-31
-31
-32
-34
-36
-39
-41
-43
-45
-43
-43
-41
-41
-40
-41
-41
-39
-36
-32
-29
-25
-23
-20
-17
-15
-14
-12
-10
-7
-6
-3
1
3
6
7
8
10
12
14
17
19
21
22
22
25
27
28
30
31
33
35
37
40
43
45
47
49
50
50
51
51
51
53
52
53
54
53
54
53
53
54
53
53
54
53
54
53
52
51
51
51
50
49
49
48
47
46
44
44
43
41
40
38
39
38
36
35
33
31
29
27
26
24
23
21
19
17
14
12
10
8
7
5
3
2
-1
-2
-2
-3
-4
-4
-6
-9
-11
-12
-15
-17
-19
-19
-22
-23
-23
-25
-26
-28
-30
-33
-34
-37
-38
-38
-39
-39
-41
-44
-46
-48
-48
-50
-51
-52
-53
-55
-57
-60
-61
-63
-65
-67
-71
-73
-76
-78
-80
-81
-80
-80
-80
-81
-82
-81
-81
-80
-79
-78
-75
-73
-71
-70
-69
-68
-66
-64
-63
-58
-56
-53
-50
-48
-45
-42
-39
-37
-35
-31
-28
-25
-22
-19
-16
-15
-12
-10
-8
-6
-4
-2
-1
1
2
2
5
6
7
8
7
7
9
9
9
11
10
10
10
9
10
10
11
11
12
12
13
13
13
15
16
16
16
16
16
17
18
18
19
19
20
21
22
22
24
25
27
28
30
30
31
32
34
35
37
37
39
39
39
40
41
43
44
45
45
46
47
45
45
45
45
45
46
46
45
45
45
45
44
44
44
45
43
43
42
41
40
40
40
40
39
41
39
38
38
38
37
38
37
38
38
37
36
35
35
33
32
31
30
29
28
26
24
23
22
21
19
18
18
17
15
14
12
11
10
9
10
8
8
8
6
6
5
3
4
2
2
0
-2
-2
-6
-8
-11
-13
-16
-19
-22
-27
-30
-34
-39
-43
-49
-52
-55
-60
-63
-66
-68
-70
-71
-71
-69
-67
-63
-57
-50
-43
-33
-22
-10
3
17
32
49
65
83
100
116
131
147
160
173
184
192
198
203
204
203
199
192
184
173
158
143
125
104
84
63
42
20
-2
-21
-43
-62
-79
-95
-109
-121
-130
-138
-142
-144
-144
-143
-139
-133
-127
-116
-106
-95
-82
-69
-57
-45
-33
-21
-9
1
9
16
20
24
25
27
26
23
20
13
6
-1
-10
-19
-28
-38
-49
-57
-66
-75
-82
-88
-95
-100
-103
-105
-107
-108
-109
-109
-109
-108
-106
-104
-103
-101
-101
-102
-102
-102
-104
-106
-107
-109
-111
-114
-118
-120
-123
-124
-124
-124
-122
-120
-116
-113
-107
-101
-94
-85
-75
-67
-56
-47
-37
-27
-19
-11
-3
4
11
16
20
23
25
27
28
28
28
27
26
25
24
22
21
21
20
23
23
25
28
30
34
38
43
47
52
57
63
67
72
76
81
84
87
92
94
97
98
99
100
99
98
97
96
96
94
90
89
88
85
83
80
79
78
77
76
75
73
72
72
72
71
71
72
71
70
69
68
66
66
64
60
58
54
49
45
39
34
27
20
14
8
0
-6
-14
-20
-26
-32
-37
-41
-46
-49
-52
-54
-55
-56
-56
-55
-53
-52
-49
-45
-43
-39
-35
-32
-29
-26
-25
-23
-22
-20
-21
-23
-23
-25
-27
-30
-32
-35
-39
-41
-44
-47
-49
-51
-54
-52
-54
-53
-51
-49
-46
-42
-37
-31
-26
-19
-12
-5
1
9
15
22
28
34
38
43
48
50
52
53
52
52
50
46
42
36
30
22
15
6
-3
-14
-24
-34
-44
-53
-63
-73
-81
-90
-97
-103
-109
-114
-118
-120
-122
-123
-122
-119
-118
-115
-110
-105
-99
-94
-88
-80
-73
-65
-59
-52
-47
-40
-35
-30
-26
-22
-21
-19
-19
-21
-22
-24
-26
-31
-35
-40
-44
-50
-54
-58
-63
-66
-69
-70
-71
-70
-68
-67
-63
-58
-52
-47
-39
-30
-23
-15
-6
2
9
16
22
28
32
35
35
34
31
29
22
15
7
-3
-13
-25
-37
-50
-61
-71
-82
-92
-99
-106
-111
-114
-117
-117
-115
-112
-107
-101
-93
-85
-76
-66
-57
-47
-37
-28
-19
-10
-3
3
10
15
20
25
28
32
35
37
40
43
45
48
52
54
58
61
66
72
78
83
91
97
107
115
125
135
146
155
167
177
188
199
209
218
227
236
243
249
254
258
258
258
256
251
245
236
224
210
195
175
156
133
109
86
59
34
8
-18
-42
-68
-92
-114
-135
-155
-170
-187
-199
-211
-222
-229
-234
-238
-240
-239
-239
-235
-229
-224
-216
-207
-197
-185
-173
-161
-148
-132
-117
-100
-84
-67
-49
-33
-14
3
18
35
49
63
76
86
95
102
107
110
110
107
103
97
88
78
67
53
41
26
12
-2
-14
-27
-39
-50
-58
-66
-73
-79
-83
-86
-90
-90
-95
-96
-99
-101
-103
-106
-110
-113
-118
-122
-126
-130
-133
-135
-137
-136
-136
-132
-128
-122
-115
-105
-94
-81
-67
-52
-36
-19
-5
11
27
41
54
66
77
85
91
97
101
102
103
103
102
100
97
95
93
92
91
91
92
94
96
100
102
105
109
110
112
112
112
109
106
101
93
86
76
65
54
43
30
18
7
-3
-13
-22
-28
-33
-38
-40
-39
-37
-34
-29
-22
-15
-6
2
10
19
28
36
42
48
53
57
59
61
62
62
60
59
56
55
52
49
47
46
44
44
45
46
47
49
52
56
59
62
64
68
70
70
71
69
66
62
58
51
44
36
26
16
6
-6
-16
-29
-40
-51
-61
-70
-79
-86
-93
-98
-102
-105
-104
-103
-100
-96
-92
-85
-76
-68
-58
-48
-38
-28
-18
-9
1
9
17
26
32
39
45
50
55
57
60
62
63
63
62
61
59
55
51
47
41
37
32
26
21
15
12
8
5
2
1
1
2
3
6
10
13
18
24
29
35
41
46
52
57
61
65
67
70
70
69
69
69
65
62
57
52
47
40
33
26
17
9
-1
-11
-23
-35
-47
-60
-73
-86
-101
-115
-131
-145
-159
-172
-185
-195
-205
-212
-216
-219
-216
-212
-204
-192
-179
-162
-144
-123
-102
-81
-58
-36
-16
3
18
33
44
53
58
61
61
59
55
48
40
32
23
14
5
-4
-11
-17
-23
-27
-29
-32
-33
-33
-32
-32
-31
-30
-31
-32
-35
-37
-42
-50
-57
-66
-75
-86
-96
-105
-114
-120
-125
-125
-124
-120
-111
-98
-83
-62
-38
-12
17
49
82
116
149
180
209
237
261
281
296
306
312
313
307
298
285
269
249
226
203
178
153
127
103
79
58
39
21
6
-8
-19
-29
-37
-44
-50
-54
-59
-63
-66
-71
-74
-78
-81
-83
-85
-88
-87
-87
-87
-84
-83
-80
-80
-79
-81
-86
-95
-105
-120
-138
-159
-184
-211
-239
-266
-292
-318
-339
-354
-365
-369
-364
-352
-332
-305
-272
-231
-184
-134
-82
-29
25
78
129
176
221
260
295
324
348
364
378
385
387
387
382
373
361
348
333
318
300
283
266
249
232
216
201
186
170
154
138
122
106
88
72
54
35
18
-2
-18
-35
-52
-67
-81
-93
-103
-111
-116
-122
-124
-125
-122
-119
-115
-108
-101
-94
-85
-76
-66
-58
-49
-40
-31
-23
-16
-7
-1
6
11
16
20
25
29
32
35
38
40
43
45
49
50
54
57
61
64
69
75
79
85
90
95
99
102
106
107
108
106
105
102
99
94
89
84
78
73
68
63
58
55
49
43
39
32
25
18
7
-3
-14
-25
-38
-53
-65
-79
-92
-104
-115
-125
-135
-142
-148
-153
-157
-160
-163
-162
-162
-161
-159
-156
-152
-148
-142
-135
-128
-121
-112
-104
-93
-86
-76
-68
-61
-55
-48
-44
-40
-38
-36
-37
-38
-40
-43
-48
-52
-57
-62
-67
-73
-78
-82
-86
-91
-94
-96
-99
-101
-103
-104
-105
-107
-106
-107
-108
-109
-109
-109
-109
-109
-109
-109
-108
-107
-106
-103
-100
-96
-92
-86
-80
-71
-62
-52
-41
-28
-15
1
15
30
46
63
79
93
107
121
131
141
149
154
156
158
156
152
146
138
129
119
108
96
85
73
60
50
40
32
24
18
13
10
8
7
6
6
6
6
6
4
2
-1
-7
-12
-20
-27
-37
-46
-55
-66
-74
-82
-89
-93
-98
-99
-99
-96
-92
-86
-79
-71
-61
-52
-40
-30
-19
-8
2
12
22
31
39
46
54
62
68
74
80
85
90
94
98
100
104
108
110
112
114
114
115
116
117
117
116
114
113
110
108
106
103
100
95
91
87
83
78
73
69
64
60
54
50
45
41
37
33
30
25
22
18
16
13
12
10
8
8
7
6
5
7
7
6
7
7
5
5
5
3
1
-1
-4
-6
-10
-13
-17
-20
-25
-28
-31
-35
-39
-41
-43
-45
-47
-49
-51
-51
-52
-54
-53
-54
-55
-56
-57
-59
-59
-60
-61
-62
-63
-63
-63
-61
-61
-60
-59
-57
-56
-53
-51
-49
-46
-43
-40
-38
-36
-33
-30
-29
-26
-24
-23
-21
-19
-19
-18
-17
-16
-17
-16
-16
-15
-17
-17
-18
-18
-19
-21
-22
-23
-23
-25
-26
-27
-29
-29
-29
-31
-30
-30
-30
-30
-29
-27
-26
-24
-22
-19
-17
-13
-10
-7
-3
1
5
9
14
17
22
25
29
33
36
40
43
46
47
49
50
52
52
53
54
54
54
54
54
53
52
51
50
51
49
47
45
43
41
39
35
33
29
26
23
20
18
14
13
10
7
5
5
3
3
3
2
2
2
4
4
4
6
7
7
9
10
10
10
12
12
14
14
15
14
14
15
14
14
14
14
13
13
12
11
10
9
6
5
3
1
-2
-4
-6
-9
-12
-16
-18
-20
-23
-25
-28
-30
-31
-34
-34
-35
-37
-38
-37
-39
-39
-39
-40
-39
-39
-39
-39
-39
-39
-38
-38
-37
-36
-36
-36
-36
-35
-35
-35
-35
-34
-34
-33
-33
-33
-33
-32
-32
-31
-30
-30
-30
-27
-26
-25
-23
-21
-19
-17
-15
-12
-10
-7
-6
-2
-1
1
4
6
8
9
12
13
16
18
20
22
25
27
28
31
33
35
38
38
39
42
42
43
44
45
44
44
44
43
42
42
39
38
37
35
34
32
30
29
27
25
23
22
21
18
17
16
15
13
12
10
9
8
6
6
5
5
4
3
2
2
2
3
3
4
5
6
7
10
11
14
17
20
23
28
31
35
40
45
51
56
61
66
71
77
81
86
90
93
97
100
103
104
105
107
107
105
104
102
99
96
92
88
82
77
71
64
57
50
42
34
27
19
11
5
-4
-11
-18
-24
-32
-36
-43
-48
-52
-56
-59
-62
-64
-66
-66
-65
-64
-63
-60
-57
-54
-50
-46
-41
-37
-31
-25
-20
-15
-9
-4
0
5
8
11
14
16
18
17
18
17
16
12
10
6
1
-3
-9
-14
-21
-28
-34
-39
-46
-53
-59
-66
-70
-76
-80
-86
-88
-93
-95
-98
-100
-101
-103
-102
-103
-101
-99
-97
-94
-91
-86
-81
-75
-69
-63
-56
-48
-40
-32
-24
-14
-5
4
13
24
32
42
52
62
71
81
90
98
106
114
121
127
132
137
141
144
144
143
143
139
136
131
124
116
107
96
85
72
61
47
33
19
5
-9
-23
-38
-51
-65
-78
-92
-103
-115
-125
-135
-144
-152
-159
-165
-169
-173
-176
-178
-179
-177
-176
-173
-170
-165
-161
-154
-148
-140
-132
-124
-115
-107
-97
-88
-79
-70
-61
-52
-43
-35
-26
-18
-11
-4
1
8
13
18
23
27
31
35
37
41
43
45
46
49
51
52
55
55
57
58
58
59
60
60
61
62
61
61
61
59
59
58
57
55
54
52
50
47
45
43
40
37
33
31
28
25
23
20
17
16
12
11
10
9
8
8
9
9
8
9
9
10
11
12
12
13
13
13
12
11
9
7
5
2
-1
-5
-9
-12
-18
-21
-26
-29
-33
-36
-40
-41
-44
-45
-45
-45
-44
-42
-41
-37
-33
-30
-25
-20
-15
-11
-7
-2
2
5
8
9
12
13
12
12
9
7
5
2
-1
-6
-10
-13
-17
-20
-23
-27
-29
-30
-32
-32
-30
-29
-27
-25
-21
-18
-13
-10
-6
-1
3
6
11
15
17
21
23
24
25
25
25
24
24
22
19
16
12
9
5
1
-2
-6
-10
-14
-17
-20
-21
-24
-26
-27
-29
-28
-27
-28
-28
-26
-25
-24
-23
-21
-20
-18
-16
-15
-14
-12
-11
-10
-9
-8
-8
-8
-7
-8
-8
-6
-5
-5
-4
-5
-2
-1
1
3
5
8
11
14
16
20
22
26
29
31
33
36
37
39
39
39
38
37
34
31
28
23
20
14
9
4
-3
-9
-15
-21
-28
-33
-39
-43
-49
-53
-56
-59
-62
-63
-64
-64
-65
-63
-62
-60
-58
-56
-52
-49
-46
-43
-39
-36
-31
-27
-25
-22
-18
-15
-11
-8
-5
-2
1
4
5
9
12
15
18
21
24
27
31
33
37
40
42
45
47
50
53
55
57
59
60
61
61
61
60
59
58
56
53
51
48
45
42
39
34
32
28
23
20
17
13
10
8
5
1
0
-2
-4
-7
-8
-9
-11
-11
-13
-15
-16
-17
-18
-19
-20
-21
-23
-24
-24
-26
-27
-29
-30
-31
-32
-33
-33
-34
-35
-35
-36
-35
-36
-35
-35
-34
-34
-33
-32
-32
-31
-30
-29
-27
-27
-24
-23
-21
-19
-18
-16
-14
-12
-11
-8
-7
-5
-2
0
2
4
6
8
10
12
13
14
15
17
18
19
19
20
22
22
22
22
23
23
22
23
23
23
23
23
23
23
23
22
22
22
22
21
21
20
19
17
16
15
13
11
8
5
3
1
-2
-5
-8
-10
-13
-16
-18
-21
-22
-24
-25
-26
-27
-28
-27
-27
-26
-26
-24
-23
-21
-19
-18
-16
-15
-11
-8
-7
-5
-2
-1
2
4
7
8
11
14
15
17
20
21
22
25
26
28
31
32
34
35
36
36
36
37
38
37
37
37
36
35
34
32
30
27
25
22
19
17
13
11
7
4
1
-2
-5
-8
-10
-14
-17
-19
-21
-24
-25
-27
-29
-30
-31
-33
-33
-34
-35
-35
-37
-35
-36
-35
-35
-35
-34
-34
-34
-33
-32
-31
-29
-29
-27
-26
-24
-23
-20
-18
-17
-15
-13
-11
-8
-5
-3
0
2
5
8
9
11
15
17
19
22
24
26
28
30
32
34
35
36
38
38
40
41
41
41
41
41
41
40
39
38
37
36
34
31
30
27
25
22
20
15
13
9
6
2
-2
-5
-9
-13
-16
-19
-23
-26
-29
-31
-34
-36
-38
-40
-41
-43
-43
-43
-43
-43
-43
-43
-41
-40
-39
-37
-35
-34
-32
-30
-28
-27
-24
-22
-20
-18
-15
-14
-12
-11
-9
-7
-5
-4
-2
-1
0
1
3
3
4
5
6
7
8
9
9
9
10
11
11
12
11
11
12
12
12
13
12
13
12
12
12
13
13
11
11
11
10
12
11
10
10
9
9
8
7
7
7
5
5
4
4
2
1
1
0
-1
-2
-2
-3
-3
-4
-4
-4
-4
-5
-4
-5
-5
-6
-5
-5
-5
-4
-4
-3
-2
-2
0
0
1
1
2
3
4
6
6
8
7
9
10
11
11
12
13
12
13
14
13
15
15
15
14
14
14
13
11
11
10
9
6
6
4
3
1
0
-2
-4
-6
-7
-9
-10
-12
-13
-14
-16
-16
-17
-18
-19
-19
-20
-19
-19
-21
-20
-19
-19
-19
-18
-18
-16
-16
-16
-14
-13
-13
-13
-11
-10
-9
-8
-7
-5
-5
-3
-2
0
1
2
3
3
6
6
8
8
9
10
10
11
12
13
13
12
13
13
14
14
14
13
14
14
13
13
13
12
12
11
10
10
10
10
8
8
7
6
6
5
5
4
4
4
3
2
3
2
1
1
1
0
1
0
0
0
-1
1
0
0
1
0
1
1
2
2
1
2
2
3
3
3
2
2
2
3
3
2
1
1
0
1
1
0
0
-2
-3
-2
-4
-5
-3
-5
-5
-7
-7
-8
-9
-9
-9
-10
-11
-11
-11
-12
-11
-11
-12
-11
-12
-10
-12
-11
-10
-9
-9
-8
-8
-7
-6
-6
-4
-4
-3
-2
-1
-1
1
1
3
4
5
6
7
7
9
10
11
12
13
13
13
14
15
15
15
14
16
15
14
13
13
13
11
10
10
7
7
6
4
2
2
-1
-2
-4
-6
-8
-9
-11
-13
-14
-16
-17
-18
-20
-21
-22
-22
-24
-24
-24
-24
-24
-24
-24
-23
-23
-23
-22
-21
-21
-19
-19
-18
-15
-15
-14
-13
-11
-9
-8
-7
-5
-4
-3
-2
0
0
1
2
3
5
6
6
7
7
8
8
9
9
9
9
9
10
9
9
10
10
10
9
9
10
10
8
8
7
7
6
7
6
5
4
4
4
3
2
2
1
1
-1
0
-2
-3
-2
-4
-5
-6
-6
-7
-7
-8
-9
-10
-10
-11
-12
-13
-12
-14
-13
-14
-13
-14
-14
-13
-13
-13
-12
-13
-12
-11
-10
-10
-9
-7
-7
-5
-4
-4
-2
0
2
3
4
5
7
9
10
11
14
15
17
18
20
22
24
25
25
27
29
30
32
32
34
34
34
36
35
37
37
36
37
36
35
34
34
33
31
31
29
27
26
23
23
20
18
15
13
12
9
7
5
2
1
-2
-2
-5
-7
-8
-10
-11
-13
-14
-15
-16
-17
-18
-19
-19
-19
-20
-19
-20
-19
-20
-20
-20
-20
-20
-19
-18
-17
-17
-17
-16
-16
-16
-15
-14
-14
-14
-13
-12
-12
-11
-11
-10
-11
-11
-9
-9
-10
-9
-10
-10
-10
-10
-10
-10
-10
-10
-10
-10
-10
-11
-10
-10
-11
-11
-11
-11
-11
-11
-11
-12
-11
-12
-11
-12
-12
-11
-11
-11
-11
-12
-11
-11
-11
-10
-10
-10
-10
-10
-10
-10
-9
-8
-8
-9
-6
-6
-7
-6
-6
-5
-4
-4
-3
-2
-2
-1
-1
1
1
2
2
3
4
5
5
6
7
7
8
8
9
9
10
11
11
12
11
12
13
13
14
14
14
14
15
14
15
15
15
16
15
15
15
14
14
13
14
13
13
11
11
11
11
9
9
8
8
7
6
5
5
3
3
2
1
1
0
0
-1
-2
-3
-4
-4
-6
-6
-7
-8
-7
-8
-8
-9
-9
-10
-10
-10
-11
-11
-10
-11
-12
-11
-11
-11
-11
-11
-10
-10
-10
-10
-9
-9
-9
-10
-9
-8
-8
-7
-7
-7
-5
-6
-6
-5
-4
-4
-3
-3
-2
-3
-3
-2
-1
-1
-1
-1
0
0
0
0
1
1
1
1
2
1
1
1
1
2
1
3
3
3
2
3
3
4
3
3
3
3
4
3
3
3
4
3
4
4
5
4
4
5
5
5
4
5
5
5
5
5
5
5
5
5
5
5
6
5
4
5
5
5
5
4
5
5
4
4
4
4
3
4
3
3
3
4
4
3
5
3
3
4
4
3
4
3
3
3
4
3
4
4
3
3
3
4
3
3
3
3
3
3
3
3
3
2
2
2
2
1
2
1
1
2
1
1
2
1
0
0
1
0
1
1
0
1
0
0
0
1
0
0
0
-1
0
0
0
1
-1
0
0
-1
0
-1
-1
-1
0
-1
-1
-1
-2
-1
-1
-1
-1
-2
-2
-1
-2
-2
-1
-2
-2
-2
-1
-2
-2
-2
-1
-2
-2
-2
-1
-1
-1
-2
-2
-2
-2
-1
-1
-1
-1
-1
-1
-1
-1
-1
-1
-1
-1
0
-1
-1
0
-1
-1
-1
-1
-1
0
-1
-2
-2
-2
-2
-1
-2
-3
-2
-3
-2
-4
-3
-3
-3
-3
-4
-4
-4
-4
-5
-4
-5
-5
-4
-4
-4
-4
-4
-4
-4
-5
-4
-4
-5
-4
-4
-3
-3
-3
-2
-3
-3
-3
-3
-2
-2
-2
-1
-2
-1
0
0
0
0
1
0
1
1
1
1
2
2
2
2
2
2
2
2
3
3
3
3
4
3
3
3
3
3
3
3
3
2
3
3
3
2
3
2
2
2
2
1
1
1
0
0
1
1
0
0
0
-1
-1
-1
-1
-1
-2
0
-1
-2
-2
-1
-2
-2
-2
-2
-2
-2
-2
-1
-2
-2
-1
-1
-1
-1
-1
0
-1
0
-1
0
0
0
0
0
1
1
0
1
0
0
1
1
2
2
1
2
2
3
3
2
3
3
3
4
3
4
3
4
4
3
4
4
3
4
4
4
5
5
4
5
4
4
5
5
4
5
4
4
5
4
5
4
4
4
4
4
4
4
4
4
3
4
3
3
3
3
3
2
3
3
2
2
2
2
2
1
1
1
1
0
-1
1
-1
-1
-1
-1
-2
-2
-2
-2
-3
-2
-3
-3
-4
-4
-4
-4
-5
-5
-6
-5
-6
-6
-6
-7
-7
-7
-7
-8
-8
-8
-8
-8
-8
-8
-9
-8
-9
-9
-9
-9
-10
-9
-10
-9
-10
-10
-10
-10
-10
-10
-9
-9
-8
-9
-8
-9
-9
-8
-8
-8
-8
-8
-7
-8
-7
-6
-6
-6
-5
-5
-5
-5
-4
-5
-4
-3
-3
-4
-3
-2
-3
-3
-2
-2
-2
-2
-2
-1
-1
-2
-1
0
-1
0
-2
-2
-2
-1
-1
-1
-2
-1
-2
-2
-1
-2
-2
-2
-2
-1
-2
-2
-2
-2
-1
-2
-3
-2
-3
-2
-1
-2
-2
-3
-3
-2
-2
-2
-3
-2
-2
-3
-2
-2
-2
-2
-1
-1
-1
-1
-1
0
-1
0
1
1
1
1
0
1
2
2
2
2
2
3
3
3
2
4
3
4
4
4
4
4
4
5
6
5
6
5
5
5
6
5
5
6
6
6
6
6
6
6
7
6
6
6
6
7
6
6
6
6
6
5
5
5
5
5
5
5
5
5
4
5
5
4
4
4
4
4
4
4
4
3
4
3
3
3
3
3
3
3
2
3
3
2
3
2
2
3
2
2
2
1
2
2
2
2
2
2
2
2
2
1
1
2
1
2
2
1
1
1
1
1
1
1
1
1
1
1
2
1
1
0
0
1
0
0
1
0
1
1
1
1
0
1
1
1
1
1
1
0
0
1
1
0
0
1
0
1
1
0
2
1
1
0
1
0
0
0
0
1
1
0
0
0
1
0
0
-1
0
0
0
0
0
0
-1
0
-2
-1
-1
-1
-2
-2
-2
-3
-2
-2
-3
-2
-3
-3
-4
-3
-4
-4
-3
-3
-3
-4
-3
-3
-5
-3
-4
-3
-4
-4
-4
-3
-3
-3
-3
-2
-2
-2
-2
-2
-1
-1
-1
-1
0
0
-1
0
0
0
0
0
1
1
1
2
1
1
2
2
2
3
2
2
3
2
3
3
3
3
3
3
3
2
2
2
2
1
1
1
1
1
1
0
0
-1
-1
0
0
-1
-1
-2
-2
-2
-2
-2
-2
-3
-3
-4
-3
-4
-3
-4
-4
-4
-4
-3
-4
-4
-5
-4
-4
-5
-5
-5
-5
-5
-5
-5
-5
-5
-4
-5
-5
-5
-4
-4
-5
-4
-4
-4
-4
-4
-4
-4
-5
-4
-4
-4
-4
-3
-3
-3
-4
-3
-2
-3
-3
-3
-2
-3
-3
-3
-3
-3
-3
-2
-3
-3
-2
-2
-3
-3
-2
-2
-2
-1
-2
-3
-3
-3
-1
-2
-1
-1
-2
-1
-1
-2
-1
-1
0
-1
-1
0
-1
-1
-1
0
-1
-1
0
-1
-1
0
-1
0
-1
0
0
-1
0
0
0
0
0
0
0
0
0
0
0
0
0
1
1
1
1
0
0
0
1
1
1
0
2
1
0
0
1
0
1
1
1
1
0
1
1
1
2
2
1
1
1
2
1
1
2
0
1
1
1
1
1
1
1
1
2
1
1
1
2
1
1
1
1
1
2
1
1
1
1
2
1
1
1
1
0
-1
1
0
1
1
0
0
0
0
1
0
0
0
0
0
0
-1
0
-1
-1
-1
0
-1
0
-1
-1
-1
-2
-1
-1
-1
-1
-2
-2
-2
-1
-1
-1
-1
-2
-1
-1
-2
-1
-2
-2
-1
-2
-2
-2
-2
-2
-1
-2
-2
-2
-2
-3
-1
-2
-2
-1
-2
-2
-2
-2
-2
-2
-2
-2
-2
-2
-1
-2
-1
-2
-1
-1
-1
-2
-1
-1
-2
0
-1
-1
-1
-1
-1
-1
0
-1
0
-1
-1
-1
-1
-1
-1
-1
-1
-1
-1
0
0
0
0
0
-1
-1
0
1
0
-1
0
0
0
0
-1
0
0
0
0
0
-1
-1
-1
-1
-1
-2
-1
-1
-1
-2
-2
-2
-2
-2
-3
-2
-3
-3
-3
-3
-3
-3
-4
-4
-4
-5
-4
-5
-4
-5
-5
-5
-5
-6
-6
-5
-5
-5
-5
-5
-6
-5
-6
-6
-5
-6
-5
-5
-5
-5
-4
-4
-4
-3
-2
-2
-2
-1
-1
-1
0
0
1
1
2
3
3
4
5
4
7
6
7
8
8
9
10
11
11
11
12
13
14
13
14
13
15
15
15
15
16
15
15
15
15
15
14
14
13
13
12
12
11
11
9
9
8
7
6
5
5
4
2
2
0
0
-1
-2
-3
-3
-5
-6
-7
-8
-8
-10
-11
-11
-12
-12
-13
-14
-14
-14
-13
-14
-14
-15
-15
-15
-15
-15
-13
-14
-14
-13
-13
-12
-12
-10
-11
-10
-9
-8
-8
-6
-6
-6
-4
-4
-3
-3
-2
-1
0
1
1
1
2
3
4
4
4
6
5
7
7
7
9
10
9
10
11
10
11
11
12
12
12
13
13
13
12
12
14
13
13
13
13
13
13
12
12
12
12
12
12
11
12
12
12
11
11
12
11
11
11
10
10
10
9
9
9
9
9
8
8
8
7
7
8
7
6
6
5
5
5
5
4
3
2
3
1
1
0
1
0
1
0
-1
-1
-2
-2
-3
-4
-4
-4
-5
-5
-6
-6
-6
-7
-7
-7
-7
-8
-7
-9
-9
-10
-10
-9
-10
-9
-10
-10
-9
-10
-10
-10
-10
-11
-9
-10
-9
-9
-9
-9
-9
-8
-9
-8
-9
-7
-7
-8
-6
-6
-6
-6
-5
-6
-6
-5
-5
-4
-5
-4
-4
-4
-2
-2
-3
-2
-2
-2
-1
-1
-1
-1
0
0
0
-1
0
0
0
0
0
-1
0
0
0
0
0
-1
-1
-1
0
1
0
0
0
1
0
2
-1
0
0
-1
0
0
-1
0
0
0
0
0
0
0
0
0
-1
0
-1
-1
-2
-2
-2
-2
-2
-3
-2
-1
-2
-2
-2
-2
-2
-2
-1
-2
-3
-2
-2
-2
-2
-2
-1
-1
-2
-2
-2
-2
-2
-2
-2
-1
-2
0
-2
-1
-1
-1
-1
-1
0
-1
0
0
0
0
0
0
-1
0
0
0
1
0
0
0
1
1
0
0
0
0
0
0
0
0
0
0
0
0
0
0
0
-1
-1
-1
-1
-1
-1
0
-1
-1
-2
-1
-2
-2
-2
-2
-3
-2
-2
-2
-2
-2
-3
-2
-2
-3
-3
-3
-2
-3
-2
-3
-3
-3
-3
-2
-2
-2
-2
-2
-1
-3
-1
-2
-1
-2
-1
-1
0
0
1
1
0
1
2
2
2
2
2
2
3
3
4
4
4
5
5
5
6
6
6
7
8
7
8
8
10
9
9
9
10
10
9
10
11
10
10
10
10
11
11
10
11
10
11
11
10
10
10
9
10
8
9
9
8
8
9
8
8
7
5
7
6
6
6
5
5
4
3
3
3
2
2
0
0
0
-1
-1
-1
-2
-2
-3
-3
-4
-5
-5
-5
-6
-6
-6
-7
-8
-8
-9
-8
-10
-10
-10
-11
-11
-13
-13
-13
-13
-13
-14
-14
-15
-14
-15
-16
-17
-17
-17
-17
-18
-18
-18
-18
-19
-19
-18
-19
-18
-19
-19
-19
-20
-19
-18
-19
-18
-17
-18
-17
-16
-16
-16
-15
-14
-13
-11
-11
-10
-8
-7
-5
-3
-2
0
1
3
5
6
9
10
13
15
19
20
21
23
26
26
29
31
32
33
35
36
38
38
39
39
40
41
41
41
40
41
41
39
38
37
36
34
32
30
28
26
23
20
16
13
11
7
3
-1
-4
-8
-12
-16
-20
-23
-27
-30
-34
-38
-41
-45
-47
-50
-53
-55
-56
-58
-60
-60
-61
-60
-61
-60
-59
-57
-57
-54
-52
-49
-46
-44
-41
-37
-32
-28
-25
-21
-16
-13
-9
-4
1
4
7
10
14
18
22
24
26
28
31
33
34
36
37
38
38
38
37
38
37
35
35
34
32
30
28
27
24
22
20
18
15
13
11
10
8
7
5
3
2
0
-1
-1
-1
-3
-2
-4
-3
-3
-3
-3
-3
-2
-2
-1
0
-1
0
0
1
1
2
3
3
2
3
3
4
3
3
2
2
2
1
1
0
-1
-3
-4
-5
-7
-8
-10
-11
-12
-14
-15
-16
-17
-19
-20
-20
-22
-24
-24
-24
-25
-25
-25
-25
-25
-25
-24
-23
-22
-22
-20
-19
-17
-15
-14
-12
-10
-7
-6
-3
-1
2
4
5
8
10
12
15
17
18
20
23
24
25
26
27
28
28
28
28
28
27
27
25
25
23
21
21
19
16
15
13
11
8
6
5
3
0
-1
-3
-4
-6
-7
-8
-10
-11
-11
-11
-11
-12
-11
-12
-11
-10
-9
-8
-8
-6
-5
-4
-2
-1
2
3
3
5
7
9
11
12
14
15
16
18
19
20
20
21
22
23
23
23
23
24
23
22
22
21
20
19
18
16
15
14
13
10
9
7
6
4
1
0
-2
-4
-7
-9
-11
-14
-14
-16
-18
-20
-21
-23
-24
-26
-28
-28
-29
-31
-32
-32
-32
-34
-34
-35
-34
-35
-35
-34
-34
-33
-33
-32
-32
-31
-30
-29
-28
-26
-25
-25
-23
-22
-19
-18
-17
-15
-14
-14
-11
-10
-8
-7
-5
-5
-3
-1
0
2
1
3
3
5
5
6
8
8
9
10
11
11
11
12
13
13
13
14
14
14
14
14
13
14
14
14
13
13
12
12
12
12
12
12
10
10
9
9
9
9
9
8
8
7
7
7
5
5
5
5
3
3
2
2
1
1
1
0
0
-1
-1
-2
-2
-2
-3
-3
-3
-4
-5
-3
-4
-4
-4
-4
-5
-5
-4
-4
-4
-4
-5
-3
-4
-3
-3
-3
-4
-3
-2
-2
-2
-1
0
0
1
0
0
1
1
1
2
1
2
2
3
2
3
4
4
4
3
3
3
4
4
4
3
4
3
3
3
3
3
3
3
3
2
2
3
2
2
2
1
2
3
1
1
1
1
0
1
1
2
1
1
1
1
1
0
1
1
1
1
1
1
1
1
2
1
2
2
2
1
1
2
2
1
1
2
1
2
2
1
2
2
1
1
1
1
1
0
0
0
0
0
0
0
-1
0
0
0
-1
0
0
0
1
1
1
1
0
0
0
2
1
1
1
1
1
2
1
1
0
0
0
0
0
-2
-2
-2
-3
-4
-4
-5
-5
-5
-6
-7
-8
-8
-8
-10
-10
-11
-12
-12
-13
-14
-14
-14
-15
-15
-16
-15
-15
-16
-16
-17
-17
-16
-16
-16
-14
-15
-14
-14
-13
-13
-12
-11
-10
-10
-9
-7
-7
-7
-6
-5
-4
-3
-2
-1
-1
1
0
1
3
2
3
4
4
4
5
4
6
5
5
5
5
5
5
4
5
6
5
6
6
6
6
6
6
7
7
8
8
9
10
11
12
13
14
15
15
17
18
19
20
22
23
24
25
26
26
27
27
29
28
28
27
27
25
24
23
21
19
16
14
11
9
5
0
-3
-8
-12
-16
-22
-27
-31
-36
-41
-46
-50
-55
-60
-65
-69
-72
-75
-79
-81
-83
-84
-85
-86
-86
-84
-83
-81
-79
-75
-71
-67
-63
-57
-51
-45
-37
-32
-25
-17
-10
-1
5
13
20
27
34
41
48
54
60
65
70
74
77
81
83
85
87
87
86
87
85
82
81
78
76
72
68
63
59
55
50
0
0
0
0
0
0
0
0
0
0
0
0
0
0
0
0
0
0
0
0
0
0
0
0
0
0
0
0
0
0
0
0
0
0
0
0
0
0
0
0
0
0
0
0
0
0
0
0
0
0
0
0
0
0
0
0
0
0
0
0
0
0
0
0
0
0
0
0
0
0
0
0
0
0
0
0
0
0
0
0
0
0
0
0
0
0
0
0
0
0
0
0
0
0
0
0
0
0
0
0
0
0
0
0
0
0
0
0
0
0
0
0
0
0
0
0
0
0
0
0
0
0
0
0
0
0
0
0
0
0
0
0
0
0
0
0
0
0
0
0
0
0
0
0
0
0
0
0
0
0
0
0
0
0
0
0
0
0
0
0
0
0
0
0
0
0
0
0
0
0
0
0
0
0
0
0
0
0
0
0
0
0
0
0
0
0
0
0
0
0
0
0
0
0
0
0
0
0
