0
0
0
0
0
0
0
0
0
0
0
0
0
0
0
0
0
0
0
0
0
0
0
0
0
0
0
0
0
0
0
0
0
0
0
0
0
0
0
0
0
0
0
0
0
0
0
0
0
0
0
0
0
0
0
0
0
0
0
0
0
0
0
0
0
0
0
0
0
0
0
0
0
0
0
0
0
0
0
0
0
0
0
0
0
0
0
0
0
0
0
0
0
0
0
0
0
0
0
0
0
0
0
0
0
0
0
0
0
0
0
0
0
0
0
0
0
0
0
0
0
0
0
0
0
0
0
0
0
0
0
0
0
0
0
0
0
0
0
0
0
0
0
0
0
0
0
0
0
0
0
0
0
0
0
0
0
0
0
0
0
0
0
0
0
0
0
0
0
0
0
0
0
0
0
0
0
0
0
0
0
0
0
0
0
0
0
0
0
0
0
0
0
0
0
0
0
0
45
48
44
33
10
-31
-84
-147
-202
-238
-247
-226
-176
-102
-15
74
155
213
244
247
229
197
153
98
35
-28
-82
-120
-136
-127
-100
-53
2
56
97
111
100
65
20
-27
-65
-89
-94
-83
-55
-18
18
47
63
63
46
14
-26
-67
-100
-116
-113
-87
-45
5
55
94
114
117
98
64
27
-9
-35
-51
-54
-46
-27
1
33
63
88
104
108
98
77
45
6
-33
-66
-86
-92
-82
-58
-25
5
32
50
53
40
15
-18
-55
-84
-97
-94
-74
-41
1
43
78
98
97
77
41
-1
-40
-72
-88
-90
-73
-43
-5
35
70
92
99
91
67
36
1
-34
-62
-74
-70
-51
-23
9
38
58
65
55
31
-3
-40
-75
-99
-110
-106
-91
-66
-37
-9
14
28
33
28
14
-2
-21
-36
-46
-51
-45
-31
-16
1
14
23
25
17
5
-12
-28
-43
-52
-56
-52
-43
-28
-14
2
14
17
17
10
-3
-19
-35
-48
-54
-53
-49
-38
-28
-19
-12
-9
-10
-12
-16
-20
-22
-22
-22
-17
-11
-4
4
14
26
37
46
53
58
62
65
67
70
74
80
84
89
92
93
93
91
91
90
93
97
104
112
119
123
124
124
117
108
97
84
73
63
56
50
45
41
38
34
29
23
16
6
-5
-16
-27
-37
-46
-55
-61
-68
-77
-87
-97
-112
-126
-139
-151
-160
-164
-167
-166
-163
-155
-146
-136
-128
-120
-114
-110
-104
-100
-97
-92
-85
-79
-71
-61
-49
-36
-26
-14
-6
-1
2
3
3
2
1
-2
-6
-8
-9
-13
-16
-22
-28
-35
-41
-47
-52
-58
-64
-66
-65
-61
-51
-39
-22
-8
5
18
26
34
40
42
48
58
69
84
103
123
143
165
189
212
238
262
284
307
332
360
390
420
452
482
511
537
560
582
604
623
638
658
677
684
673
637
570
467
325
153
-29
-215
-400
-574
-716
-821
-896
-943
-970
-980
-988
-1002
-1025
-1048
-1067
-1084
-1098
-1096
-1060
-988
-886
-758
-601
-428
-252
-87
64
203
323
413
480
534
580
623
663
702
748
794
827
850
860
854
820
751
657
547
425
291
154
24
-97
-208
-308
-399
-475
-541
-609
-676
-735
-789
-835
-872
-898
-905
-894
-864
-814
-745
-659
-567
-478
-388
-302
-225
-160
-108
-68
-36
-11
11
32
58
85
108
130
152
168
176
170
150
119
77
27
-28
-82
-135
-182
-221
-248
-262
-264
-254
-234
-207
-169
-124
-75
-22
38
99
165
236
310
388
464
540
618
695
773
851
924
990
1048
1101
1149
1192
1224
1243
1251
1241
1213
1156
1067
938
764
548
305
45
-218
-474
-716
-931
-1109
-1246
-1347
-1418
-1468
-1508
-1545
-1576
-1599
-1613
-1617
-1615
-1593
-1539
-1449
-1320
-1155
-959
-745
-524
-301
-84
126
313
469
592
693
779
855
924
987
1043
1096
1140
1175
1201
1209
1188
1130
1040
924
789
639
478
312
150
-5
-148
-273
-379
-472
-561
-643
-718
-782
-837
-885
-925
-953
-968
-966
-939
-887
-813
-724
-622
-512
-395
-279
-171
-76
-1
57
98
128
150
168
180
190
200
214
230
247
258
261
252
232
202
161
109
49
-15
-77
-131
-170
-193
-201
-191
-168
-127
-68
-2
71
145
216
291
365
440
516
589
661
734
818
909
1003
1098
1184
1261
1337
1411
1479
1533
1568
1581
1572
1537
1475
1375
1228
1030
789
522
245
-31
-302
-560
-796
-996
-1157
-1274
-1359
-1424
-1485
-1545
-1599
-1638
-1662
-1676
-1684
-1676
-1640
-1564
-1441
-1275
-1078
-864
-643
-416
-181
52
266
451
602
721
824
915
1000
1077
1141
1190
1233
1273
1308
1331
1328
1286
1210
1105
980
837
681
513
335
158
-4
-145
-266
-374
-471
-563
-645
-716
-777
-831
-880
-925
-962
-984
-983
-958
-910
-844
-761
-661
-549
-429
-308
-193
-95
-14
47
89
118
135
140
139
140
144
156
172
192
212
227
233
227
210
174
123
61
-9
-78
-140
-191
-227
-244
-240
-212
-163
-98
-21
57
140
222
305
385
459
526
588
649
716
792
878
964
1050
1134
1216
1302
1388
1462
1518
1550
1560
1547
1513
1449
1344
1191
991
757
501
239
-27
-291
-550
-789
-997
-1164
-1293
-1397
-1487
-1572
-1647
-1707
-1750
-1777
-1796
-1810
-1808
-1781
-1712
-1600
-1451
-1274
-1083
-876
-654
-419
-182
41
234
396
530
649
756
852
933
997
1047
1093
1138
1182
1212
1218
1193
1140
1062
965
849
712
556
385
211
44
-111
-253
-379
-497
-602
-694
-770
-832
-884
-933
-978
-1019
-1051
-1066
-1062
-1040
-996
-932
-849
-745
-627
-500
-374
-256
-155
-73
-9
35
61
75
80
80
84
94
114
141
174
208
236
254
260
247
215
165
101
27
-49
-120
-180
-222
-241
-236
-207
-154
-84
-5
82
171
262
346
420
486
542
596
651
712
782
856
936
1022
1115
1215
1321
1418
1502
1566
1605
1617
1604
1555
1462
1320
1132
908
660
401
136
-128
-385
-626
-834
-1008
-1148
-1265
-1368
-1463
-1550
-1625
-1686
-1732
-1772
-1806
-1822
-1812
-1765
-1673
-1548
-1393
-1215
-1015
-795
-560
-320
-89
118
299
455
593
714
819
906
977
1038
1092
1145
1197
1238
1259
1253
1224
1172
1097
998
877
736
575
408
242
83
-67
-209
-341
-460
-564
-656
-731
-797
-856
-909
-954
-991
-1017
-1027
-1021
-996
-950
-883
-794
-689
-570
-447
-326
-215
-120
-44
13
50
71
83
87
91
100
114
137
169
202
236
263
281
280
264
228
176
108
31
-46
-119
-180
-222
-240
-230
-195
-136
-62
28
129
229
328
419
494
560
615
668
721
776
837
905
982
1072
1174
1288
1402
1509
1600
1671
1713
1724
1691
1606
1466
1272
1034
768
486
199
-87
-359
-608
-822
-993
-1131
-1242
-1337
-1426
-1508
-1583
-1650
-1713
-1775
-1831
-1876
-1894
-1871
-1808
-1701
-1560
-1387
-1185
-957
-710
-459
-217
2
190
355
495
617
716
796
860
916
973
1031
1091
1145
1183
1203
1200
1174
1125
1046
938
803
644
474
298
126
-39
-194
-336
-462
-567
-655
-729
-793
-852
-908
-961
-1007
-1044
-1071
-1084
-1080
-1053
-1003
-929
-836
-724
-606
-487
-371
-267
-179
-109
-60
-27
-7
4
13
23
38
61
92
127
165
197
223
234
226
200
155
96
26
-51
-127
-192
-241
-269
-268
-243
-192
-121
-33
66
173
277
376
461
534
599
655
708
762
818
877
947
1032
1131
1243
1359
1473
1574
1655
1712
1733
1707
1624
1481
1282
1037
761
468
166
-132
-414
-663
-874
-1040
-1167
-1267
-1349
-1419
-1482
-1541
-1596
-1656
-1719
-1782
-1833
-1859
-1848
-1797
-1705
-1572
-1402
-1194
-955
-697
-435
-182
48
249
423
569
687
779
847
901
947
994
1046
1100
1153
1196
1228
1244
1238
1209
1148
1052
925
770
598
414
226
41
-132
-291
-430
-546
-638
-712
-771
-821
-864
-901
-935
-962
-981
-990
-984
-963
-922
-858
-776
-678
-570
-457
-346
-242
-148
-69
-7
41
74
96
113
129
146
167
192
220
248
274
294
300
294
272
233
183
122
56
-11
-71
-119
-145
-153
-137
-96
-36
43
137
238
342
439
527
606
675
738
796
850
905
964
1034
1118
1217
1326
1439
1545
1640
1713
1757
1757
1702
1588
1414
1189
922
627
317
7
-291
-561
-792
-977
-1119
-1225
-1304
-1366
-1416
-1461
-1506
-1559
-1617
-1680
-1738
-1780
-1795
-1774
-1715
-1614
-1472
-1286
-1066
-818
-555
-295
-48
176
372
537
669
768
841
890
927
961
995
1033
1073
1111
1148
1175
1188
1180
1146
1081
981
853
694
516
325
129
-63
-245
-408
-552
-669
-760
-830
-880
-915
-938
-953
-961
-963
-961
-951
-935
-910
-872
-821
-756
-681
-596
-505
-412
-320
-232
-150
-76
-13
37
79
112
139
160
178
191
200
205
205
199
185
161
132
96
54
9
-36
-77
-110
-128
-133
-121
-93
-48
10
85
168
254
341
423
503
577
646
715
778
840
908
982
1067
1163
1266
1369
1465
1548
1609
1638
1623
1556
1432
1251
1025
761
469
163
-140
-428
-688
-909
-1086
-1223
-1324
-1396
-1447
-1484
-1516
-1550
-1586
-1630
-1676
-1719
-1748
-1755
-1735
-1677
-1580
-1441
-1263
-1051
-812
-560
-306
-62
164
364
531
666
767
841
893
928
955
976
999
1025
1054
1082
1104
1116
1111
1084
1031
947
833
690
521
337
143
-50
-237
-409
-562
-690
-790
-862
-908
-934
-943
-941
-927
-906
-880
-850
-820
-787
-749
-705
-653
-593
-527
-456
-377
-295
-209
-123
-38
41
111
174
225
268
299
317
323
318
303
282
253
220
183
145
107
70
39
14
-5
-13
-11
0
21
52
95
144
202
264
329
397
466
536
609
681
757
836
919
1010
1108
1211
1319
1421
1515
1590
1640
1655
1626
1547
1416
1234
1008
749
469
180
-106
-373
-613
-819
-988
-1119
-1218
-1292
-1346
-1389
-1427
-1464
-1504
-1546
-1589
-1628
-1655
-1660
-1637
-1582
-1487
-1354
-1185
-984
-756
-513
-266
-27
194
391
556
691
795
871
921
955
976
994
1012
1032
1054
1076
1096
1107
1104
1084
1038
966
865
735
580
407
222
35
-148
-319
-473
-605
-708
-788
-841
-872
-886
-885
-874
-854
-830
-802
-772
-742
-710
-673
-633
-585
-531
-472
-407
-335
-260
-181
-102
-24
46
110
166
211
247
268
280
277
264
241
211
176
137
98
59
22
-7
-28
-42
-44
-40
-25
-3
29
67
112
161
215
270
327
388
452
518
587
661
739
824
919
1019
1127
1235
1340
1435
1511
1561
1576
1548
1474
1346
1172
955
706
435
154
-125
-388
-626
-833
-1004
-1140
-1246
-1325
-1384
-1431
-1469
-1505
-1542
-1580
-1619
-1655
-1679
-1687
-1671
-1623
-1542
-1425
-1271
-1083
-870
-637
-397
-159
65
270
448
597
716
805
867
907
933
947
959
968
980
994
1004
1013
1013
1000
969
912
829
719
581
423
250
67
-118
-297
-461
-607
-726
-819
-886
-930
-949
-948
-936
-909
-876
-840
-802
-766
-730
-694
-658
-620
-577
-530
-477
-418
-353
-279
-201
-121
-43
31
99
160
209
245
267
272
263
242
211
172
127
82
37
-2
-33
-56
-67
-67
-58
-38
-11
22
62
104
151
199
249
300
354
413
473
540
614
693
781
879
986
1099
1215
1328
1432
1521
1583
1614
1603
1544
1437
1282
1080
845
584
310
34
-232
-477
-692
-874
-1022
-1138
-1224
-1291
-1339
-1380
-1417
-1452
-1490
-1529
-1566
-1595
-1612
-1605
-1573
-1509
-1410
-1275
-1107
-908
-685
-450
-211
20
236
429
595
731
835
909
957
988
1004
1012
1018
1024
1031
1041
1048
1052
1046
1027
987
922
831
714
574
413
240
59
-122
-295
-454
-591
-704
-790
-849
-883
-894
-882
-855
-816
-770
-721
-672
-627
-583
-542
-504
-468
-432
-392
-348
-297
-237
-171
-97
-20
58
137
209
273
324
361
379
378
361
328
283
229
171
111
57
10
-25
-46
-54
-47
-30
-1
36
81
129
179
228
276
321
368
416
467
522
583
654
738
834
945
1065
1192
1320
1438
1541
1616
1656
1650
1592
1478
1312
1101
853
577
290
4
-267
-513
-726
-902
-1040
-1141
-1216
-1270
-1311
-1345
-1379
-1418
-1462
-1511
-1561
-1604
-1634
-1640
-1617
-1558
-1464
-1331
-1160
-958
-733
-495
-255
-23
191
381
542
670
768
834
876
898
907
911
914
919
928
939
952
963
965
952
919
862
777
665
528
370
194
11
-173
-352
-514
-657
-773
-862
-925
-960
-969
-959
-933
-896
-852
-807
-765
-727
-692
-660
-632
-605
-576
-542
-500
-448
-385
-313
-233
-147
-60
25
103
171
225
260
277
275
257
223
178
124
66
11
-42
-85
-117
-136
-142
-136
-117
-88
-53
-11
36
84
132
181
229
279
332
389
453
524
605
698
804
922
1048
1181
1312
1438
1548
1633
1685
1695
1655
1564
1419
1229
995
734
452
164
-113
-373
-603
-799
-958
-1082
-1171
-1237
-1286
-1322
-1355
-1387
-1424
-1464
-1507
-1547
-1576
-1588
-1575
-1532
-1456
-1342
-1193
-1011
-801
-573
-336
-100
126
335
520
675
801
894
959
1000
1023
1032
1036
1037
1039
1042
1046
1050
1050
1043
1019
976
909
818
702
563
405
231
50
-131
-306
-468
-608
-724
-812
-874
-906
-914
-899
-865
-819
-765
-710
-656
-607
-564
-526
-495
-470
-442
-415
-380
-339
-286
-222
-150
-70
15
102
184
256
316
357
379
381
361
324
271
208
139
70
7
-47
-86
-109
-117
-109
-85
-50
-5
46
99
152
204
252
298
342
386
432
484
544
618
703
803
917
1046
1179
1313
1440
1549
1629
1672
1670
1615
1505
1342
1133
886
613
328
45
-227
-473
-686
-860
-997
-1098
-1169
-1220
-1254
-1280
-1305
-1334
-1370
-1412
-1458
-1500
-1532
-1546
-1535
-1493
-1415
-1302
-1151
-967
-756
-527
-289
-56
163
363
537
681
790
867
916
940
948
946
941
934
931
932
937
945
952
952
938
905
847
763
656
523
368
196
17
-167
-344
-506
-646
-765
-854
-915
-948
-954
-937
-901
-853
-799
-743
-691
-644
-604
-570
-545
-525
-506
-486
-458
-422
-376
-315
-245
-163
-75
15
103
183
249
299
329
337
325
294
245
184
117
47
-20
-78
-125
-158
-172
-169
-150
-117
-71
-18
41
103
163
220
273
320
365
408
453
503
561
632
714
814
927
1051
1181
1307
1422
1517
1579
1600
1574
1493
1359
1173
943
682
401
112
-170
-434
-670
-869
-1029
-1150
-1237
-1295
-1332
-1356
-1371
-1386
-1407
-1434
-1467
-1502
-1535
-1556
-1558
-1534
-1481
-1391
-1266
-1104
-910
-690
-454
-212
25
247
449
622
762
867
939
979
998
997
988
975
960
951
948
951
959
966
966
956
925
870
793
688
559
407
236
56
-128
-308
-473
-620
-742
-836
-902
-937
-943
-925
-887
-834
-773
-710
-649
-592
-545
-508
-478
-457
-440
-422
-398
-367
-325
-270
-203
-123
-35
59
151
236
312
369
407
424
417
388
341
276
202
124
47
-23
-81
-124
-148
-153
-139
-107
-63
-10
52
116
182
243
297
346
392
435
476
521
573
633
707
798
902
1022
1149
1275
1390
1486
1550
1574
1547
1466
1332
1144
914
649
363
74
-212
-477
-712
-910
-1067
-1183
-1262
-1310
-1335
-1345
-1347
-1350
-1356
-1371
-1393
-1421
-1449
-1469
-1470
-1449
-1398
-1313
-1193
-1037
-846
-629
-394
-152
89
315
523
704
851
964
1040
1085
1100
1096
1080
1057
1032
1013
998
989
989
988
986
972
942
893
818
719
593
445
276
95
-92
-278
-455
-612
-750
-860
-941
-992
-1011
-1006
-978
-934
-880
-821
-759
-703
-653
-612
-581
-555
-535
-516
-493
-463
-423
-370
-304
-225
-134
-35
65
161
248
321
374
405
412
393
354
296
224
146
68
-5
-69
-117
-149
-160
-151
-125
-84
-32
28
90
154
213
266
313
353
389
425
463
508
561
626
708
805
918
1040
1167
1288
1398
1483
1535
1545
1506
1413
1269
1075
841
579
298
14
-262
-519
-748
-939
-1092
-1205
-1285
-1337
-1366
-1383
-1390
-1396
-1406
-1422
-1443
-1470
-1493
-1508
-1505
-1479
-1427
-1341
-1223
-1070
-883
-672
-444
-207
28
252
460
641
794
912
994
1045
1069
1072
1060
1041
1017
995
978
966
962
960
954
940
912
865
796
707
593
456
298
125
-55
-238
-413
-578
-726
-850
-947
-1013
-1050
-1058
-1040
-1002
-948
-885
-817
-749
-686
-629
-583
-545
-513
-486
-458
-428
-391
-345
-287
-216
-134
-42
56
153
245
326
391
438
459
457
427
378
311
231
147
62
-16
-80
-129
-156
-161
-144
-107
-56
8
79
152
224
289
346
393
433
468
502
538
581
635
704
786
886
999
1120
1242
1355
1452
1520
1552
1540
1476
1359
1193
982
737
466
184
-96
-364
-607
-817
-988
-1120
-1214
-1278
-1312
-1332
-1337
-1337
-1339
-1347
-1361
-1381
-1403
-1419
-1426
-1416
-1381
-1319
-1224
-1094
-929
-736
-520
-289
-54
177
395
594
765
903
1007
1077
1116
1128
1121
1100
1071
1040
1011
988
974
966
962
955
940
913
869
803
713
598
459
297
120
-67
-252
-435
-604
-755
-882
-980
-1045
-1078
-1082
-1061
-1017
-958
-887
-813
-741
-674
-616
-569
-531
-500
-475
-448
-417
-380
-332
-270
-195
-107
-9
93
195
292
377
445
491
513
508
477
422
351
265
174
85
4
-63
-111
-138
-144
-128
-92
-42
20
88
159
228
291
345
393
432
467
500
532
570
618
678
753
843
947
1060
1176
1287
1383
1455
1495
1491
1440
1337
1183
985
750
485
207
-75
-347
-598
-819
-1002
-1144
-1248
-1316
-1355
-1368
-1364
-1355
-1343
-1335
-1336
-1343
-1357
-1371
-1378
-1374
-1351
-1302
-1226
-1115
-972
-798
-596
-375
-146
84
307
515
699
851
970
1053
1103
1124
1119
1098
1062
1021
980
942
912
889
870
853
834
806
766
711
633
534
410
264
101
-78
-261
-445
-622
-785
-927
-1042
-1128
-1180
-1202
-1194
-1161
-1107
-1039
-962
-883
-805
-734
-674
-621
-577
-541
-510
-477
-442
-399
-345
-281
-204
-116
-24
75
174
264
344
406
446
464
459
429
379
311
230
144
57
-22
-87
-134
-163
-167
-148
-105
-45
29
113
198
282
358
425
477
517
547
568
584
605
631
670
723
793
878
974
1076
1178
1267
1336
1373
1372
1324
1227
1082
892
665
411
139
-134
-398
-643
-855
-1029
-1163
-1256
-1311
-1334
-1330
-1309
-1281
-1252
-1228
-1215
-1211
-1216
-1225
-1231
-1229
-1212
-1173
-1105
-1007
-875
-711
-520
-307
-83
144
367
575
759
915
1034
1119
1164
1180
1167
1135
1087
1033
978
929
888
857
835
818
805
786
757
716
653
566
454
317
155
-24
-215
-410
-600
-775
-930
-1057
-1150
-1205
-1223
-1209
-1164
-1095
-1009
-913
-815
-721
-637
-566
-512
-471
-441
-419
-401
-379
-349
-308
-249
-174
-83
21
133
247
355
452
530
587
614
612
583
530
455
367
270
172
81
2
-54
-88
-97
-80
-40
18
92
175
263
346
422
485
537
575
601
618
629
641
657
683
724
781
855
944
1043
1144
1240
1321
1375
1396
1371
1299
1176
1007
797
554
289
16
-255
-509
-737
-929
-1082
-1194
-1266
-1305
-1313
-1298
-1268
-1237
-1207
-1185
-1174
-1176
-1184
-1194
-1203
-1200
-1182
-1138
-1064
-956
-815
-645
-448
-234
-9
215
433
632
805
946
1049
1116
1149
1151
1128
1082
1026
965
908
856
814
783
759
738
719
695
661
612
544
457
345
215
67
-95
-264
-439
-613
-775
-922
-1048
-1148
-1221
-1264
-1278
-1266
-1227
-1169
-1094
-1012
-925
-841
-762
-690
-627
-575
-531
-495
-462
-428
-390
-344
-288
-221
-142
-53
41
139
234
320
393
446
477
485
471
434
378
306
227
145
65
-3
-58
-96
-113
-108
-81
-35
24
96
172
251
325
390
446
489
521
542
559
571
587
610
644
691
754
830
917
1005
1089
1162
1213
1233
1214
1154
1049
899
713
495
255
5
-244
-481
-696
-882
-1032
-1144
-1220
-1262
-1276
-1266
-1241
-1209
-1173
-1142
-1117
-1101
-1090
-1083
-1074
-1059
-1033
-989
-921
-826
-703
-554
-381
-189
12
218
422
612
784
927
1038
1117
1160
1174
1161
1126
1075
1014
951
890
837
793
756
723
693
663
627
583
523
446
350
235
102
-43
-198
-360
-520
-674
-814
-935
-1033
-1104
-1147
-1164
-1156
-1123
-1072
-1003
-925
-845
-764
-686
-616
-553
-498
-449
-408
-372
-338
-298
-253
-200
-138
-68
10
91
175
257
333
397
445
477
490
484
457
416
360
295
225
157
94
40
0
-22
-25
-12
19
66
122
186
252
316
376
430
473
508
535
556
573
592
614
643
682
732
791
859
932
1006
1071
1124
1154
1157
1125
1054
946
802
626
423
203
-24
-250
-464
-658
-824
-958
-1060
-1129
-1167
-1180
-1172
-1147
-1114
-1079
-1048
-1023
-1004
-991
-979
-967
-950
-922
-877
-812
-721
-606
-466
-308
-133
51
237
420
591
744
872
972
1043
1083
1097
1087
1053
1006
950
889
830
777
729
689
651
616
581
542
496
437
363
273
167
47
-83
-223
-366
-508
-643
-768
-875
-961
-1024
-1064
-1079
-1070
-1040
-992
-930
-857
-779
-700
-624
-554
-488
-431
-382
-340
-303
-269
-235
-199
-158
-108
-53
9
78
151
223
294
356
407
442
461
461
443
409
360
301
235
167
103
46
2
-28
-43
-40
-21
13
61
117
177
240
299
354
402
440
469
493
509
522
535
551
571
603
645
696
756
821
887
947
993
1021
1023
991
923
819
680
510
317
108
-107
-322
-524
-705
-859
-983
-1075
-1134
-1164
-1169
-1154
-1124
-1089
-1053
-1020
-995
-977
-963
-954
-943
-929
-903
-863
-804
-723
-618
-491
-345
-184
-13
162
336
499
645
769
867
935
976
991
980
949
903
847
788
731
677
631
592
557
526
496
464
428
379
318
243
153
50
-63
-186
-313
-442
-566
-683
-787
-874
-942
-989
-1015
-1018
-1001
-966
-914
-854
-784
-710
-636
-563
-494
-432
-376
-328
-286
-250
-218
-188
-157
-122
-83
-38
14
73
135
199
261
317
363
399
419
423
413
386
349
303
248
191
136
86
45
15
1
1
17
47
90
142
201
261
321
375
421
458
485
503
514
518
520
522
530
547
574
613
663
721
784
848
903
942
960
947
903
822
709
564
393
203
5
-194
-384
-557
-705
-826
-918
-979
-1011
-1020
-1007
-979
-945
-911
-875
-848
-828
-813
-804
-797
-789
-774
-748
-705
-642
-558
-454
-331
-189
-35
126
290
445
588
713
814
888
936
958
954
929
888
834
775
715
658
606
559
520
485
454
425
393
354
309
251
182
101
10
-92
-200
-316
-431
-545
-651
-745
-826
-890
-936
-960
-963
-946
-910
-857
-793
-722
-645
-568
-494
-427
-367
-319
-280
-249
-222
-199
-177
-152
-123
-86
-41
11
71
135
202
266
326
376
415
439
444
433
404
361
305
241
175
110
49
-2
-39
-61
-66
-55
-26
12
64
119
178
235
286
328
361
385
396
401
402
400
401
407
423
451
490
541
602
668
736
799
849
880
888
867
813
727
611
466
301
123
-60
-242
-412
-565
-696
-802
-879
-930
-958
-966
-957
-937
-912
-887
-864
-846
-834
-828
-826
-825
-821
-809
-786
-745
-688
-607
-507
-389
-253
-105
48
200
346
481
595
688
756
798
814
808
781
742
693
639
586
537
493
457
428
404
382
359
332
297
254
196
131
51
-37
-133
-235
-339
-441
-537
-624
-701
-765
-812
-844
-858
-858
-843
-814
-777
-731
-680
-626
-572
-519
-469
-422
-379
-339
-302
-267
-233
-197
-160
-119
-74
-27
25
78
133
187
238
284
324
353
373
381
377
362
338
306
269
228
189
151
118
93
74
63
61
68
80
101
124
152
180
208
237
263
286
308
326
345
362
381
401
425
452
483
519
560
604
651
698
741
776
802
813
803
773
719
641
541
421
285
137
-15
-167
-313
-448
-567
-668
-748
-809
-849
-874
-883
-883
-875
-862
-847
-832
-818
-806
-792
-776
-758
-730
-693
-642
-579
-500
-405
-296
-176
-47
86
219
348
464
568
654
721
767
793
800
789
766
734
695
655
613
573
536
504
471
441
411
376
337
293
242
183
118
44
-34
-116
-200
-285
-367
-445
-518
-581
-634
-674
-701
-716
-716
-703
-677
-641
-598
-550
-499
-447
-396
-351
-307
-269
-235
-206
-178
-151
-123
-95
-63
-26
13
57
103
149
195
238
276
307
328
339
339
329
308
279
241
201
159
117
79
46
20
4
-3
1
13
35
62
94
128
160
194
223
248
269
284
296
306
313
320
331
344
363
389
420
458
504
552
603
652
697
732
756
761
744
707
644
559
452
326
188
39
-111
-257
-394
-519
-627
-716
-784
-835
-866
-882
-887
-883
-874
-864
-851
-840
-828
-817
-803
-786
-763
-730
-686
-631
-561
-477
-380
-272
-155
-34
90
212
327
431
521
595
652
689
708
710
698
674
643
606
566
527
490
456
422
392
361
328
292
251
206
153
91
26
-46
-123
-202
-279
-356
-429
-497
-556
-605
-644
-672
-689
-694
-690
-674
-651
-620
-584
-544
-501
-457
-414
-372
-332
-295
-262
-229
-198
-169
-141
-110
-78
-44
-8
28
68
107
147
183
217
245
268
283
290
291
282
265
242
214
182
148
115
84
57
37
25
21
28
40
61
88
118
150
184
214
239
261
278
289
298
303
308
314
323
335
352
376
404
437
474
516
555
594
629
657
675
682
674
650
609
551
473
380
273
155
32
-97
-225
-346
-458
-557
-641
-711
-762
-798
-820
-828
-827
-818
-802
-784
-762
-739
-713
-685
-653
-615
-570
-519
-457
-386
-307
-219
-123
-22
81
187
288
384
473
551
616
665
700
719
724
715
694
664
628
586
543
500
455
414
374
335
295
256
213
168
121
69
13
-45
-108
-169
-231
-292
-348
-401
-447
-486
-517
-540
-557
-561
-557
-548
-530
-504
-475
-441
-403
-366
-328
-289
-254
-221
-192
-164
-140
-117
-94
-71
-48
-21
6
34
65
97
128
159
186
211
231
245
253
255
251
240
224
204
180
155
130
106
83
64
50
42
39
41
48
59
74
92
109
128
144
157
170
178
187
191
196
200
204
210
217
227
239
252
269
289
309
332
356
380
404
426
444
456
461
455
438
409
364
304
231
144
49
-55
-163
-269
-368
-460
-540
-605
-654
-688
-706
-711
-704
-686
-664
-637
-606
-575
-544
-512
-481
-450
-416
-378
-336
-291
-238
-179
-113
-42
33
111
191
268
340
406
463
507
541
560
566
559
541
514
478
438
394
350
306
264
226
190
158
126
95
66
36
4
-29
-65
-105
-146
-190
-234
-276
-318
-357
-390
-417
-438
-449
-451
-445
-431
-408
-380
-348
-314
-278
-245
-215
-190
-169
-152
-140
-132
-126
-121
-115
-109
-98
-85
-69
-48
-25
-1
24
48
71
91
106
116
121
120
112
99
81
61
38
16
-5
-21
-35
-41
-42
-36
-25
-12
5
24
40
58
70
76
80
78
75
69
62
58
55
54
58
65
76
88
101
115
130
145
158
172
187
204
222
246
271
300
330
361
388
410
424
427
417
391
349
292
220
137
45
-51
-149
-243
-329
-403
-465
-512
-543
-560
-562
-554
-534
-508
-478
-446
-413
-381
-353
-324
-299
-275
-249
-222
-192
-158
-117
-71
-20
34
94
154
213
268
319
361
395
417
428
428
418
398
373
341
308
273
240
211
185
165
150
140
134
131
127
125
119
109
96
80
57
29
0
-32
-63
-94
-121
-143
-160
-170
-174
-172
-166
-156
-144
-132
-122
-115
-111
-111
-115
-124
-135
-148
-163
-176
-187
-193
-195
-191
-181
-165
-142
-114
-83
-49
-17
16
43
67
85
94
97
95
87
74
61
47
35
26
20
20
25
33
45
58
71
82
91
96
97
93
85
74
60
44
29
18
7
0
-1
3
11
25
42
62
84
105
127
145
162
176
187
197
206
215
226
237
253
270
289
308
324
335
340
335
318
287
240
179
107
24
-65
-158
-250
-337
-414
-479
-528
-562
-580
-579
-566
-539
-504
-462
-417
-372
-328
-288
-252
-222
-195
-171
-150
-126
-101
-73
-40
-2
42
88
138
190
240
287
326
357
380
391
391
380
359
329
292
252
210
169
130
97
69
49
38
34
36
44
56
68
80
89
91
85
73
53
25
-9
-47
-86
-125
-161
-193
-218
-236
-248
-254
-256
-257
-256
-257
-262
-270
-282
-300
-320
-343
-365
-386
-401
-410
-413
-406
-390
-365
-333
-293
-249
-201
-151
-102
-54
-9
31
65
94
117
135
148
157
163
167
168
170
170
170
174
174
175
176
177
176
173
168
161
152
141
127
113
98
82
68
56
47
42
41
44
51
63
78
96
115
135
153
170
185
195
205
212
217
223
228
236
247
260
273
289
301
310
313
307
290
260
216
160
92
15
-70
-155
-240
-319
-390
-445
-486
-511
-519
-512
-491
-458
-416
-370
-321
-273
-229
-190
-156
-129
-108
-93
-79
-69
-58
-45
-28
-10
15
44
76
110
145
177
207
230
246
252
251
241
221
196
167
133
101
72
48
29
20
19
26
42
64
89
119
146
172
191
205
211
208
195
173
146
114
77
39
0
-35
-70
-99
-125
-147
-164
-179
-193
-204
-218
-231
-246
-262
-278
-296
-310
-323
-332
-335
-332
-319
-300
-272
-237
-195
-147
-96
-44
7
56
102
142
178
205
225
239
244
246
242
234
223
209
197
183
168
157
145
135
128
121
117
112
108
105
103
100
97
93
90
86
81
77
75
74
75
81
88
97
108
121
134
146
154
160
161
160
155
146
135
125
114
106
103
105
113
125
140
157
177
192
203
206
200
182
153
114
65
10
-51
-115
-176
-232
-278
-317
-342
-357
-359
-350
-333
-309
-280
-251
-222
-198
-178
-163
-155
-154
-158
-167
-178
-189
-197
-201
-201
-196
-182
-164
-141
-112
-80
-49
-20
5
25
38
45
45
38
26
10
-5
-20
-31
-35
-35
-27
-11
11
39
72
106
138
167
190
207
215
214
202
182
154
120
81
38
-7
-50
-94
-135
-172
-203
-232
-256
-277
-294
-309
-320
-328
-335
-340
-344
-346
-347
-344
-338
-329
-318
-302
-284
-258
-230
-197
-162
-123
-84
-43
-4
34
70
101
127
148
163
173
179
183
182
178
172
166
162
158
156
155
157
159
165
172
181
190
200
208
213
218
219
217
212
203
192
177
162
147
132
118
107
98
94
93
94
98
103
108
112
112
110
108
101
95
87
81
77
76
80
91
107
126
148
172
195
216
232
240
239
226
204
172
133
85
33
-22
-75
-125
-168
-202
-228
-247
-258
-259
-254
-242
-230
-218
-208
-201
-198
-199
-205
-215
-227
-244
-257
-268
-273
-272
-265
-251
-230
-202
-168
-128
-89
-52
-17
13
38
58
71
79
79
75
70
64
59
58
60
64
74
88
110
134
160
186
209
232
250
264
270
265
251
226
192
151
105
49
-9
-69
-128
-181
-225
-260
-287
-305
-313
-312
-302
-285
-266
-249
-234
-222
-213
-207
-205
-209
-216
-224
-230
-228
-219
-204
-182
-154
-117
-73
-21
32
84
130
171
206
235
254
263
261
250
235
217
199
181
166
153
147
149
159
174
193
214
234
253
270
282
288
283
270
248
222
192
157
121
86
54
25
3
-11
-19
-21
-19
-12
-3
8
20
30
35
36
34
28
20
11
3
-6
-13
-12
-4
10
30
56
87
120
154
185
213
232
241
239
224
200
166
123
75
21
-31
-81
-124
-160
-187
-206
-217
-220
-217
-210
-199
-190
-184
-182
-183
-189
-200
-214
-231
-250
-268
-284
-295
-298
-298
-290
-278
-256
-231
-202
-171
-141
-113
-89
-69
-55
-44
-41
-42
-48
-55
-62
-68
-70
-70
-65
-54
-38
-18
6
33
58
82
101
117
126
127
121
106
86
61
32
2
-29
-60
-87
-110
-129
-142
-151
-155
-158
-158
-157
-156
-155
-157
-161
-168
-177
-186
-196
-204
-211
-214
-213
-208
-197
-180
-160
-135
-107
-77
-46
-16
12
38
59
78
91
100
106
110
111
111
111
112
113
117
123
130
140
151
162
173
183
191
197
200
200
196
189
178
167
152
135
119
105
91
78
70
63
59
58
59
61
64
67
70
73
73
72
71
69
65
63
59
58
58
60
65
71
81
93
105
120
134
150
166
180
193
204
211
218
220
220
216
209
200
187
172
157
138
120
101
82
63
46
30
15
2
-8
-19
-27
-35
-42
-48
-53
-59
-64
-68
-73
-78
-82
-86
-89
-91
-94
-94
-95
-94
-92
-88
-84
-79
-73
-67
-61
-55
-48
-42
-36
-32
-27
-22
-18
-13
-8
-3
4
11
19
29
37
47
55
64
70
73
76
74
69
61
50
37
21
5
-13
-31
-46
-62
-75
-87
-97
-104
-110
-116
-119
-124
-127
-132
-137
-143
-150
-155
-161
-166
-170
-170
-169
-165
-159
-149
-137
-123
-107
-90
-73
-56
-40
-26
-13
-2
7
13
18
21
25
27
30
33
36
41
46
52
58
66
74
79
85
88
90
91
88
84
79
70
61
53
42
33
24
17
10
5
3
1
-1
-1
0
-2
-2
-3
-5
-7
-10
-14
-16
-19
-22
-22
-21
-19
-14
-10
-1
8
19
30
41
52
64
73
81
89
93
96
99
100
100
98
98
96
95
94
91
89
87
83
80
76
68
60
48
37
24
8
-9
-27
-44
-61
-78
-91
-104
-116
-124
-130
-135
-137
-138
-139
-138
-138
-137
-135
-135
-134
-134
-134
-132
-131
-128
-125
-120
-114
-106
-97
-86
-75
-62
-51
-38
-26
-15
-5
3
10
17
22
24
28
28
29
29
30
29
29
29
28
28
26
24
21
17
13
8
1
-6
-14
-21
-31
-40
-48
-56
-63
-71
-76
-81
-84
-87
-89
-89
-90
-89
-88
-86
-83
-81
-77
-73
-68
-62
-57
-50
-43
-35
-27
-19
-9
0
9
18
26
36
43
51
59
66
73
79
84
90
94
97
99
100
101
100
99
96
94
89
84
79
72
65
59
53
47
43
38
34
31
27
25
23
21
19
18
16
15
14
14
12
13
13
13
15
18
21
26
31
37
43
50
58
64
72
79
85
91
96
100
102
105
107
108
107
107
107
105
103
102
99
98
95
92
89
88
84
81
78
75
72
68
62
57
50
44
35
26
17
8
-2
-12
-22
-31
-39
-48
-54
-61
-64
-68
-69
-71
-71
-69
-68
-65
-63
-61
-58
-55
-53
-51
-48
-45
-42
-39
-35
-30
-27
-22
-16
-13
-8
-5
-1
1
1
1
0
-2
-6
-11
-15
-22
-28
-35
-41
-45
-50
-55
-58
-60
-62
-64
-65
-66
-66
-68
-69
-69
-71
-73
-75
-78
-81
-82
-84
-85
-85
-86
-85
-82
-81
-77
-73
-68
-64
-59
-54
-49
-45
-41
-38
-33
-31
-28
-26
-23
-21
-19
-16
-14
-13
-10
-8
-6
-5
-3
-2
-1
-1
-1
-3
-4
-7
-10
-14
-16
-21
-23
-27
-31
-33
-35
-35
-36
-36
-36
-34
-32
-30
-27
-24
-21
-18
-15
-13
-11
-8
-6
-4
-2
0
3
6
8
12
16
19
24
28
33
37
40
44
46
49
51
53
53
54
53
53
53
51
50
49
49
46
45
43
41
38
35
32
28
25
21
17
11
7
3
0
-5
-8
-12
-15
-18
-19
-19
-21
-21
-20
-21
-20
-19
-20
-18
-17
-15
-16
-15
-13
-13
-12
-12
-11
-10
-11
-10
-11
-11
-10
-11
-12
-13
-13
-14
-16
-16
-18
-19
-20
-21
-22
-23
-25
-26
-27
-28
-30
-30
-31
-32
-33
-33
-35
-35
-36
-35
-35
-36
-37
-35
-36
-36
-35
-34
-34
-33
-31
-29
-27
-26
-22
-19
-16
-12
-8
-5
-1
3
7
10
13
17
19
22
25
26
28
30
32
33
35
37
38
39
40
42
42
43
43
43
43
43
41
40
38
36
35
32
29
28
26
24
22
22
21
20
20
19
20
20
21
22
23
24
24
25
26
27
28
30
31
33
35
38
40
43
45
47
49
52
54
57
58
60
61
61
62
63
63
63
62
61
61
60
58
58
55
54
53
50
48
46
43
40
38
34
31
27
24
19
17
12
9
6
2
-1
-4
-7
-9
-11
-13
-15
-15
-16
-16
-17
-16
-16
-16
-15
-15
-15
-14
-14
-14
-13
-14
-14
-13
-14
-14
-13
-13
-13
-12
-12
-11
-11
-11
-10
-10
-10
-11
-11
-12
-12
-14
-16
-17
-19
-22
-24
-24
-25
-27
-29
-28
-28
-29
-29
-30
-29
-30
-30
-32
-33
-35
-36
-37
-37
-38
-40
-39
-39
-39
-39
-38
-38
-36
-35
-34
-32
-32
-31
-30
-30
-30
-31
-32
-32
-33
-35
-34
-35
-35
-35
-34
-34
-32
-32
-31
-30
-29
-28
-28
-27
-27
-27
-28
-28
-28
-29
-29
-28
-28
-27
-25
-25
-23
-21
-18
-16
-16
-12
-11
-10
-9
-7
-6
-6
-5
-5
-5
-4
-4
-4
-2
-2
0
1
2
3
4
5
7
7
8
8
9
8
8
7
8
7
6
6
7
6
7
7
8
8
9
11
11
12
12
13
13
14
13
14
14
13
14
14
15
15
15
16
16
17
17
19
19
19
19
20
20
20
21
20
20
20
20
21
20
20
21
21
22
23
23
22
23
23
23
22
23
21
20
20
19
18
17
17
15
14
14
14
13
13
13
12
12
10
10
9
8
8
7
6
5
5
3
4
4
4
4
5
5
6
7
7
9
9
9
9
9
8
10
8
9
9
9
10
9
10
10
11
12
13
13
14
15
15
15
14
14
14
13
12
11
10
10
9
8
7
6
7
6
7
6
6
6
6
5
5
5
4
4
3
2
1
0
0
0
-1
-1
-1
-2
-2
-1
0
0
0
0
1
0
0
0
1
-1
-1
-2
-2
-3
-3
-4
-4
-4
-5
-4
-4
-3
-4
-3
-3
-3
-2
-2
-2
-3
-2
-4
-4
-5
-6
-5
-6
-6
-7
-7
-6
-6
-6
-5
-4
-5
-3
-4
-3
-3
-3
-4
-4
-4
-5
-5
-6
-6
-5
-6
-6
-5
-5
-5
-4
-4
-5
-3
-4
-3
-4
-4
-4
-5
-4
-5
-6
-6
-7
-7
-8
-9
-9
-9
-9
-9
-9
-10
-10
-10
-10
-10
-10
-12
-11
-12
-12
-13
-13
-14
-14
-15
-13
-13
-13
-13
-13
-11
-11
-9
-12
-10
-10
-10
-10
-10
-10
-10
-10
-10
-11
-11
-11
-11
-11
-11
-12
-11
-11
-11
-12
-12
-12
-12
-12
-13
-13
-13
-14
-15
-15
-15
-15
-15
-14
-15
-15
-14
-14
-14
-13
-13
-11
-11
-11
-11
-10
-10
-10
-9
-9
-7
-7
-6
-6
-5
-4
-4
-4
-3
-2
-2
-1
-1
-2
-1
-1
-2
-2
0
-1
-1
-1
-1
-1
-1
0
0
0
0
1
1
1
1
1
1
1
1
0
1
1
1
1
1
2
1
2
2
3
4
4
4
4
6
5
5
6
6
6
7
7
8
9
9
9
11
11
11
11
12
13
13
13
13
13
13
13
14
14
14
14
14
15
14
15
14
14
14
14
14
14
14
15
14
13
13
13
12
12
12
11
11
11
11
11
11
11
11
11
0
0
0
0
0
0
0
0
0
0
0
0
0
0
0
0
0
0
0
0
0
0
0
0
0
0
0
0
0
0
0
0
0
0
0
0
0
0
0
0
0
0
0
0
0
0
0
0
0
0
0
0
0
0
0
0
0
0
0
0
0
0
0
0
0
0
0
0
0
0
0
0
0
0
0
0
0
0
0
0
0
0
0
0
0
0
0
0
0
0
0
0
0
0
0
0
0
0
0
0
0
0
0
0
0
0
0
0
0
0
0
0
0
0
0
0
0
0
0
0
0
0
0
0
0
0
0
0
0
0
0
0
0
0
0
0
0
0
0
0
0
0
0
0
0
0
0
0
0
0
0
0
0
0
0
0
0
0
0
0
0
0
0
0
0
0
0
0
0
0
0
0
0
0
0
0
0
0
0
0
0
0
0
0
0
0
0
0
0
0
0
0
0
0
0
0
0
0
