0
0
0
0
0
0
0
0
0
0
0
0
0
0
0
0
0
0
0
0
0
0
0
0
0
0
0
0
0
0
0
0
0
0
0
0
0
0
0
0
0
0
0
0
0
0
0
0
0
0
0
0
0
0
0
0
0
0
0
0
0
0
0
0
0
0
0
0
0
0
0
0
0
0
0
0
0
0
0
0
0
0
0
0
0
0
0
0
0
0
0
0
0
0
0
0
0
0
0
0
0
0
0
0
0
0
0
0
0
0
0
0
0
0
0
0
0
0
0
0
0
0
0
0
0
0
0
0
0
0
0
0
0
0
0
0
0
0
0
0
0
0
0
0
0
0
0
0
0
0
0
0
0
0
0
0
0
0
0
0
0
0
0
0
0
0
0
0
0
0
0
0
0
0
0
0
0
0
0
0
0
0
0
0
0
0
0
0
0
0
0
0
0
0
0
0
0
0
-72
-80
-86
-93
-99
-104
-109
-114
-117
-120
-123
-124
-125
-125
-124
-122
-119
-115
-112
-108
-103
-97
-90
-84
-75
-67
-59
-51
-42
-34
-26
-18
-10
-1
6
14
21
27
34
40
45
48
52
54
56
57
57
58
56
55
52
50
47
42
37
32
27
22
17
10
4
-2
-7
-12
-18
-24
-28
-32
-37
-40
-43
-47
-49
-49
-50
-50
-49
-47
-46
-44
-41
-36
-32
-26
-19
-11
-4
4
13
24
36
48
60
75
89
106
123
141
160
181
200
220
239
258
273
289
303
314
325
336
344
349
349
343
330
312
290
264
236
207
181
151
117
77
32
-18
-71
-122
-167
-207
-240
-269
-294
-321
-350
-379
-407
-431
-447
-455
-452
-443
-428
-414
-400
-389
-378
-366
-351
-330
-302
-270
-233
-197
-164
-134
-108
-82
-56
-30
1
34
68
102
132
161
185
207
228
246
262
277
291
302
311
319
325
326
326
320
311
299
283
266
247
227
207
187
165
142
116
86
55
23
-10
-40
-68
-93
-115
-136
-156
-177
-200
-223
-246
-266
-279
-290
-294
-296
-295
-295
-295
-295
-294
-294
-288
-279
-267
-250
-233
-213
-195
-178
-161
-146
-128
-110
-90
-67
-43
-20
4
27
49
69
90
107
123
138
153
168
183
197
211
223
233
239
242
243
242
244
246
252
258
266
272
277
279
281
282
284
290
299
309
318
325
326
325
320
313
304
296
284
271
251
225
193
154
113
71
31
-9
-46
-84
-128
-176
-226
-275
-320
-358
-385
-403
-417
-426
-435
-447
-462
-474
-479
-476
-461
-437
-408
-378
-350
-327
-312
-297
-282
-260
-232
-197
-157
-115
-78
-49
-25
-5
11
30
54
83
116
150
178
201
217
229
235
240
248
255
261
268
272
271
263
252
236
220
202
182
163
143
119
96
70
41
15
-14
-41
-66
-94
-122
-149
-176
-201
-224
-243
-259
-272
-283
-292
-300
-309
-315
-319
-319
-317
-309
-298
-286
-271
-255
-242
-226
-212
-195
-179
-160
-139
-114
-87
-59
-32
-4
21
46
68
91
116
143
173
203
234
261
285
302
317
330
342
355
369
385
399
410
415
416
416
415
417
421
428
437
444
446
442
433
423
414
408
403
401
395
380
352
313
266
216
167
121
83
46
6
-40
-100
-170
-246
-321
-384
-433
-466
-487
-502
-518
-539
-567
-597
-624
-637
-636
-615
-579
-538
-496
-461
-435
-414
-398
-379
-349
-310
-259
-205
-149
-100
-61
-30
-4
18
44
75
110
151
191
230
263
289
308
322
334
341
349
356
364
371
374
374
369
355
339
316
289
260
231
202
175
147
119
89
57
22
-15
-53
-91
-128
-162
-191
-218
-244
-265
-283
-301
-318
-334
-348
-362
-371
-379
-382
-377
-369
-358
-345
-329
-317
-308
-299
-290
-277
-259
-237
-209
-178
-146
-121
-98
-78
-60
-42
-18
11
44
79
114
145
169
189
206
221
236
252
272
289
306
318
326
333
336
338
338
340
341
344
346
349
355
363
374
385
394
404
407
407
404
400
399
401
404
404
396
380
349
306
255
201
150
103
61
21
-23
-76
-141
-214
-290
-362
-422
-467
-495
-512
-525
-539
-559
-582
-606
-623
-628
-616
-592
-556
-515
-477
-444
-418
-397
-377
-352
-321
-282
-238
-190
-144
-102
-67
-35
-7
20
48
80
113
147
180
213
244
271
294
314
330
341
348
354
357
358
359
360
356
350
337
318
293
262
228
195
162
130
101
70
40
8
-30
-70
-112
-153
-192
-228
-257
-281
-298
-312
-325
-339
-353
-368
-382
-395
-400
-398
-390
-375
-356
-337
-320
-307
-297
-290
-278
-262
-239
-211
-178
-145
-113
-85
-64
-43
-23
1
26
59
94
130
163
190
214
233
250
267
284
300
317
332
343
351
357
358
359
362
363
364
365
365
365
367
372
382
392
405
415
422
421
419
418
416
417
420
424
420
405
378
336
286
232
179
132
90
50
6
-48
-114
-190
-271
-348
-414
-464
-497
-519
-534
-551
-573
-601
-631
-654
-665
-660
-638
-602
-559
-517
-480
-452
-430
-410
-385
-353
-311
-260
-205
-151
-100
-56
-20
10
38
68
101
137
175
214
251
286
315
341
362
377
390
397
404
410
413
415
414
411
404
392
374
348
317
281
244
203
165
129
94
62
29
-9
-49
-95
-143
-191
-237
-277
-307
-329
-344
-356
-366
-380
-398
-420
-440
-454
-459
-451
-432
-407
-382
-360
-344
-336
-330
-323
-309
-286
-253
-213
-171
-135
-104
-82
-64
-47
-25
5
42
83
124
158
187
209
227
243
262
283
305
329
347
358
364
365
366
367
369
376
383
387
390
392
392
394
401
413
425
440
450
455
457
456
454
454
456
457
452
437
406
364
311
253
195
144
96
51
2
-60
-134
-217
-305
-390
-460
-515
-551
-573
-590
-608
-632
-662
-695
-719
-731
-723
-697
-657
-608
-562
-524
-495
-471
-450
-424
-389
-343
-290
-232
-177
-128
-85
-49
-20
8
40
75
112
152
189
227
261
290
316
340
359
374
388
397
401
402
402
401
398
392
383
369
348
318
282
242
198
157
119
86
55
24
-10
-47
-91
-142
-191
-238
-277
-307
-327
-338
-345
-354
-364
-379
-396
-412
-422
-423
-413
-395
-373
-350
-328
-314
-302
-291
-279
-260
-235
-206
-175
-146
-118
-94
-73
-47
-20
13
50
87
122
150
174
194
212
235
262
291
323
348
367
375
375
371
366
367
374
386
399
410
416
416
416
414
420
431
447
465
483
495
502
504
506
508
514
520
520
511
487
446
390
328
265
210
162
116
70
14
-59
-148
-246
-343
-430
-497
-542
-566
-582
-595
-616
-647
-684
-721
-744
-752
-735
-699
-651
-600
-556
-521
-496
-477
-457
-429
-391
-343
-287
-230
-175
-125
-82
-45
-10
26
62
100
139
178
214
249
282
314
344
373
395
411
422
425
425
420
414
409
403
397
387
371
347
317
278
234
187
141
95
55
17
-20
-55
-92
-134
-179
-225
-272
-314
-352
-380
-399
-409
-412
-413
-412
-414
-418
-422
-424
-423
-415
-399
-376
-346
-315
-285
-259
-237
-220
-204
-188
-167
-143
-112
-76
-36
5
42
77
106
130
152
174
197
223
252
281
311
336
356
371
378
381
382
380
378
378
378
384
392
402
413
429
445
464
477
488
494
498
501
510
524
547
571
591
597
583
545
486
413
336
268
213
175
142
104
50
-30
-132
-249
-363
-465
-540
-587
-611
-621
-630
-648
-682
-727
-772
-808
-824
-817
-788
-745
-692
-645
-604
-573
-551
-529
-501
-461
-412
-354
-296
-243
-197
-158
-118
-75
-27
27
85
141
190
232
262
284
304
326
354
388
427
462
486
498
490
468
435
399
364
334
310
287
260
226
181
126
60
-11
-83
-154
-217
-273
-319
-357
-385
-403
-411
-413
-411
-412
-419
-433
-450
-466
-476
-474
-465
-445
-428
-421
-433
-465
-509
-550
-574
-566
-527
-464
-386
-310
-245
-192
-148
-101
-43
32
121
214
297
358
393
406
411
424
453
500
559
616
662
687
691
677
659
650
661
696
757
835
923
1010
1092
1169
1233
1280
1302
1298
1265
1211
1146
1085
1028
970
889
748
513
167
-279
-776
-1242
-1588
-1746
-1696
-1474
-1161
-858
-653
-592
-658
-787
-894
-906
-784
-533
-212
86
270
279
98
-239
-655
-1048
-1324
-1432
-1370
-1177
-921
-683
-524
-468
-485
-519
-501
-378
-122
244
663
1054
1348
1500
1497
1357
1138
903
707
579
526
528
544
525
437
273
51
-195
-411
-545
-564
-468
-282
-54
155
296
342
293
179
46
-67
-133
-151
-146
-158
-216
-345
-540
-775
-1010
-1196
-1303
-1317
-1248
-1119
-960
-795
-640
-502
-376
-259
-147
-42
49
117
153
156
129
78
13
-55
-116
-168
-202
-215
-209
-181
-134
-68
16
104
192
275
350
411
457
497
536
573
603
627
650
672
686
696
709
713
697
651
586
513
442
393
390
435
519
619
727
841
955
1066
1179
1295
1400
1481
1525
1529
1484
1378
1200
923
513
-40
-707
-1421
-2073
-2530
-2671
-2462
-1981
-1363
-748
-258
9
44
-42
-95
-26
154
406
671
830
746
376
-198
-846
-1466
-1953
-2197
-2138
-1859
-1501
-1156
-862
-657
-564
-521
-405
-136
256
705
1147
1490
1628
1503
1169
748
344
18
-174
-211
-145
-78
-79
-159
-288
-427
-527
-523
-384
-141
137
382
539
583
515
375
224
98
13
-32
-54
-81
-145
-260
-424
-618
-818
-999
-1127
-1178
-1146
-1037
-882
-729
-624
-585
-594
-617
-608
-529
-360
-129
104
266
307
221
47
-147
-294
-351
-314
-220
-128
-92
-135
-247
-375
-458
-444
-311
-77
206
466
653
744
740
671
600
579
628
715
797
839
819
724
574
428
330
291
301
359
457
549
599
619
663
762
893
1033
1189
1372
1545
1665
1738
1800
1846
1830
1719
1551
1359
1095
703
188
-403
-1088
-1902
-2730
-3265
-3255
-2731
-1926
-1021
-113
618
920
751
405
222
260
389
560
782
899
648
-15
-839
-1579
-2198
-2673
-2823
-2505
-1879
-1267
-804
-413
-84
66
55
114
418
872
1286
1588
1774
1737
1356
729
126
-286
-532
-647
-583
-349
-113
-34
-92
-162
-186
-184
-114
99
432
735
885
880
761
530
212
-76
-229
-258
-264
-290
-315
-347
-444
-617
-783
-860
-861
-842
-829
-808
-784
-774
-766
-728
-649
-558
-482
-403
-299
-171
-37
101
232
312
287
149
-43
-219
-341
-398
-395
-349
-302
-291
-316
-346
-346
-291
-156
67
351
631
840
950
956
874
737
602
510
472
464
471
479
471
437
377
311
263
254
300
402
550
709
840
920
958
993
1072
1214
1402
1607
1793
1932
1988
1939
1803
1631
1457
1249
950
561
132
-353
-1036
-1998
-3021
-3644
-3550
-2848
-1867
-796
294
1168
1468
1119
530
174
127
193
301
515
692
479
-245
-1179
-1983
-2611
-3103
-3253
-2828
-1966
-1117
-535
-117
242
418
337
227
384
781
1159
1382
1487
1437
1070
396
-299
-735
-907
-950
-869
-598
-222
39
97
71
84
123
152
242
462
733
890
859
682
413
64
-292
-527
-579
-536
-513
-522
-518
-513
-572
-693
-788
-798
-772
-787
-836
-838
-765
-663
-579
-516
-472
-467
-497
-496
-390
-189
23
180
250
217
64
-177
-416
-559
-581
-512
-393
-268
-193
-208
-293
-364
-345
-207
28
330
652
920
1051
1008
833
612
425
317
302
356
431
482
485
438
365
297
269
315
432
595
761
897
986
1023
1034
1061
1132
1263
1443
1645
1818
1917
1932
1893
1830
1734
1578
1322
956
514
57
-438
-1137
-2137
-3198
-3792
-3565
-2678
-1560
-447
635
1505
1779
1343
636
202
138
172
192
317
478
293
-438
-1406
-2172
-2662
-3033
-3180
-2788
-1863
-856
-157
280
653
891
827
584
521
763
1069
1202
1193
1117
859
303
-380
-847
-979
-930
-825
-594
-186
237
471
512
515
543
542
506
528
655
774
747
558
293
7
-295
-562
-701
-695
-625
-564
-500
-402
-324
-365
-531
-715
-811
-812
-760
-670
-541
-414
-362
-425
-555
-666
-696
-604
-373
-41
276
444
402
196
-74
-324
-503
-571
-511
-356
-184
-80
-90
-197
-333
-406
-339
-119
206
551
842
1021
1054
937
710
462
291
246
306
408
490
519
488
418
350
322
353
448
589
747
887
973
981
933
891
930
1078
1309
1557
1757
1876
1911
1884
1826
1764
1693
1567
1314
911
432
-52
-654
-1599
-2880
-4024
-4390
-3761
-2501
-1098
258
1485
2266
2217
1438
553
65
-79
-148
-137
90
318
68
-778
-1780
-2501
-2962
-3336
-3438
-2907
-1787
-598
261
842
1295
1489
1249
771
490
557
726
764
717
676
510
54
-562
-1011
-1147
-1105
-1010
-782
-324
233
645
824
880
896
826
647
463
389
387
328
192
81
5
-182
-558
-957
-1124
-1014
-806
-638
-484
-323
-275
-453
-744
-898
-822
-660
-567
-529
-475
-460
-585
-809
-939
-836
-554
-229
67
318
449
368
78
-269
-518
-627
-640
-572
-412
-201
-63
-90
-245
-388
-413
-293
-38
322
712
1010
1112
1008
785
530
306
162
135
212
330
411
426
403
364
330
326
381
506
662
793
871
904
915
935
983
1078
1221
1397
1568
1698
1761
1768
1755
1754
1762
1729
1589
1295
873
368
-292
-1299
-2708
-4137
-4897
-4541
-3243
-1545
154
1675
2738
2935
2195
1059
200
-192
-367
-443
-266
124
263
-253
-1226
-2125
-2728
-3207
-3566
-3429
-2531
-1171
78
982
1651
2074
2022
1459
783
426
393
391
305
270
313
218
-161
-643
-944
-1021
-1026
-979
-709
-151
496
974
1227
1350
1356
1166
792
407
162
33
-78
-161
-133
-14
48
-52
-285
-566
-872
-1164
-1300
-1131
-705
-267
-27
5
-87
-280
-584
-898
-1041
-936
-707
-514
-404
-311
-199
-102
-45
11
84
113
31
-143
-309
-407
-461
-500
-489
-385
-224
-101
-65
-83
-86
-54
14
142
357
635
892
1038
1038
899
656
365
110
-23
-7
116
274
412
508
558
559
524
485
487
543
644
760
867
946
995
1028
1087
1195
1344
1490
1590
1643
1683
1750
1844
1930
1952
1829
1502
999
436
-156
-978
-2264
-3834
-4982
-5006
-3861
-2119
-332
1322
2685
3305
2846
1654
545
-27
-281
-502
-543
-212
140
-104
-1023
-2030
-2655
-3042
-3448
-3607
-3013
-1692
-266
779
1524
2135
2389
1995
1163
495
274
240
91
-74
-50
41
-116
-541
-903
-994
-945
-936
-844
-441
222
834
1192
1360
1437
1358
1027
539
121
-122
-267
-377
-396
-258
-41
75
-33
-361
-820
-1259
-1493
-1388
-985
-492
-114
78
102
-40
-347
-725
-1010
-1094
-1012
-859
-683
-478
-255
-64
55
109
104
13
-180
-420
-592
-640
-601
-543
-480
-382
-248
-137
-92
-99
-98
-62
9
112
263
453
638
755
763
660
475
256
69
-33
-32
51
177
308
417
496
539
556
546
521
500
513
577
681
799
915
1031
1148
1249
1309
1328
1334
1371
1473
1650
1888
2124
2255
2160
1778
1179
536
-88
-890
-2155
-3782
-5101
-5335
-4300
-2509
-588
1193
2694
3507
3229
2069
831
113
-196
-454
-592
-350
55
-28
-860
-1930
-2632
-2998
-3376
-3644
-3233
-1973
-428
771
1579
2231
2602
2328
1465
624
259
200
51
-197
-265
-143
-169
-503
-876
-970
-852
-776
-726
-431
188
855
1274
1448
1530
1508
1234
723
203
-131
-309
-441
-507
-399
-135
88
72
-219
-671
-1105
-1349
-1277
-907
-405
13
220
211
34
-267
-617
-899
-1020
-980
-868
-763
-669
-549
-372
-142
102
304
388
303
67
-224
-454
-571
-585
-518
-387
-216
-70
-20
-70
-156
-193
-135
24
273
586
898
1118
1163
1014
728
405
140
-3
0
127
329
531
667
706
666
586
511
478
517
646
847
1067
1241
1343
1378
1386
1406
1454
1532
1650
1825
2064
2322
2496
2439
2049
1389
670
4
-868
-2346
-4337
-5954
-6164
-4766
-2516
-259
1727
3350
4129
3549
1950
452
-211
-346
-534
-661
-280
346
284
-835
-2249
-3074
-3376
-3731
-4047
-3553
-1997
-157
1108
1814
2414
2811
2464
1386
391
105
227
126
-229
-371
-203
-180
-573
-1027
-1101
-895
-811
-854
-601
128
957
1437
1572
1625
1619
1323
697
54
-315
-464
-592
-684
-560
-214
86
92
-183
-590
-1041
-1485
-1759
-1643
-1101
-358
291
676
742
449
-181
-956
-1558
-1770
-1615
-1270
-858
-421
-14
254
313
204
22
-184
-404
-590
-654
-565
-408
-296
-254
-230
-199
-200
-264
-332
-305
-154
67
294
523
755
945
1008
907
695
459
249
68
-50
-58
65
265
450
572
633
648
615
544
488
513
627
788
963
1145
1324
1459
1521
1530
1531
1561
1629
1742
1916
2135
2291
2224
1847
1264
630
-155
-1485
-3517
-5606
-6569
-5740
-3585
-1126
1055
2878
4052
3963
2537
750
-270
-411
-383
-485
-280
389
740
-34
-1597
-2851
-3348
-3618
-4010
-3940
-2750
-840
723
1512
1998
2487
2540
1770
694
197
375
522
211
-174
-196
-90
-345
-889
-1170
-993
-764
-782
-760
-268
572
1229
1457
1499
1582
1533
1113
459
-35
-231
-333
-488
-547
-367
-144
-216
-617
-1023
-1152
-1046
-864
-610
-209
243
489
396
87
-259
-618
-1022
-1370
-1470
-1272
-951
-679
-446
-152
195
448
509
424
282
90
-179
-463
-635
-645
-578
-531
-505
-446
-356
-295
-276
-210
-15
276
557
764
920
1034
1047
903
642
374
181
50
-44
-74
10
189
373
490
549
600
654
689
715
778
892
997
1030
1015
1019
1071
1139
1195
1269
1392
1541
1692
1869
2120
2411
2593
2486
2022
1350
721
143
-818
-2588
-4833
-6375
-6158
-4295
-1842
353
2165
3510
3810
2705
945
-148
-141
195
180
141
574
964
302
-1408
-2980
-3571
-3624
-3857
-3971
-3112
-1327
303
1070
1404
1905
2280
1892
955
422
678
1048
830
239
-93
-143
-428
-1049
-1463
-1291
-888
-772
-826
-525
235
955
1240
1266
1372
1496
1303
770
270
51
-55
-268
-484
-464
-303
-374
-810
-1283
-1404
-1190
-917
-691
-372
72
403
389
101
-238
-566
-978
-1450
-1748
-1689
-1382
-1060
-778
-410
74
491
646
553
367
159
-118
-448
-691
-740
-658
-579
-531
-442
-315
-252
-306
-366
-272
6
354
673
950
1183
1288
1174
878
561
352
252
202
197
275
410
506
503
461
476
570
688
808
984
1249
1540
1749
1837
1852
1865
1898
1960
2098
2376
2740
2936
2672
1932
993
-32
-1507
-3776
-6293
-7625
-6743
-4118
-1191
1091
2714
3666
3400
1774
-92
-733
-18
843
1027
988
1274
1261
-47
-2310
-4018
-4362
-4075
-4033
-3864
-2717
-867
445
707
716
1218
1787
1657
1085
1034
1681
2089
1563
577
-46
-297
-742
-1397
-1625
-1160
-598
-554
-797
-660
-35
552
774
921
1313
1716
1672
1182
696
472
304
-34
-363
-377
-156
-143
-595
-1287
-1805
-1961
-1801
-1357
-624
234
840
914
515
-55
-582
-1033
-1385
-1531
-1414
-1162
-958
-830
-648
-330
33
299
423
437
343
120
-178
-410
-485
-453
-422
-424
-410
-372
-361
-406
-425
-307
-35
306
634
945
1229
1403
1366
1114
789
546
425
376
368
413
490
513
437
345
362
508
707
901
1121
1400
1683
1875
1938
1919
1901
1941
2072
2303
2622
2958
3109
2840
2102
1123
68
-1337
-3484
-5992
-7481
-6749
-4105
-1098
1076
2372
3031
2715
1215
-480
-856
306
1629
1957
1661
1556
1289
-140
-2517
-4264
-4414
-3762
-3476
-3383
-2532
-1006
-3
-66
-292
270
1214
1557
1328
1454
2184
2585
1913
696
-68
-263
-524
-1015
-1172
-723
-271
-461
-1028
-1161
-626
42
411
696
1208
1704
1682
1143
620
452
423
228
18
108
352
172
-706
-1810
-2407
-2236
-1586
-803
-25
600
763
304
-457
-982
-1062
-936
-888
-915
-904
-924
-1103
-1326
-1261
-756
-46
495
709
667
439
32
-444
-752
-740
-513
-311
-253
-289
-367
-525
-763
-921
-803
-380
172
676
1069
1347
1443
1282
931
611
498
557
630
623
565
481
347
174
83
183
435
705
931
1161
1428
1657
1762
1760
1752
1822
1984
2221
2520
2873
3160
3109
2491
1434
358
-622
-2010
-4200
-6431
-7074
-5360
-2398
4
1200
1732
1830
1009
-563
-1402
-342
1736
2875
2491
1725
1324
472
-1582
-3794
-4448
-3517
-2626
-2680
-2798
-2054
-1083
-1019
-1552
-1292
111
1447
1752
1604
1970
2553
2285
1087
82
-7
254
63
-396
-454
-188
-359
-1154
-1769
-1484
-594
115
429
748
1218
1413
1039
483
342
632
846
741
620
724
694
-2
-1252
-2277
-2461
-1913
-1142
-429
174
473
198
-543
-1177
-1254
-915
-625
-581
-625
-659
-817
-1143
-1342
-1078
-415
234
562
584
428
121
-306
-636
-631
-326
-31
24
-118
-302
-497
-734
-918
-854
-475
43
474
763
995
1190
1254
1159
1033
1028
1112
1119
967
742
556
419
317
294
400
581
716
784
884
1114
1443
1758
1971
2088
2181
2306
2494
2775
3151
3431
3266
2500
1422
342
-1003
-3126
-5612
-6845
-5592
-2665
-208
610
430
132
-431
-1426
-1771
-230
2483
4073
3436
1858
888
226
-1212
-2961
-3372
-2175
-1108
-1554
-2721
-3095
-2684
-2590
-2857
-2245
-316
1578
2069
1559
1385
1776
1807
1144
676
1084
1717
1558
678
-19
-232
-553
-1279
-1767
-1351
-387
199
128
-52
97
341
345
320
679
1300
1605
1359
963
822
760
326
-498
-1229
-1487
-1361
-1123
-857
-563
-401
-569
-949
-1149
-957
-601
-433
-530
-706
-844
-996
-1151
-1131
-806
-319
59
223
247
187
7
-256
-409
-314
-91
13
-87
-262
-396
-514
-656
-733
-630
-379
-135
26
183
422
706
936
1085
1202
1315
1380
1348
1221
1045
850
650
470
371
383
463
542
600
664
769
923
1138
1422
1737
2004
2195
2362
2560
2803
3025
3083
2777
2086
1295
641
-218
-1927
-4259
-5713
-4950
-2542
-541
-174
-779
-1229
-1474
-1833
-1622
107
2625
3782
2661
797
-5
6
-518
-1550
-1736
-819
-370
-1516
-3231
-3825
-3259
-2737
-2555
-1787
-197
958
673
-254
-321
641
1520
1714
1770
2117
2200
1424
288
-205
68
290
-34
-464
-478
-324
-541
-1028
-1139
-619
45
344
375
499
696
660
417
403
818
1224
1043
275
-528
-906
-874
-680
-487
-403
-572
-1012
-1436
-1494
-1183
-869
-846
-1029
-1161
-1149
-1091
-1027
-881
-614
-313
-67
115
239
220
23
-212
-267
-106
66
50
-132
-317
-416
-477
-526
-513
-405
-265
-155
-38
166
431
650
789
925
1111
1296
1404
1424
1383
1273
1096
932
872
895
909
881
870
933
1061
1212
1357
1482
1599
1747
1968
2285
2660
2944
2893
2395
1732
1281
821
-424
-2569
-4245
-3827
-1602
218
33
-1407
-2394
-2530
-2480
-2086
-436
2014
3100
1677
-529
-1091
-60
558
1
-402
153
381
-1016
-3036
-3650
-2665
-1723
-1668
-1587
-806
-259
-914
-1896
-1534
227
1752
1989
1577
1436
1387
906
401
705
1614
1953
1187
99
-372
-307
-316
-461
-308
134
281
-141
-643
-650
-238
153
409
751
1158
1241
790
129
-267
-264
-56
160
280
148
-351
-1031
-1449
-1357
-971
-723
-805
-1082
-1352
-1509
-1495
-1257
-850
-472
-306
-327
-354
-293
-201
-147
-72
89
244
222
7
-217
-284
-225
-176
-187
-212
-235
-277
-295
-202
8
215
326
390
517
722
939
1128
1291
1391
1353
1190
1048
1057
1174
1240
1184
1089
1036
1022
1034
1118
1288
1445
1484
1472
1573
1852
2211
2492
2534
2207
1609
1089
785
233
-1057
-2567
-2940
-1673
-121
-39
-1433
-2694
-2766
-2155
-1545
-654
715
1507
617
-1124
-1630
-337
1025
910
-43
-411
-279
-815
-2032
-2568
-1836
-980
-1120
-1763
-1828
-1406
-1384
-1715
-1368
-51
1114
1111
391
98
495
959
1169
1434
1812
1749
939
10
-190
312
730
587
171
-106
-295
-585
-798
-601
-93
235
148
-66
-80
11
-51
-201
-145
154
388
315
37
-224
-408
-533
-532
-401
-374
-702
-1264
-1640
-1581
-1278
-1066
-1068
-1179
-1281
-1293
-1110
-703
-264
-75
-189
-357
-326
-119
63
124
117
89
10
-129
-250
-273
-219
-156
-90
1
89
103
62
100
305
587
779
842
881
965
1046
1083
1133
1243
1323
1267
1144
1133
1296
1505
1620
1619
1548
1461
1438
1571
1852
2136
2238
2050
1607
1140
945
939
501
-802
-2271
-2494
-1110
375
250
-1298
-2533
-2450
-1694
-1077
-418
459
698
-405
-1775
-1598
99
1287
696
-586
-969
-637
-813
-1549
-1724
-1051
-617
-1128
-1824
-1777
-1314
-1271
-1479
-1067
-38
568
193
-403
-258
539
1203
1422
1485
1501
1204
626
339
703
1266
1298
724
120
-111
-129
-199
-243
-95
83
-28
-390
-621
-496
-186
60
220
335
297
39
-230
-204
87
273
112
-258
-579
-771
-883
-904
-834
-817
-998
-1276
-1372
-1188
-921
-776
-748
-712
-633
-557
-465
-302
-115
-30
-89
-172
-159
-61
31
64
55
27
-14
-36
10
136
268
327
320
324
385
471
556
669
824
954
987
958
978
1089
1228
1332
1416
1499
1546
1539
1521
1554
1648
1768
1868
1907
1877
1832
1794
1695
1513
1374
1264
749
-519
-1924
-2149
-801
656
454
-1261
-2612
-2414
-1399
-721
-391
4
30
-898
-1954
-1588
129
1241
511
-923
-1317
-744
-551
-1070
-1315
-853
-568
-1115
-1812
-1748
-1197
-1016
-1200
-1019
-387
-85
-474
-841
-425
496
1077
1050
862
833
824
742
828
1190
1446
1175
548
143
198
384
344
127
-43
-153
-333
-522
-508
-273
-59
-38
-130
-191
-216
-223
-126
99
250
96
-289
-573
-569
-419
-370
-506
-770
-1081
-1321
-1327
-1067
-773
-721
-914
-1094
-1060
-854
-629
-472
-405
-433
-502
-494
-357
-176
-82
-106
-179
-227
-223
-145
-2
148
226
209
160
158
240
384
528
618
640
637
657
701
760
838
933
1018
1077
1149
1278
1426
1517
1523
1500
1518
1607
1737
1841
1881
1869
1810
1659
1433
1293
1290
1035
70
-1244
-1713
-750
519
405
-1155
-2444
-2208
-1135
-558
-609
-608
-591
-1121
-1805
-1454
-29
859
118
-1210
-1456
-651
-201
-645
-1090
-900
-662
-1013
-1519
-1459
-1021
-911
-1132
-1081
-646
-421
-667
-819
-354
390
717
546
394
565
838
976
1061
1186
1183
918
617
610
830
875
568
173
0
5
-38
-168
-223
-148
-73
-104
-183
-214
-193
-132
-14
105
72
-179
-455
-481
-248
-40
-112
-441
-803
-1003
-982
-812
-661
-697
-915
-1089
-1012
-737
-513
-508
-645
-739
-688
-513
-309
-176
-169
-242
-271
-192
-65
19
52
84
135
185
234
296
373
455
531
589
621
640
698
812
926
967
934
906
962
1097
1247
1345
1381
1388
1412
1489
1627
1790
1893
1881
1824
1834
1870
1762
1521
1359
1225
672
-399
-1151
-705
422
633
-659
-2081
-2100
-1049
-425
-691
-986
-876
-976
-1502
-1536
-545
390
-2
-1202
-1581
-793
-137
-473
-1062
-985
-584
-703
-1208
-1308
-905
-687
-921
-1086
-840
-578
-669
-774
-422
163
362
113
-27
280
734
942
939
949
963
856
738
828
1041
1034
708
365
269
302
222
58
9
60
-3
-230
-399
-337
-161
-63
-75
-132
-232
-378
-439
-303
-107
-123
-400
-675
-713
-579
-494
-566
-736
-912
-1017
-976
-797
-632
-647
-810
-919
-849
-671
-521
-447
-433
-451
-449
-362
-205
-80
-50
-61
-29
40
98
158
246
335
376
389
434
514
578
625
700
798
852
850
873
991
1139
1207
1184
1178
1268
1411
1518
1569
1594
1599
1573
1585
1705
1827
1742
1478
1283
1150
676
-215
-792
-353
523
451
-851
-1974
-1685
-628
-291
-886
-1347
-1200
-1120
-1432
-1400
-607
12
-497
-1493
-1592
-744
-234
-676
-1225
-1075
-663
-760
-1175
-1189
-802
-650
-916
-1095
-890
-636
-624
-601
-295
51
48
-165
-108
325
727
788
660
633
725
794
843
945
1017
892
622
464
526
617
524
299
145
128
131
59
-56
-141
-184
-203
-218
-244
-300
-363
-372
-314
-261
-297
-411
-509
-531
-505
-495
-537
-624
-725
-782
-756
-682
-649
-705
-781
-788
-718
-640
-601
-576
-543
-501
-440
-351
-255
-197
-169
-108
-3
97
159
213
291
368
414
457
519
578
603
629
700
786
831
845
889
992
1104
1174
1200
1224
1280
1373
1472
1563
1635
1662
1632
1614
1664
1697
1581
1394
1319
1197
621
-266
-571
134
834
226
-1285
-1910
-996
5
-303
-1279
-1497
-1005
-943
-1403
-1306
-466
-131
-935
-1717
-1308
-382
-333
-1092
-1394
-888
-547
-927
-1307
-1005
-499
-559
-998
-1087
-743
-501
-528
-449
-125
55
-110
-235
70
569
760
604
492
625
804
849
861
944
972
816
608
544
586
566
485
448
418
265
72
55
204
251
68
-150
-201
-149
-156
-223
-263
-299
-395
-495
-487
-407
-409
-528
-635
-640
-600
-603
-619
-597
-575
-611
-671
-669
-610
-575
-585
-582
-546
-525
-520
-459
-338
-252
-267
-300
-232
-77
53
114
156
220
282
345
438
546
600
595
619
724
833
850
814
834
931
1028
1081
1115
1160
1197
1225
1279
1383
1506
1575
1558
1517
1548
1608
1547
1363
1235
1145
744
-1
-390
130
823
389
-1042
-1781
-948
129
-150
-1301
-1668
-1051
-775
-1287
-1467
-749
-250
-893
-1756
-1513
-581
-406
-1129
-1492
-979
-554
-931
-1411
-1140
-533
-518
-1024
-1198
-814
-491
-555
-584
-280
-21
-156
-355
-125
378
594
417
282
446
670
705
664
742
833
743
558
509
583
572
449
398
456
419
203
27
86
234
206
9
-141
-153
-141
-174
-198
-202
-271
-416
-519
-504
-453
-477
-564
-635
-662
-667
-651
-598
-541
-539
-595
-635
-604
-528
-468
-437
-417
-395
-386
-378
-334
-246
-162
-129
-127
-101
-36
39
98
157
232
322
393
432
453
475
515
577
634
655
636
627
668
735
776
776
780
813
845
843
828
833
864
897
922
940
942
915
869
819
778
748
726
691
620
513
413
354
322
299
264
176
-16
-280
-473
-492
-412
-400
-521
-685
-800
-858
-885
-880
-873
-926
-1035
-1089
-1006
-848
-757
-782
-837
-841
-786
-712
-636
-569
-527
-504
-452
-350
-231
-160
-154
-159
-119
-27
80
156
190
200
217
259
324
379
397
378
356
358
398
450
477
457
404
366
374
405
407
365
298
249
226
225
229
211
152
63
-8
-34
-44
-82
-157
-235
-282
-301
-315
-331
-357
-396
-444
-472
-457
-418
-397
-409
-435
-443
-426
-394
-358
-331
-317
-305
-278
-231
-177
-135
-113
-92
-56
5
82
152
199
227
257
312
390
468
526
564
596
635
686
746
809
857
890
916
949
986
1022
1055
1084
1102
1109
1115
1116
1100
1061
1008
934
814
647
494
409
377
344
266
134
-55
-274
-449
-504
-481
-500
-621
-789
-911
-964
-978
-980
-993
-1041
-1116
-1148
-1087
-969
-898
-912
-959
-956
-882
-776
-685
-633
-616
-610
-574
-488
-375
-285
-254
-258
-238
-162
-57
23
56
66
95
158
237
301
330
320
289
278
316
382
424
410
357
316
313
330
329
295
243
199
175
168
160
126
56
-24
-74
-76
-68
-94
-160
-235
-286
-306
-315
-326
-351
-389
-425
-442
-431
-421
-428
-451
-465
-452
-424
-399
-380
-365
-352
-335
-304
-257
-210
-180
-159
-131
-88
-40
11
63
112
152
188
231
287
350
405
451
500
557
617
672
719
764
805
845
892
947
997
1029
1038
1041
1053
1067
1064
1037
997
946
862
733
585
464
398
362
326
256
123
-75
-283
-410
-425
-403
-450
-580
-722
-815
-849
-850
-844
-871
-945
-1026
-1037
-959
-865
-833
-862
-887
-862
-791
-706
-633
-596
-593
-578
-509
-395
-295
-245
-230
-208
-160
-93
-21
40
72
82
108
175
257
301
291
271
274
305
344
382
404
388
338
302
317
358
365
321
262
227
212
198
174
139
88
26
-16
-20
-15
-45
-116
-187
-217
-213
-211
-231
-262
-293
-314
-318
-306
-299
-318
-352
-368
-347
-309
-286
-287
-297
-295
-278
-246
-205
-170
-151
-140
-118
-76
-24
23
63
102
144
191
242
297
352
399
437
478
530
590
643
686
727
771
816
857
897
940
976
996
1008
1022
1032
1026
997
963
927
858
735
586
469
412
384
343
262
124
-62
-247
-352
-358
-347
-413
-553
-691
-764
-779
-775
-779
-812
-881
-944
-941
-867
-790
-783
-828
-853
-816
-739
-666
-618
-597
-591
-567
-497
-391
-305
-275
-273
-245
-173
-83
-13
25
36
44
69
130
202
246
243
218
219
256
306
336
329
300
272
268
286
305
297
255
204
177
176
178
151
91
26
-13
-21
-16
-31
-81
-152
-211
-232
-222
-215
-239
-286
-324
-333
-316
-303
-311
-337
-365
-373
-351
-317
-300
-311
-329
-327
-298
-262
-236
-220
-207
-187
-155
-110
-58
-18
10
38
84
138
191
237
280
323
368
412
459
513
564
608
645
682
724
763
799
830
859
884
899
910
917
915
894
855
816
776
711
605
473
363
300
267
231
161
34
-143
-314
-410
-420
-412
-464
-581
-703
-777
-799
-795
-796
-826
-885
-936
-927
-860
-794
-783
-810
-819
-780
-707
-640
-593
-573
-560
-526
-449
-349
-269
-239
-235
-213
-153
-74
-2
45
63
73
101
160
226
264
264
248
249
280
324
355
351
321
288
279
297
316
306
262
211
182
179
178
155
104
48
10
-3
-5
-22
-66
-127
-178
-197
-193
-193
-216
-254
-282
-287
-274
-268
-280
-301
-322
-324
-304
-276
-262
-268
-279
-275
-249
-218
-191
-173
-157
-137
-107
-70
-31
1
29
58
99
148
194
231
267
309
353
399
444
486
529
573
621
670
716
755
788
817
842
869
890
905
913
916
914
902
876
841
796
734
641
525
416
347
314
283
220
105
-52
-216
-326
-364
-368
-408
-508
-629
-718
-753
-758
-766
-802
-863
-914
-915
-858
-791
-767
-792
-812
-785
-711
-630
-576
-554
-546
-517
-444
-348
-266
-227
-218
-199
-143
-59
19
63
77
87
122
184
248
284
285
278
281
306
344
369
366
342
320
318
331
334
312
274
239
217
202
184
149
103
51
11
-9
-20
-41
-79
-129
-172
-203
-224
-243
-263
-282
-297
-309
-318
-326
-337
-350
-360
-362
-356
-344
-333
-327
-319
-305
-287
-266
-243
-216
-188
-162
-133
-95
-57
-21
12
47
84
123
160
201
245
286
323
361
402
441
479
518
557
597
635
669
703
736
767
792
809
818
822
828
831
831
824
802
765
722
679
630
555
450
337
245
189
154
106
18
-115
-268
-392
-456
-477
-511
-591
-702
-796
-845
-854
-852
-869
-912
-956
-966
-927
-862
-820
-817
-822
-802
-740
-661
-594
-555
-534
-503
-441
-354
-271
-220
-195
-169
-118
-46
23
70
95
116
148
200
253
290
301
300
306
327
351
362
352
331
314
311
320
325
311
277
237
206
187
175
151
109
59
16
-15
-35
-58
-92
-137
-184
-222
-243
-255
-270
-293
-315
-331
-339
-341
-345
-351
-360
-367
-365
-354
-338
-327
-315
-303
-283
-257
-228
-196
-164
-132
-100
-66
-30
6
41
75
112
146
177
209
243
277
312
348
381
409
435
462
491
521
550
574
595
612
630
649
672
691
708
720
727
728
727
725
724
723
719
711
692
656
607
551
486
408
322
239
171
120
68
0
-97
-216
-335
-426
-479
-514
-561
-631
-706
-764
-794
-807
-818
-838
-864
-876
-856
-808
-758
-727
-712
-691
-649
-590
-525
-473
-440
-408
-360
-292
-218
-158
-118
-87
-49
5
63
115
151
174
198
234
276
310
325
323
318
321
331
343
349
340
323
305
293
287
277
258
234
208
179
153
126
93
56
19
-14
-45
-73
-105
-140
-180
-219
-251
-275
-293
-309
-324
-338
-346
-351
-354
-355
-356
-356
-352
-339
-317
-294
-274
-254
-232
-208
-178
-148
-115
-84
-55
-25
10
46
81
114
145
177
208
239
268
300
332
362
392
418
436
454
474
495
516
534
547
558
568
582
597
607
612
613
614
619
625
625
620
614
613
611
604
587
551
502
450
397
337
265
182
104
43
-4
-55
-128
-232
-347
-446
-509
-540
-568
-620
-690
-756
-797
-811
-810
-816
-833
-845
-837
-802
-758
-725
-709
-695
-666
-615
-553
-502
-466
-438
-401
-344
-277
-218
-176
-146
-112
-62
-4
48
85
107
127
157
194
226
243
246
244
248
258
267
267
258
243
232
226
220
202
179
153
131
113
93
67
35
0
-34
-63
-87
-115
-147
-181
-214
-244
-271
-294
-315
-330
-341
-348
-351
-354
-355
-351
-342
-332
-320
-306
-290
-270
-244
-217
-191
-167
-144
-120
-90
-57
-24
6
35
62
92
123
154
184
210
235
262
289
317
341
364
385
404
422
438
451
462
473
482
490
498
499
501
500
504
509
516
523
529
534
540
547
552
550
544
541
540
539
534
513
478
433
391
350
305
246
171
94
28
-19
-63
-117
-195
-292
-382
-444
-480
-507
-547
-603
-660
-697
-709
-709
-715
-731
-746
-741
-711
-666
-630
-612
-600
-577
-530
-469
-412
-373
-345
-313
-263
-200
-138
-95
-63
-32
10
59
104
133
149
165
189
223
251
265
264
261
267
279
290
291
280
264
253
248
242
225
201
172
146
126
105
75
35
-6
-42
-71
-94
-121
-150
-181
-208
-229
-247
-266
-284
-298
-306
-305
-301
-296
-294
-291
-282
-267
-250
-233
-214
-197
-175
-151
-124
-99
-73
-48
-20
6
32
58
83
111
137
166
192
214
234
253
272
291
310
326
340
352
363
373
381
388
395
402
409
415
421
422
422
421
420
418
418
418
420
421
421
419
417
415
416
419
421
416
409
403
399
395
384
361
326
287
248
213
169
114
48
-20
-77
-123
-168
-228
-308
-391
-461
-508
-537
-565
-607
-657
-700
-720
-722
-718
-720
-729
-733
-718
-682
-642
-612
-593
-574
-543
-494
-442
-395
-363
-331
-290
-238
-182
-134
-97
-64
-26
20
65
101
125
142
163
190
217
234
238
236
235
241
247
247
236
217
201
191
182
167
143
111
79
53
32
10
-16
-50
-85
-117
-143
-170
-193
-215
-237
-253
-267
-281
-293
-305
-311
-314
-311
-304
-297
-289
-278
-263
-248
-230
-213
-193
-171
-147
-120
-93
-68
-43
-19
7
34
60
86
110
133
153
173
192
210
230
247
263
276
289
300
309
320
330
337
342
347
350
353
354
353
354
352
352
352
351
346
340
335
334
333
334
334
333
331
332
334
337
339
339
339
340
340
339
336
329
317
297
271
242
213
181
141
94
37
-16
-61
-99
-139
-191
-255
-323
-378
-414
-437
-461
-496
-534
-569
-585
-586
-585
-589
-596
-594
-576
-542
-508
-483
-467
-449
-416
-369
-319
-280
-251
-226
-192
-148
-102
-64
-36
-13
13
46
82
109
125
133
142
161
183
200
206
202
197
196
200
205
203
190
174
158
145
135
124
104
79
51
27
7
-11
-32
-59
-86
-108
-126
-141
-156
-174
-191
-204
-211
-213
-212
-211
-209
-206
-198
-188
-173
-159
-146
-133
-119
-101
-82
-63
-46
-32
-18
-2
15
33
51
68
83
98
114
132
147
161
171
182
195
208
222
233
242
249
256
264
273
279
282
286
287
290
290
287
281
275
270
268
266
263
256
249
242
235
230
226
225
223
222
223
226
229
231
234
238
244
252
258
263
263
259
257
254
251
237
216
186
152
117
82
45
5
-38
-83
-123
-163
-207
-257
-309
-352
-384
-405
-424
-446
-473
-498
-514
-520
-519
-519
-519
-516
-505
-485
-464
-444
-429
-414
-393
-361
-329
-300
-275
-251
-226
-194
-160
-129
-103
-78
-51
-22
6
28
43
53
65
80
99
115
124
124
119
117
119
122
123
117
106
95
86
80
70
55
34
14
-3
-14
-24
-39
-58
-81
-97
-110
-119
-130
-143
-156
-166
-171
-174
-178
-184
-191
-192
-187
-179
-171
-166
-161
-154
-146
-135
-124
-115
-103
-91
-75
-61
-47
-35
-22
-8
6
21
37
52
67
84
99
113
125
137
147
157
167
177
185
191
199
205
212
217
221
225
230
233
234
234
233
232
229
230
228
225
222
220
220
220
220
217
213
211
212
214
216
216
214
213
214
218
222
226
224
219
215
210
208
205
200
191
181
170
153
129
95
56
21
-6
-23
-41
-67
-102
-145
-186
-219
-247
-269
-291
-309
-323
-337
-349
-363
-380
-394
-398
-393
-381
-364
-351
-340
-330
-318
-303
-285
-263
-238
-212
-182
-153
-128
-107
-88
-69
-46
-19
11
42
66
85
97
107
115
125
137
149
159
166
169
167
163
157
149
142
134
129
122
115
102
85
67
48
32
19
3
-10
-26
-42
-58
-72
-86
-101
-114
-125
-133
-138
-141
-146
-150
-155
-157
-156
-153
-148
-145
-138
-131
-123
-114
-107
-100
-91
-82
-72
-61
-50
-39
-26
-13
-2
9
20
30
42
53
66
80
93
104
117
127
137
146
154
160
167
175
183
188
192
196
198
198
198
196
196
194
193
191
188
183
179
172
166
160
155
152
148
143
138
132
129
127
127
127
125
122
120
119
121
122
124
124
123
120
118
114
109
103
98
93
88
81
70
54
33
9
-13
-32
-47
-61
-75
-93
-117
-143
-171
-195
-214
-227
-236
-243
-251
-262
-273
-287
-298
-303
-303
-298
-289
-279
-269
-262
-256
-250
-241
-228
-213
-194
-173
-155
-139
-124
-113
-100
-87
-71
-51
-30
-10
4
15
22
28
37
46
53
61
68
74
77
77
73
66
57
50
47
46
44
39
29
15
1
-13
-24
-36
-46
-56
-63
-71
-80
-92
-105
-119
-129
-135
-136
-136
-136
-138
-140
-142
-143
-143
-140
-135
-127
-117
-107
-98
-91
-83
-76
-65
-54
-40
-26
-13
-2
9
21
30
42
54
65
78
89
101
111
119
126
133
138
146
154
162
167
171
172
174
173
172
171
170
169
169
166
164
159
155
151
145
142
139
136
133
130
126
123
119
114
111
110
110
109
110
109
109
108
109
111
112
113
114
116
119
121
125
125
124
122
121
119
119
116
113
108
100
93
81
68
50
32
16
0
-14
-29
-46
-67
-89
-109
-129
-147
-163
-178
-191
-202
-212
-222
-232
-241
-248
-251
-250
-247
-241
-234
-225
-216
-206
-195
-183
-168
-153
-135
-118
-99
-82
-66
-51
-35
-20
-6
10
24
37
49
59
68
74
78
83
85
87
90
90
89
87
83
79
73
68
61
55
47
40
31
23
13
2
-8
-19
-29
-36
-45
-53
-62
-69
-76
-82
-87
-91
-95
-97
-96
-96
-95
-93
-91
-88
-83
-78
-71
-64
-57
-48
-38
-30
-21
-13
-5
4
14
24
31
39
48
56
64
71
77
84
91
96
102
107
111
114
118
122
126
127
129
130
130
130
130
128
127
125
123
121
118
114
108
103
99
94
90
87
84
78
72
66
60
56
52
49
46
42
41
39
36
33
31
29
27
28
29
29
29
29
28
27
28
28
28
27
26
26
25
22
20
16
12
8
3
-2
-8
-16
-26
-36
-46
-58
-67
-78
-90
-99
-112
-125
-137
-149
-161
-172
-182
-189
-194
-200
-205
-210
-216
-219
-219
-216
-211
-206
-201
-194
-187
-178
-170
-161
-150
-139
-127
-113
-99
-89
-78
-67
-57
-45
-35
-25
-15
-6
0
8
13
18
21
25
28
31
34
36
36
36
34
33
31
30
26
25
22
18
16
11
6
1
-3
-8
-12
-15
-20
-24
-27
-32
-35
-39
-41
-44
-44
-44
-44
-44
-42
-40
-39
-37
-33
-31
-26
-21
-15
-11
-6
1
6
12
18
23
30
36
43
50
56
62
68
74
79
83
90
94
100
104
108
112
116
118
120
122
123
124
125
125
125
123
121
119
116
114
110
106
104
100
96
91
88
83
78
75
72
69
67
63
62
60
59
57
56
55
55
56
57
58
60
59
61
62
63
66
66
67
68
69
70
70
70
68
65
64
62
59
57
53
49
43
38
32
27
19
12
5
-2
-9
-17
-24
-32
-41
-49
-55
-62
-70
-77
-82
-87
-91
-97
-100
-105
-109
-111
-113
-114
-113
-113
-113
-111
-110
-107
-105
-102
-99
-95
-90
-85
-80
-73
-69
-65
-60
-56
-51
-46
-41
-36
-31
-27
-25
-21
-20
-17
-15
-14
-11
-9
-8
-7
-8
-8
-8
-9
-10
-10
-10
-10
-11
-11
-12
-14
-16
-16
-17
-19
-19
-19
-20
-21
-22
-23
-25
-26
-26
-27
-27
-28
-28
-29
-29
-29
-30
-31
-30
-29
-29
-28
-28
-27
-25
-24
-23
-22
-19
-18
-15
-12
-10
-7
-5
-3
0
3
5
8
11
13
17
19
22
24
27
29
31
35
36
39
40
42
44
47
47
49
49
51
51
51
51
50
50
49
48
48
46
45
43
41
39
36
34
33
30
28
25
22
20
19
16
14
13
11
10
8
6
4
3
2
0
0
-1
-2
-3
-4
-4
-5
-6
-5
-6
-6
-7
-8
-8
-9
-10
-11
-12
-13
-13
-15
-17
-18
-20
-22
-24
-26
-28
-31
-34
-35
-38
-40
-43
-46
-48
-51
-53
-55
-56
-58
-60
-61
-62
-63
-64
-65
-65
-64
-65
-63
-62
-61
-60
-58
-56
-53
-52
-49
-46
-43
-39
-37
-33
-30
-26
-23
-18
-15
-11
-8
-5
-1
3
6
8
12
15
17
20
23
25
27
29
31
33
34
36
38
38
39
40
41
42
41
42
43
42
42
41
41
39
39
37
36
35
34
32
30
30
27
25
24
22
20
19
17
16
15
15
13
13
13
12
13
13
14
15
16
18
19
21
23
25
27
30
31
34
36
39
41
44
45
48
50
51
53
55
55
56
57
58
58
58
57
56
56
54
53
52
51
49
47
45
42
39
37
35
32
29
27
24
20
18
14
11
9
7
4
2
0
-3
-5
-7
-8
-10
-13
-13
-14
-15
-16
-16
-17
-17
-18
-17
-17
-17
-17
-16
-16
-16
-16
-15
-14
-13
-13
-13
-12
-11
-11
-10
-9
-10
-10
-9
-9
-9
-10
-10
-10
-11
-11
-12
-13
-13
-15
-15
-17
-18
-20
-21
-23
-25
-26
-27
-28
-29
-31
-32
-33
-35
-34
-36
-35
-36
-36
-36
-36
-36
-36
-35
-35
-34
-34
-33
-32
-31
-29
-28
-27
-26
-25
-24
-23
-22
-21
-19
-19
-17
-16
-14
-13
-13
-12
-12
-11
-10
-9
-8
-7
-8
-8
-7
-7
-8
-8
-8
-9
-10
-10
-12
-13
-13
-14
-16
-17
-17
-18
-19
-20
-20
-21
-21
-21
-21
-21
-20
-20
-19
-17
-17
-16
-13
-12
-10
-8
-5
-3
-1
1
3
5
7
8
10
12
13
15
17
18
18
19
19
19
20
20
20
20
18
20
19
17
16
16
15
13
12
12
11
9
8
7
5
4
3
3
2
1
0
0
-2
-2
-4
-3
-4
-4
-3
-3
-2
-1
-1
0
0
2
4
6
9
10
11
13
15
17
18
20
22
22
24
25
25
26
26
27
27
27
27
26
24
25
23
23
24
24
23
23
20
18
17
16
14
14
13
13
12
8
7
3
1
-1
-2
-2
-1
-1
-1
-2
-5
-7
-11
-13
-15
-13
-9
-7
-5
-6
-12
-20
-28
-33
-33
-29
-22
-16
-16
-23
-36
-48
-59
-61
-52
-36
-21
-11
-11
-21
-35
-45
-46
-33
-12
12
29
34
24
7
-10
-17
-12
7
31
49
56
46
26
3
-11
-12
1
22
43
53
48
33
12
-5
-10
-2
15
33
45
46
34
0
0
0
0
0
0
0
0
0
0
0
0
0
0
0
0
0
0
0
0
0
0
0
0
0
0
0
0
0
0
0
0
0
0
0
0
0
0
0
0
0
0
0
0
0
0
0
0
0
0
0
0
0
0
0
0
0
0
0
0
0
0
0
0
0
0
0
0
0
0
0
0
0
0
0
0
0
0
0
0
0
0
0
0
0
0
0
0
0
0
0
0
0
0
0
0
0
0
0
0
0
0
0
0
0
0
0
0
0
0
0
0
0
0
0
0
0
0
0
0
0
0
0
0
0
0
0
0
0
0
0
0
0
0
0
0
0
0
0
0
0
0
0
0
0
0
0
0
0
0
0
0
0
0
0
0
0
0
0
0
0
0
0
0
0
0
0
0
0
0
0
0
0
0
0
0
0
0
0
0
0
0
0
0
0
0
0
0
0
0
0
0
0
0
0
0
0
0
