0
0
0
0
0
0
0
0
0
0
0
0
0
0
0
0
0
0
0
0
0
0
0
0
0
0
0
0
0
0
0
0
0
0
0
0
0
0
0
0
0
0
0
0
0
0
0
0
0
0
0
0
0
0
0
0
0
0
0
0
0
0
0
0
0
0
0
0
0
0
0
0
0
0
0
0
0
0
0
0
0
0
0
0
0
0
0
0
0
0
0
0
0
0
0
0
0
0
0
0
0
0
0
0
0
0
0
0
0
0
0
0
0
0
0
0
0
0
0
0
0
0
0
0
0
0
0
0
0
0
0
0
0
0
0
0
0
0
0
0
0
0
0
0
0
0
0
0
0
0
0
0
0
0
0
0
0
0
0
0
0
0
0
0
0
0
0
0
0
0
0
0
0
0
0
0
0
0
0
0
0
0
0
0
0
0
0
0
0
0
0
0
0
0
0
0
0
0
20
24
32
43
56
68
80
86
87
84
74
63
50
39
33
29
25
19
13
6
-2
-9
-12
-13
-14
-11
-7
-4
0
-1
-4
-10
-18
-23
-24
-23
-20
-15
-8
-3
1
2
5
8
10
11
8
1
-10
-25
-42
-60
-75
-88
-97
-103
-107
-112
-117
-119
-118
-114
-105
-93
-78
-67
-57
-49
-48
-46
-44
-39
-33
-26
-19
-12
-7
-4
-2
4
12
25
39
55
68
79
86
87
88
91
98
108
119
131
137
138
131
119
104
92
84
83
84
88
86
81
68
49
30
11
-4
-15
-24
-31
-35
-41
-49
-55
-58
-58
-54
-47
-39
-29
-18
-7
2
12
22
29
30
25
15
-2
-19
-33
-43
-46
-41
-32
-20
-10
-3
3
10
18
29
40
52
58
54
43
22
0
-26
-46
-61
-71
-76
-80
-83
-85
-84
-77
-64
-46
-22
-1
16
24
23
14
2
-11
-18
-18
-16
-11
-7
-8
-10
-13
-16
-12
-4
11
25
37
46
43
33
18
3
-10
-20
-23
-25
-24
-25
-29
-33
-37
-36
-31
-25
-14
-6
-2
0
-3
-8
-11
-11
-5
3
11
19
27
32
38
44
53
63
72
79
82
78
66
50
37
22
10
3
-1
-7
-10
-15
-24
-33
-43
-50
-53
-51
-46
-39
-33
-29
-32
-37
-45
-53
-54
-50
-35
-14
9
29
43
48
44
36
27
20
18
21
28
29
25
14
-3
-20
-35
-43
-43
-35
-21
-4
8
16
20
18
12
5
1
-6
-11
-14
-21
-27
-37
-50
-64
-79
-92
-100
-101
-97
-86
-70
-51
-34
-20
-7
2
8
15
25
38
55
73
92
108
115
116
106
89
69
52
39
33
34
37
44
48
47
44
36
29
23
17
16
18
23
30
40
46
50
47
37
20
2
-16
-29
-34
-35
-34
-31
-31
-35
-40
-43
-42
-35
-24
-9
5
19
29
39
49
58
67
75
76
68
51
21
-15
-55
-97
-133
-163
-182
-189
-180
-159
-124
-84
-43
-5
20
30
27
14
-5
-26
-52
-83
-123
-176
-243
-316
-384
-436
-459
-447
-395
-313
-214
-109
-16
63
120
159
187
208
224
240
254
264
269
266
260
251
241
231
222
213
207
198
188
175
155
130
97
57
12
-36
-80
-114
-132
-135
-117
-88
-50
-10
26
60
91
119
151
187
223
258
285
303
311
311
306
300
295
287
273
249
214
167
116
68
34
18
21
35
51
64
62
45
20
-10
-39
-61
-74
-82
-88
-93
-99
-105
-105
-104
-96
-88
-79
-74
-73
-76
-80
-84
-86
-87
-87
-93
-101
-115
-128
-142
-153
-157
-151
-142
-127
-108
-86
-66
-46
-29
-19
-15
-18
-27
-40
-54
-67
-77
-84
-89
-94
-99
-104
-107
-106
-99
-86
-65
-43
-21
-2
12
22
30
35
36
37
29
17
0
-21
-41
-58
-68
-68
-60
-47
-35
-28
-28
-34
-44
-55
-61
-59
-54
-43
-30
-19
-14
-13
-14
-20
-22
-21
-17
-12
-6
-4
-6
-9
-16
-21
-27
-33
-40
-51
-65
-83
-100
-115
-120
-116
-101
-77
-47
-21
-4
1
-9
-32
-64
-99
-128
-144
-149
-139
-122
-99
-79
-63
-49
-39
-26
-10
13
39
63
77
79
66
42
15
-8
-19
-16
-3
14
29
34
29
17
5
0
9
32
62
95
119
130
127
116
102
95
100
115
138
163
184
197
200
196
187
176
163
145
123
97
68
37
9
-13
-29
-39
-52
-66
-83
-102
-117
-121
-115
-94
-66
-36
-14
-4
-9
-28
-53
-78
-96
-105
-103
-91
-76
-54
-33
-11
10
31
47
60
64
61
53
40
27
13
2
-7
-19
-33
-50
-67
-83
-91
-94
-86
-72
-54
-36
-20
-7
2
14
25
43
65
91
120
147
168
184
192
194
193
194
195
199
204
210
214
213
210
201
191
186
184
187
192
199
204
203
198
187
172
157
145
136
131
127
123
118
115
109
105
102
104
111
121
134
148
157
159
154
142
127
108
90
70
54
36
19
0
-21
-42
-58
-71
-80
-86
-94
-104
-121
-144
-169
-195
-215
-229
-234
-233
-227
-219
-213
-211
-213
-218
-225
-236
-247
-257
-267
-276
-283
-288
-293
-298
-301
-304
-308
-310
-311
-311
-310
-307
-305
-305
-308
-313
-316
-320
-319
-317
-306
-291
-270
-241
-208
-171
-132
-94
-63
-38
-22
-13
-7
-4
1
10
23
35
45
52
50
41
26
10
-6
-19
-26
-28
-27
-22
-16
-11
-5
4
18
41
73
114
159
204
243
273
292
301
302
299
297
295
296
299
306
312
323
338
359
385
414
446
476
500
520
532
541
544
545
546
546
549
553
562
576
595
621
652
684
716
747
774
798
820
833
842
841
831
808
772
721
654
568
460
325
161
-32
-254
-500
-762
-1033
-1300
-1551
-1773
-1957
-2091
-2166
-2178
-2122
-2000
-1820
-1589
-1324
-1039
-746
-464
-203
28
224
381
497
576
619
634
627
603
570
531
486
439
390
337
277
206
120
17
-110
-258
-426
-611
-805
-1002
-1193
-1370
-1526
-1648
-1729
-1764
-1748
-1675
-1549
-1371
-1153
-907
-640
-371
-112
126
332
502
630
713
756
762
736
686
619
544
467
389
313
243
180
126
76
31
-8
-41
-68
-89
-98
-96
-85
-58
-21
29
94
172
262
366
480
603
731
862
995
1120
1233
1332
1417
1488
1548
1601
1647
1686
1719
1742
1758
1772
1790
1818
1857
1911
1985
2069
2143
2185
2176
2084
1880
1549
1096
535
-121
-854
-1616
-2365
-3069
-3689
-4187
-4523
-4676
-4657
-4467
-4102
-3583
-2955
-2263
-1537
-815
-143
439
918
1299
1569
1722
1768
1745
1680
1584
1478
1390
1342
1321
1320
1343
1393
1446
1467
1437
1352
1201
967
649
266
-164
-634
-1130
-1612
-2040
-2387
-2645
-2797
-2819
-2708
-2477
-2139
-1703
-1187
-635
-92
415
873
1252
1521
1668
1704
1642
1488
1261
1002
744
495
264
67
-72
-158
-206
-228
-227
-218
-231
-278
-359
-471
-623
-817
-1035
-1243
-1428
-1579
-1677
-1703
-1647
-1525
-1339
-1090
-791
-471
-155
140
408
634
803
912
971
981
943
863
763
654
537
418
306
213
141
86
53
49
71
112
163
232
319
414
509
605
708
812
907
995
1083
1173
1261
1346
1442
1558
1683
1809
1943
2092
2248
2389
2505
2603
2671
2675
2596
2432
2175
1797
1282
652
-51
-807
-1607
-2412
-3157
-3810
-4360
-4783
-5030
-5077
-4953
-4683
-4272
-3717
-3058
-2358
-1647
-931
-249
349
841
1250
1585
1824
1953
2000
2012
1997
1946
1884
1843
1818
1784
1728
1667
1606
1512
1349
1120
838
500
93
-366
-841
-1310
-1776
-2221
-2602
-2876
-3040
-3101
-3048
-2861
-2552
-2153
-1684
-1155
-590
-46
438
850
1197
1455
1598
1634
1587
1471
1279
1029
754
480
201
-90
-368
-603
-795
-966
-1111
-1212
-1269
-1304
-1320
-1303
-1249
-1177
-1107
-1033
-936
-825
-713
-602
-474
-331
-188
-47
106
273
439
591
734
873
996
1091
1152
1185
1192
1160
1091
1005
909
799
680
572
493
447
428
443
504
612
750
915
1113
1341
1576
1796
2009
2237
2465
2668
2840
3005
3158
3258
3279
3236
3120
2870
2442
1863
1182
407
-483
-1447
-2391
-3270
-4088
-4809
-5343
-5639
-5740
-5692
-5457
-4995
-4358
-3638
-2862
-2020
-1156
-369
303
907
1458
1883
2138
2277
2370
2416
2382
2303
2244
2209
2145
2048
1977
1948
1895
1761
1560
1322
1028
637
166
-338
-860
-1420
-1999
-2521
-2934
-3242
-3459
-3559
-3503
-3292
-2960
-2519
-1966
-1323
-653
-12
600
1183
1687
2059
2283
2388
2382
2255
2016
1714
1388
1031
636
246
-88
-370
-636
-890
-1099
-1258
-1398
-1533
-1637
-1689
-1726
-1768
-1792
-1756
-1670
-1568
-1447
-1278
-1061
-827
-590
-324
-32
246
484
699
911
1097
1230
1313
1367
1386
1351
1268
1166
1048
896
717
539
387
255
140
63
43
78
152
268
437
657
894
1135
1389
1662
1929
2161
2359
2548
2731
2881
2990
3086
3180
3240
3227
3150
3025
2810
2439
1898
1248
517
-324
-1272
-2247
-3163
-4017
-4811
-5470
-5890
-6076
-6098
-5959
-5587
-4976
-4225
-3411
-2520
-1549
-599
231
961
1639
2225
2622
2833
2947
3008
2969
2825
2654
2510
2351
2138
1924
1769
1644
1466
1219
952
665
312
-125
-599
-1080
-1590
-2137
-2660
-3090
-3409
-3638
-3771
-3761
-3587
-3273
-2842
-2293
-1633
-910
-191
500
1164
1779
2280
2620
2803
2853
2769
2541
2201
1801
1362
873
357
-121
-520
-867
-1193
-1481
-1696
-1855
-1995
-2110
-2172
-2190
-2215
-2250
-2246
-2171
-2056
-1931
-1777
-1554
-1280
-989
-672
-307
81
434
735
1020
1294
1509
1640
1702
1718
1672
1550
1379
1198
999
759
502
278
105
-30
-141
-195
-171
-86
38
206
433
697
961
1212
1477
1761
2026
2240
2411
2579
2745
2882
2980
3073
3170
3231
3217
3146
3038
2841
2471
1917
1251
505
-355
-1335
-2339
-3283
-4168
-4997
-5677
-6097
-6268
-6271
-6109
-5705
-5046
-4241
-3372
-2420
-1386
-383
487
1246
1954
2557
2952
3142
3227
3248
3159
2965
2746
2556
2354
2101
1853
1680
1545
1364
1119
858
583
241
-185
-651
-1123
-1624
-2166
-2694
-3128
-3446
-3670
-3795
-3773
-3581
-3238
-2776
-2192
-1493
-725
41
772
1468
2109
2634
2986
3170
3212
3117
2872
2499
2053
1571
1039
473
-64
-518
-907
-1269
-1589
-1823
-1975
-2096
-2198
-2246
-2241
-2238
-2253
-2240
-2157
-2031
-1906
-1760
-1543
-1261
-959
-632
-257
151
535
867
1176
1476
1714
1851
1903
1902
1842
1698
1488
1255
1005
721
421
157
-38
-183
-297
-357
-333
-227
-63
144
397
684
981
1269
1557
1854
2147
2391
2567
2705
2844
2983
3092
3163
3232
3305
3344
3321
3262
3170
2966
2559
1962
1269
494
-417
-1462
-2529
-3529
-4481
-5375
-6083
-6493
-6651
-6661
-6485
-6009
-5248
-4346
-3383
-2314
-1156
-58
877
1709
2496
3143
3514
3652
3691
3665
3502
3207
2899
2634
2343
1996
1685
1491
1346
1136
866
608
359
41
-368
-816
-1268
-1766
-2329
-2871
-3300
-3608
-3848
-4001
-3991
-3779
-3402
-2901
-2268
-1500
-666
152
940
1717
2444
3020
3382
3563
3602
3485
3186
2741
2221
1642
991
313
-299
-805
-1243
-1655
-1999
-2226
-2352
-2432
-2473
-2453
-2387
-2340
-2317
-2261
-2145
-2012
-1906
-1795
-1617
-1370
-1093
-788
-426
-17
381
741
1092
1444
1741
1928
2010
2027
1980
1845
1620
1347
1045
704
335
-4
-269
-466
-619
-712
-710
-606
-425
-185
116
452
791
1118
1443
1771
2076
2336
2545
2699
2804
2888
2977
3063
3124
3165
3213
3271
3301
3282
3217
3060
2716
2153
1448
660
-249
-1314
-2459
-3556
-4578
-5534
-6329
-6829
-7033
-7053
-6899
-6447
-5654
-4664
-3604
-2464
-1227
-16
1028
1932
2771
3476
3891
4013
3992
3912
3707
3351
2954
2596
2239
1840
1481
1254
1111
928
681
441
228
-32
-386
-799
-1243
-1740
-2300
-2853
-3311
-3655
-3922
-4104
-4136
-3958
-3584
-3058
-2396
-1606
-731
160
1029
1877
2666
3301
3705
3889
3902
3756
3418
2903
2277
1589
845
82
-614
-1195
-1691
-2150
-2537
-2785
-2892
-2924
-2905
-2813
-2654
-2477
-2299
-2076
-1788
-1490
-1238
-1007
-736
-429
-130
143
421
703
952
1153
1342
1537
1694
1762
1757
1731
1684
1573
1388
1163
915
632
312
12
-225
-413
-583
-712
-742
-659
-496
-279
0
345
727
1117
1521
1952
2383
2757
3043
3268
3470
3648
3768
3815
3821
3812
3763
3645
3476
3280
2996
2526
1863
1102
299
-611
-1659
-2749
-3771
-4719
-5610
-6347
-6791
-6964
-6985
-6850
-6421
-5667
-4728
-3727
-2631
-1421
-220
837
1778
2677
3452
3946
4155
4235
4246
4115
3806
3420
3050
2658
2200
1754
1419
1159
855
490
148
-134
-434
-815
-1243
-1665
-2105
-2588
-3065
-3444
-3704
-3893
-4025
-4019
-3805
-3407
-2893
-2272
-1522
-681
175
1002
1810
2568
3181
3581
3784
3833
3720
3406
2899
2271
1566
798
-5
-778
-1465
-2065
-2592
-3009
-3266
-3364
-3352
-3262
-3081
-2805
-2471
-2128
-1777
-1411
-1051
-738
-463
-197
70
310
500
668
844
1018
1163
1280
1389
1487
1541
1541
1511
1459
1355
1181
953
716
479
231
-15
-227
-384
-499
-558
-532
-405
-210
24
313
675
1091
1521
1956
2387
2776
3099
3377
3644
3874
4018
4077
4092
4067
3961
3765
3497
3118
2551
1788
924
18
-971
-2074
-3203
-4250
-5197
-6044
-6707
-7081
-7200
-7162
-6946
-6438
-5632
-4663
-3634
-2526
-1332
-168
869
1808
2689
3423
3885
4099
4201
4230
4114
3839
3496
3151
2764
2323
1907
1581
1286
928
519
135
-207
-579
-1016
-1483
-1949
-2435
-2938
-3390
-3727
-3957
-4118
-4189
-4103
-3818
-3364
-2781
-2085
-1291
-436
429
1279
2092
2816
3375
3728
3881
3864
3679
3311
2773
2109
1363
573
-219
-969
-1637
-2219
-2712
-3097
-3335
-3425
-3399
-3285
-3084
-2806
-2468
-2103
-1721
-1324
-935
-581
-265
35
325
583
791
968
1134
1280
1396
1489
1569
1626
1637
1600
1540
1457
1327
1137
916
689
464
236
19
-164
-310
-407
-442
-392
-260
-65
190
509
893
1330
1803
2277
2712
3096
3453
3793
4076
4273
4396
4466
4458
4342
4139
3862
3451
2817
1986
1065
101
-964
-2139
-3310
-4378
-5351
-6222
-6882
-7231
-7325
-7269
-7027
-6477
-5629
-4637
-3599
-2472
-1253
-78
954
1894
2788
3529
3984
4197
4316
4366
4258
3983
3647
3317
2942
2496
2072
1744
1437
1049
601
189
-182
-597
-1088
-1602
-2100
-2606
-3126
-3585
-3912
-4125
-4270
-4317
-4190
-3850
-3343
-2726
-2000
-1171
-279
611
1469
2281
2995
3523
3826
3941
3899
3692
3285
2704
2018
1276
491
-303
-1045
-1697
-2271
-2768
-3147
-3358
-3418
-3381
-3263
-3047
-2737
-2376
-1999
-1604
-1193
-801
-462
-159
135
416
646
816
962
1110
1242
1340
1418
1494
1551
1557
1518
1463
1387
1254
1055
826
604
386
154
-71
-252
-381
-461
-476
-401
-236
-5
277
621
1039
1518
2008
2469
2892
3283
3651
3972
4221
4400
4516
4553
4486
4325
4088
3739
3195
2434
1538
572
-481
-1646
-2857
-4007
-5063
-6029
-6828
-7350
-7577
-7610
-7473
-7064
-6331
-5382
-4343
-3226
-2005
-762
374
1391
2348
3202
3815
4148
4323
4428
4408
4204
3885
3550
3194
2767
2316
1935
1616
1249
805
359
-36
-434
-907
-1430
-1950
-2467
-2999
-3509
-3914
-4190
-4376
-4483
-4447
-4202
-3761
-3184
-2497
-1704
-831
70
942
1769
2523
3133
3540
3742
3777
3667
3383
2920
2322
1648
930
183
-549
-1215
-1798
-2303
-2717
-2999
-3124
-3125
-3044
-2889
-2646
-2335
-2000
-1662
-1317
-970
-654
-383
-136
112
345
535
689
843
1009
1162
1283
1387
1487
1557
1572
1544
1490
1401
1249
1041
823
618
411
198
5
-135
-216
-245
-211
-97
90
337
635
993
1410
1864
2310
2720
3097
3458
3797
4077
4276
4410
4491
4494
4389
4185
3891
3453
2803
1957
1009
8
-1090
-2296
-3504
-4605
-5591
-6462
-7130
-7493
-7583
-7497
-7219
-6636
-5749
-4706
-3614
-2449
-1198
20
1099
2061
2946
3676
4132
4342
4440
4466
4345
4054
3689
3327
2940
2500
2071
1714
1379
984
537
114
-271
-689
-1184
-1718
-2241
-2751
-3258
-3719
-4071
-4302
-4440
-4471
-4330
-3969
-3430
-2784
-2043
-1197
-276
640
1494
2280
2969
3479
3765
3852
3790
3567
3145
2547
1858
1133
367
-427
-1171
-1814
-2364
-2834
-3187
-3365
-3382
-3294
-3127
-2853
-2475
-2049
-1632
-1220
-798
-399
-71
188
417
619
765
846
912
994
1079
1135
1178
1244
1322
1370
1381
1371
1346
1274
1143
984
823
647
440
223
48
-69
-145
-179
-137
2
223
511
879
1338
1844
2333
2796
3271
3760
4193
4517
4754
4941
5031
4963
4754
4440
3971
3242
2276
1209
110
-1086
-2401
-3707
-4864
-5877
-6778
-7463
-7803
-7847
-7734
-7453
-6858
-5934
-4866
-3790
-2652
-1415
-212
826
1743
2619
3365
3827
4037
4167
4270
4237
4020
3730
3464
3170
2796
2411
2094
1789
1383
884
397
-49
-541
-1136
-1779
-2393
-2982
-3561
-4083
-4470
-4706
-4840
-4867
-4701
-4289
-3691
-2995
-2219
-1335
-376
563
1429
2220
2914
3420
3681
3748
3685
3467
3039
2429
1749
1050
317
-437
-1134
-1717
-2217
-2659
-2990
-3141
-3147
-3090
-2978
-2763
-2441
-2084
-1741
-1391
-1015
-656
-362
-110
146
390
570
684
797
936
1064
1147
1215
1297
1375
1410
1406
1395
1365
1272
1117
943
779
603
392
181
13
-96
-161
-175
-106
58
294
589
959
1419
1925
2416
2872
3328
3794
4216
4539
4778
4966
5074
5040
4865
4587
4173
3520
2612
1566
470
-716
-2036
-3391
-4632
-5725
-6704
-7494
-7961
-8099
-8037
-7810
-7287
-6411
-5325
-4198
-3028
-1755
-468
680
1681
2610
3432
3992
4262
4395
4494
4489
4291
3968
3649
3337
2964
2554
2193
1876
1497
1013
512
59
-408
-975
-1625
-2264
-2862
-3447
-4001
-4441
-4728
-4890
-4941
-4821
-4460
-3889
-3195
-2415
-1528
-553
427
1340
2166
2887
3435
3746
3839
3763
3522
3083
2460
1742
991
220
-554
-1269
-1870
-2354
-2736
-2994
-3090
-3034
-2886
-2675
-2389
-2030
-1652
-1296
-967
-651
-361
-127
54
214
362
482
575
672
801
945
1074
1189
1305
1418
1497
1527
1514
1462
1362
1206
1019
824
623
410
206
51
-39
-70
-36
83
298
598
971
1416
1913
2417
2902
3379
3857
4299
4658
4925
5119
5226
5203
5035
4731
4252
3530
2575
1478
312
-944
-2304
-3676
-4934
-6036
-6981
-7692
-8085
-8174
-8050
-7716
-7075
-6123
-5000
-3837
-2630
-1359
-119
985
1955
2832
3551
4010
4231
4350
4420
4366
4154
3867
3589
3301
2967
2623
2314
1999
1597
1110
612
119
-430
-1084
-1791
-2485
-3146
-3773
-4327
-4750
-5021
-5151
-5124
-4890
-4417
-3752
-2968
-2097
-1137
-119
871
1764
2528
3136
3547
3727
3696
3493
3132
2601
1931
1201
477
-228
-910
-1536
-2052
-2448
-2736
-2916
-2966
-2898
-2759
-2572
-2327
-2014
-1673
-1359
-1079
-804
-527
-279
-75
114
297
459
592
726
891
1062
1198
1294
1381
1468
1516
1504
1446
1353
1216
1029
821
616
417
212
23
-103
-150
-128
-34
149
432
797
1233
1729
2254
2772
3267
3751
4216
4624
4942
5173
5319
5354
5248
4994
4582
3949
3058
1967
772
-500
-1874
-3305
-4667
-5877
-6920
-7754
-8286
-8472
-8398
-8123
-7578
-6698
-5571
-4361
-3129
-1840
-540
644
1666
2581
3374
3938
4226
4356
4442
4456
4317
4062
3798
3545
3250
2916
2603
2307
1940
1450
902
357
-218
-896
-1660
-2431
-3158
-3836
-4446
-4923
-5221
-5351
-5321
-5095
-4622
-3925
-3084
-2158
-1159
-104
939
1885
2690
3334
3779
3980
3941
3712
3322
2769
2067
1288
511
-232
-932
-1566
-2083
-2469
-2736
-2889
-2917
-2828
-2663
-2458
-2216
-1933
-1625
-1333
-1081
-846
-614
-390
-188
4
203
403
594
786
1001
1226
1426
1577
1688
1770
1804
1765
1650
1477
1251
983
694
411
145
-103
-314
-445
-473
-409
-256
-12
329
761
1265
1834
2431
2998
3502
3963
4405
4800
5097
5284
5397
5432
5351
5145
4836
4378
3673
2697
1565
372
-910
-2329
-3799
-5164
-6370
-7428
-8255
-8721
-8831
-8718
-8409
-7770
-6742
-5493
-4204
-2886
-1484
-95
1128
2181
3147
3966
4479
4682
4759
4818
4773
4539
4198
3876
3565
3194
2791
2439
2103
1657
1075
463
-117
-736
-1476
-2297
-3094
-3820
-4480
-5046
-5442
-5632
-5643
-5484
-5105
-4452
-3576
-2587
-1549
-460
666
1748
2686
3438
3995
4318
4370
4177
3802
3281
2602
1785
923
109
-634
-1318
-1929
-2422
-2782
-3026
-3169
-3194
-3113
-2972
-2801
-2593
-2320
-2000
-1682
-1387
-1090
-768
-432
-105
218
540
846
1116
1359
1600
1827
1996
2079
2097
2075
2007
1865
1648
1378
1071
735
392
81
-186
-420
-609
-706
-676
-533
-303
10
421
917
1470
2073
2705
3305
3813
4247
4668
5064
5366
5548
5662
5729
5685
5500
5210
4800
4128
3108
1864
566
-802
-2354
-4013
-5553
-6876
-8038
-8986
-9520
-9580
-9362
-8989
-8290
-7113
-5638
-4163
-2726
-1200
338
1645
2683
3617
4455
4964
5061
4998
4994
4953
4700
4314
3990
3733
3397
2983
2620
2301
1841
1153
377
-352
-1100
-1988
-2983
-3936
-4759
-5465
-6037
-6384
-6443
-6263
-5898
-5313
-4434
-3298
-2064
-861
307
1469
2553
3433
4063
4471
4652
4553
4190
3681
3099
2409
1573
677
-148
-870
-1539
-2167
-2690
-3080
-3376
-3598
-3697
-3646
-3505
-3349
-3162
-2876
-2492
-2081
-1696
-1308
-886
-453
-45
346
743
1123
1428
1662
1881
2105
2271
2320
2271
2180
2044
1820
1508
1150
771
357
-76
-456
-741
-956
-1132
-1226
-1156
-928
-604
-213
273
864
1503
2155
2833
3509
4082
4504
4858
5229
5561
5751
5822
5865
5868
5733
5458
5098
4572
3676
2396
973
-435
-1959
-3706
-5476
-6992
-8242
-9319
-10070
-10249
-9942
-9459
-8824
-7741
-6143
-4400
-2822
-1305
292
1769
2871
3700
4493
5139
5343
5160
4980
4971
4898
4593
4228
3993
3786
3433
2991
2606
2189
1508
547
-468
-1391
-2326
-3394
-4506
-5455
-6152
-6635
-6901
-6850
-6443
-5783
-4978
-3987
-2722
-1274
109
1285
2313
3269
4056
4530
4701
4674
4461
4000
3348
2681
2070
1418
652
-119
-748
-1245
-1729
-2225
-2653
-2979
-3258
-3509
-3655
-3647
-3546
-3432
-3269
-2954
-2478
-1947
-1436
-910
-327
269
808
1283
1728
2105
2345
2455
2519
2572
2547
2377
2108
1824
1535
1189
779
364
-21
-391
-741
-1007
-1136
-1168
-1148
-1047
-791
-385
98
606
1159
1774
2416
3047
3645
4174
4589
4899
5177
5456
5687
5831
5918
5964
5913
5727
5432
4981
4182
2916
1353
-253
-1901
-3739
-5677
-7400
-8761
-9863
-10668
-10891
-10452
-9676
-8824
-7708
-6060
-4099
-2299
-764
728
2163
3237
3875
4380
4899
5166
4982
4643
4537
4617
4577
4355
4166
4057
3825
3357
2783
2187
1403
268
-1095
-2412
-3574
-4682
-5790
-6749
-7367
-7600
-7520
-7138
-6400
-5337
-4125
-2895
-1601
-184
1212
2328
3091
3648
4094
4336
4278
4021
3708
3329
2808
2215
1718
1326
864
238
-437
-1023
-1570
-2201
-2904
-3542
-4055
-4483
-4818
-4944
-4794
-4458
-4045
-3522
-2797
-1916
-1041
-280
412
1069
1618
1990
2220
2385
2466
2395
2209
2037
1928
1787
1535
1228
952
684
338
-73
-459
-785
-1102
-1412
-1616
-1639
-1527
-1354
-1086
-652
-67
554
1162
1814
2537
3257
3877
4372
4779
5118
5387
5597
5761
5891
5997
6055
6017
5860
5617
5237
4517
3287
1670
-44
-1772
-3658
-5699
-7570
-9008
-10092
-10913
-11228
-10787
-9810
-8740
-7606
-6053
-4050
-2092
-533
799
2117
3209
3812
4120
4502
4897
4964
4716
4575
4763
5013
5034
4889
4745
4511
3975
3155
2225
1199
-78
-1640
-3243
-4606
-5677
-6561
-7266
-7651
-7593
-7144
-6412
-5425
-4179
-2804
-1519
-395
687
1777
2702
3261
3509
3664
3794
3796
3642
3471
3351
3159
2789
2341
1968
1591
984
104
-863
-1754
-2603
-3482
-4302
-4909
-5271
-5448
-5420
-5066
-4383
-3540
-2701
-1851
-916
42
857
1457
1906
2254
2465
2514
2498
2513
2518
2417
2235
2092
2024
1917
1668
1311
930
522
37
-484
-927
-1250
-1511
-1718
-1770
-1582
-1202
-734
-193
456
1182
1884
2534
3186
3853
4434
4833
5076
5261
5440
5589
5676
5723
5786
5880
5934
5870
5694
5417
4894
3860
2254
366
-1503
-3390
-5468
-7575
-9276
-10400
-11132
-11522
-11267
-10220
-8785
-7406
-5979
-4152
-2056
-254
1008
2012
2961
3645
3898
4003
4291
4645
4753
4675
4779
5173
5536
5568
5307
4885
4243
3236
1903
443
-1050
-2643
-4332
-5885
-7013
-7628
-7878
-7880
-7562
-6820
-5749
-4556
-3334
-2067
-826
185
887
1454
2044
2571
2865
2974
3123
3385
3627
3763
3866
3960
3868
3433
2731
1933
1031
-135
-1568
-3025
-4262
-5259
-6066
-6594
-6704
-6405
-5856
-5142
-4207
-3044
-1850
-858
-105
525
1077
1457
1620
1683
1770
1884
1954
2018
2174
2410
2570
2550
2392
2173
1861
1361
695
-21
-701
-1349
-1947
-2387
-2577
-2536
-2352
-2045
-1560
-886
-106
669
1397
2083
2717
3276
3776
4252
4684
4996
5157
5258
5413
5618
5789
5890
5983
6065
6022
5783
5397
4830
3818
2138
-11
-2164
-4119
-6054
-8028
-9690
-10702
-11147
-11242
-10855
-9727
-8051
-6393
-4973
-3480
-1711
-13
1180
1921
2536
3096
3438
3622
3961
4558
5147
5497
5717
6021
6356
6433
6046
5225
4085
2665
988
-824
-2564
-4092
-5428
-6607
-7480
-7815
-7563
-6945
-6198
-5347
-4336
-3261
-2306
-1504
-744
-27
503
808
1106
1621
2322
3014
3612
4157
4643
4963
5040
4887
4504
3782
2640
1185
-351
-1804
-3154
-4400
-5458
-6197
-6561
-6564
-6236
-5615
-4789
-3912
-3092
-2322
-1554
-801
-164
289
600
868
1147
1446
1776
2148
2520
2805
2953
2995
2966
2819
2469
1906
1212
498
-192
-842
-1410
-1851
-2158
-2346
-2399
-2268
-1945
-1504
-1030
-550
-22
590
1261
1929
2557
3144
3703
4235
4734
5200
5600
5863
5945
5907
5851
5817
5758
5641
5467
5220
4871
4418
3845
2998
1657
-184
-2226
-4153
-5905
-7543
-8948
-9890
-10309
-10323
-9933
-8971
-7455
-5741
-4179
-2784
-1390
-9
1149
1973
2558
3011
3341
3581
3870
4332
4931
5483
5842
5991
5978
5800
5349
4500
3256
1738
86
-1611
-3254
-4662
-5688
-6343
-6718
-6819
-6549
-5892
-5007
-4087
-3215
-2396
-1666
-1080
-611
-156
351
887
1418
1984
2669
3493
4362
5123
5650
5873
5746
5227
4315
3092
1665
108
-1531
-3156
-4593
-5685
-6368
-6669
-6632
-6291
-5708
-4984
-4205
-3410
-2634
-1941
-1399
-1014
-700
-362
38
471
918
1384
1871
2343
2748
3052
3235
3253
3045
2600
1979
1278
563
-144
-810
-1388
-1834
-2148
-2347
-2422
-2356
-2168
-1908
-1611
-1266
-843
-336
240
863
1518
2183
2833
3451
4029
4560
5015
5353
5541
5588
5549
5473
5371
5241
5096
4938
4726
4425
4025
3451
2487
957
-1046
-3174
-5136
-6893
-8460
-9697
-10414
-10598
-10372
-9742
-8601
-7013
-5292
-3747
-2437
-1265
-214
627
1232
1698
2145
2606
3084
3609
4237
4979
5735
6323
6577
6439
5946
5111
3915
2398
713
-968
-2555
-4005
-5204
-5996
-6317
-6253
-5931
-5427
-4793
-4111
-3493
-2982
-2551
-2151
-1762
-1393
-1025
-580
50
907
1939
3038
4113
5080
5824
6212
6185
5785
5055
3993
2592
961
-690
-2168
-3386
-4329
-4989
-5351
-5434
-5305
-5020
-4606
-4079
-3494
-2945
-2489
-2100
-1702
-1241
-709
-126
509
1182
1843
2423
2886
3242
3492
3611
3559
3338
2999
2596
2144
1659
1176
741
368
23
-334
-718
-1107
-1475
-1801
-2061
-2215
-2216
-2050
-1729
-1269
-665
86
936
1787
2557
3201
3703
4054
4255
4342
4369
4380
4387
4389
4391
4421
4505
4640
4779
4858
4838
4659
4177
3204
1661
-312
-2437
-4468
-6253
-7635
-8468
-8717
-8508
-8012
-7305
-6383
-5287
-4147
-3096
-2196
-1465
-944
-661
-570
-511
-277
269
1138
2239
3442
4613
5601
6245
6449
6240
5704
4907
3855
2582
1203
-142
-1361
-2392
-3157
-3565
-3594
-3330
-2932
-2546
-2267
-2161
-2253
-2517
-2854
-3127
-3221
-3083
-2711
-2111
-1295
-302
786
1874
2899
3810
4540
4993
5103
4863
4328
3562
2637
1641
680
-152
-818
-1316
-1673
-1913
-2058
-2147
-2215
-2283
-2334
-2338
-2274
-2138
-1930
-1633
-1237
-759
-240
277
757
1171
1486
1672
1724
1663
1527
1344
1139
934
755
627
550
503
470
450
439
413
333
190
8
-183
-365
-536
-670
-725
-676
-538
-338
-100
162
414
616
737
764
710
589
422
229
39
-120
-215
-236
-181
-65
95
276
445
572
640
653
622
549
440
315
199
115
78
90
153
256
379
484
537
519
428
272
60
-187
-430
-635
-777
-843
-833
-749
-605
-434
-270
-138
-57
-45
-100
-215
-366
-517
-641
-714
-729
-695
-623
-522
-412
-309
-232
-184
-164
-166
-198
-255
-325
-390
-436
-456
-446
-391
-291
-156
-10
129
251
349
415
437
416
361
285
197
110
34
-19
-36
-21
24
91
178
266
339
376
367
313
221
108
-21
-152
-268
-353
-397
-397
-358
-286
-189
-88
1
63
93
89
46
-34
-139
-247
-346
-425
-479
-510
-508
-481
-438
-387
-340
-304
-285
-288
-317
-366
-426
-482
-527
-554
-550
-509
-435
-333
-217
-96
18
115
189
233
250
240
208
162
113
73
47
43
61
99
154
216
276
325
352
354
331
290
239
183
131
89
63
58
71
99
135
182
230
273
308
333
345
345
332
311
287
267
257
258
269
289
313
340
365
385
391
380
350
299
230
144
48
-48
-143
-230
-305
-365
-408
-432
-444
-449
-450
-453
-459
-468
-472
-473
-470
-463
-453
-437
-419
-399
-380
-364
-352
-344
-344
-345
-348
-348
-346
-342
-331
-313
-289
-259
-225
-190
-155
-123
-96
-74
-57
-43
-31
-16
5
32
68
114
166
219
269
312
344
363
367
356
334
307
276
245
219
198
180
166
152
135
115
90
60
27
-8
-45
-86
-128
-170
-205
-236
-254
-259
-251
-235
-217
-206
-208
-224
-251
-283
-308
-320
-311
-283
-236
-182
-131
-90
-71
-74
-95
-125
-159
-196
-231
-258
-272
-275
-277
-266
-240
-196
-141
-85
-26
37
93
130
139
130
124
123
125
126
131
142
155
164
169
177
193
213
227
231
226
214
192
161
130
106
102
119
154
204
262
330
405
485
561
625
679
719
742
745
727
696
663
634
614
617
646
698
752
784
776
714
594
416
188
-65
-322
-564
-774
-942
-1062
-1131
-1157
-1157
-1144
-1134
-1133
-1142
-1159
-1172
-1170
-1137
-1062
-943
-785
-587
-357
-110
132
350
537
685
789
848
859
834
780
711
630
550
483
432
394
360
317
259
179
74
-57
-200
-342
-466
-566
-637
-670
-669
-630
-561
-469
-365
-259
-167
-108
-92
-116
-172
-244
-313
-364
-386
-384
-376
-379
-408
-469
-552
-637
-704
-729
-706
-643
-555
-467
-398
-357
-346
-357
-371
-378
-370
-343
-302
-254
-204
-150
-86
-5
94
204
309
390
430
423
371
297
225
178
168
190
232
273
300
303
294
293
315
369
459
569
677
758
801
809
799
793
817
877
966
1060
1129
1160
1157
1142
1143
1181
1269
1401
1554
1703
1827
1928
2018
2118
2240
2374
2477
2481
2310
1902
1246
386
-582
-1538
-2363
-2965
-3298
-3372
-3240
-2978
-2661
-2347
-2064
-1821
-1612
-1421
-1239
-1059
-876
-676
-431
-108
314
837
1416
1980
2436
2697
2704
2447
1972
1371
748
194
-233
-521
-691
-791
-868
-956
-1071
-1215
-1383
-1569
-1769
-1977
-2177
-2349
-2456
-2461
-2325
-2019
-1545
-934
-255
397
927
1264
1381
1309
1122
909
746
679
712
814
936
1024
1038
957
772
477
75
-421
-981
-1552
-2068
-2454
-2638
-2580
-2276
-1766
-1128
-454
162
647
958
1095
1088
991
865
760
719
759
887
1087
1328
1571
1775
1899
1917
1811
1592
1288
949
629
380
236
207
277
413
568
711
823
903
960
1008
1065
1145
1258
1402
1574
1760
1952
2132
2283
2386
2422
2380
2257
2063
1822
1570
1346
1179
1088
1070
1108
1175
1240
1277
1270
1231
1177
1130
1098
1073
1025
902
656
248
-324
-1028
-1788
-2507
-3087
-3449
-3563
-3450
-3176
-2832
-2507
-2262
-2119
-2062
-2045
-2015
-1934
-1786
-1580
-1336
-1078
-817
-553
-282
-1
280
533
717
790
726
522
210
-156
-512
-795
-962
-1000
-924
-782
-629
-512
-470
-517
-646
-826
-1019
-1188
-1303
-1343
-1307
-1197
-1037
-840
-631
-426
-239
-80
39
113
131
98
17
-95
-218
-327
-399
-418
-382
-305
-205
-114
-59
-60
-125
-248
-410
-584
-747
-875
-951
-964
-918
-819
-682
-527
-372
-234
-121
-43
-1
8
-11
-55
-113
-183
-254
-315
-359
-380
-376
-347
-303
-248
-194
-147
-114
-94
-93
-107
-133
-162
-185
-193
-181
-151
-103
-51
-5
30
45
42
26
5
-15
-29
-34
-29
-15
4
25
42
51
49
35
12
-16
-43
-67
-78
-73
-54
-20
22
71
119
163
200
227
243
250
248
240
230
221
220
227
246
276
315
360
406
448
473
472
440
369
260
118
-42
-204
-350
-457
-516
-517
-468
-380
-272
-171
-99
-68
-85
-149
-238
-331
-407
-445
-431
-365
-255
-117
23
145
227
260
241
174
75
-35
-137
-210
-242
-227
-171
-86
16
117
198
249
262
238
187
119
52
1
-22
-13
27
97
181
268
343
397
420
413
374
314
243
171
111
73
62
75
111
156
200
235
249
238
203
151
84
18
-38
-76
-92
-82
-51
-5
43
86
113
119
98
55
-2
-61
-114
-145
-151
-129
-86
-30
28
75
99
97
68
17
-46
-114
-171
-209
-221
-205
-164
-106
-40
24
76
109
123
120
103
82
60
47
45
58
84
118
156
190
216
231
232
220
198
170
141
115
96
88
90
104
126
147
166
176
175
164
142
116
89
63
45
36
36
45
60
78
96
110
116
115
106
93
79
68
60
61
65
71
76
80
80
74
65
53
40
25
12
1
-9
-14
-16
-15
-11
-6
-3
1
4
7
11
14
19
26
32
36
41
41
38
30
20
8
-5
-19
-34
-50
-68
-88
-111
-135
-158
-179
-194
-202
-201
-193
-177
-160
-140
-122
-106
-94
-86
-81
-80
-79
-78
-74
-67
-54
-40
-23
-10
-3
-3
-10
-23
-38
-53
-61
-60
-52
-37
-20
-7
1
1
-7
-20
-32
-41
-46
-47
-44
-43
-42
-46
-52
-57
-60
-60
-58
-55
-55
-63
-78
-102
-129
-153
-166
-165
-148
-119
-83
-51
-32
-31
-49
-82
-120
-154
-178
-184
-170
-139
-93
-41
10
54
88
105
108
95
68
36
3
-22
-35
-36
-21
4
34
65
91
108
114
110
97
78
57
38
23
15
16
25
42
63
87
108
121
128
123
111
96
84
78
83
98
122
150
182
212
244
274
305
336
362
378
380
366
336
301
269
253
257
285
328
374
414
430
420
382
322
252
183
128
91
77
85
108
144
182
218
244
256
251
234
209
186
175
178
197
226
251
260
240
189
105
-7
-131
-260
-384
-497
-590
-660
-697
-692
-641
-543
-411
-260
-122
-18
33
24
-33
-118
-203
-259
-272
-234
-153
-47
63
160
227
262
260
230
174
97
12
-77
-157
-216
-245
-239
-200
-139
-75
-26
-6
-23
-70
-135
-196
-237
-247
-222
-171
-107
-41
14
55
80
90
86
68
38
-4
-56
-109
-153
-180
-184
-168
-139
-109
-88
-88
-107
-138
-169
-191
-191
-172
-134
-89
-45
-9
16
31
40
47
53
55
54
46
33
17
5
4
15
39
74
108
135
147
143
123
90
54
22
-1
-10
-7
4
20
37
49
58
62
64
63
61
57
49
40
31
27
33
52
79
110
139
153
152
136
114
91
79
78
89
100
106
99
80
54
27
13
13
29
54
78
95
96
82
58
31
8
-5
-7
1
12
27
37
44
46
48
50
55
61
66
69
67
61
53
47
47
55
71
90
106
110
97
62
8
-56
-121
-175
-207
-213
-192
-152
-104
-56
-23
-6
-12
-35
-68
-105
-140
-167
-184
-185
-173
-149
-117
-80
-48
-24
-19
-32
-63
-106
-149
-183
-197
-188
-157
-114
-68
-34
-19
-25
-48
-84
-116
-141
-152
-149
-136
-118
-100
-84
-72
-64
-60
-58
-59
-64
-72
-82
-91
-96
-94
-85
-71
-59
-49
-47
-52
-64
-77
-89
-94
-95
-91
-85
-78
-74
-71
-67
-64
-58
-50
-40
-31
-21
-15
-9
-6
-6
-7
-8
-12
-16
-18
-18
-18
-12
-4
5
15
23
27
24
16
0
-15
-30
-38
-37
-25
-8
12
27
35
30
18
1
-10
-12
-1
22
51
79
99
109
110
107
107
112
120
129
135
132
121
106
90
80
79
88
103
117
128
132
129
119
108
97
90
84
82
84
85
88
92
96
102
108
113
117
120
118
111
102
88
74
62
54
51
56
67
79
90
95
92
80
61
37
14
-2
-11
-11
-3
8
19
27
32
31
27
21
12
4
-6
-12
-17
-18
-16
-7
5
19
32
42
46
39
28
12
-4
-16
-23
-21
-14
-2
8
15
16
11
2
-9
-19
-26
-32
-35
-38
-41
-42
-42
-43
-40
-37
-35
-32
-34
-41
-50
-59
-65
-67
-63
-51
-35
-19
-8
-5
-12
-25
-42
-61
-73
-77
-74
-63
-48
-32
-19
-10
-6
-8
-14
-24
-31
-37
-37
-31
-23
-11
0
5
4
-2
-13
-26
-39
-49
-55
-57
-58
-57
-54
-50
-45
-38
-33
-30
-30
-36
-43
-52
-58
-57
-49
-32
-10
12
29
40
40
33
17
1
-13
-21
-21
-14
-2
15
28
40
44
40
26
7
-12
-29
-40
-41
-31
-14
7
27
40
46
46
39
29
19
8
0
-6
-8
-9
-4
5
16
27
33
33
26
16
1
-9
-14
-13
-7
-2
3
4
1
-2
-3
-1
4
10
14
12
5
-6
-18
-28
-32
-29
-19
-5
9
20
26
26
18
8
-3
-13
-20
-21
-17
-8
5
21
33
41
41
35
23
8
-8
-22
-32
-39
-43
-46
-46
-44
-39
-29
-12
3
14
19
12
-5
-27
-49
-63
-66
-57
-39
-17
1
10
11
4
-7
-18
-26
-31
-33
-31
-27
-22
-15
-7
3
12
18
21
18
10
-2
-15
-27
-31
-29
-17
0
19
34
43
43
33
19
1
-15
-25
-28
-23
-10
5
23
40
55
62
60
46
24
-4
-35
-59
-76
-82
-76
-63
-44
-23
-5
6
8
3
-11
-31
-51
-66
-73
-68
-51
-25
1
24
39
43
39
28
13
-3
-14
-19
-16
-5
14
38
66
88
103
107
97
78
54
30
11
3
8
25
52
83
112
133
140
136
118
88
55
25
3
-4
5
30
66
109
148
172
178
163
125
73
16
-41
-88
-119
-133
-129
-109
-77
-38
1
34
55
60
53
35
15
4
5
22
53
89
124
146
152
141
117
88
61
40
30
27
30
36
40
40
35
25
7
-15
-42
-68
-90
-102
-102
-87
-59
-23
15
48
70
80
76
60
35
6
-23
-52
-74
-88
-91
-81
-59
-28
11
46
74
90
91
77
50
19
-13
-41
-61
-75
-81
-82
-81
-79
-78
-80
-81
-81
-81
-78
-70
-57
-38
-12
17
49
80
104
118
123
115
103
87
74
68
71
81
97
113
129
145
162
178
197
217
239
259
276
290
300
306
311
313
311
302
285
260
225
185
142
101
64
34
12
-1
-7
-5
3
17
33
44
48
32
-7
-73
-166
-283
-417
-559
-702
-836
-956
-1055
-1128
-1172
-1186
-1167
-1117
-1040
-938
-819
-684
-542
-394
-246
-100
38
164
273
363
432
485
522
551
573
591
609
624
635
642
642
635
619
594
560
517
469
417
366
320
280
244
210
170
122
56
-26
-124
-232
-344
-452
-546
-620
-671
-695
-697
-678
-642
-593
-535
-476
-415
-356
-300
-247
-193
-139
-84
-28
28
82
130
169
196
213
217
212
201
188
173
159
147
135
123
112
102
93
85
79
73
68
62
57
51
46
42
39
36
32
24
12
-2
-20
-35
-50
-59
-65
-67
-69
-71
-75
-82
-87
-91
-95
-92
-87
-79
-71
-62
-52
-42
-33
-20
-6
7
21
35
46
57
65
70
74
76
76
75
72
68
61
55
47
38
33
27
24
22
22
22
24
27
29
35
42
49
56
62
65
64
59
52
45
36
29
24
22
19
16
14
9
4
-1
-5
-10
-14
-17
-18
-18
-16
-9
-4
5
12
17
20
18
15
12
8
6
5
8
13
20
28
34
39
42
41
34
23
8
-9
-28
-44
-56
-62
-63
-58
-49
-37
-26
-14
-6
-1
-1
-8
-17
-29
-41
-51
-54
-54
-49
-38
-27
-16
-6
0
3
4
1
-2
-7
-14
-20
-26
-31
-34
-35
-33
-30
-25
-20
-15
-13
-12
-13
-14
-15
-15
-14
-13
-12
-9
-8
-8
-8
-9
-11
-13
-14
-13
-12
-11
-7
-7
-7
-11
-17
-28
-41
-55
-67
-76
-82
-82
-77
-70
-60
-51
-46
-42
-43
-45
-53
-58
-62
-64
-63
-58
-53
-45
-37
-31
-28
-29
-32
-37
-41
-43
-41
-35
-24
-12
2
15
24
27
27
23
17
13
11
12
17
24
33
40
44
44
42
32
19
5
-9
-20
-28
-31
-28
-23
-14
-6
-1
0
-3
-12
-23
-34
-44
-50
-49
-44
-36
-26
-17
-11
-8
-10
-16
-23
-31
-37
-39
-38
-34
-28
-19
-11
-3
3
5
6
4
-1
-4
-8
-10
-6
-3
4
11
20
26
29
30
29
27
25
24
25
27
30
34
39
42
44
42
37
30
22
12
5
1
-1
1
7
17
25
34
41
44
45
41
36
32
29
27
31
36
45
55
65
73
77
77
74
68
60
52
46
43
43
45
52
58
63
69
72
73
73
73
72
72
72
72
72
74
74
75
74
74
70
67
62
56
50
47
45
45
46
49
49
50
48
45
40
37
35
33
35
39
42
47
50
51
49
44
38
32
27
22
19
22
24
29
34
40
43
45
43
37
31
24
17
12
8
9
10
14
19
21
24
23
18
12
4
-2
-7
-7
-5
-1
7
15
22
28
32
34
33
31
26
23
20
17
16
16
17
20
23
28
29
31
32
30
31
31
33
35
37
41
43
44
46
45
43
43
40
40
38
39
42
47
55
68
88
115
149
192
243
301
363
426
486
538
577
602
611
603
578
538
489
431
373
316
263
217
179
149
128
115
110
112
119
131
146
166
186
207
226
245
256
262
260
249
231
203
167
126
80
33
-17
-64
-112
-155
-195
-231
-262
-287
-307
-319
-325
-324
-317
-306
-292
-276
-262
-250
-243
-240
-245
-254
-270
-289
-313
-341
-371
-402
-435
-468
-499
-528
-554
-573
-584
-587
-578
-559
-527
-488
-439
-385
-329
-275
-223
-177
-138
-105
-78
-56
-38
-23
-13
-5
1
2
3
1
-1
-3
-5
-5
-1
6
15
25
36
43
47
41
28
4
-28
-69
-115
-162
-206
-241
-264
-268
-252
-212
-153
-71
25
134
244
349
440
509
549
556
528
466
375
263
139
16
-96
-189
-256
-289
-294
-270
-223
-159
-83
-4
73
146
213
271
323
367
402
428
443
445
430
398
348
280
198
105
6
-94
-187
-267
-331
-375
-397
-400
-380
-341
-290
-228
-162
-97
-37
9
39
52
43
13
-33
-94
-162
-234
-303
-363
-412
-448
-465
-466
-446
-407
-344
-260
-154
-33
99
233
356
457
523
544
515
436
309
150
-29
-208
-369
-495
-575
-600
-576
-504
-395
-263
-123
12
133
230
302
346
367
368
356
335
312
293
278
268
263
264
264
263
259
247
227
198
160
116
65
9
-49
-108
-167
-220
-268
-309
-341
-365
-376
-376
-367
-348
-323
-290
-255
-216
-179
-143
-111
-82
-60
-47
-39
-45
-61
-86
-121
-164
-211
-260
-306
-343
-372
-388
-388
-372
-342
-297
-241
-178
-110
-43
21
78
125
161
183
191
187
171
147
117
86
57
33
17
12
15
26
45
68
90
113
133
148
159
165
166
163
158
149
138
123
105
80
51
18
-18
-55
-90
-121
-146
-165
-173
-173
-165
-150
-131
-108
-80
-50
-19
13
45
74
101
120
130
130
117
94
61
22
-20
-60
-94
-118
-132
-131
-121
-104
-80
-57
-41
-34
-39
-56
-85
-124
-170
-219
-266
-308
-343
-370
-386
-394
-394
-385
-372
-354
-332
-306
-278
-248
-215
-182
-150
-118
-89
-61
-35
-10
14
39
62
85
106
125
141
153
163
171
182
197
223
256
302
355
413
468
513
542
550
532
487
419
331
229
122
15
-85
-172
-245
-300
-337
-355
-356
-342
-316
-278
-235
-188
-142
-99
-63
-36
-16
-6
-3
-5
-11
-19
-26
-33
-36
-36
-33
-29
-24
-20
-20
-27
-40
-62
-91
-125
-162
-198
-228
-247
-253
-244
-220
-181
-133
-79
-23
31
77
116
143
159
167
165
158
150
139
133
131
136
149
171
199
232
268
304
334
358
374
379
376
364
345
321
294
266
237
209
183
156
130
102
77
49
20
-7
-34
-61
-87
-110
-132
-151
-167
-180
-191
-201
-210
-219
-229
-242
-256
-272
-287
-301
-310
-314
-308
-295
-272
-241
-202
-158
-111
-66
-21
17
52
80
101
117
126
130
133
132
131
129
128
129
129
133
138
144
151
158
166
174
182
191
199
205
212
215
216
215
210
203
194
182
170
159
148
138
131
126
124
125
125
130
132
136
139
143
146
151
156
163
170
178
185
189
190
185
175
159
137
112
87
64
49
43
50
68
97
134
171
203
222
222
202
153
80
-14
-122
-239
-354
-460
-550
-618
-659
-677
-671
-645
-603
-548
-487
-423
-357
-293
-232
-175
-122
-74
-31
9
44
76
104
131
156
177
195
211
222
227
229
222
209
189
162
128
91
51
10
-31
-68
-100
-127
-148
-162
-169
-172
-170
-166
-158
-150
-139
-128
-118
-107
-94
-80
-63
-45
-24
-1
21
45
67
87
102
114
122
122
118
109
95
78
60
41
21
4
-11
-23
-32
-38
-41
-40
-37
-33
-24
-15
-5
8
20
34
48
62
75
86
95
104
109
113
116
117
117
118
119
120
119
121
121
122
122
118
114
109
101
93
83
70
58
43
30
17
4
-8
-19
-27
-37
-44
-51
-58
-64
-70
-75
-81
-87
-92
-98
-103
-110
-114
-117
-119
-118
-115
-108
-95
-78
-56
-31
-3
27
57
87
114
136
155
167
174
175
170
161
147
130
111
90
67
46
22
-1
-23
-45
-67
-88
-108
-127
-144
-159
-172
-184
-191
-195
-197
-197
-194
-189
-181
-173
-163
-153
-142
-131
-122
-112
-103
-95
-88
-82
-78
-74
-71
-69
-65
-62
-59
-56
-52
-47
-42
-38
-33
-29
-25
-21
-19
-17
-16
-16
-15
-16
-14
-15
-13
-12
-11
-9
-7
-6
-4
-4
-4
-5
-8
-10
-15
-20
-27
-34
-43
-53
-63
-74
-86
-97
-107
-117
-125
-132
-137
-140
-142
-140
-137
-133
-127
-119
-111
-102
-93
-84
-75
-66
-58
-49
-40
-33
-24
-15
-8
0
8
15
23
30
37
44
51
59
66
74
82
91
102
113
126
141
160
180
206
236
271
311
356
404
455
508
558
606
650
687
716
736
745
745
733
712
678
635
581
518
446
366
280
190
98
7
-78
-157
-225
-281
-322
-350
-364
-364
-353
-333
-307
-278
-246
-215
-186
-161
-139
-120
-104
-91
-80
-71
-64
-57
-51
-48
-44
-45
-47
-53
-65
-81
-101
-128
-160
-195
-232
-271
-307
-339
-364
-381
-390
-388
-376
-355
-326
-292
-253
-211
-169
-129
-90
-54
-22
5
29
48
65
79
90
99
106
109
111
112
109
104
97
87
74
59
42
24
5
-15
-33
-50
-66
-80
-92
-101
-107
-111
-113
-112
-110
-104
-96
-86
-74
-59
-42
-23
-3
18
39
59
78
95
108
121
129
136
139
139
138
136
132
126
119
110
102
92
81
72
62
52
44
36
29
22
17
13
9
6
3
2
1
-1
-1
-1
-2
-2
-3
-4
-5
-9
-11
-14
-17
-19
-21
-22
-22
-22
-20
-19
-18
-17
-17
-16
-18
-20
-22
-25
-28
-30
-32
-34
-35
-35
-34
-34
-33
-32
-30
-29
-27
-26
-25
-23
-20
-16
-13
-9
-6
-4
-1
1
2
5
6
7
6
7
8
8
8
9
11
12
14
18
22
27
33
37
42
44
44
41
34
25
12
-4
-22
-43
-64
-84
-103
-120
-134
-144
-152
-155
-153
-147
-137
-122
-104
-82
-56
-28
2
32
61
91
116
138
157
171
180
186
188
186
183
177
172
166
160
155
149
141
135
126
117
106
93
79
62
47
31
16
2
-12
-23
-33
-40
-45
-49
-52
-53
-53
-54
-52
-50
-49
-47
-44
-43
-42
-41
-41
-42
-45
-50
-54
-60
-66
-73
-77
-83
-87
-91
-94
-95
-95
-93
-90
-86
-83
-78
-73
-69
-65
-61
-56
-54
-51
-48
-45
-44
-41
-41
-39
-39
-39
-38
-37
-38
-38
-39
-40
-40
-40
-40
-41
-41
-41
-39
-38
-37
-34
-32
-28
-25
-24
-21
-19
-18
-17
-16
-17
-18
-18
-19
-20
-20
-21
-22
-21
-22
-23
-24
-25
-26
-27
-28
-29
-29
-29
-27
-25
-20
-16
-8
1
10
21
34
48
63
80
95
111
128
143
158
173
187
198
209
217
224
228
231
232
230
226
219
211
201
189
175
159
143
126
109
92
77
63
49
36
29
22
18
17
18
24
31
39
50
60
71
82
92
100
105
107
107
102
94
82
67
48
29
7
-17
-40
-64
-87
-108
-128
-145
-160
-173
-180
-185
-188
-185
-180
-171
-160
-145
-129
-110
-92
-73
-54
-36
-21
-10
-2
2
3
-2
-9
-19
-33
-48
-64
-81
-97
-111
-125
-135
-144
-149
-152
-154
-152
-149
-145
-138
-129
-119
-108
-94
-79
-64
-47
-32
-17
-3
6
14
16
14
9
-2
-16
-32
-50
-68
-85
-100
-114
-123
-131
-134
-135
-136
-134
-132
-130
-129
-128
-126
-124
-120
-114
-107
-95
-79
-60
-38
-11
16
46
75
103
131
156
177
194
206
214
216
215
209
201
187
173
156
138
120
102
86
69
56
44
35
29
23
19
18
17
19
19
20
20
22
22
21
20
19
16
14
11
9
6
4
3
0
-1
-1
-1
-2
-1
-2
-3
-3
-5
-6
-8
-11
-12
-16
-19
-22
-25
-29
-31
-33
-36
-39
-39
-41
-42
-43
-44
-44
-45
-46
-46
-47
-48
-47
-48
-48
-49
-51
-51
-55
-58
-63
-68
-73
-79
-86
-93
-99
-106
-112
-117
-120
-123
-124
-124
-123
-120
-116
-112
-108
-103
-98
-91
-87
-80
-74
-68
-61
-54
-46
-36
-23
-10
7
27
50
77
108
143
182
223
267
313
358
404
448
487
521
550
569
583
585
580
566
544
513
477
433
386
335
282
228
174
120
68
20
-26
-67
-106
-138
-166
-188
-204
-215
-220
-222
-217
-210
-198
-185
-170
-153
-137
-119
-104
-89
-75
-63
-53
-44
-36
-30
-23
-20
-16
-14
-13
-14
-15
-17
-22
-27
-35
-44
-55
-70
-85
-102
-121
-141
-162
-184
-207
-227
-248
-267
-285
-300
-314
-325
-332
-338
-342
-341
-340
-336
-332
-325
-317
-307
-297
-286
-275
-265
-253
-241
-230
-219
-209
-199
-189
-180
-171
-162
-154
-146
-137
-128
-117
-105
-93
-79
-64
-45
-25
-2
19
46
74
102
132
162
192
223
252
279
305
328
348
365
380
390
396
399
397
392
383
370
354
336
314
290
264
237
208
178
149
120
92
65
39
15
-8
-27
-44
-60
-72
-82
-90
-96
-100
-102
-103
-102
-99
-96
-91
-84
-78
-70
-63
-55
-45
-37
-29
-20
-12
-5
2
7
11
15
16
17
17
16
13
9
4
-3
-11
-21
-32
-44
-59
-75
-90
-106
-121
-135
-147
-155
-161
-162
-159
-151
-139
-124
-105
-84
-61
-38
-15
7
28
47
63
78
89
102
111
121
130
140
150
160
170
179
188
194
199
202
200
196
187
175
160
141
120
95
69
43
16
-10
-36
-60
-84
-105
-123
-141
-153
-165
-174
-181
-184
-186
-184
-182
-177
-171
-165
-156
-146
-136
-125
-114
-104
-92
-80
-68
-56
-43
-31
-17
-4
9
24
38
54
71
87
105
123
142
161
179
197
214
229
242
252
260
265
266
265
260
253
246
237
227
219
211
206
202
199
199
202
205
209
212
217
220
221
220
218
215
210
203
196
191
186
181
178
175
175
175
175
175
176
172
167
158
147
133
114
92
67
39
10
-21
-53
-85
-116
-146
-175
-200
-223
-245
-263
-280
-294
-304
-311
-317
-319
-320
-319
-314
-308
-299
-290
-280
-269
-259
-248
-239
-228
-220
-214
-207
-202
-199
-195
-194
-192
-192
-192
-193
-194
-196
-198
-201
-204
-207
-210
-214
-216
-218
-220
-219
-217
-216
-212
-207
-201
-194
-186
-178
-169
-160
-153
-145
-138
-132
-126
-120
-117
-113
-109
-105
-100
-96
-91
-86
-79
-73
-65
-59
-52
-44
-37
-30
-22
-14
-6
2
10
18
27
35
44
52
61
69
77
85
90
97
103
107
111
114
116
118
119
122
124
126
129
134
139
146
156
166
179
193
209
227
245
263
281
296
310
320
326
326
323
313
298
279
255
227
199
169
139
113
88
71
56
48
46
49
56
69
83
100
117
132
146
156
165
168
166
162
154
142
128
113
97
80
63
46
32
20
10
1
-6
-11
-12
-13
-12
-8
-3
1
7
12
15
19
19
16
11
3
-9
-23
-40
-60
-81
-103
-126
-147
-168
-186
-202
-215
-226
-234
-241
-246
-248
-249
-250
-249
-248
-248
-246
-246
-243
-242
-240
-239
-238
-235
-232
-229
-224
-221
-215
-210
-202
-195
-186
-175
-163
-151
-136
-121
-104
-88
-72
-55
-39
-24
-11
1
11
21
27
34
38
42
46
48
51
54
56
59
62
65
67
70
72
72
73
74
76
76
79
81
85
88
94
101
108
115
122
129
134
138
139
137
133
125
116
103
89
74
60
46
33
24
18
16
19
25
35
49
67
86
105
126
145
163
178
189
197
201
201
198
191
182
169
155
142
127
112
99
87
76
66
58
51
45
39
35
30
26
19
14
5
-5
-16
-29
-43
-59
-77
-96
-116
-136
-156
-176
-195
-212
-228
-242
-253
-263
-269
-272
-274
-274
-271
-264
-257
-248
-237
-225
-211
-196
-179
-162
-144
-127
-107
-88
-68
-52
-36
-22
-9
0
6
12
14
15
13
11
8
7
6
6
7
11
16
24
31
39
49
58
66
73
79
85
88
92
95
96
97
99
99
99
97
96
92
87
80
71
60
46
30
14
-2
-15
-29
-38
-43
-43
-38
-28
-11
10
36
67
99
133
167
199
229
256
278
296
308
315
318
313
305
294
280
263
243
224
202
181
161
141
120
100
82
63
46
28
11
-6
-23
-41
-59
-78
-99
-120
-141
-163
-185
-208
-229
-251
-271
-290
-306
-322
-333
-341
-347
-349
-348
-343
-335
-323
-308
-291
-274
-255
-235
-216
-198
-181
-166
-154
-147
-142
-142
-143
-148
-156
-165
-176
-186
-198
-207
-216
-221
-224
-225
-222
-219
-212
-203
-192
-181
-167
-153
-141
-126
-113
-101
-90
-77
-67
-58
-49
-41
-35
-28
-21
-16
-10
-4
1
9
16
25
34
45
55
66
78
90
99
110
119
127
133
138
141
144
145
147
150
153
158
165
174
185
200
217
237
258
280
303
324
346
364
380
392
400
403
402
396
385
371
353
331
307
280
251
222
190
158
126
91
57
23
-15
-52
-90
-128
-166
-202
-235
-264
-291
-310
-322
-325
-318
-302
-275
-239
-193
-140
-80
-17
48
113
177
235
289
335
373
403
425
440
446
445
437
426
407
385
358
326
292
252
208
161
112
61
10
-39
-84
-124
-156
-178
-190
-189
-178
-153
-119
-73
-23
34
92
149
203
250
290
320
340
351
352
344
327
304
276
245
212
179
144
111
79
49
20
-7
-33
-59
-84
-109
-135
-160
-185
-212
-237
-262
-287
-312
-335
-356
-375
-393
-407
-416
-421
-421
-415
-404
-386
-361
-330
-291
-248
-198
-146
-91
-32
25
83
138
189
233
272
300
319
327
324
308
282
243
195
136
72
2
-70
-144
-215
-280
-339
-388
-428
-457
-475
-481
-481
-470
-454
-436
-414
-391
-371
-353
-337
-326
-315
-307
-301
-295
-288
-280
-268
-255
-238
-217
-196
-174
-151
-128
-107
-87
-70
-55
-42
-31
-22
-14
-7
0
6
13
21
28
34
42
48
54
61
68
75
83
93
105
119
136
155
178
199
221
243
263
279
291
299
301
298
290
278
262
245
227
208
193
179
170
165
162
165
172
183
196
213
233
253
276
299
324
349
375
399
423
444
461
474
480
480
472
455
430
394
352
304
249
191
134
76
22
-27
-70
-106
-133
-154
-166
-174
-175
-173
-167
-159
-150
-140
-132
-125
-118
-114
-111
-110
-111
-115
-120
-130
-144
-162
-183
-210
-241
-274
-311
-347
-385
-421
-455
-483
-507
-524
-534
-537
-533
-522
-507
-485
-461
-435
-407
-379
-352
-326
-303
-281
-262
-245
-229
-216
-202
-189
-177
-164
-150
-134
-117
-98
-77
-55
-29
-5
19
44
68
89
109
124
138
148
156
162
166
169
172
176
182
189
198
209
222
235
248
261
273
281
288
291
290
287
283
277
270
265
262
261
263
268
274
279
286
289
289
283
273
254
229
200
165
129
92
56
26
5
-9
-12
-4
15
45
81
126
173
222
267
310
344
369
386
391
387
372
349
319
283
243
200
156
111
69
27
-12
-48
-83
-114
-143
-171
-195
-218
-240
-260
-278
-297
-313
-329
-343
-356
-367
-375
-381
-385
-385
-381
-376
-367
-355
-341
-325
-310
-295
-280
-268
-259
-253
-251
-254
-260
-270
-281
-296
-309
-322
-335
-344
-350
-353
-350
-343
-330
-312
-289
-262
-230
-197
-160
-124
-87
-50
-15
17
47
73
96
117
135
151
164
175
183
191
193
197
196
194
188
179
166
149
129
106
80
51
21
-9
-37
-65
-88
-109
-128
-142
-155
-165
-174
-181
-187
-192
-197
-199
-198
-194
-184
-168
-148
-121
-91
-58
-24
9
40
65
85
99
109
112
114
113
110
108
110
112
117
123
131
137
142
143
140
132
119
103
82
62
41
26
16
15
23
43
72
112
157
208
259
307
349
381
400
407
398
378
348
310
268
225
185
152
126
108
100
101
110
126
149
176
205
235
265
294
317
338
351
357
354
342
320
289
249
202
151
96
41
-13
-65
-110
-152
-189
-219
-244
-263
-279
-290
-296
-298
-295
-288
-276
-258
-235
-208
-177
-144
-110
-75
-42
-13
9
26
35
36
29
13
-9
-37
-66
-97
-126
-148
-166
-174
-175
-165
-147
-122
-94
-63
-31
-2
23
45
61
69
74
75
72
69
63
59
57
57
60
65
73
83
95
109
122
136
146
153
155
152
143
129
107
81
50
15
-19
-55
-91
-122
-148
-169
-185
-194
-196
-194
-186
-175
-163
-150
-138
-128
-122
-119
-121
-126
-133
-143
-152
-160
-164
-163
-157
-144
-126
-101
-71
-38
-3
31
63
92
114
131
142
148
149
148
145
143
143
145
152
161
174
189
205
219
231
239
240
237
227
210
188
162
134
106
77
50
27
6
-10
-25
-35
-43
-49
-54
-60
-68
-77
-90
-105
-124
-147
-175
-206
-238
-273
-307
-339
-369
-395
-416
-432
-443
-446
-443
-436
-424
-409
-392
-373
-354
-334
-317
-299
-283
-266
-250
-233
-214
-192
-164
-134
-95
-50
0
57
117
180
243
302
355
400
433
453
458
449
426
389
343
289
230
170
109
55
5
-36
-69
-91
-105
-109
-104
-90
-72
-49
-21
7
33
59
82
101
114
123
127
125
122
114
105
95
86
78
72
68
65
64
64
65
65
64
62
59
55
49
42
35
27
20
15
12
11
11
13
17
23
28
33
35
35
32
26
16
5
-10
-24
-40
-55
-68
-79
-87
-94
-101
-107
-112
-120
-129
-140
-154
-170
-187
-203
-217
-226
-231
-232
-224
-210
-190
-163
-134
-102
-68
-34
-3
25
50
71
88
99
109
114
117
118
117
115
114
113
113
114
118
123
127
135
144
151
159
167
175
182
189
193
197
200
203
202
200
196
189
179
166
152
134
116
95
73
51
27
4
-18
-40
-63
-87
-110
-134
-158
-182
-207
-231
-256
-277
-297
-317
-332
-345
-356
-364
-370
-373
-376
-376
-375
-377
-378
-378
-381
-384
-386
-389
-391
-388
-384
-374
-360
-338
-310
-275
-232
-181
-125
-61
6
76
149
223
295
367
434
499
560
615
666
709
747
776
797
810
813
808
793
770
738
699
654
605
553
500
449
399
355
314
278
248
223
201
183
166
151
133
114
90
64
34
0
-37
-77
-118
-159
-200
-240
-275
-308
-337
-360
-378
-391
-400
-403
-402
-395
-384
-369
-351
-328
-305
-280
-254
-228
-202
-177
-153
-132
-112
-96
-83
-73
-66
-62
-60
-61
-65
-69
-77
-83
-91
-100
-109
-118
-127
-135
-144
-152
-158
-161
-164
-165
-164
-159
-152
-142
-131
-117
-104
-88
-72
-56
-41
-28
-14
-3
8
17
25
32
38
43
47
49
50
48
46
42
37
32
26
21
16
12
11
12
16
24
36
51
69
93
120
148
179
211
243
275
304
331
353
368
377
376
366
346
314
271
219
158
91
23
-45
-109
-164
-207
-238
-253
-253
-239
-213
-179
-139
-100
-64
-37
-19
-12
-18
-35
-62
-97
-135
-177
-216
-252
-281
-304
-321
-331
-335
-335
-330
-324
-320
-314
-310
-306
-305
-303
-302
-300
-299
-296
-292
-286
-279
-271
-261
-252
-241
-232
-221
-212
-203
-195
-186
-179
-171
-164
-157
-150
-144
-136
-128
-119
-108
-95
-80
-63
-44
-22
0
23
46
68
89
106
121
132
138
143
142
141
139
136
133
131
133
135
143
153
165
184
205
229
256
287
321
357
393
433
472
510
544
578
606
629
645
652
651
641
621
593
557
515
466
416
365
314
268
227
194
168
152
143
143
149
158
171
184
194
199
198
190
174
149
119
84
45
6
-31
-63
-90
-110
-121
-126
-122
-112
-98
-82
-64
-48
-34
-24
-18
-14
-18
-22
-32
-45
-59
-75
-92
-109
-125
-142
-158
-169
-180
-185
-188
-188
-184
-176
-164
-151
-137
-120
-105
-92
-80
-71
-65
-61
-60
-62
-65
-70
-74
-78
-83
-88
-94
-99
-107
-117
-130
-144
-162
-183
-206
-232
-259
-284
-310
-334
-353
-370
-380
-385
-385
-376
-361
-339
-310
-274
-232
-188
-138
-88
-35
16
66
112
157
200
240
277
311
343
376
405
433
457
477
491
499
499
492
474
449
418
379
336
291
246
201
159
121
86
55
26
1
-22
-47
-68
-91
-114
-136
-156
-173
-190
-200
-206
-208
-205
-196
-184
-166
-143
-116
-84
-48
-8
34
79
124
168
208
243
270
287
295
293
281
261
234
204
173
143
115
90
70
56
43
32
21
11
-4
-21
-40
-62
-85
-109
-130
-149
-167
-179
-190
-199
-208
-217
-229
-245
-263
-284
-310
-335
-362
-388
-412
-432
-449
-463
-473
-482
-486
-488
-488
-481
-469
-448
-419
-379
-327
-263
-188
-105
-14
79
169
255
329
388
435
460
468
460
439
406
363
317
268
219
171
127
87
49
14
-18
-46
-72
-94
-112
-125
-133
-134
-131
-122
-110
-96
-83
-69
-58
-54
-51
-54
-59
-66
-74
-79
-81
-81
-79
-73
-69
-67
-70
-81
-102
-136
-181
-238
-302
-371
-442
-505
-560
-598
-619
-615
-590
-541
-470
-382
-279
-169
-54
57
162
254
330
388
426
444
442
422
387
338
282
219
154
91
35
-12
-49
-73
-84
-83
-70
-45
-14
21
59
95
124
148
163
166
161
147
128
105
82
64
55
57
73
105
155
217
292
373
457
535
603
651
675
674
643
582
497
388
267
138
10
-106
-207
-284
-336
-362
-361
-339
-300
-249
-192
-137
-87
-43
-10
14
33
48
64
83
109
142
184
233
285
337
382
418
441
446
436
406
361
306
242
179
118
66
25
-4
-19
-22
-16
0
19
39
61
77
91
101
107
111
114
115
119
123
128
134
138
141
141
136
126
111
89
61
28
-8
-47
-87
-129
-169
-209
-246
-281
-316
-350
-382
-414
-445
-473
-500
-522
-538
-549
-553
-547
-534
-512
-483
-447
-409
-369
-330
-296
-267
-246
-235
-233
-240
-253
-274
-294
-316
-331
-339
-336
-320
-288
-242
-180
-107
-27
58
138
211
270
310
329
326
301
257
199
131
65
3
-48
-79
-91
-80
-50
-1
62
133
205
276
339
392
432
461
476
482
481
474
463
452
440
427
413
396
376
351
320
282
237
187
129
69
6
-57
-120
-183
-243
-299
-351
-399
-441
-476
-506
-528
-545
-552
-554
-549
-539
-526
-508
-491
-471
-452
-433
-413
-393
-372
-348
-322
-291
-258
-221
-180
-135
-88
-37
14
66
118
170
220
268
313
354
390
423
446
462
468
463
449
424
389
346
298
245
191
140
92
50
16
-12
-33
-47
-57
-63
-67
-68
-68
-67
-64
-58
-50
-38
-21
-2
22
49
77
107
138
169
203
237
277
321
370
423
479
534
584
620
640
637
607
545
454
334
192
33
-131
-293
-441
-570
-673
-744
-783
-793
-774
-732
-669
-590
-501
-402
-299
-194
-90
11
105
189
256
305
332
335
314
270
208
134
55
-22
-88
-139
-172
-187
-183
-166
-143
-120
-104
-98
-108
-134
-171
-217
-267
-312
-348
-366
-366
-346
-306
-251
-185
-113
-42
24
79
121
151
167
171
165
152
135
115
97
79
64
53
46
43
46
55
67
85
108
132
156
180
198
210
214
208
191
166
132
93
51
9
-29
-63
-89
-106
-114
-113
-103
-86
-62
-33
-3
31
64
99
132
164
193
220
242
258
267
268
257
236
204
160
108
50
-12
-71
-122
-165
-192
-203
-195
-173
-136
-87
-33
25
81
133
176
208
229
237
232
216
189
154
115
74
32
-6
-39
-66
-85
-99
-107
-113
-120
-127
-139
-156
-178
-202
-226
-246
-261
-265
-261
-246
-221
-191
-161
-132
-109
-88
-72
-55
-35
-3
44
107
186
276
370
453
516
548
540
489
394
265
112
-50
-205
-341
-444
-509
-534
-521
-478
-416
-343
-271
-209
-164
-136
-129
-138
-159
-189
-221
-250
-273
-285
-288
-276
-253
-219
-177
-128
-74
-20
33
81
124
156
179
191
191
182
164
138
107
73
36
-3
-44
-87
-130
-175
-217
-258
-294
-323
-345
-357
-360
-354
-340
-321
-300
-279
-260
-241
-221
-200
-174
-141
-100
-51
4
64
122
174
217
244
255
253
240
220
200
186
184
195
221
260
309
362
415
461
498
524
536
537
529
511
489
461
429
392
352
307
261
215
174
140
118
107
105
113
124
132
133
122
98
63
21
-21
-56
-76
-77
-54
-14
42
106
170
225
264
284
286
269
240
204
165
126
91
61
36
14
-5
-21
-35
-50
-62
-77
-94
-119
-157
-209
-280
-370
-476
-596
-717
-832
-930
-1000
-1037
-1035
-995
-921
-818
-696
-564
-431
-305
-189
-90
-5
66
123
169
205
231
248
254
252
241
221
199
175
154
141
137
147
169
201
243
289
333
371
399
412
409
390
352
302
238
167
90
14
-59
-125
-180
-222
-249
-260
-255
-238
-208
-173
-132
-89
-48
-8
31
64
95
121
141
154
156
148
125
91
43
-14
-73
-135
-189
-231
-258
-266
-253
-220
-170
-105
-26
59
150
240
328
410
484
544
591
622
636
631
608
566
508
438
356
268
175
85
-2
-85
-161
-229
-291
-346
-395
-440
-481
-516
-546
-572
-589
-598
-598
-589
-572
-548
-518
-483
-446
-406
-365
-324
-284
-241
-200
-156
-113
-71
-29
10
45
77
101
119
129
127
118
101
73
40
2
-35
-73
-106
-131
-150
-161
-160
-151
-139
-117
-93
-66
-37
-7
26
62
99
138
180
223
266
309
348
386
420
450
474
494
507
517
518
514
505
491
475
460
447
441
440
450
468
494
524
551
573
585
579
556
513
448
366
269
165
56
-54
-160
-260
-350
-432
-501
-558
-602
-635
-653
-658
-651
-633
-605
-570
-531
-490
-448
-405
-364
-319
-272
-220
-159
-92
-18
58
135
209
273
324
359
375
376
361
335
302
264
225
186
146
107
66
20
-26
-78
-130
-180
-223
-259
-282
-288
-279
-256
-221
-178
-132
-86
-44
-10
15
34
48
60
70
84
104
131
168
211
262
316
367
411
443
456
447
413
353
272
171
57
-62
-180
-289
-384
-461
-516
-551
-567
-565
-550
-524
-493
-460
-427
-399
-372
-351
-333
-316
-298
-275
-247
-210
-166
-117
-66
-17
23
56
76
86
90
94
103
125
165
224
300
390
485
573
648
699
718
705
660
587
488
373
244
109
-30
-171
-311
-445
-572
-683
-772
-832
-855
-840
-783
-688
-563
-417
-263
-114
18
126
205
253
274
273
256
230
201
174
152
133
117
103
90
75
62
50
40
34
30
29
30
30
23
10
-13
-46
-87
-133
-182
-225
-262
-285
-298
-296
-284
-262
-235
-207
-181
-157
-138
-123
-107
-91
-68
-38
5
60
128
209
296
389
479
559
624
666
680
662
613
534
432
312
185
59
-56
-149
-216
-257
-268
-257
-227
-188
-147
-112
-86
-73
-73
-82
-94
-104
-106
-96
-69
-27
29
96
171
248
324
395
461
519
568
605
628
635
620
582
519
430
318
187
43
-108
-255
-393
-510
-601
-664
-693
-690
-656
-594
-510
-408
-296
-182
-70
35
127
202
260
300
322
329
322
304
277
243
203
161
116
70
27
-13
-48
-79
-105
-126
-144
-161
-178
-199
-220
-248
-278
-312
-349
-386
-422
-457
-492
-523
-551
-574
-591
-603
-605
-599
-582
-554
-516
-469
-414
-352
-284
-213
-139
-64
13
88
160
230
293
348
393
428
451
463
464
458
443
422
396
367
334
301
264
230
195
159
126
92
61
28
-5
-40
-79
-118
-159
-196
-228
-249
-259
-253
-233
-198
-152
-100
-49
-2
34
59
72
73
65
51
34
18
4
-7
-17
-27
-36
-51
-69
-95
-125
-158
-194
-230
-264
-294
-322
-345
-362
-375
-382
-385
-384
-378
-370
-359
-348
-338
-327
-317
-305
-291
-274
-251
-222
-186
-144
-98
-50
-2
45
87
124
154
178
195
209
219
227
232
237
241
249
256
265
277
291
304
320
334
348
360
370
379
386
390
391
390
382
371
357
344
334
333
345
370
415
474
541
610
672
717
738
733
699
640
563
475
385
296
218
149
90
42
4
-24
-42
-49
-44
-29
-11
5
14
6
-24
-77
-150
-236
-322
-396
-449
-469
-458
-419
-363
-303
-251
-215
-202
-210
-234
-265
-291
-306
-304
-282
-243
-196
-145
-99
-61
-34
-17
-7
-1
3
9
16
26
38
50
59
66
70
72
75
76
76
76
72
68
60
48
36
20
5
-9
-21
-32
-40
-45
-47
-49
-45
-41
-33
-23
-12
-1
10
20
30
39
48
58
69
84
100
116
134
149
162
171
175
174
171
166
159
152
144
136
128
119
110
100
90
78
70
62
55
48
42
36
30
23
16
10
4
0
-4
-6
-6
-5
-4
-2
1
4
4
2
-1
-10
-22
-39
-60
-82
-103
-121
-134
-140
-137
-124
-100
-67
-26
24
82
145
214
285
355
421
480
525
554
567
561
538
502
455
402
343
281
219
153
82
10
-69
-149
-228
-303
-368
-420
-458
-479
-487
-484
-475
-464
-455
-450
-448
-450
-449
-445
-438
-424
-404
-380
-355
-330
-309
-294
-287
-288
-296
-313
-331
-355
-380
-403
-422
-436
-443
-441
-431
-412
-384
-351
-313
-271
-232
-193
-158
-128
-101
-79
-59
-42
-28
-17
-8
-1
2
3
1
-1
-6
-12
-19
-24
-29
-34
-38
-38
-36
-28
-16
1
26
55
89
123
159
192
221
245
262
276
285
291
296
302
311
322
339
360
384
409
435
456
471
477
472
454
421
379
330
276
224
176
137
111
93
84
78
70
56
34
1
-44
-99
-159
-224
-289
-348
-401
-444
-474
-488
-487
-465
-424
-364
-289
-202
-115
-38
23
57
62
34
-20
-90
-167
-235
-283
-300
-283
-230
-148
-47
65
178
279
365
432
478
507
520
521
513
499
479
458
432
406
379
350
324
297
270
242
215
186
155
122
90
59
30
6
-15
-28
-38
-44
-47
-49
-51
-51
-53
-54
-55
-54
-50
-46
-39
-32
-25
-18
-14
-12
-14
-20
-30
-43
-61
-80
-100
-120
-138
-153
-164
-171
-175
-176
-173
-169
-165
-161
-157
-153
-145
-137
-127
-114
-98
-83
-64
-46
-29
-12
2
13
23
30
33
36
35
33
28
22
15
6
-1
-9
-18
-26
-33
-42
-47
-54
-58
-60
-62
-61
-59
-54
-45
-35
-24
-10
6
21
38
52
67
80
91
103
116
129
143
160
174
188
198
201
200
191
175
153
127
98
68
42
18
-1
-18
-30
-39
-48
-53
-61
-70
-79
-92
-107
-126
-146
-167
-190
-211
-231
-248
-261
-269
-271
-269
-262
-252
-239
-221
-203
-181
-157
-130
-100
-68
-33
5
44
83
122
159
194
222
244
252
253
240
213
175
127
74
22
-27
-68
-97
-113
-117
-110
-96
-79
-64
-50
-43
-41
-45
-52
-60
-69
-78
-85
-92
-96
-101
-103
-102
-97
-88
-73
-55
-35
-14
8
26
39
50
58
66
75
89
110
137
169
204
238
266
286
293
288
269
242
210
175
143
116
94
76
61
43
20
-11
-55
-110
-175
-245
-318
-386
-444
-489
-517
-526
-516
-489
-449
-399
-341
-282
-224
-169
-120
-77
-41
-13
9
27
41
53
64
76
90
104
118
131
140
143
135
118
89
52
4
-48
-101
-150
-191
-220
-233
-230
-212
-179
-135
-82
-27
30
85
140
191
239
286
331
377
423
467
509
545
573
591
598
593
573
543
501
449
389
324
255
184
113
44
-22
-86
-144
-196
-243
-284
-321
-353
-379
-399
-414
-422
-423
-415
-399
-373
-338
-294
-244
-190
-133
-79
-29
16
53
83
102
114
119
118
111
99
87
75
62
50
40
32
27
24
21
21
19
20
19
17
15
11
6
-1
-10
-20
-32
-47
-62
-78
-94
-109
-122
-134
-141
-145
-146
-143
-138
-130
-122
-115
-108
-101
-99
-100
-102
-105
-108
-111
-111
-108
-101
-88
-70
-48
-23
6
36
65
94
121
143
164
180
194
207
220
229
240
248
256
264
270
276
279
281
280
277
272
263
253
240
223
206
187
166
146
124
103
83
64
46
31
17
4
-7
-19
-29
-39
-50
-61
-72
-84
-96
-107
-119
-128
-136
-142
-142
-137
-128
-112
-91
-66
-38
-8
21
49
72
87
95
95
89
74
52
26
-4
-33
-64
-92
-120
-144
-164
-181
-195
-205
-211
-216
-219
-220
-220
-220
-221
-222
-227
-232
-241
-253
-268
-287
-307
-328
-350
-370
-386
-399
-407
-411
-407
-399
-384
-365
-340
-310
-275
-236
-195
-150
-104
-57
-10
35
78
119
157
191
223
251
275
298
317
334
349
361
370
378
381
382
382
377
372
362
350
336
320
301
283
262
242
222
203
185
168
154
141
128
118
109
98
88
78
67
55
41
28
15
4
-6
-16
-23
-29
-32
-34
-34
-33
-30
-28
-25
-21
-19
-14
-11
-8
-3
2
6
11
16
21
26
30
34
39
43
48
54
59
63
68
70
73
75
77
77
78
77
74
71
66
61
55
47
38
28
18
8
-4
-14
-26
-37
-48
-57
-67
-75
-80
-85
-89
-90
-92
-95
-101
-111
-127
-150
-181
-221
-268
-321
-377
-435
-488
-535
-571
-594
-601
-591
-563
-519
-461
-390
-311
-228
-142
-59
20
93
160
219
268
311
345
375
396
413
426
433
436
433
429
419
406
390
370
351
329
308
287
268
250
236
222
210
201
193
186
180
171
163
155
147
137
126
117
107
98
90
83
77
73
69
68
66
67
68
68
71
72
72
73
72
70
66
61
54
45
34
21
7
-8
-26
-43
-62
-82
-102
-121
-141
-159
-177
-193
-209
-220
-230
-238
-242
-244
-243
-239
-233
-225
-215
-202
-189
-175
-159
-141
-124
-106
-90
-72
-55
-41
-26
-14
-5
2
8
11
13
12
9
6
4
0
-3
-4
-5
-4
-4
-1
1
5
9
13
16
19
22
25
26
26
26
24
22
17
13
7
-1
-8
-18
-28
-39
-49
-59
-68
-77
-84
-90
-95
-99
-102
-105
-107
-110
-111
-113
-113
-114
-114
-112
-110
-106
-101
-95
-88
-81
-73
-66
-60
-53
-48
-44
-41
-39
-36
-35
-33
-30
-28
-25
-20
-15
-9
-4
3
8
14
19
24
26
27
28
26
25
22
19
15
11
7
2
-3
-10
-16
-23
-29
-37
-45
-52
-59
-65
-70
-73
-76
-74
-71
-67
-61
-52
-43
-33
-22
-11
0
9
17
26
34
42
50
59
68
76
86
95
105
113
120
126
130
132
129
127
120
112
101
90
78
64
51
38
28
17
9
2
-4
-8
-13
-16
-19
-20
-22
-24
-26
-28
-31
-33
-34
-37
-38
-40
-41
-40
-39
-36
-34
-29
-26
-20
-13
-6
0
8
14
21
26
29
31
32
31
28
25
20
15
9
3
-3
-8
-12
-15
-17
-18
-18
-17
-14
-12
-10
-9
-7
-7
-7
-9
-13
-17
-21
-28
-36
-45
-54
-62
-71
-79
-86
-93
-97
-98
-101
-99
-95
-90
-82
-72
-60
-45
-32
-17
0
17
34
50
68
85
103
119
135
151
165
179
192
202
213
220
226
229
229
228
224
217
207
197
184
171
156
140
126
111
96
82
69
56
45
33
22
12
2
-6
-14
-22
-31
-37
-45
-50
-57
-62
-67
-73
-79
-85
-92
-100
-108
-116
-124
-130
-138
-144
-150
-153
-155
-153
-151
-146
-140
-131
-122
-110
-99
-88
-76
-66
-56
-48
-39
-34
-28
-24
-22
-21
-21
-21
-24
-28
-31
-36
-43
-48
-55
-63
-69
-75
-80
-84
-87
-88
-88
-87
-83
-79
-72
-64
-54
-44
-31
-19
-5
9
23
38
54
69
84
97
110
122
132
140
147
152
155
156
155
151
147
143
136
129
122
112
103
95
84
74
65
54
46
36
26
17
9
0
-7
-15
-20
-24
-28
-31
-33
-34
-33
-31
-29
-25
-21
-16
-12
-6
0
6
12
19
25
32
37
45
51
57
63
69
74
79
83
86
88
90
89
89
86
83
79
74
68
62
57
50
45
38
31
24
16
8
-3
-12
-25
-37
-51
-67
-83
-99
-115
-131
-145
-156
-168
-176
-183
-187
-188
-187
-186
-181
-175
-169
-161
-154
-146
-138
-129
-121
-113
-103
-93
-83
-73
-62
-51
-41
-30
-21
-12
-2
5
12
18
23
27
30
32
35
36
38
38
39
39
39
38
38
37
38
37
36
36
37
38
38
41
43
46
48
50
51
53
53
52
50
47
44
41
37
35
32
30
31
33
35
40
46
53
60
68
75
80
86
89
90
88
86
80
73
64
55
44
35
24
13
4
-5
-14
-20
-28
-33
-37
-40
-41
-42
-40
-38
-32
-26
-19
-10
0
10
19
30
40
50
58
68
75
82
88
95
100
105
112
117
122
127
130
133
134
134
131
127
119
111
100
86
72
57
41
25
8
-7
-20
-34
-47
-58
-69
-78
-87
-92
-99
-102
-104
-104
-103
-99
-92
-85
-73
-62
-48
-34
-19
-4
10
23
35
46
55
62
67
71
74
75
74
73
71
69
66
64
58
54
49
43
36
29
22
14
6
-1
-8
-15
-21
-27
-31
-35
-39
-43
-45
-48
-50
-53
-56
-59
-63
-67
-71
-77
-80
-85
-91
-95
-100
-105
-109
-114
-118
-122
-126
-130
-132
-134
-135
-137
-136
-135
-134
-131
-128
-125
-122
-117
-113
-108
-103
-99
-96
-91
-89
-83
-81
-76
-72
-69
-65
-62
-58
-55
-52
-50
-47
-45
-43
-43
-42
-41
-41
-41
-42
-42
-42
-42
-42
-42
-42
-41
-41
-41
-41
-40
-41
-41
-42
-43
-43
-45
-46
-47
-48
-49
-48
-50
-48
-48
-48
-47
-46
-47
-46
-46
-45
-45
-45
-44
-44
-45
-45
-44
-45
-44
-46
-45
-45
-45
-45
-44
-44
-43
-44
-42
-41
-39
-38
-35
-33
-31
-30
-28
-26
-25
-24
-22
-22
-20
-19
-18
-17
-16
-15
-14
-12
-10
-8
-7
-6
-3
-3
-1
-1
1
1
2
3
5
5
6
8
9
11
13
14
16
18
19
21
24
26
26
28
30
31
32
33
33
35
35
35
36
36
36
36
37
36
35
34
34
33
33
32
31
30
30
29
28
29
28
29
28
29
29
31
30
31
31
31
32
33
34
34
35
35
36
37
37
37
38
39
39
39
39
38
38
38
0
0
0
0
0
0
0
0
0
0
0
0
0
0
0
0
0
0
0
0
0
0
0
0
0
0
0
0
0
0
0
0
0
0
0
0
0
0
0
0
0
0
0
0
0
0
0
0
0
0
0
0
0
0
0
0
0
0
0
0
0
0
0
0
0
0
0
0
0
0
0
0
0
0
0
0
0
0
0
0
0
0
0
0
0
0
0
0
0
0
0
0
0
0
0
0
0
0
0
0
0
0
0
0
0
0
0
0
0
0
0
0
0
0
0
0
0
0
0
0
0
0
0
0
0
0
0
0
0
0
0
0
0
0
0
0
0
0
0
0
0
0
0
0
0
0
0
0
0
0
0
0
0
0
0
0
0
0
0
0
0
0
0
0
0
0
0
0
0
0
0
0
0
0
0
0
0
0
0
0
0
0
0
0
0
0
0
0
0
0
0
0
0
0
0
0
0
0
