0
0
0
0
0
0
0
0
0
0
0
0
0
0
0
0
0
0
0
0
0
0
0
0
0
0
0
0
0
0
0
0
0
0
0
0
0
0
0
0
0
0
0
0
0
0
0
0
0
0
0
0
0
0
0
0
0
0
0
0
0
0
0
0
0
0
0
0
0
0
0
0
0
0
0
0
0
0
0
0
0
0
0
0
0
0
0
0
0
0
0
0
0
0
0
0
0
0
0
0
0
0
0
0
0
0
0
0
0
0
0
0
0
0
0
0
0
0
0
0
0
0
0
0
0
0
0
0
0
0
0
0
0
0
0
0
0
0
0
0
0
0
0
0
0
0
0
0
0
0
0
0
0
0
0
0
0
0
0
0
0
0
0
0
0
0
0
0
0
0
0
0
0
0
0
0
0
0
0
0
0
0
0
0
0
0
0
0
0
0
0
0
0
0
0
0
0
0
2
-7
-8
-2
8
19
36
49
70
91
101
145
203
208
233
304
307
299
352
341
294
294
242
175
154
70
-21
-36
-111
-207
-208
-235
-298
-277
-260
-270
-221
-186
-191
-129
-69
-73
-18
73
68
65
142
155
127
174
196
145
149
145
72
63
53
-47
-71
-68
-176
-225
-202
-263
-312
-286
-291
-303
-294
-295
-258
-226
-229
-181
-125
-126
-115
-88
-71
-53
-59
-42
19
9
-25
28
45
9
37
63
58
76
70
75
121
103
67
99
113
88
97
128
137
105
82
105
104
74
85
106
109
103
90
106
107
48
56
118
96
85
120
83
50
43
27
80
95
50
101
119
52
67
84
54
71
58
55
112
49
-39
25
10
-82
-13
49
-16
-24
-8
-36
-29
-40
-75
-40
-39
-102
-116
-85
-100
-173
-180
-107
-132
-215
-170
-121
-215
-247
-178
-184
-215
-206
-189
-150
-145
-155
-82
-26
-40
-32
25
83
76
56
126
145
43
2
28
-15
-86
-105
-52
-30
-96
-51
71
28
-20
60
33
-73
-93
-164
-264
-288
-355
-398
-342
-331
-381
-380
-315
-320
-396
-331
-219
-284
-276
-62
10
-30
152
305
250
375
577
562
667
861
818
889
1079
1006
1000
1164
1124
1072
1167
1171
1112
1076
1050
1044
968
871
841
728
531
380
234
32
-193
-363
-494
-640
-725
-731
-724
-692
-604
-518
-444
-336
-278
-292
-255
-268
-376
-416
-466
-583
-622
-620
-662
-681
-645
-634
-642
-593
-521
-464
-406
-335
-234
-169
-139
-57
4
4
18
5
-34
-59
-126
-154
-117
-123
-126
-76
-20
-12
-17
58
101
52
86
133
84
51
32
-18
-68
-133
-184
-175
-184
-213
-158
-69
-38
-30
7
56
10
-50
21
55
-18
-13
54
26
-17
35
69
57
93
137
148
209
266
191
210
335
220
150
300
244
111
179
221
131
68
62
39
-50
-128
-100
-107
-208
-229
-196
-207
-241
-223
-134
-134
-192
-119
-56
-124
-139
-63
-79
-141
-120
-109
-144
-158
-171
-186
-158
-166
-258
-234
-164
-283
-300
-127
-156
-246
-133
-87
-175
-165
-73
-47
-99
-73
-11
-90
-148
-72
-66
-136
-107
-26
-87
-149
-55
-94
-219
-135
-116
-239
-155
-115
-254
-175
-82
-194
-138
-21
-104
-116
-23
-28
-37
16
69
86
61
119
174
75
67
130
49
25
82
68
61
34
18
100
72
26
162
131
38
152
112
17
119
109
13
114
207
75
70
236
111
-5
198
205
64
185
266
108
95
227
118
20
198
162
-7
139
166
-24
7
59
-44
-101
-71
-43
-125
-141
-34
-86
-111
42
29
-24
89
76
-14
93
152
65
168
288
164
198
342
249
248
399
392
378
462
433
348
393
377
272
391
461
287
329
453
305
272
453
479
449
535
591
547
506
481
392
374
342
170
228
252
42
140
195
58
175
172
83
211
162
50
169
174
41
93
177
68
52
153
77
49
144
76
46
142
139
90
121
205
136
33
156
134
-31
20
-35
-198
-164
-231
-373
-226
-219
-467
-335
-205
-455
-419
-213
-251
-214
-119
-84
3
-93
-207
-76
-178
-349
-233
-364
-493
-427
-672
-706
-531
-815
-874
-599
-760
-821
-490
-484
-463
-126
-96
-44
295
283
197
453
481
228
217
266
5
-296
-260
-228
-511
-514
-280
-430
-500
-271
-271
-327
-187
-123
-174
-133
-148
-245
-257
-322
-319
-254
-298
-159
-71
-170
-35
21
-72
28
72
-27
-42
10
-63
-240
-189
-143
-346
-266
-92
-214
-171
-50
-54
-11
13
80
151
172
273
365
445
545
592
641
713
713
665
712
737
605
593
658
524
408
420
287
82
105
84
-114
-54
26
-107
-22
74
-87
-44
78
-97
-73
85
-107
-119
20
-181
-222
-66
-179
-207
-87
-183
-184
-137
-324
-364
-343
-468
-438
-364
-411
-409
-375
-390
-409
-416
-424
-413
-353
-313
-322
-237
-191
-278
-232
-175
-244
-204
-99
-85
-114
-88
36
10
-114
3
28
-139
-80
24
-80
-163
-101
-129
-231
-182
-212
-321
-232
-232
-397
-323
-221
-392
-416
-274
-325
-407
-354
-272
-289
-392
-289
-128
-294
-288
-96
-244
-227
-75
-182
-85
39
-64
33
136
39
39
135
162
109
141
237
231
211
205
238
274
245
292
330
319
345
341
369
331
262
317
279
256
340
286
283
356
332
341
319
282
293
200
183
252
165
97
178
175
78
162
229
101
138
215
126
89
116
101
21
23
78
11
76
163
-1
32
184
108
129
222
207
175
203
300
264
210
275
293
308
290
240
262
214
172
237
203
218
320
234
190
245
160
127
244
297
219
249
361
265
186
264
199
72
153
198
66
62
69
-100
-80
16
-115
-50
76
-62
10
129
47
109
124
55
152
152
76
160
182
157
244
281
262
234
223
227
124
53
46
-47
-101
-124
-245
-306
-275
-299
-309
-290
-314
-326
-289
-304
-414
-379
-311
-400
-377
-306
-305
-283
-252
-159
-194
-287
-229
-310
-431
-432
-492
-509
-490
-512
-453
-358
-388
-446
-328
-275
-306
-218
-264
-250
-117
-236
-200
-60
-204
-163
-36
-173
-211
-165
-176
-128
-178
-174
-3
15
-3
89
147
147
174
295
360
325
339
407
413
295
345
432
187
144
319
140
77
217
29
-14
178
25
-42
110
-35
-64
125
30
-47
103
59
-91
-10
-3
-139
-75
-69
-177
-47
-42
-243
-119
2
-153
-42
136
30
62
223
220
180
173
193
233
218
165
145
194
174
14
32
108
-74
-94
27
-155
-220
-154
-250
-194
-284
-407
-136
-195
-383
-109
-143
-384
-206
-205
-325
-161
-250
-297
-105
-266
-286
-48
-219
-348
-96
-115
-286
-116
-88
-188
19
57
-22
160
171
73
148
99
-26
11
89
13
-108
-27
27
-100
-53
101
53
50
166
231
320
295
292
372
332
482
590
496
599
573
464
531
444
323
335
317
284
234
232
250
146
93
102
123
149
65
103
167
-7
18
192
2
-46
164
-61
-112
125
-86
-122
4
-169
-82
48
-105
-82
-22
-125
-51
67
-42
-133
-37
46
-61
-70
23
-70
-12
95
-113
-41
137
-129
-105
87
-148
-64
143
-124
-120
49
-121
-71
34
-151
-77
81
-73
-69
75
-63
-58
120
-62
-116
51
-58
-113
-14
-3
-9
50
91
44
1
-96
-84
10
-135
-96
37
-114
-61
-56
-206
-84
-132
-182
35
24
-16
57
85
127
44
-15
99
137
104
88
76
72
73
86
16
-58
35
91
85
74
55
134
86
25
99
-5
-35
164
88
-72
53
4
-66
67
-96
-126
128
-8
-67
158
48
25
273
180
140
320
238
201
318
227
150
306
318
124
120
172
-6
-79
20
-138
-279
-187
-329
-479
-422
-511
-551
-488
-531
-470
-395
-409
-376
-376
-358
-282
-241
-221
-205
-167
-152
-146
-113
-117
-95
-19
-83
-97
68
7
-24
27
-109
22
74
-66
101
70
11
155
46
11
96
65
109
85
21
141
125
-23
51
2
-88
168
61
-126
185
6
-198
146
-8
-125
196
16
-53
254
87
21
210
35
87
250
42
79
165
10
57
52
-32
92
53
-18
51
-49
-104
-24
-70
-226
-229
-102
-187
-216
-103
-191
-197
-143
-201
-174
-178
-186
-145
-160
-136
-172
-156
-26
-172
-271
-30
-49
-159
35
5
-103
47
-7
-46
78
-135
-184
127
-26
-182
67
-78
-231
27
-17
-169
-14
16
-52
47
-30
-181
-51
-21
-90
50
38
-51
109
95
-100
-37
28
16
160
135
1
155
150
-46
107
128
-50
133
239
137
131
53
55
178
124
79
215
227
119
228
293
121
115
198
193
203
198
252
210
151
269
196
143
252
144
106
203
107
15
62
2
-115
-63
-83
-210
-206
-221
-271
-297
-356
-290
-249
-332
-264
-259
-368
-267
-202
-234
-166
-197
-223
-87
-40
-182
-210
29
29
-115
97
104
-139
-93
-41
-31
4
-39
74
179
90
13
43
107
-16
-72
134
134
60
87
75
106
-12
12
238
147
100
184
156
138
-17
-88
40
29
-43
42
212
83
-142
16
35
-156
-12
139
57
50
94
67
20
-83
-100
39
102
121
95
-7
-10
-27
-43
-34
-113
10
123
-13
16
-3
-92
79
22
-34
225
96
-58
158
123
36
157
157
136
179
170
103
40
89
148
141
115
121
144
-2
-78
77
69
26
83
68
160
149
11
101
77
19
151
90
65
43
-121
-19
0
-108
57
47
-54
120
144
64
64
26
85
45
-42
47
-48
-129
-25
-98
-103
-38
-176
-176
-61
-96
-107
-69
-27
14
-75
-114
-7
-63
-156
-63
-32
-68
-68
-13
45
-87
-53
82
-72
-35
-8
-201
-65
-62
-221
12
-27
-243
-45
-26
-127
-54
-157
-153
-22
-178
-236
-77
-168
-202
13
-18
-87
2
-67
-86
-15
-127
-169
-60
-48
-68
-107
-116
-65
-47
77
88
-42
105
104
-63
67
9
-95
42
-7
48
99
-48
34
14
-46
61
-20
-28
69
-4
-52
-11
31
37
5
24
80
98
110
97
72
99
78
56
108
145
142
72
90
189
153
132
111
94
171
95
84
151
26
73
193
104
103
179
107
123
196
46
139
301
95
190
325
129
194
244
173
224
179
221
232
58
103
190
57
19
87
21
32
150
54
11
109
20
-41
-27
-113
-150
-152
-112
-18
-106
-74
60
-190
-145
76
-212
-111
143
-97
-50
78
-92
-113
-54
-57
-49
0
41
9
10
-1
-101
-126
-85
-149
-164
-36
-66
-139
-106
-146
-155
-155
-139
-94
-172
-95
-20
-152
-75
-51
-191
-47
13
-71
99
68
-105
20
62
31
73
26
65
91
113
186
27
-19
90
-10
81
145
-81
11
80
-143
-4
97
-144
-11
148
-105
-55
122
-113
-178
-70
-174
-70
92
-122
-209
-39
-131
-227
-20
-86
-287
-42
13
-180
-41
-34
-157
-103
-161
-101
82
-63
-210
-83
-47
-136
-135
-132
-153
-106
-97
-63
36
-64
-208
-125
-53
-145
-130
28
-13
-122
-55
4
-15
-50
20
138
57
62
301
252
45
169
281
258
337
301
316
540
453
401
692
563
414
695
690
555
675
708
580
670
764
541
536
556
386
569
530
163
240
284
46
41
70
-18
-31
-112
-126
22
-188
-342
-66
-169
-287
-11
33
8
35
85
178
129
139
181
239
238
100
301
422
99
123
388
277
157
263
223
163
197
63
62
112
-89
21
184
-21
-108
-57
64
63
-49
145
111
-92
75
111
-1
-65
-147
-23
4
-186
-110
-40
-290
-333
-158
-200
-245
-273
-350
-257
-251
-370
-302
-263
-394
-350
-243
-352
-392
-361
-344
-309
-397
-345
-279
-356
-330
-352
-307
-250
-324
-188
-135
-248
-192
-261
-315
-140
-197
-298
-161
-215
-354
-216
-216
-422
-443
-453
-423
-403
-553
-517
-518
-663
-515
-365
-465
-392
-264
-406
-350
-184
-306
-336
-259
-350
-342
-142
-174
-246
-39
-114
-229
34
68
-95
-72
-29
-35
-37
-3
17
-44
-104
-53
77
26
-25
124
81
28
110
66
107
126
-16
-31
144
213
24
64
203
-20
9
218
38
49
251
206
214
178
102
220
125
39
221
167
142
227
104
142
29
-188
71
-12
-307
-57
-68
-415
-401
-258
-315
-433
-413
-315
-247
-286
-339
-189
-185
-366
-207
-77
-255
-212
-35
-141
-216
-97
-120
-88
33
-88
-113
85
52
-50
104
-1
-239
25
127
-94
-2
52
-27
33
8
-86
-38
55
6
64
234
68
71
359
160
32
346
370
206
257
251
77
77
121
39
94
81
18
87
48
-4
-28
-12
77
-16
3
167
-5
-109
68
33
-51
64
4
-92
78
35
-144
22
78
-108
-107
-103
-189
-188
-188
-116
-35
-114
-73
-19
-83
-21
-64
-110
49
6
-56
11
-119
-205
-153
-99
-18
-43
-9
127
51
-26
76
58
-34
39
77
77
186
93
-28
135
118
23
184
218
152
194
185
121
41
15
28
57
134
98
49
131
135
89
175
224
137
172
254
178
61
-38
-38
20
22
91
107
-10
-30
8
3
59
89
-25
-25
107
25
-49
19
-144
-213
60
100
-38
8
-35
-152
-66
50
52
-23
-89
-37
22
20
-60
-202
-185
-69
-83
-56
34
-100
-195
-31
-23
-115
-85
-93
-85
-94
-105
6
-58
-213
-139
-93
-111
-70
-92
-43
18
-75
-75
29
-28
-99
19
44
-36
56
45
-106
-71
-30
-108
-15
156
25
-75
110
47
-132
8
114
37
33
56
5
4
43
-21
2
157
109
0
75
104
-15
-72
38
138
126
122
142
88
-71
-70
162
179
15
102
180
17
-19
93
97
73
111
205
337
374
280
203
208
250
353
523
659
618
475
497
592
574
530
483
411
350
310
260
68
-264
-463
-366
-239
-236
-171
-163
-278
-242
-117
-76
-31
57
105
133
221
256
173
91
43
-13
-40
29
63
-64
-173
-195
-238
-230
-149
-172
-274
-212
-98
-88
32
134
17
-12
76
143
268
285
207
290
336
274
407
511
363
294
326
319
385
402
219
69
30
-109
-127
47
-120
-367
-244
-198
-211
-62
-170
-374
-334
-281
-192
-51
-99
-255
-288
-215
-166
-179
-228
-265
-286
-271
-139
-63
-205
-311
-285
-312
-266
-117
-112
-176
-191
-184
-120
-34
3
-6
27
146
233
270
289
243
167
165
270
347
296
232
168
68
44
56
-13
-70
-61
-50
-47
-63
-118
-137
-105
-75
-69
-72
-66
-88
-89
-51
-70
-132
-165
-147
-135
-189
-245
-256
-247
-251
-252
-221
-264
-380
-366
-268
-276
-332
-307
-271
-307
-352
-370
-366
-359
-365
-291
-227
-301
-328
-254
-197
-189
-177
-99
-22
40
138
209
222
199
205
359
482
408
361
394
386
415
488
508
476
428
398
480
584
537
503
571
585
633
781
830
806
827
816
859
1011
1067
1072
1154
1183
1177
1277
1413
1502
1563
1608
1633
1650
1643
1560
1333
941
508
201
41
-85
-311
-645
-1003
-1364
-1685
-1938
-2158
-2343
-2481
-2551
-2488
-2384
-2400
-2504
-2604
-2588
-2363
-2017
-1661
-1357
-1182
-1079
-911
-650
-336
-53
178
451
771
1063
1277
1361
1332
1275
1282
1407
1570
1605
1461
1218
968
765
583
395
178
-135
-458
-692
-955
-1291
-1640
-1989
-2238
-2335
-2323
-2240
-2200
-2246
-2280
-2224
-2045
-1790
-1558
-1337
-1111
-899
-659
-382
-148
35
231
485
760
986
1177
1285
1262
1267
1357
1431
1531
1571
1499
1464
1375
1216
1161
1092
924
826
819
810
771
720
716
807
946
1076
1233
1444
1645
1799
2004
2254
2376
2404
2551
2727
2523
1827
1045
613
575
584
393
96
-338
-1014
-1775
-2314
-2504
-2614
-2827
-2901
-2700
-2548
-2765
-3224
-3538
-3506
-3220
-2762
-2114
-1527
-1342
-1487
-1569
-1305
-836
-417
33
624
1163
1423
1452
1437
1426
1392
1473
1854
2364
2565
2296
1811
1421
1141
914
855
929
884
597
200
-129
-461
-917
-1309
-1382
-1228
-1136
-1235
-1520
-1949
-2404
-2624
-2455
-2136
-1988
-2014
-2075
-2080
-1991
-1781
-1456
-1141
-916
-672
-368
-127
-33
3
142
412
712
986
1165
1130
945
847
945
1147
1299
1328
1245
1084
933
881
884
851
821
890
1001
1017
959
906
894
1000
1254
1567
1872
2121
2311
2540
2791
3021
3253
3376
3431
3627
3645
2989
1889
1070
975
1178
970
469
1
-688
-1721
-2656
-2983
-2880
-3034
-3413
-3400
-3120
-3242
-3848
-4328
-4217
-3765
-3318
-2703
-1940
-1560
-1743
-1986
-1682
-913
-250
235
849
1494
1820
1754
1649
1793
1967
2034
2331
2900
3210
2848
2057
1505
1352
1225
1097
1144
1158
780
31
-592
-856
-1151
-1595
-1765
-1555
-1382
-1590
-2011
-2303
-2596
-2997
-3019
-2462
-1842
-1609
-1722
-1925
-2152
-2350
-2152
-1477
-769
-330
-128
-47
-84
-260
-299
51
568
969
1238
1341
1139
671
328
420
739
1007
1188
1190
930
558
326
344
519
714
885
999
993
882
792
876
1163
1545
1974
2423
2767
2956
3116
3410
3773
3969
4084
4378
4517
3860
2475
1272
1028
1382
1339
739
64
-710
-1880
-3139
-3727
-3555
-3464
-3822
-4018
-3800
-3811
-4487
-5226
-5150
-4383
-3633
-2986
-2230
-1696
-1815
-2232
-2010
-950
138
792
1364
2044
2437
2266
1982
2163
2625
2928
3193
3598
3783
3283
2301
1610
1516
1551
1430
1320
1174
659
-268
-1116
-1477
-1607
-1834
-1968
-1845
-1768
-2096
-2682
-3013
-2985
-2911
-2777
-2385
-1914
-1707
-1797
-1883
-1779
-1613
-1365
-870
-311
11
86
94
166
240
317
555
887
1065
1042
941
826
650
455
438
575
619
519
389
262
124
29
104
322
484
537
555
585
667
827
1102
1493
1852
2113
2390
2702
3047
3448
3901
4350
4595
4611
4759
5005
4690
3485
2047
1405
1693
1911
1379
423
-579
-1722
-3008
-3866
-3848
-3587
-3902
-4485
-4630
-4500
-4799
-5494
-5677
-4983
-4075
-3414
-2786
-2157
-1954
-2244
-2199
-1158
273
1175
1590
2047
2536
2627
2432
2601
3191
3620
3710
3793
3925
3659
2783
1927
1697
1812
1731
1402
1000
453
-452
-1414
-1856
-1844
-1899
-2175
-2415
-2492
-2692
-3152
-3461
-3327
-2979
-2673
-2428
-2153
-1943
-2008
-2113
-1869
-1348
-792
-315
31
205
170
102
272
599
881
1066
1119
1048
863
613
471
467
455
422
382
272
38
-272
-464
-451
-347
-181
22
125
86
10
44
289
683
1111
1515
1823
2043
2281
2604
3061
3621
4178
4703
5048
5072
5060
5202
5036
4055
2621
1780
1932
2178
1617
465
-672
-1752
-2985
-3997
-4158
-3853
-4092
-4878
-5322
-5202
-5262
-5824
-6075
-5407
-4408
-3780
-3331
-2701
-2225
-2275
-2246
-1273
306
1386
1733
2032
2561
2839
2739
2905
3592
4154
4130
3920
3918
3771
3039
2153
1854
1996
1864
1306
709
136
-722
-1721
-2227
-2138
-2091
-2464
-2908
-3097
-3263
-3615
-3816
-3526
-3022
-2713
-2521
-2256
-2120
-2233
-2218
-1685
-826
-135
235
440
488
363
332
654
1174
1510
1547
1449
1235
832
433
301
405
505
476
352
89
-376
-838
-1014
-874
-611
-420
-329
-308
-381
-465
-367
-34
432
899
1327
1714
1976
2104
2334
2843
3539
4234
4776
5155
5367
5351
5310
5490
5500
4708
3252
2096
1918
2111
1635
492
-674
-1729
-2914
-4040
-4468
-4273
-4428
-5214
-5786
-5673
-5494
-5835
-6177
-5714
-4743
-4041
-3552
-2844
-2132
-1931
-1929
-1177
352
1606
2084
2361
2883
3292
3293
3388
3972
4519
4479
4177
4119
4047
3396
2420
1919
1932
1774
1194
550
-43
-901
-1958
-2560
-2495
-2395
-2744
-3241
-3488
-3621
-3882
-4000
-3643
-3101
-2816
-2693
-2446
-2154
-2034
-1905
-1373
-537
138
500
702
797
757
746
1028
1511
1794
1713
1445
1130
780
472
375
473
496
308
19
-287
-624
-940
-1055
-896
-633
-461
-403
-421
-493
-516
-323
156
757
1219
1498
1728
1995
2349
2826
3406
4009
4541
4996
5369
5530
5511
5594
5687
5176
3828
2403
1875
2097
1969
1015
-205
-1287
-2514
-3910
-4723
-4556
-4281
-4800
-5642
-5898
-5744
-5969
-6410
-6136
-5079
-4180
-3789
-3307
-2523
-2071
-2120
-1732
-320
1269
2044
2249
2624
3079
3126
3087
3656
4530
4793
4371
4014
3949
3565
2671
2021
2022
2028
1452
625
0
-672
-1697
-2557
-2657
-2393
-2561
-3167
-3624
-3804
-4043
-4246
-3961
-3294
-2853
-2784
-2645
-2282
-2041
-1985
-1675
-941
-166
322
607
807
820
678
739
1156
1589
1675
1457
1157
827
472
266
293
339
192
-90
-362
-614
-890
-1104
-1126
-995
-853
-759
-676
-609
-594
-545
-280
208
717
1110
1403
1658
1900
2212
2730
3418
4047
4496
4842
5144
5313
5343
5484
5680
5276
3928
2391
1748
2003
2045
1213
-23
-1181
-2441
-3813
-4612
-4418
-4033
-4481
-5446
-5931
-5865
-5945
-6225
-5943
-4952
-4107
-3826
-3521
-2820
-2244
-2120
-1735
-442
1112
1903
2036
2276
2714
2899
2995
3636
4604
4916
4368
3784
3648
3482
2913
2454
2503
2456
1719
694
24
-453
-1210
-1972
-2121
-1928
-2195
-2952
-3531
-3703
-3836
-3972
-3654
-2967
-2666
-2964
-3202
-2901
-2338
-1846
-1261
-522
-53
-32
-42
275
751
1085
1366
1710
1819
1490
1041
861
913
932
881
846
663
190
-312
-523
-470
-422
-517
-665
-832
-1061
-1217
-1120
-807
-512
-404
-371
-228
16
341
791
1314
1745
1976
2141
2513
3121
3769
4335
4778
5056
5113
5030
5163
5579
5599
4614
3029
1942
1871
2096
1723
772
-350
-1624
-3052
-4077
-4091
-3571
-3707
-4692
-5558
-5740
-5677
-5774
-5621
-4898
-4207
-4081
-4030
-3420
-2557
-2127
-1908
-1105
179
1060
1320
1591
2158
2585
2718
3140
4024
4573
4253
3639
3461
3554
3361
3016
2968
2903
2216
1145
450
228
-120
-762
-1200
-1337
-1719
-2479
-3066
-3161
-3132
-3282
-3328
-3102
-3000
-3216
-3307
-2958
-2463
-2135
-1795
-1264
-826
-679
-539
-160
267
513
715
1042
1275
1187
996
1000
1112
1106
1024
1002
907
581
227
111
151
100
-96
-306
-494
-705
-849
-769
-515
-319
-320
-400
-380
-234
30
444
931
1319
1525
1658
1907
2324
2857
3484
4106
4544
4671
4559
4560
4857
5012
4452
3303
2349
2121
2224
1945
1194
260
-827
-2097
-3117
-3298
-2877
-2886
-3730
-4707
-5165
-5256
-5304
-5109
-4495
-3981
-4057
-4279
-3944
-3159
-2556
-2200
-1587
-708
-119
94
465
1180
1779
2014
2324
2968
3451
3364
3077
3117
3335
3283
3051
3012
2972
2451
1602
1050
930
748
259
-201
-502
-1000
-1741
-2238
-2236
-2144
-2352
-2623
-2683
-2794
-3154
-3390
-3132
-2625
-2296
-2117
-1873
-1700
-1717
-1615
-1111
-439
-4
172
312
407
382
451
795
1195
1307
1162
1025
942
795
685
747
824
681
362
104
-41
-195
-346
-386
-367
-431
-573
-652
-605
-534
-468
-299
-22
239
421
598
846
1144
1484
1925
2426
2863
3226
3586
3914
4087
4142
4329
4607
4478
3683
2688
2176
2223
2256
1872
1188
308
-822
-1955
-2529
-2361
-2078
-2408
-3253
-4035
-4501
-4730
-4676
-4220
-3659
-3547
-3890
-4082
-3753
-3163
-2639
-2112
-1463
-952
-784
-639
-128
602
1139
1452
1843
2306
2509
2429
2446
2719
2948
2911
2817
2838
2696
2194
1658
1459
1447
1242
860
540
196
-388
-1005
-1247
-1167
-1204
-1501
-1789
-1971
-2215
-2454
-2414
-2170
-2107
-2289
-2357
-2161
-1912
-1703
-1430
-1172
-1124
-1180
-1019
-585
-158
93
241
309
253
202
367
704
928
930
855
777
644
534
561
630
561
374
222
140
64
19
26
23
-40
-103
-76
46
186
311
433
554
691
884
1161
1493
1814
2116
2448
2811
3140
3360
3466
3584
3758
3748
3300
2576
2066
2008
2078
1884
1406
768
-47
-973
-1621
-1668
-1402
-1465
-2048
-2773
-3317
-3658
-3765
-3499
-3013
-2794
-3060
-3440
-3480
-3153
-2685
-2185
-1673
-1324
-1291
-1335
-1047
-388
280
690
909
1064
1115
1113
1336
1861
2344
2452
2265
2066
1907
1692
1505
1521
1630
1529
1211
943
805
593
242
-33
-150
-314
-617
-873
-983
-1113
-1340
-1472
-1402
-1314
-1382
-1537
-1705
-1933
-2121
-2008
-1578
-1170
-1050
-1166
-1348
-1456
-1297
-768
-99
279
204
-112
-369
-361
-8
559
992
993
622
227
83
235
572
863
851
489
48
-166
-92
136
356
399
182
-159
-348
-271
-42
186
328
324
205
148
325
696
1064
1307
1435
1509
1616
1859
2216
2507
2598
2577
2575
2535
2331
2015
1759
1624
1533
1381
1125
734
195
-401
-855
-1026
-991
-1008
-1269
-1742
-2258
-2646
-2779
-2628
-2323
-2134
-2244
-2561
-2811
-2786
-2483
-2032
-1602
-1365
-1396
-1547
-1522
-1167
-622
-136
165
277
240
191
338
736
1189
1446
1460
1354
1241
1191
1270
1466
1625
1579
1337
1054
858
750
701
680
621
436
135
-152
-319
-390
-436
-486
-552
-680
-862
-1015
-1091
-1148
-1213
-1239
-1215
-1198
-1219
-1224
-1182
-1122
-1037
-903
-750
-632
-550
-456
-332
-191
-42
99
194
239
272
331
422
529
625
666
633
564
510
483
462
431
369
255
116
27
21
51
61
42
-1
-63
-110
-92
0
120
213
260
299
394
546
725
918
1108
1248
1313
1351
1414
1501
1598
1705
1772
1706
1486
1225
1066
1039
1056
1015
862
578
193
-173
-362
-356
-302
-372
-615
-958
-1290
-1501
-1522
-1397
-1278
-1306
-1489
-1715
-1837
-1779
-1566
-1316
-1151
-1124
-1187
-1227
-1123
-851
-512
-251
-132
-118
-123
-64
123
414
687
823
817
758
727
764
877
1007
1057
968
780
594
491
479
512
514
430
265
77
-61
-103
-64
-13
-22
-110
-239
-346
-386
-349
-268
-201
-193
-260
-372
-451
-431
-322
-203
-144
-168
-247
-314
-303
-202
-73
7
12
-28
-70
-78
-26
64
131
130
63
-18
-59
-48
-14
-2
-34
-102
-172
-212
-205
-161
-130
-147
-195
-227
-223
-195
-144
-88
-59
-66
-63
-26
32
93
151
192
219
249
300
371
446
512
560
576
583
626
712
790
813
794
755
710
687
702
721
684
586
480
394
330
291
268
214
96
-51
-170
-234
-255
-262
-290
-369
-486
-593
-646
-639
-596
-561
-568
-618
-677
-700
-665
-587
-505
-454
-452
-478
-483
-436
-340
-241
-177
-170
-204
-244
-257
-228
-176
-139
-146
-193
-244
-267
-245
-184
-117
-78
-82
-107
-115
-84
-12
77
149
177
166
151
159
202
272
343
376
361
321
290
290
321
364
384
360
297
230
194
194
205
195
150
83
14
-39
-60
-57
-61
-95
-150
-202
-240
-262
-265
-256
-254
-270
-295
-310
-314
-307
-288
-274
-264
-261
-254
-242
-225
-202
-178
-164
-158
-151
-135
-120
-107
-95
-83
-76
-75
-69
-56
-50
-48
-46
-38
-24
-4
17
35
54
75
102
132
166
200
230
257
283
315
349
382
414
443
469
489
507
521
532
540
542
539
529
515
489
456
418
378
340
296
253
206
154
94
33
-20
-65
-105
-145
-187
-232
-277
-317
-342
-354
-360
-364
-369
-374
-375
-373
-363
-345
-326
-310
-296
-279
-260
-238
-215
-189
-160
-133
-111
-92
-73
-52
-32
-10
17
40
50
52
55
63
77
95
109
115
109
100
97
107
122
139
145
140
133
130
138
157
180
198
204
202
199
203
214
230
244
252
248
236
223
214
208
198
181
157
125
89
54
23
-4
-36
-73
-111
-147
-178
-203
-226
-247
-270
-292
-311
-318
-318
-313
-305
-297
-290
-281
-266
-243
-212
-178
-148
-124
-102
-79
-49
-16
15
47
73
91
106
123
141
159
175
184
188
185
180
175
170
165
159
151
139
125
111
97
85
74
63
50
38
27
20
14
11
10
10
9
8
11
16
23
31
38
45
51
57
61
68
73
79
84
85
86
85
82
77
70
63
55
47
37
24
9
-6
-20
-34
-46
-59
-73
-89
-106
-119
-127
-134
-139
-142
-147
-151
-153
-147
-136
-121
-106
-94
-83
-75
-61
-45
-28
-13
-3
1
4
6
11
16
17
14
7
-2
-9
-15
-20
-26
-38
-51
-65
-77
-86
-93
-99
-104
-111
-119
-121
-123
-118
-112
-106
-99
-94
-88
-81
-70
-58
-44
-33
-25
-15
-8
1
13
29
42
52
60
64
68
74
82
89
92
91
84
76
66
59
51
42
29
13
-3
-18
-31
-39
-47
-54
-63
-73
-81
-83
-83
-81
-77
-75
-73
-71
-67
-61
-51
-41
-30
-21
-13
-4
4
15
25
35
45
54
59
64
66
68
68
69
68
63
57
48
39
31
24
16
7
-1
-8
-18
-23
-25
-27
-29
-32
-34
-35
-35
-31
-25
-19
-13
-9
-4
1
10
19
28
35
39
43
46
47
49
49
47
43
39
34
27
21
14
7
-2
-9
-15
-22
-27
-32
-38
-43
-46
-50
-53
-54
-55
-54
-54
-51
-47
-43
-41
-35
-30
-21
-13
-3
6
13
21
29
38
48
57
64
70
74
77
80
84
88
89
88
82
76
71
66
62
55
47
34
21
9
-1
-8
-14
-23
-30
-39
-45
-47
-45
-40
-37
-35
-32
-28
-23
-12
-2
7
14
18
21
26
31
39
44
45
43
38
35
33
33
32
28
20
11
3
-2
-6
-9
-14
-20
-28
-34
-35
-35
-35
-35
-36
-37
-36
-33
-29
-23
-18
-16
-12
-7
-2
5
13
17
20
23
26
32
36
40
42
42
40
39
36
35
33
28
22
15
8
1
-6
-14
-21
-29
-36
-43
-48
-52
-57
-61
-64
-65
-65
-64
-61
-60
-57
-54
-48
-42
-35
-28
-22
-17
-10
-5
3
8
14
17
19
20
20
21
21
21
18
14
9
4
0
-5
-8
-14
-19
-24
-30
-35
-39
-41
-42
-43
-44
-46
-46
-44
-41
-37
-31
-27
-21
-16
-10
-3
3
10
16
21
25
26
29
31
30
30
29
26
22
18
14
9
6
1
-3
-8
-13
-18
-22
-24
-27
-29
-31
-33
-33
-33
-32
-31
-28
-27
-23
-20
-18
-14
-9
-6
-4
-1
2
5
8
10
11
13
14
15
15
16
16
16
16
16
15
13
13
11
9
6
4
1
-3
-6
-9
-13
-15
-17
-19
-21
-21
-22
-22
-21
-18
-16
-11
-8
-5
-2
3
6
11
14
18
20
22
24
25
26
26
26
25
23
21
19
16
12
9
5
1
-3
-6
-9
-12
-15
-16
-18
-19
-19
-19
-18
-16
-14
-11
-9
-5
-2
2
6
11
14
18
21
24
27
30
32
34
36
36
37
37
34
34
32
31
27
25
21
18
15
12
9
6
4
-1
-3
-4
-6
-7
-8
-9
-10
-9
-9
-7
-6
-5
-3
-2
-1
2
4
7
8
11
11
13
14
16
16
16
16
16
15
15
15
14
12
11
11
10
8
6
6
5
4
3
2
0
0
-2
-2
-3
-2
-3
-3
-1
0
2
3
5
8
10
13
14
17
18
21
21
23
24
24
25
25
23
21
20
18
16
13
10
6
4
-2
-4
-9
-12
-16
-19
-23
-26
-28
-30
-31
-32
-32
-31
-30
-27
-23
-19
-16
-12
-8
-3
1
6
10
14
17
21
23
25
26
27
26
27
26
24
23
20
19
15
12
8
6
2
0
-3
-7
-10
-12
-15
-17
-20
-21
-23
-23
-24
-25
-25
-26
-25
-26
-24
-25
-23
-22
-22
-20
-18
-17
-15
-14
-11
-10
-8
-6
-4
-2
-1
0
0
1
1
0
-1
-2
-3
-4
-7
-9
-10
-12
-14
-15
-16
-16
-17
-17
-16
-16
-14
-13
-11
-9
-7
-4
-1
1
3
7
9
11
13
15
17
19
19
19
19
19
17
15
13
11
8
4
0
-2
-5
-9
-12
-16
-18
-21
-22
-24
-26
-27
-26
-26
-26
-25
-24
-23
-20
-18
-16
-12
-10
-7
-4
0
3
6
7
10
12
14
15
17
18
17
18
18
18
18
16
16
15
14
13
11
10
8
6
4
2
1
-1
-3
-5
-7
-8
-8
-10
-10
-11
-12
-10
-9
-10
-9
-8
-7
-5
-4
-3
-2
0
1
2
3
4
6
6
6
6
5
5
4
2
1
0
-1
-3
-5
-9
-9
-11
-12
-12
-14
-13
-12
-11
-10
-8
-6
-4
-1
1
3
7
9
13
15
17
19
22
23
24
26
26
27
27
26
26
24
23
22
20
18
16
13
11
7
5
3
1
-1
-3
-6
-7
-10
-11
-12
-13
-14
-15
-14
-14
-14
-13
-12
-11
-9
-8
-7
-5
-3
-2
0
2
3
5
6
8
8
9
10
11
12
12
12
11
13
11
11
10
9
9
7
7
6
5
4
3
3
2
1
1
0
-1
-1
-1
-1
-1
-1
-1
0
0
0
1
1
0
0
1
0
0
1
1
-1
-1
-1
-2
-4
-5
-6
-8
-9
-10
-12
-13
-13
-14
-15
-15
-14
-15
-14
-12
-11
-11
-9
-7
-6
-4
-2
-1
1
2
4
5
7
7
8
8
9
9
10
10
9
9
8
6
6
4
3
2
0
-1
-3
-4
-6
-8
-9
-10
-12
-13
-14
-14
-15
-15
-15
-15
-15
-14
-15
-14
-13
-12
-10
-9
-8
-7
-5
-4
-2
-1
0
1
1
2
3
2
2
2
1
0
0
-1
-2
-2
-1
-3
-3
-3
-4
-5
-6
-5
-6
-5
-5
-4
-4
-3
-2
-2
-2
-2
-2
-2
-1
-1
1
2
3
3
3
2
3
3
3
3
3
2
2
2
1
1
-1
-1
-1
-2
-2
-3
-4
-4
-5
-6
-8
-8
-7
-8
-7
-5
-4
-4
-2
-4
-5
-4
-5
-5
-4
-1
2
5
8
10
9
7
4
1
0
0
1
3
4
6
7
6
3
0
-3
-5
-5
-3
-1
2
4
5
4
2
-1
-3
-4
-3
0
4
9
11
11
8
3
-3
-7
-10
-7
-2
6
13
19
21
17
10
1
-8
-13
-12
-7
4
15
25
31
30
23
9
-4
-16
-22
-21
-15
-5
8
16
20
18
8
-3
-13
-22
-24
-20
-11
1
14
23
27
27
20
10
2
-5
-7
-5
1
8
16
21
22
18
11
4
-3
-8
-10
-9
-5
-1
4
7
7
5
2
-1
-4
-7
-7
-5
-3
-1
1
3
3
2
2
2
2
2
2
3
4
4
4
4
3
2
2
2
4
5
6
7
7
5
3
2
0
-1
-1
0
1
2
3
3
1
-2
-4
-7
-9
-10
-10
-9
-6
-4
-1
0
-1
-1
-2
-4
-4
-2
0
3
6
10
12
14
13
12
11
8
7
6
5
5
4
4
3
1
-2
-7
-11
-15
-19
-19
-19
-19
-16
-12
-8
-6
-5
-4
-5
-7
-8
-8
-6
-3
0
5
9
12
11
10
6
2
-3
-5
-6
-5
-1
3
6
7
7
4
-1
-7
-12
-15
-16
-14
-10
-5
-3
-1
-1
-3
-6
-9
-11
-12
-10
-9
-5
-1
2
4
5
6
4
3
2
-1
-2
-4
-5
-6
-5
-1
2
5
9
10
8
2
-3
-11
-15
-17
-16
-11
-4
3
8
9
5
-3
-12
-21
-27
-25
-18
-8
4
15
19
19
13
2
-8
-14
-16
-13
-3
9
21
29
31
26
16
4
-6
-11
-10
-4
5
13
19
17
11
-2
-16
-29
-37
-39
-35
-25
-16
-5
1
3
4
2
2
4
8
14
18
22
23
21
16
10
5
2
2
4
6
9
11
11
9
7
3
-2
-6
-11
-14
-17
-17
-16
-15
-13
-13
-13
-18
-23
-28
-30
-29
-26
-18
-8
3
12
15
15
10
4
5
11
25
49
78
106
126
134
125
100
64
25
-8
-30
-39
-35
-24
-16
-21
-45
-90
-148
-206
-252
-268
-247
-188
-100
0
95
168
203
199
169
122
81
60
66
96
137
172
184
161
101
19
-67
-140
-178
-177
-140
-81
-23
15
15
-18
-75
-139
-188
-204
-177
-111
-22
69
142
179
176
138
83
28
-6
-10
17
62
110
144
149
119
63
-7
-72
-115
-126
-107
-66
-17
22
33
15
-24
-72
-113
-126
-104
-53
16
81
122
124
88
29
-40
-96
-122
-108
-65
-4
58
98
103
74
22
-38
-84
-96
-69
-11
63
128
165
161
114
40
-37
-95
-122
-111
-69
-13
36
61
59
29
-24
-75
-108
-117
-99
-60
-9
31
55
62
46
17
-9
-25
-28
-17
6
35
61
72
67
48
13
-33
-69
-86
-87
-69
-27
20
48
55
48
20
-27
-59
-65
-64
-52
-23
10
25
32
40
39
20
8
5
-4
-13
-5
8
7
4
4
0
-8
-14
-9
-11
-22
-37
-43
-46
-47
-29
2
26
36
44
42
24
10
13
18
11
3
1
-16
-36
-36
-23
-24
-26
-21
-25
-41
-43
-26
-9
5
31
48
34
8
-12
-36
-49
-32
3
33
60
72
58
28
-12
-58
-83
-77
-50
-3
60
95
89
53
-16
-101
-158
-165
-114
-8
92
146
158
99
-15
-97
-126
-130
-86
11
85
109
120
108
59
5
-23
-28
-45
-53
-20
15
31
63
83
34
-28
-65
-108
-120
-65
8
62
95
89
25
-66
-141
-173
-152
-83
24
122
169
164
110
22
-62
-115
-115
-60
12
77
127
137
88
24
-4
-18
-37
-20
22
23
12
44
75
66
60
60
19
-55
-101
-99
-81
-58
16
100
100
56
40
-16
-101
-105
-65
-49
-7
42
35
12
0
-24
-35
-19
-8
-11
-26
-30
-10
14
54
120
151
112
60
19
-56
-118
-86
-18
8
64
138
96
12
-11
-79
-152
-95
-10
51
177
262
209
147
89
-47
-135
-85
-19
3
80
171
136
44
-17
-115
-218
-226
-175
-84
47
126
143
151
86
-29
-78
-73
-54
10
97
159
165
106
57
40
-12
-56
-45
-54
-94
-90
-62
-55
-44
-12
-2
-39
-68
-69
-109
-145
-70
12
4
51
121
68
23
66
32
-16
53
61
1
77
143
43
27
92
-1
-74
8
-3
-50
23
8
-60
-9
-47
-137
-37
42
-3
60
120
47
16
26
10
56
85
44
64
111
83
24
13
23
-58
-172
-149
-106
-152
-115
13
75
83
51
-30
-100
-176
-247
-192
-39
57
98
169
176
5
-171
-190
-247
-325
-142
83
91
164
247
30
-211
-233
-229
-219
-84
133
250
136
12
69
-10
-281
-231
38
-34
-111
197
283
21
40
127
-77
-111
31
-33
-15
139
74
52
180
70
-30
109
44
-138
-69
-27
-144
-132
35
127
68
32
67
-69
-278
-210
-45
-44
43
251
200
7
-21
-93
-195
-68
13
-39
96
183
-9
-109
-51
-129
-217
-108
11
9
-12
-26
-61
-143
-210
-130
-92
-185
-39
197
63
-81
9
-39
-139
-52
51
148
217
68
-13
144
69
-189
-124
43
23
65
167
127
40
-12
-100
-150
-51
10
-88
-60
102
97
29
68
79
-25
-107
-3
102
24
97
282
170
50
133
43
-115
-91
-74
-68
22
41
38
58
-82
-177
-79
-113
-164
41
165
84
30
34
55
-55
-168
30
129
-91
-73
107
23
-50
39
7
-82
-37
-25
-59
53
101
-6
32
46
-93
-39
7
-143
-58
110
-8
-76
-27
-78
-74
-15
-15
63
141
86
0
-45
31
90
-110
-114
258
276
2
51
121
-96
-257
-158
55
131
44
6
22
-40
-132
-97
21
10
0
96
53
41
148
16
-53
157
77
-118
84
156
-154
-147
181
147
-35
58
65
-109
-176
-210
-169
11
85
60
125
175
19
-132
7
40
-197
-79
187
28
10
257
97
-170
-69
-12
-187
-185
78
169
-33
-84
116
116
-69
-22
83
-121
-261
-16
112
-18
104
226
-57
-135
37
-179
-281
16
-15
-47
327
269
-80
54
42
-363
-241
241
188
-23
205
283
-78
-190
-17
-14
9
103
10
-63
0
-13
-64
-23
27
-21
-76
-16
-43
-214
-153
81
112
82
151
147
54
-16
-39
-62
-97
-33
95
121
107
100
-11
-185
-220
-86
-16
-45
71
196
74
-57
-39
-101
-232
-160
51
123
86
70
61
47
-45
-134
-25
-13
-189
-75
130
-11
-62
135
67
-156
-75
61
-13
-12
108
110
-1
-85
21
162
43
-69
-49
-156
-147
53
107
134
135
-44
-102
2
52
108
113
13
11
113
115
15
-11
7
-31
-2
83
26
-86
-133
-179
-196
-162
-112
19
114
19
34
155
-42
-238
-83
-5
16
181
166
87
139
83
-31
-124
-229
-130
75
74
13
112
118
-156
-264
-21
39
-108
4
183
52
-92
57
136
-84
-116
105
79
-61
-36
-54
-97
-15
102
146
90
-1
-18
3
-20
-36
16
5
-70
30
189
54
-188
-101
57
-160
-304
16
132
-114
-37
159
38
16
152
27
-139
-44
35
-6
48
86
49
138
127
-129
-147
83
48
-77
35
71
-51
13
75
-112
-188
-77
-83
-117
-44
30
32
-44
-103
-78
-15
75
85
41
118
115
-66
-50
119
92
43
146
107
-85
-64
-6
-197
-237
-66
-62
-29
74
-34
-129
-162
-229
-67
51
-62
100
298
91
14
132
-49
-182
-11
3
-54
91
113
37
100
2
-149
-3
62
-106
-131
-5
87
97
75
92
8
-78
90
181
4
-18
84
11
-3
79
0
-46
10
-89
-154
-19
63
28
-39
-13
150
117
-68
-44
-39
-111
17
136
135
142
61
-14
-6
-91
-138
-39
-16
-46
60
109
-27
-79
-44
-124
-160
-74
-64
-73
43
102
-75
-163
13
-1
-156
11
175
66
7
5
19
61
-84
-140
134
193
-31
-49
-4
-84
-48
-21
-144
-96
56
42
29
42
-46
-85
-39
-17
-9
3
47
86
35
-10
13
18
24
63
53
-1
11
25
-60
-12
167
70
-86
52
-31
-361
-220
25
-99
37
292
68
-107
-28
-109
-138
-10
86
150
74
27
112
-36
-159
6
-9
-54
137
119
-36
-32
-77
-70
58
-2
-67
51
52
-60
-66
20
111
15
-117
71
138
-142
-80
144
-59
-93
206
68
-179
66
145
-132
-6
250
23
-108
122
107
-100
-86
20
35
-20
-28
42
15
-87
-49
54
15
-90
-97
-31
22
7
-86
-109
-52
-102
-143
-41
-2
0
78
92
52
32
-30
-77
-59
-13
72
116
74
79
78
-39
-69
-48
-145
-76
48
-109
-69
133
-79
-162
78
-32
-142
21
-37
-74
82
67
17
56
87
90
-49
-112
44
52
-10
56
55
47
70
-7
-39
-1
30
81
92
92
87
26
49
109
66
63
119
89
13
-15
16
35
9
-12
-52
-101
-96
-101
-129
-148
-177
-125
-32
-88
-89
98
93
-57
-2
66
26
84
161
163
123
42
0
-18
-42
-47
-82
2
155
46
-26
187
222
95
243
456
345
230
445
476
194
255
399
169
64
82
-150
-306
-248
-208
-245
-293
-205
-116
-172
-172
-166
-242
-191
-147
-181
-39
60
-5
73
78
-155
-195
-148
-273
-203
12
-15
-131
-110
-9
-70
-307
-264
-71
-172
-192
-13
-22
-59
-48
-105
-89
-139
-242
-110
-69
-255
-208
-69
-125
-134
-114
-214
-273
-281
-280
-250
-282
-191
34
-19
-126
58
12
-268
-117
117
-77
-30
411
363
89
274
281
-7
149
320
149
258
478
358
359
570
526
388
448
455
329
347
444
409
395
467
371
142
95
110
-8
-9
129
175
196
221
231
231
91
25
191
183
36
144
306
272
201
186
142
41
-8
30
44
10
10
15
-54
-80
31
35
-105
-128
-108
-175
-166
-51
-11
-118
-159
-29
-71
-291
-245
-105
-234
-251
-33
-76
-195
-26
-30
-183
-29
-7
-181
-54
16
-116
-62
10
-24
-105
-214
-113
-25
-177
-111
11
-202
-271
-86
-113
-211
-76
6
-166
-187
-6
-139
-348
-133
-23
-243
-148
92
-91
-247
-124
-222
-388
-292
-223
-244
-314
-441
-407
-462
-687
-472
-212
-459
-367
105
61
-4
353
446
373
602
785
806
784
583
399
279
-37
-276
-312
-455
-602
-643
-762
-896
-903
-852
-876
-901
-728
-563
-588
-504
-344
-386
-435
-322
-158
-11
61
109
254
394
404
404
449
370
243
321
429
399
457
552
508
504
591
632
649
647
714
951
1039
889
906
961
759
625
599
469
469
492
293
200
211
22
-155
-167
-204
-378
-529
-441
-416
-658
-697
-608
-777
-781
-557
-563
-564
-452
-539
-576
-438
-478
-516
-280
-109
-193
-232
-95
-64
-177
-99
114
105
16
173
388
366
302
445
531
383
343
431
321
223
311
240
49
1
-118
-332
-323
-268
-428
-490
-367
-400
-447
-286
-225
-297
-235
-180
-254
-226
-129
-213
-324
-221
-165
-323
-341
-160
-147
-295
-294
-200
-264
-302
-119
-93
-264
-165
-36
-145
-88
23
-63
4
128
1
-76
32
56
-39
-29
70
-18
-181
-139
-108
-182
-114
2
16
-23
-103
-117
-81
-168
-221
-123
-75
-43
20
-28
-73
-55
-90
-89
-15
6
0
48
132
137
53
45
81
56
40
73
168
223
110
76
135
57
60
137
67
76
106
13
59
88
-27
18
33
-87
16
90
-93
-45
126
-13
-82
62
19
-72
7
57
39
-7
-37
44
64
-41
-67
-69
-109
-74
-43
-85
-33
66
-67
-215
-7
82
-194
-106
189
-33
-169
151
122
-127
22
89
-111
-36
111
1
-17
54
-30
-59
34
46
-3
13
57
25
-25
1
-10
-34
45
38
-84
-76
-5
13
24
-7
13
50
-35
25
160
15
2
196
46
-129
-3
56
31
3
-33
53
30
-98
-26
-28
-97
65
80
-56
59
93
-39
20
83
37
63
93
86
60
20
86
105
-24
21
138
15
-38
122
138
49
123
205
97
63
192
119
12
195
241
78
142
212
72
6
41
23
5
49
82
63
96
70
-77
-43
56
-27
-15
55
2
37
25
-106
-71
-55
-171
-145
-60
-30
-21
-124
-155
-23
-42
-187
-158
-41
-77
-186
-168
-92
-111
-114
-18
1
-133
-154
86
111
-181
-97
131
-130
-213
72
-13
-142
-28
-84
-140
-148
-201
-36
5
-190
-83
-29
-257
-190
-81
-229
-191
-71
-125
-113
-63
-110
-145
-146
-137
-143
-182
-139
-60
-109
-150
-55
17
-62
-158
-99
-24
-91
-46
131
52
-76
113
143
-118
-18
243
96
26
250
222
76
129
155
103
26
16
225
255
40
116
264
165
134
171
196
222
93
90
266
156
45
216
204
90
249
303
91
77
243
201
120
245
338
227
88
116
223
160
137
305
225
87
268
212
-28
131
222
84
169
186
89
176
96
-47
148
204
35
97
140
-25
-100
-55
61
72
-122
-51
131
-126
-232
13
-110
-290
-136
-137
-205
-154
-225
-233
-197
-314
-290
-196
-212
-119
-143
-287
-176
-159
-296
-208
-165
-177
-87
-163
-149
1
-162
-215
-9
-90
-158
-13
-41
-52
40
8
61
134
29
44
141
42
23
121
42
20
138
76
18
92
11
-78
9
11
-32
43
90
74
25
-37
13
38
-108
-119
86
98
-88
-56
65
-46
-115
19
-8
-123
-22
24
-76
-8
73
-20
-52
5
29
-22
-155
-155
-31
-44
-38
50
18
11
-17
-184
-108
122
38
-124
-22
131
58
-75
-13
1
-150
-111
38
38
-36
-89
3
32
-185
-145
44
-137
-205
-4
-8
-33
6
-39
-4
-1
-100
-73
-14
-17
-13
-2
55
46
-88
-87
-11
-144
-254
-81
102
48
-60
-51
-44
-86
-80
-47
-28
41
86
2
-13
135
140
-22
0
121
48
22
184
188
74
87
80
98
183
63
-11
153
111
3
139
160
57
91
96
43
34
41
62
38
42
108
60
28
85
-29
-120
32
80
5
91
157
47
-16
17
13
17
93
104
14
14
92
79
56
79
33
-1
61
72
24
23
35
22
7
36
98
32
-63
56
100
-57
-5
109
2
17
103
-30
-101
1
62
37
-29
5
99
37
17
79
-14
-25
86
12
-8
97
19
-26
71
40
-9
53
94
42
-33
58
159
10
26
254
84
-139
72
119
-129
-27
232
67
-113
134
182
-114
-28
171
-18
-68
90
109
128
47
-98
1
35
-48
82
118
-45
-21
85
25
-101
-76
94
20
-190
9
164
-130
-157
83
-46
-147
50
61
-79
-48
12
-80
-168
-52
68
-54
-154
-70
-44
-70
-81
-161
-122
2
-124
-166
81
-5
-206
53
59
-257
6
292
-14
-86
200
166
-13
50
152
119
107
186
210
154
95
89
146
102
-10
77
174
39
-55
17
59
2
-39
65
129
-20
-38
133
26
-178
-26
137
8
-83
-9
-13
-130
-151
-46
-92
-239
-152
-103
-315
-340
-262
-369
-333
-231
-346
-320
-132
-185
-321
-240
-120
-177
-244
-150
-78
-82
-57
-78
-92
-70
-102
-46
9
-129
-86
129
0
-168
24
35
-221
-100
129
-65
-163
56
61
-96
-90
25
93
-22
-162
-53
73
-2
-62
31
127
39
-38
101
113
-40
57
205
111
78
182
189
91
19
97
158
-15
-47
166
45
-161
58
93
-180
-103
59
-81
-167
-53
71
20
-92
22
115
15
-8
-1
19
87
-15
-41
146
129
36
91
22
-115
-75
47
23
-107
-56
35
-102
-144
-22
-51
-82
4
25
37
76
36
7
46
5
-18
106
102
-19
39
61
-58
8
134
31
-62
85
158
-41
-103
35
-24
-93
-3
-35
-76
-20
-52
-49
7
-32
-44
-6
-37
-37
20
-40
-102
31
74
-58
7
105
15
36
117
82
53
36
83
121
-18
-46
78
28
-23
85
105
51
103
137
54
66
216
236
185
295
381
263
212
336
310
202
296
288
102
107
120
-31
-59
-21
-88
-159
-155
-124
-224
-325
-183
-141
-310
-255
-109
-195
-257
-170
-172
-244
-171
-69
-99
-99
-64
-100
-112
-103
-99
-77
-85
-54
19
32
39
-7
-114
-72
9
-30
-13
75
70
6
21
62
4
-14
77
76
73
193
177
82
178
223
85
125
278
212
162
286
263
174
258
276
145
113
156
138
135
170
131
104
154
67
-100
-92
-41
-77
-101
-93
-40
-45
-180
-154
-44
-159
-186
-17
-63
-169
-54
23
12
22
-5
1
-11
-99
-70
-23
-87
-55
-35
-91
-43
-118
-261
-162
-158
-247
-84
-45
-198
-117
-41
-151
-168
-94
-59
-70
-72
40
94
-21
5
169
138
-1
29
154
67
-119
13
187
15
-57
92
36
-82
-77
-77
-42
-29
-25
100
151
80
84
127
170
164
113
190
250
166
191
228
91
44
91
14
-19
54
-5
-108
-40
12
-80
-116
-81
-99
-108
-84
-98
-89
-27
-25
-52
-27
-104
-227
-129
-38
-148
-153
-49
-67
-123
-129
-113
-118
-169
-160
-98
-121
-146
-94
-99
-158
-132
-91
-164
-191
-107
-133
-191
-85
2
-70
-106
-13
-7
-138
-94
58
-17
-62
84
78
-15
12
6
-1
9
-66
-50
62
38
-42
-39
-3
-3
-107
-160
-10
13
-159
-93
48
-78
-118
28
15
-76
-7
111
54
-77
40
200
102
123
317
300
210
188
140
179
211
194
300
326
228
263
264
165
151
109
90
225
243
164
230
179
-49
-47
103
51
-46
66
206
106
-43
98
214
2
-62
129
83
-26
59
42
-5
89
78
23
45
-34
-66
32
-37
-93
121
163
-51
-26
80
-122
-228
-6
63
-56
-3
59
-62
-143
-141
-165
-159
-114
-85
-65
-56
-74
-152
-233
-187
-121
-170
-180
-113
-142
-181
-132
-129
-144
-78
-59
-79
-34
-50
-120
-70
-2
-24
-20
57
85
-9
-67
36
64
-6
112
222
84
37
89
-30
-61
59
22
7
141
89
-51
34
143
64
15
165
283
167
69
165
172
47
62
146
127
122
133
30
-80
-50
8
-19
-23
57
58
-32
-53
-62
-105
-62
-25
-56
-8
12
-95
-132
-145
-234
-217
-126
-152
-246
-254
-182
-240
-387
-313
-173
-269
-327
-209
-195
-292
-310
-259
-217
-200
-179
-131
-78
-63
-94
-118
-75
-26
-40
-13
83
94
40
55
49
-8
12
51
34
58
100
31
-63
-41
-20
-93
-101
-12
-9
-71
-52
-12
-36
-28
36
56
41
43
52
81
73
24
89
186
148
126
198
204
162
205
284
293
303
350
282
135
126
111
-66
-129
-16
-50
-168
-112
-102
-287
-350
-237
-226
-273
-173
-36
-49
-107
-58
1
-6
16
87
154
181
164
178
208
164
159
237
221
150
185
206
107
88
192
172
47
52
76
-24
-42
47
67
114
236
270
287
362
383
407
466
463
449
454
377
260
155
55
-5
-19
0
28
45
56
45
29
19
-10
12
63
25
24
106
36
-122
-101
-27
-119
-209
-94
-1
-135
-258
-234
-292
-428
-443
-404
-422
-438
-440
-472
-524
-517
-418
-333
-280
-134
14
-3
-70
-41
-14
-104
-178
-99
-69
-205
-245
-176
-241
-338
-283
-215
-241
-211
-61
8
-53
-26
91
110
123
228
281
232
209
229
201
145
154
183
147
108
129
142
86
38
80
116
65
92
188
147
75
123
144
98
93
110
130
141
139
193
239
182
149
201
221
214
241
289
327
348
351
342
339
344
302
222
204
235
202
103
32
15
-10
-60
-30
74
102
25
-47
-104
-192
-315
-437
-491
-463
-425
-396
-311
-169
-127
-264
-358
-284
-282
-392
-307
-88
-32
-21
168
338
344
364
426
383
299
261
147
-84
-242
-335
-588
-864
-884
-847
-936
-894
-648
-441
-282
-55
174
326
443
547
597
604
635
660
612
591
684
750
710
689
732
714
600
477
345
135
-100
-302
-487
-597
-578
-525
-502
-429
-290
-216
-224
-156
-27
-15
-45
38
91
19
-10
18
-46
-124
-99
-81
-114
-101
-58
-78
-114
-80
-40
-68
-71
19
73
68
151
267
267
223
242
242
144
18
-59
-117
-213
-291
-299
-292
-305
-306
-293
-278
-253
-219
-186
-160
-130
-109
-141
-164
-124
-125
-178
-154
-87
-110
-166
-122
-52
-88
-135
-68
-15
-82
-123
-55
-48
-140
-140
-79
-124
-164
-121
-151
-211
-152
-107
-146
-111
-12
1
-52
-52
-2
1
-31
-2
65
83
88
130
176
201
232
267
259
220
217
196
109
41
2
-73
-122
-119
-138
-149
-125
-144
-194
-188
-164
-189
-201
-161
-158
-198
-193
-165
-194
-207
-150
-131
-162
-129
-83
-133
-167
-98
-69
-118
-98
-19
-21
-68
-61
-27
-34
-55
-55
-47
-60
-81
-97
-92
-68
-49
-27
16
39
45
73
77
46
54
86
88
93
125
150
162
167
162
153
156
161
159
163
211
256
233
196
197
181
133
127
164
199
219
249
270
242
193
159
135
116
112
117
107
72
28
-18
-66
-100
-115
-132
-150
-160
-187
-241
-281
-291
-317
-359
-355
-310
-291
-297
-266
-204
-169
-156
-116
-57
-18
4
30
76
134
176
188
193
198
180
135
95
90
101
83
55
52
41
-11
-61
-56
-27
-20
-9
32
57
43
36
61
88
106
142
175
183
190
201
185
175
204
227
229
244
254
239
220
209
197
202
226
227
212
202
173
128
116
117
104
99
112
95
49
25
24
9
-5
12
30
25
16
4
-14
-16
-8
-9
5
36
49
47
57
60
52
65
93
102
106
131
146
130
129
165
185
171
174
194
181
155
164
172
152
143
150
128
90
72
52
8
-30
-59
-110
-171
-221
-279
-351
-407
-445
-472
-480
-469
-440
-388
-328
-264
-179
-74
24
112
200
273
317
341
358
356
337
319
297
260
232
214
188
157
138
122
91
54
34
10
-43
-92
-117
-160
-218
-245
-242
-246
-248
-219
-182
-163
-144
-115
-95
-79
-50
-19
4
40
90
121
139
172
205
223
242
276
295
288
281
264
210
147
97
37
-41
-101
-131
-166
-211
-233
-234
-258
-299
-310
-301
-309
-312
-282
-256
-247
-235
-224
-235
-250
-248
-252
-270
-260
-230
-236
-259
-255
-248
-270
-282
-252
-218
-205
-193
-168
-149
-145
-138
-119
-103
-94
-84
-79
-81
-79
-73
-76
-82
-76
-69
-74
-77
-68
-57
-51
-37
-15
3
23
54
89
123
164
212
256
284
304
324
335
337
342
353
366
370
364
344
317
287
249
207
180
168
143
106
77
53
12
-35
-66
-83
-101
-116
-118
-118
-118
-107
-81
-45
11
91
178
258
337
413
466
489
498
497
472
429
387
348
302
258
230
205
171
140
122
99
69
52
46
32
12
-2
-23
-60
-99
-127
-153
-177
-184
-183
-191
-206
-217
-233
-257
-272
-269
-259
-248
-230
-212
-202
-204
-212
-218
-224
-230
-223
-212
-198
-183
-172
-168
-169
-166
-165
-166
-153
-132
-118
-110
-100
-91
-96
-105
-106
-103
-101
-92
-83
-81
-83
-88
-103
-124
-132
-129
-123
-110
-78
-40
-10
15
40
59
68
77
93
110
129
150
165
166
159
143
116
83
59
48
44
46
60
75
80
75
67
57
44
39
43
47
51
53
44
18
-10
-38
-67
-89
-99
-96
-91
-89
-86
-87
-99
-113
-124
-130
-133
-128
-119
-107
-99
-93
-90
-92
-95
-92
-87
-74
-52
-21
13
46
83
113
139
163
187
210
235
260
278
284
278
259
225
181
137
96
52
11
-24
-55
-81
-91
-76
-42
10
79
143
186
204
193
149
81
5
-68
-143
-212
-268
-319
-366
-404
-427
-439
-443
-430
-403
-374
-341
-297
-248
-205
-162
-118
-89
-79
-77
-82
-99
-121
-136
-149
-164
-177
-183
-187
-192
-187
-174
-161
-152
-143
-138
-147
-164
-178
-190
-200
-199
-186
-164
-138
-108
-75
-46
-23
-5
3
1
-7
-16
-23
-26
-15
12
50
101
163
233
304
373
441
500
548
582
604
614
619
621
625
630
632
630
616
584
535
470
393
309
228
155
91
35
-7
-37
-64
-84
-97
-106
-115
-120
-119
-112
-100
-82
-58
-34
-14
4
16
27
46
76
118
166
220
266
293
296
275
234
178
119
60
6
-47
-97
-149
-205
-265
-324
-381
-433
-476
-508
-531
-545
-550
-546
-537
-520
-495
-465
-429
-387
-341
-294
-248
-201
-157
-112
-67
-18
33
85
140
190
230
257
267
261
237
199
150
93
27
-41
-108
-173
-230
-272
-299
-308
-298
-272
-236
-194
-151
-112
-76
-46
-23
-3
13
27
38
46
51
55
56
50
42
30
13
-4
-21
-36
-44
-51
-51
-50
-49
-49
-49
-49
-45
-37
-23
-2
21
45
66
85
99
109
114
118
120
122
122
120
119
115
109
102
98
93
87
82
76
67
55
37
18
-3
-22
-39
-46
-48
-42
-32
-23
-19
-21
-31
-45
-56
-58
-48
-19
30
96
172
256
334
400
447
468
463
429
373
299
214
126
42
-33
-95
-145
-183
-209
-225
-235
-236
-232
-225
-216
-207
-201
-199
-201
-205
-214
-221
-229
-233
-239
-242
-242
-244
-246
-249
-255
-263
-275
-290
-309
-329
-348
-365
-378
-384
-382
-368
-347
-315
-275
-228
-179
-130
-85
-45
-7
28
63
100
138
177
212
244
269
284
294
296
295
292
288
283
278
273
266
257
248
239
231
225
219
217
216
217
218
221
225
224
218
206
186
160
124
85
39
-9
-55
-101
-142
-179
-207
-229
-243
-247
-245
-237
-221
-203
-182
-157
-132
-105
-79
-53
-28
-4
17
37
54
67
75
78
78
73
65
59
56
58
66
80
99
119
136
147
153
149
141
128
112
94
79
63
48
36
23
12
0
-11
-22
-30
-35
-35
-31
-19
-3
18
45
73
104
135
162
184
198
202
193
173
140
103
62
20
-20
-54
-85
-112
-138
-162
-184
-205
-221
-231
-233
-229
-219
-204
-188
-171
-158
-143
-132
-121
-107
-91
-72
-52
-33
-13
3
18
31
44
56
69
83
96
109
120
127
129
127
122
115
107
100
93
87
79
67
52
33
10
-13
-36
-55
-71
-84
-93
-99
-103
-109
-115
-122
-129
-135
-139
-140
-140
-138
-137
-139
-141
-145
-148
-149
-144
-132
-112
-88
-59
-30
-3
19
37
52
65
78
92
108
124
138
149
154
154
149
140
128
119
107
97
86
75
63
49
34
19
6
-5
-11
-15
-16
-14
-10
-7
-5
-3
0
4
12
24
40
57
77
97
116
132
146
156
166
175
182
188
191
189
183
168
149
128
103
80
59
42
28
16
5
-5
-18
-34
-51
-67
-81
-90
-94
-92
-85
-76
-67
-60
-56
-58
-66
-77
-90
-103
-116
-124
-129
-131
-129
-124
-116
-106
-96
-83
-69
-52
-36
-22
-10
-3
0
-3
-9
-20
-32
-46
-59
-71
-85
-99
-115
-131
-148
-165
-178
-187
-189
-186
-178
-164
-148
-132
-116
-101
-88
-73
-56
-37
-16
5
29
50
69
85
96
105
110
116
119
123
126
130
131
130
130
126
122
120
119
119
121
123
123
123
120
113
106
99
93
93
98
109
124
142
160
175
186
191
191
188
182
173
164
154
144
131
119
103
86
67
47
27
8
-14
-36
-60
-87
-118
-150
-184
-217
-246
-273
-294
-311
-323
-333
-340
-346
-350
-351
-348
-341
-329
-313
-291
-266
-238
-208
-179
-149
-117
-85
-53
-21
11
42
73
100
124
145
162
178
194
208
221
236
248
259
267
274
276
275
274
271
266
262
258
256
253
249
244
237
229
219
208
198
188
177
167
160
151
143
133
124
114
103
93
81
70
57
41
26
7
-14
-37
-59
-84
-109
-131
-153
-173
-190
-207
-223
-236
-249
-258
-268
-274
-280
-284
-287
-289
-291
-290
-289
-287
-283
-277
-269
-259
-249
-237
-224
-212
-198
-184
-168
-150
-132
-112
-90
-68
-45
-22
0
21
41
61
80
99
118
135
151
167
180
192
203
211
218
223
227
229
229
228
225
222
218
213
206
199
192
183
175
164
153
141
127
111
95
77
60
43
27
12
-3
-17
-27
-38
-45
-50
-53
-53
-52
-49
-46
-42
-36
-31
-25
-19
-13
-6
0
5
8
10
10
9
7
7
7
7
9
12
15
17
19
21
23
24
26
27
28
29
29
29
27
23
20
16
12
7
3
-1
-6
-11
-17
-21
-26
-29
-32
-35
-36
-36
-38
-38
-39
-41
-41
-43
-44
-45
-48
-49
-51
-54
-58
-62
-66
-73
-80
-88
-97
-106
-115
-125
-134
-143
-150
-157
-164
-169
-175
-180
-186
-191
-196
-200
-204
-206
-205
-203
-199
-192
-182
-169
-151
-132
-108
-82
-52
-20
15
52
89
129
167
204
241
275
305
331
352
368
377
380
379
371
358
343
324
302
280
255
231
205
181
156
132
111
88
69
51
36
21
9
-3
-14
-25
-34
-46
-57
-70
-82
-95
-109
-124
-138
-153
-166
-179
-189
-199
-205
-207
-207
-204
-198
-188
-176
-164
-150
-134
-119
-105
-89
-75
-61
-48
-35
-23
-11
1
13
25
37
49
62
74
86
97
107
116
123
130
134
139
142
143
143
141
137
133
125
118
110
98
87
76
63
50
37
26
13
2
-9
-20
-31
-40
-48
-58
-64
-70
-75
-78
-83
-85
-87
-90
-94
-96
-100
-106
-111
-119
-124
-129
-132
-135
-136
-136
-132
-128
-122
-115
-108
-100
-91
-82
-73
-64
-55
-46
-37
-28
-21
-14
-7
-1
6
13
17
21
24
27
29
30
30
30
31
31
31
31
30
29
29
28
27
25
24
23
22
20
20
19
18
17
15
13
12
11
11
10
10
11
12
13
15
16
19
20
23
25
26
27
27
26
26
25
21
19
15
11
7
4
0
-3
-4
-6
-7
-7
-7
-6
-4
-2
0
1
2
3
4
4
4
4
4
5
4
5
6
6
6
6
5
2
0
-4
-8
-12
-17
-22
-27
-31
-35
-39
-42
-46
-50
-52
-56
-59
-62
-65
-69
-73
-75
-79
-81
-83
-86
-86
-88
-88
-87
-86
-85
-83
-82
-78
-76
-73
-70
-65
-62
-58
-54
-51
-48
-45
-41
-39
-34
-29
-25
-19
-12
-2
8
20
34
50
68
87
107
129
149
170
191
211
229
246
260
272
280
285
286
284
277
266
252
234
212
188
162
133
103
74
46
18
-8
-32
-52
-71
-86
-98
-108
-114
-119
-121
-121
-118
-114
-109
-102
-94
-86
-77
-69
-61
-53
-45
-40
-35
-31
-27
-25
-24
-24
-24
-25
-27
-29
-33
-36
-40
-43
-48
-53
-56
-61
-64
-68
-71
-72
-73
-74
-75
-75
-74
-72
-70
-67
-64
-62
-58
-54
-52
-47
-45
-41
-39
-37
-34
-32
-30
-28
-27
-24
-23
-22
-21
-19
-17
-16
-15
-14
-13
-13
-13
-12
-12
-12
-12
-11
-10
-10
-10
-9
-9
-8
-7
-6
-5
-3
-3
-2
0
1
2
3
5
5
6
6
7
6
5
5
5
4
4
4
5
5
6
7
8
9
10
11
11
10
10
8
7
5
3
-1
-4
-7
-10
-14
-15
-19
-20
-22
-24
-24
-24
-23
-23
-22
-22
-18
-16
-14
-10
-6
-2
3
7
12
15
19
23
26
29
31
33
34
34
35
35
34
34
33
33
32
30
31
29
29
28
28
27
28
27
29
30
30
32
33
35
36
38
40
42
43
44
46
46
47
48
48
46
46
45
44
41
40
36
33
31
29
27
24
23
20
17
15
13
10
8
5
3
-1
-3
-4
-7
-9
-11
-11
-12
-13
-12
-12
-10
-8
-6
-4
-2
1
3
5
8
10
12
14
16
17
19
20
21
22
23
23
24
24
24
23
22
20
18
16
15
12
9
5
3
-1
-5
-8
-12
-16
-19
-22
-25
-28
-31
-32
-34
-36
-36
-37
-38
-38
-38
-38
-38
-38
-38
-40
-40
-40
-42
-43
-45
-47
-50
-51
-52
-54
-56
-57
-57
-59
-57
-56
-55
-54
-51
-48
-46
-43
-39
-35
-32
-30
-26
-23
-20
-18
-14
-11
-8
-5
-3
0
3
7
10
13
16
19
22
25
27
29
33
34
35
37
39
39
40
39
39
38
37
35
34
32
30
27
24
21
20
17
15
13
10
9
7
5
4
2
2
2
0
0
0
-1
-2
-2
-3
-4
-4
-5
-6
-5
-7
-7
-6
-6
-7
-7
-6
-6
-6
-6
-6
-5
-5
-5
-5
-5
-6
-6
-5
-6
-7
-8
-8
-10
-9
-11
-12
-12
-14
-14
-14
-15
-16
-16
-17
-17
-17
-18
-18
-18
-18
-19
-18
-18
-17
-17
-18
-17
-17
-18
-18
-17
-16
-16
-16
-14
-13
-12
-11
-10
-8
-6
-4
-3
-2
-1
1
3
5
6
7
10
11
12
13
15
16
18
19
20
22
22
24
25
27
28
29
29
31
32
32
34
35
36
37
37
38
39
39
40
41
41
42
42
43
43
43
42
42
43
42
41
41
40
39
39
37
37
35
35
34
31
30
28
26
24
23
21
19
18
16
14
13
11
8
8
6
5
3
1
0
-2
-3
-4
-6
-7
-8
-9
-12
-12
-15
-15
-16
-18
-19
-19
-20
-21
-21
-22
-22
-23
-22
-24
-24
-24
-24
-24
-24
-25
-24
-25
-25
-25
-24
-23
-23
-24
-22
-23
-22
-22
-20
-20
-19
-19
-19
-18
-17
-15
-16
-15
-13
-12
-11
-10
-10
-8
-8
-6
-6
-5
-6
-5
-4
-4
-5
-4
-5
-5
-5
-5
-6
-6
-6
-7
-7
-7
-7
-8
-7
-8
-8
-8
-9
-8
-8
-8
-7
-8
-8
-8
-7
-8
-8
-7
-8
-8
-7
-8
-7
-8
-8
-7
-7
-7
-8
-7
-8
-7
-7
-6
-7
-7
-5
-6
-5
-6
-6
-5
-5
-5
-5
-4
-5
-4
-5
-4
-4
-4
-4
-4
-3
-2
-2
-2
-2
-1
0
-1
1
1
0
1
1
1
1
2
2
2
2
2
3
2
2
3
3
2
2
1
1
1
2
1
1
0
1
0
0
-1
0
-1
-1
-2
-2
-2
-2
-3
-3
-3
-4
-4
-5
-5
-6
-6
-6
-7
-6
-6
-7
-7
-7
-8
-8
-9
-9
-8
-9
-8
-8
-8
-7
-7
-7
-7
-7
-7
-5
-6
-4
-4
-4
-4
-3
-2
-2
-1
-1
0
1
1
2
3
4
4
5
5
5
7
7
8
8
9
9
9
11
12
11
13
13
14
14
15
15
16
17
17
17
17
18
19
19
20
20
20
21
21
22
22
23
23
23
22
24
24
24
24
23
24
24
0
0
0
0
0
0
0
0
0
0
0
0
0
0
0
0
0
0
0
0
0
0
0
0
0
0
0
0
0
0
0
0
0
0
0
0
0
0
0
0
0
0
0
0
0
0
0
0
0
0
0
0
0
0
0
0
0
0
0
0
0
0
0
0
0
0
0
0
0
0
0
0
0
0
0
0
0
0
0
0
0
0
0
0
0
0
0
0
0
0
0
0
0
0
0
0
0
0
0
0
0
0
0
0
0
0
0
0
0
0
0
0
0
0
0
0
0
0
0
0
0
0
0
0
0
0
0
0
0
0
0
0
0
0
0
0
0
0
0
0
0
0
0
0
0
0
0
0
0
0
0
0
0
0
0
0
0
0
0
0
0
0
0
0
0
0
0
0
0
0
0
0
0
0
0
0
0
0
0
0
0
0
0
0
0
0
0
0
0
0
0
0
0
0
0
0
0
0
