0
0
0
0
0
0
0
0
0
0
0
0
0
0
0
0
0
0
0
0
0
0
0
0
0
0
0
0
0
0
0
0
0
0
0
0
0
0
0
0
0
0
0
0
0
0
0
0
0
0
0
0
0
0
0
0
0
0
0
0
0
0
0
0
0
0
0
0
0
0
0
0
0
0
0
0
0
0
0
0
0
0
0
0
0
0
0
0
0
0
0
0
0
0
0
0
0
0
0
0
0
0
0
0
0
0
0
0
0
0
0
0
0
0
0
0
0
0
0
0
0
0
0
0
0
0
0
0
0
0
0
0
0
0
0
0
0
0
0
0
0
0
0
0
0
0
0
0
0
0
0
0
0
0
0
0
0
0
0
0
0
0
0
0
0
0
0
0
0
0
0
0
0
0
0
0
0
0
0
0
0
0
0
0
0
0
0
0
0
0
0
0
0
0
0
0
0
0
-1
-1
-1
1
4
5
7
9
12
15
17
22
26
30
34
39
44
47
53
57
63
67
72
76
81
84
88
91
92
95
96
96
97
95
92
90
87
83
76
70
63
55
46
36
24
13
2
-11
-23
-36
-49
-61
-72
-84
-95
-105
-114
-122
-129
-136
-141
-147
-150
-153
-154
-154
-154
-152
-149
-144
-139
-132
-125
-116
-106
-95
-85
-72
-58
-47
-33
-20
-6
7
21
35
47
61
73
84
95
104
113
121
128
135
139
142
144
144
143
142
137
131
124
114
106
95
81
67
53
38
23
7
-10
-26
-43
-59
-75
-90
-104
-117
-130
-141
-151
-159
-166
-172
-176
-178
-178
-176
-173
-168
-163
-155
-146
-135
-123
-110
-96
-81
-66
-51
-36
-21
-6
7
20
33
45
56
65
74
82
87
94
97
100
102
102
102
101
98
95
90
84
79
73
65
59
50
42
34
25
17
9
1
-6
-14
-19
-25
-29
-32
-34
-35
-35
-32
-29
-25
-18
-9
0
11
23
36
50
66
82
98
114
131
146
160
175
184
195
203
209
211
211
208
202
195
183
169
153
134
114
90
68
43
17
-8
-33
-58
-82
-106
-127
-148
-168
-185
-200
-213
-224
-233
-239
-243
-246
-247
-245
-243
-239
-233
-225
-218
-207
-195
-183
-171
-155
-140
-124
-107
-89
-70
-52
-31
-12
8
28
48
67
86
104
123
139
155
171
183
194
203
209
214
216
215
211
205
194
182
167
150
128
106
82
57
29
2
-25
-54
-81
-108
-133
-155
-177
-193
-209
-220
-229
-235
-236
-235
-231
-225
-213
-202
-188
-172
-155
-137
-118
-100
-81
-62
-44
-27
-11
4
17
32
43
53
63
73
80
87
94
100
105
109
114
118
122
126
127
129
131
131
129
128
126
122
116
112
106
98
90
82
75
66
59
53
46
41
40
37
37
39
43
48
55
65
75
88
101
115
129
142
156
168
178
186
191
192
192
186
176
162
145
123
99
74
43
15
-14
-45
-72
-99
-122
-145
-163
-177
-191
-201
-207
-212
-215
-214
-215
-214
-211
-209
-206
-203
-200
-197
-193
-189
-183
-178
-171
-164
-155
-146
-136
-126
-115
-104
-92
-77
-63
-48
-33
-15
1
18
37
56
76
97
118
138
158
179
198
215
229
241
249
255
256
252
245
232
214
194
168
141
110
77
42
7
-29
-66
-101
-135
-170
-201
-228
-255
-275
-293
-306
-315
-318
-316
-312
-302
-289
-272
-251
-229
-205
-180
-156
-131
-108
-88
-68
-49
-33
-19
-5
6
16
26
36
45
53
62
71
80
88
97
106
113
119
126
131
135
136
138
139
140
140
138
137
136
133
131
129
126
122
119
115
111
106
102
99
96
95
95
96
100
106
115
126
139
155
171
188
205
220
235
245
249
248
241
227
206
177
142
103
59
12
-35
-79
-122
-160
-192
-217
-236
-250
-256
-260
-258
-253
-246
-239
-232
-226
-220
-214
-209
-205
-200
-195
-191
-184
-176
-167
-158
-149
-139
-129
-120
-110
-100
-90
-82
-73
-62
-51
-39
-24
-10
5
21
39
57
78
99
120
141
162
183
206
226
244
260
272
282
287
288
284
274
258
238
212
183
150
114
77
36
-5
-45
-84
-123
-160
-194
-224
-253
-278
-296
-309
-318
-322
-320
-312
-300
-282
-261
-237
-212
-186
-161
-135
-111
-89
-68
-50
-36
-23
-10
0
11
20
30
39
48
57
67
78
86
95
103
107
114
120
124
128
132
136
139
142
148
152
155
157
159
158
158
157
153
147
141
133
127
119
113
105
99
93
86
82
80
80
81
86
93
106
123
141
166
192
218
243
265
281
291
289
276
252
216
169
113
53
-9
-71
-129
-183
-227
-260
-282
-296
-301
-299
-292
-283
-275
-265
-260
-255
-253
-252
-250
-247
-241
-231
-219
-203
-186
-164
-144
-124
-107
-94
-87
-81
-80
-81
-83
-85
-87
-85
-81
-72
-59
-42
-23
-4
17
37
57
76
95
112
129
146
164
182
200
219
235
249
260
267
268
262
249
229
202
170
134
93
50
6
-38
-81
-122
-160
-195
-228
-256
-281
-300
-316
-326
-333
-332
-326
-314
-299
-281
-259
-234
-210
-186
-163
-142
-122
-105
-89
-74
-62
-49
-33
-19
-3
13
29
46
62
77
91
102
110
116
121
123
125
127
129
134
138
146
152
161
171
179
185
189
189
186
181
175
167
160
154
148
146
146
149
152
157
160
161
162
160
157
156
156
161
171
186
208
237
271
305
335
357
368
365
342
300
238
159
68
-30
-129
-223
-307
-372
-418
-444
-451
-438
-415
-384
-349
-317
-293
-275
-265
-264
-266
-268
-268
-262
-247
-225
-193
-154
-112
-68
-29
1
20
28
26
14
-6
-31
-56
-76
-91
-96
-92
-78
-55
-31
-5
21
46
66
80
90
97
103
109
120
136
158
184
213
243
271
295
309
313
304
282
246
201
147
89
28
-30
-85
-136
-179
-217
-247
-271
-292
-310
-324
-334
-343
-345
-344
-336
-324
-305
-281
-252
-219
-184
-149
-115
-87
-62
-43
-30
-24
-21
-25
-31
-35
-40
-42
-41
-34
-24
-10
6
23
42
60
78
94
110
127
143
161
179
197
213
230
246
257
264
267
262
253
242
229
214
200
190
179
174
173
173
179
185
191
195
201
206
214
226
241
260
288
322
363
407
453
492
520
530
516
477
410
315
194
53
-99
-256
-402
-530
-636
-709
-753
-769
-754
-718
-666
-606
-546
-491
-445
-404
-369
-335
-297
-256
-204
-144
-73
6
88
168
234
283
306
305
280
231
165
85
2
-78
-147
-197
-227
-236
-228
-207
-178
-145
-116
-89
-68
-54
-43
-34
-19
4
42
96
161
234
311
384
447
492
514
508
472
409
323
223
114
4
-103
-199
-283
-354
-411
-455
-491
-519
-541
-559
-572
-576
-570
-548
-512
-460
-394
-316
-231
-144
-61
11
69
109
133
138
132
118
98
80
65
57
55
59
66
71
75
72
64
52
37
20
7
0
3
15
39
74
113
156
197
234
263
283
293
293
284
270
255
238
222
211
204
200
199
201
204
207
210
214
216
222
231
249
273
306
349
400
460
528
597
659
709
736
734
697
622
505
350
163
-50
-273
-489
-684
-845
-964
-1037
-1060
-1039
-980
-891
-785
-676
-573
-485
-410
-348
-290
-232
-171
-99
-21
68
161
254
338
399
427
417
368
285
173
44
-90
-219
-332
-419
-475
-494
-481
-441
-386
-323
-261
-205
-154
-107
-68
-29
12
62
127
208
304
411
519
616
695
746
762
739
679
581
451
299
136
-27
-178
-309
-418
-505
-570
-615
-644
-661
-669
-672
-667
-655
-634
-597
-541
-465
-371
-266
-154
-44
53
134
191
221
224
201
159
111
62
20
-6
-19
-20
-13
-2
10
19
19
10
-5
-23
-38
-41
-27
5
55
117
190
262
330
386
427
448
451
437
412
383
357
335
317
303
288
275
258
240
217
193
166
143
129
128
144
179
233
300
377
463
554
650
745
834
909
961
981
964
899
782
609
380
103
-210
-533
-841
-1111
-1322
-1460
-1521
-1503
-1416
-1271
-1088
-889
-692
-515
-367
-246
-140
-44
54
159
271
387
503
606
683
721
705
625
483
286
54
-190
-424
-627
-788
-897
-948
-941
-884
-788
-671
-548
-432
-331
-240
-153
-62
35
146
267
400
540
679
808
913
977
990
946
849
707
535
344
145
-49
-230
-388
-514
-606
-670
-709
-733
-748
-752
-744
-722
-682
-627
-556
-472
-377
-269
-156
-44
56
135
184
204
197
167
121
61
-5
-71
-134
-183
-216
-234
-241
-242
-241
-237
-230
-217
-199
-174
-141
-100
-49
14
89
170
247
315
368
405
429
441
442
431
415
394
375
363
358
356
351
337
311
277
240
203
169
143
125
124
144
191
267
369
480
592
699
794
883
969
1050
1124
1182
1213
1215
1176
1093
950
735
440
66
-366
-819
-1248
-1611
-1878
-2032
-2067
-1987
-1805
-1538
-1216
-875
-550
-274
-59
101
225
337
452
573
693
802
889
939
943
883
746
524
224
-129
-495
-830
-1098
-1280
-1369
-1371
-1293
-1149
-955
-734
-510
-305
-135
3
121
239
372
520
678
829
962
1062
1121
1127
1071
947
758
519
257
-1
-229
-415
-559
-663
-732
-774
-789
-784
-765
-739
-704
-658
-593
-501
-382
-246
-105
25
129
201
239
240
208
146
65
-24
-106
-170
-215
-242
-258
-267
-277
-287
-295
-298
-296
-285
-262
-224
-168
-92
-1
97
188
265
323
362
380
382
370
350
326
304
289
285
288
293
293
282
263
236
204
172
141
113
95
92
111
152
211
281
350
410
460
505
554
607
667
724
774
819
863
915
983
1062
1142
1205
1236
1227
1167
1046
847
556
165
-315
-843
-1354
-1779
-2065
-2193
-2165
-2006
-1744
-1414
-1051
-686
-358
-92
97
219
307
400
524
679
840
974
1047
1036
931
732
451
101
-293
-695
-1062
-1347
-1515
-1559
-1496
-1353
-1164
-955
-745
-543
-351
-171
2
171
345
531
727
920
1083
1192
1224
1171
1035
827
574
300
33
-209
-407
-551
-635
-670
-669
-654
-645
-653
-678
-704
-712
-679
-594
-457
-285
-100
69
200
273
282
229
122
-19
-172
-309
-412
-466
-478
-460
-432
-408
-400
-408
-425
-441
-443
-425
-380
-311
-218
-113
-3
99
183
245
279
286
272
246
224
213
218
239
268
289
293
274
241
196
153
116
92
85
102
140
191
248
297
331
353
367
385
413
445
474
501
528
561
610
671
740
802
853
893
940
1002
1080
1157
1221
1258
1259
1220
1121
932
622
168
-408
-1043
-1632
-2074
-2308
-2325
-2164
-1885
-1537
-1165
-804
-476
-201
8
147
237
329
470
677
915
1119
1224
1191
1012
709
323
-96
-505
-876
-1184
-1400
-1504
-1487
-1373
-1207
-1029
-864
-720
-579
-424
-233
2
272
558
837
1087
1282
1392
1396
1282
1069
790
487
204
-28
-200
-325
-421
-501
-560
-603
-631
-655
-670
-660
-599
-475
-292
-74
128
252
255
146
-18
-169
-270
-316
-328
-323
-312
-298
-285
-277
-284
-327
-408
-512
-595
-613
-554
-446
-333
-245
-185
-139
-94
-46
4
49
88
126
176
252
347
434
480
469
415
345
275
210
146
85
40
27
56
124
213
287
329
339
335
340
361
391
427
461
495
529
562
580
569
523
459
416
433
521
649
777
875
942
999
1055
1114
1172
1229
1279
1305
1281
1172
930
503
-131
-899
-1641
-2177
-2416
-2382
-2162
-1842
-1488
-1152
-863
-615
-387
-181
-21
101
247
489
826
1166
1396
1441
1292
972
533
51
-397
-765
-1048
-1252
-1368
-1379
-1305
-1196
-1106
-1050
-1009
-937
-795
-562
-240
138
525
877
1158
1350
1432
1391
1232
987
707
446
233
76
-39
-139
-256
-409
-579
-736
-849
-915
-928
-867
-714
-469
-177
107
335
463
454
306
76
-149
-306
-391
-431
-441
-427
-400
-391
-426
-501
-605
-712
-795
-816
-744
-591
-405
-242
-135
-92
-96
-118
-134
-131
-106
-57
26
140
263
359
405
395
334
242
143
73
48
57
76
91
101
112
123
128
123
118
127
165
241
349
471
579
653
679
666
627
580
530
485
448
426
423
448
503
582
665
731
773
815
882
973
1062
1138
1210
1282
1320
1267
1082
738
207
-500
-1275
-1914
-2242
-2239
-2032
-1757
-1483
-1225
-1003
-829
-671
-484
-263
-42
180
457
813
1177
1409
1417
1215
873
459
33
-347
-641
-850
-1001
-1110
-1173
-1193
-1200
-1221
-1254
-1253
-1155
-929
-580
-153
284
675
970
1158
1249
1261
1204
1085
924
757
616
502
388
241
46
-193
-453
-697
-879
-964
-952
-862
-710
-504
-268
-47
119
223
283
318
329
308
230
79
-131
-353
-530
-644
-714
-772
-826
-863
-871
-837
-753
-632
-503
-403
-327
-250
-164
-88
-47
-37
-38
-29
0
54
135
220
279
303
310
324
341
340
319
289
268
260
258
255
243
209
162
126
125
164
229
307
394
495
603
704
781
813
792
729
664
637
653
675
666
613
553
534
579
662
742
804
859
921
983
1050
1136
1240
1312
1288
1127
812
312
-388
-1187
-1856
-2174
-2125
-1880
-1623
-1420
-1255
-1120
-1012
-884
-683
-409
-121
163
484
857
1187
1341
1268
1021
688
337
16
-244
-446
-627
-810
-979
-1108
-1204
-1291
-1366
-1398
-1342
-1175
-890
-504
-74
322
626
832
971
1063
1111
1110
1067
987
885
768
640
487
288
39
-237
-501
-714
-852
-904
-882
-805
-687
-534
-364
-201
-69
30
113
197
276
308
242
61
-191
-422
-568
-627
-646
-675
-727
-788
-832
-835
-782
-689
-597
-535
-494
-441
-360
-275
-208
-166
-140
-110
-63
9
97
180
239
271
298
331
355
351
321
280
249
229
210
188
160
122
79
55
66
117
188
259
331
408
491
569
636
680
705
715
719
720
705
666
608
557
541
574
641
711
767
810
852
889
920
958
1031
1129
1192
1140
935
562
-2
-719
-1423
-1871
-1941
-1751
-1526
-1385
-1300
-1214
-1124
-1026
-871
-628
-333
-35
281
637
970
1142
1092
890
645
415
203
14
-154
-334
-558
-798
-996
-1132
-1237
-1340
-1401
-1364
-1212
-969
-667
-338
-19
250
465
658
845
1006
1110
1144
1117
1047
946
820
673
497
287
55
-161
-341
-486
-610
-707
-757
-743
-661
-531
-376
-226
-107
-21
59
142
187
135
-14
-194
-324
-369
-355
-323
-328
-404
-533
-652
-708
-705
-685
-667
-638
-587
-529
-472
-418
-371
-346
-326
-270
-156
-16
107
200
273
328
365
392
422
449
447
419
392
383
371
337
286
241
213
201
209
242
291
333
361
392
440
496
545
585
623
664
698
716
716
702
686
677
688
730
791
852
905
954
996
1011
1006
1018
1076
1140
1126
963
627
110
-547
-1201
-1639
-1735
-1577
-1375
-1266
-1237
-1229
-1216
-1178
-1057
-831
-537
-225
106
469
783
928
866
684
505
378
298
241
173
36
-197
-480
-731
-921
-1065
-1178
-1235
-1206
-1093
-924
-727
-531
-352
-181
-1
210
446
674
860
975
1021
1012
970
906
820
717
597
456
295
127
-35
-190
-347
-488
-586
-622
-596
-527
-443
-384
-389
-450
-507
-500
-407
-271
-154
-100
-119
-180
-233
-254
-265
-294
-347
-400
-438
-466
-497
-539
-599
-664
-698
-666
-570
-457
-368
-312
-266
-214
-140
-45
69
177
261
329
394
449
478
478
467
461
457
453
448
441
424
401
378
363
352
340
336
337
340
341
339
334
332
337
361
399
433
457
476
502
534
569
609
656
704
749
796
834
854
855
859
874
874
807
633
339
-65
-509
-883
-1082
-1087
-977
-862
-811
-836
-913
-994
-1025
-991
-899
-768
-589
-359
-112
79
147
89
-33
-133
-139
-45
93
191
195
114
-2
-113
-210
-303
-394
-458
-464
-405
-315
-247
-243
-290
-346
-356
-294
-178
-53
43
107
159
218
278
326
352
368
379
406
444
469
460
406
321
240
179
142
113
77
32
-18
-69
-118
-169
-221
-271
-306
-323
-323
-319
-323
-346
-387
-429
-454
-458
-444
-426
-407
-389
-373
-359
-348
-335
-318
-296
-267
-224
-178
-141
-119
-108
-97
-83
-58
-23
16
53
83
109
137
161
181
195
210
230
257
289
320
343
353
353
350
348
349
352
357
361
364
365
362
352
338
327
321
318
314
309
305
303
305
310
322
338
358
378
399
415
429
444
466
495
519
523
498
446
387
344
329
328
317
270
195
112
45
-4
-51
-122
-223
-332
-417
-461
-474
-496
-552
-640
-724
-769
-762
-719
-679
-660
-655
-637
-590
-523
-465
-441
-446
-452
-427
-356
-265
-186
-143
-128
-116
-83
-27
32
74
96
117
153
209
271
314
327
319
315
334
377
422
444
440
419
403
402
404
395
365
315
262
222
193
164
113
43
-37
-110
-168
-215
-259
-309
-364
-411
-445
-467
-481
-498
-518
-534
-542
-539
-529
-519
-510
-499
-485
-467
-448
-425
-400
-370
-331
-287
-242
-197
-154
-110
-63
-16
30
73
114
155
197
239
280
316
347
376
404
430
454
471
484
492
496
499
496
490
481
475
472
469
462
451
435
419
403
391
381
376
371
370
370
371
373
377
385
392
388
365
320
260
201
163
144
130
104
51
-20
-94
-159
-211
-267
-340
-426
-507
-564
-591
-605
-635
-694
-770
-834
-857
-836
-793
-752
-727
-708
-674
-618
-555
-504
-477
-464
-439
-379
-289
-193
-117
-72
-42
-9
40
104
161
201
223
243
275
312
344
357
353
344
349
377
417
448
458
442
414
384
363
349
335
312
282
245
210
173
132
81
18
-49
-119
-183
-237
-284
-332
-388
-449
-504
-542
-559
-561
-557
-559
-567
-571
-565
-545
-520
-496
-478
-459
-428
-383
-330
-280
-240
-208
-176
-132
-77
-17
37
84
126
171
219
267
308
336
360
385
418
455
490
513
526
529
531
535
541
541
535
525
515
505
498
490
477
460
444
432
424
417
413
410
409
412
414
417
422
431
441
444
430
388
324
256
205
176
164
144
96
24
-56
-124
-173
-216
-274
-355
-444
-513
-547
-555
-568
-611
-680
-747
-777
-759
-714
-671
-651
-650
-637
-597
-537
-480
-450
-442
-431
-388
-308
-212
-131
-84
-61
-33
16
88
159
210
237
255
283
324
366
392
394
384
382
403
441
474
484
465
431
399
379
366
348
316
274
231
198
173
145
99
32
-45
-117
-177
-222
-266
-322
-384
-446
-495
-529
-551
-570
-587
-603
-610
-603
-589
-572
-560
-549
-534
-510
-473
-431
-385
-340
-296
-250
-200
-147
-96
-49
-3
46
98
152
205
250
292
332
372
409
444
476
502
522
538
550
560
565
565
561
550
539
527
513
497
476
449
424
402
386
372
359
342
325
312
311
316
323
323
319
317
319
321
309
269
205
134
84
63
59
41
-11
-92
-175
-235
-270
-300
-353
-434
-522
-585
-608
-606
-614
-655
-720
-772
-777
-733
-673
-629
-620
-627
-619
-576
-511
-454
-424
-412
-392
-336
-250
-160
-94
-64
-49
-20
37
112
181
222
239
251
277
316
354
375
377
375
383
409
440
457
447
414
380
354
342
332
314
282
242
204
172
143
109
63
5
-57
-115
-165
-209
-255
-304
-363
-421
-468
-501
-520
-533
-549
-570
-590
-598
-591
-572
-550
-534
-521
-502
-472
-426
-375
-326
-283
-244
-197
-138
-73
-13
36
79
121
170
226
284
335
376
413
447
482
514
539
555
563
569
576
581
580
574
564
549
532
515
497
474
446
419
396
379
368
356
341
324
312
309
315
323
326
323
320
321
328
327
306
259
197
142
105
89
71
32
-35
-117
-187
-233
-264
-304
-366
-447
-520
-565
-579
-583
-602
-645
-691
-712
-693
-641
-589
-561
-554
-550
-524
-473
-411
-367
-345
-330
-302
-247
-174
-108
-67
-48
-31
3
60
122
173
201
218
235
265
302
334
352
361
369
385
408
426
432
422
400
376
356
337
319
298
275
246
213
174
129
81
35
-8
-51
-98
-153
-210
-264
-311
-354
-396
-439
-481
-513
-532
-541
-545
-552
-561
-566
-562
-544
-518
-491
-465
-439
-410
-370
-320
-269
-219
-171
-124
-73
-20
34
86
134
178
221
268
316
362
399
429
454
475
496
516
529
537
537
533
528
521
511
495
477
457
440
422
404
382
358
337
320
309
300
292
282
275
275
281
287
288
286
284
288
295
297
278
238
183
135
104
85
63
18
-52
-131
-196
-240
-271
-309
-371
-447
-515
-556
-570
-574
-595
-634
-676
-694
-677
-634
-592
-572
-568
-566
-544
-500
-447
-408
-384
-368
-340
-290
-227
-169
-129
-107
-85
-48
6
67
117
150
169
189
218
254
289
317
334
346
361
379
396
406
403
387
366
346
331
321
308
285
252
209
165
124
87
50
9
-42
-96
-149
-197
-243
-289
-339
-387
-428
-461
-483
-498
-514
-532
-547
-558
-559
-548
-531
-510
-487
-462
-431
-393
-350
-305
-260
-213
-163
-112
-57
-2
51
100
145
188
233
276
319
357
391
419
443
465
484
501
512
517
519
514
509
500
489
475
461
446
430
412
392
370
350
331
318
307
297
286
278
276
278
284
285
283
279
281
291
303
307
289
250
200
157
133
120
99
56
-11
-83
-143
-183
-214
-256
-321
-398
-466
-505
-521
-533
-562
-611
-658
-678
-662
-623
-585
-566
-564
-561
-537
-491
-441
-403
-382
-367
-337
-286
-225
-171
-135
-112
-91
-55
-3
52
98
129
150
174
206
243
277
305
324
344
366
390
411
424
422
409
396
383
374
365
351
328
297
260
221
185
149
111
68
16
-37
-92
-143
-191
-240
-292
-343
-387
-418
-438
-454
-471
-493
-513
-527
-529
-518
-500
-480
-462
-442
-417
-387
-349
-309
-269
-226
-179
-131
-78
-29
15
54
90
128
169
215
259
299
333
361
386
408
428
444
460
473
484
491
495
491
480
466
454
443
431
420
405
386
364
339
316
294
279
267
258
251
246
241
239
240
241
243
245
249
259
270
271
257
225
182
143
115
99
77
42
-15
-79
-140
-188
-228
-274
-332
-401
-463
-505
-529
-549
-576
-614
-648
-660
-646
-613
-581
-562
-555
-547
-525
-488
-445
-408
-381
-357
-325
-279
-226
-179
-144
-117
-90
-51
-3
48
90
121
141
163
189
221
252
279
298
312
326
343
359
369
368
355
336
317
308
300
288
265
229
185
143
106
75
39
-8
-67
-128
-182
-224
-260
-296
-339
-384
-424
-449
-462
-469
-478
-494
-510
-518
-514
-498
-474
-455
-433
-414
-385
-346
-302
-256
-215
-176
-137
-93
-48
-1
43
82
118
154
192
232
271
305
334
357
377
397
416
433
447
456
462
464
466
463
459
449
435
421
406
395
381
364
341
314
285
263
248
239
230
217
201
191
190
199
208
210
205
201
208
228
251
255
234
191
150
126
122
122
101
50
-15
-78
-117
-143
-172
-222
-291
-360
-408
-429
-438
-456
-494
-539
-568
-568
-541
-510
-493
-491
-494
-485
-459
-422
-389
-367
-351
-329
-291
-244
-195
-156
-127
-101
-69
-28
20
64
101
130
153
178
208
240
270
294
311
324
340
357
372
379
374
356
337
322
316
316
305
277
236
191
154
127
102
65
11
-50
-104
-145
-174
-204
-247
-300
-349
-383
-397
-400
-411
-432
-459
-476
-474
-454
-433
-413
-399
-385
-361
-323
-281
-242
-207
-175
-140
-98
-54
-10
30
65
98
131
168
207
244
276
302
326
346
366
383
399
412
423
429
435
438
437
433
422
405
389
377
367
357
342
321
295
270
252
241
233
225
213
197
188
188
195
203
205
201
199
209
230
253
262
244
208
166
138
128
123
107
66
5
-57
-102
-132
-159
-201
-263
-331
-385
-417
-432
-452
-487
-534
-572
-584
-567
-537
-516
-512
-520
-521
-506
-476
-444
-420
-405
-389
-358
-314
-262
-219
-186
-161
-131
-90
-40
10
51
78
100
123
152
184
215
242
262
278
294
312
327
334
330
318
305
297
291
288
278
256
225
190
159
130
103
68
23
-30
-83
-130
-170
-205
-247
-292
-336
-372
-394
-409
-420
-436
-456
-470
-474
-464
-446
-426
-408
-392
-371
-342
-307
-269
-232
-197
-162
-124
-82
-40
3
41
76
112
148
184
220
253
282
304
324
342
358
372
385
395
402
408
411
413
410
403
390
374
359
345
329
313
296
275
254
234
215
200
187
178
171
164
158
154
153
159
165
173
181
191
205
223
239
245
236
212
183
160
145
135
115
79
31
-19
-59
-91
-121
-159
-208
-262
-308
-341
-364
-390
-422
-460
-491
-505
-500
-485
-472
-468
-469
-466
-454
-433
-408
-384
-363
-340
-309
-269
-227
-189
-156
-128
-98
-62
-21
20
54
80
101
122
148
178
206
233
256
276
296
317
335
343
342
334
325
317
313
307
292
269
239
208
177
148
114
76
31
-16
-61
-106
-147
-188
-231
-273
-310
-341
-366
-384
-400
-414
-425
-434
-435
-430
-421
-403
-382
-360
-334
-306
-274
-240
-201
-163
-128
-93
-56
-18
20
59
91
120
149
179
210
240
266
286
302
319
336
351
364
371
376
381
386
388
387
378
365
347
328
311
291
272
251
232
213
194
176
157
141
130
125
122
118
114
111
115
125
141
154
163
171
185
205
227
239
239
221
197
178
168
161
145
116
74
29
-11
-43
-76
-114
-165
-219
-268
-305
-334
-364
-397
-435
-467
-485
-486
-476
-463
-458
-458
-457
-450
-433
-411
-390
-373
-355
-333
-304
-269
-235
-203
-174
-148
-118
-82
-47
-11
20
44
66
92
121
153
184
211
234
254
269
285
302
316
319
313
301
289
283
282
278
262
231
193
161
136
114
80
27
-41
-105
-150
-176
-196
-231
-284
-343
-386
-403
-398
-394
-408
-437
-464
-470
-451
-420
-399
-393
-394
-382
-346
-293
-244
-214
-201
-191
-166
-123
-70
-25
6
27
51
84
124
164
195
216
234
255
280
305
323
332
334
334
338
347
359
366
364
355
338
320
301
284
266
245
224
206
190
180
166
150
132
119
114
116
122
123
120
122
128
143
163
182
198
210
228
250
269
273
258
229
201
181
171
160
135
93
42
-2
-36
-63
-97
-142
-197
-247
-283
-306
-325
-351
-387
-421
-440
-439
-425
-408
-399
-401
-403
-397
-382
-360
-341
-328
-316
-300
-271
-235
-198
-170
-146
-123
-95
-58
-18
18
43
64
83
106
136
165
191
213
233
254
275
290
299
298
293
286
282
275
267
253
235
216
197
176
153
125
94
62
30
-4
-41
-79
-117
-153
-184
-211
-236
-258
-276
-290
-299
-306
-314
-320
-323
-322
-313
-301
-287
-272
-257
-240
-219
-193
-168
-142
-117
-95
-72
-50
-27
-5
20
44
70
95
121
148
172
196
213
228
240
249
259
266
271
272
267
264
259
257
254
249
240
229
217
204
191
178
163
147
134
126
123
124
124
120
116
114
118
126
135
142
144
148
155
170
186
200
208
212
221
233
246
250
238
214
187
164
149
135
111
74
30
-12
-45
-73
-102
-143
-191
-238
-273
-296
-314
-335
-363
-393
-414
-419
-411
-400
-393
-395
-396
-390
-375
-355
-337
-324
-314
-300
-277
-245
-213
-184
-163
-142
-118
-87
-53
-21
6
27
48
72
96
122
144
162
179
193
208
217
225
230
230
225
217
205
195
187
177
166
148
126
100
75
53
30
3
-27
-62
-96
-124
-149
-174
-201
-230
-257
-277
-288
-293
-298
-304
-312
-319
-318
-309
-293
-279
-268
-256
-240
-219
-196
-171
-151
-136
-119
-99
-76
-51
-25
-5
14
34
56
79
105
127
146
163
179
193
205
216
223
228
233
235
238
241
243
242
240
236
231
224
216
210
204
195
186
175
167
166
164
163
160
154
148
147
152
161
166
165
162
164
173
191
208
218
219
218
222
232
241
239
219
188
157
135
122
109
84
41
-5
-43
-68
-86
-110
-147
-192
-235
-265
-278
-288
-305
-332
-359
-377
-378
-367
-356
-355
-361
-366
-360
-344
-322
-305
-291
-280
-262
-233
-200
-166
-139
-116
-95
-71
-42
-15
10
32
48
66
86
110
132
154
172
186
199
212
225
236
243
246
244
240
237
234
229
223
214
196
175
152
127
103
77
46
8
-30
-65
-91
-111
-131
-157
-185
-214
-234
-244
-248
-255
-268
-286
-302
-305
-298
-288
-280
-278
-274
-264
-243
-217
-194
-176
-165
-153
-133
-107
-77
-51
-27
-7
14
41
68
95
119
138
157
174
192
208
221
231
238
246
253
261
269
275
280
278
274
270
263
256
247
237
225
212
201
192
184
180
172
161
152
144
142
140
140
137
131
124
122
129
141
152
157
156
153
153
160
170
171
156
130
103
84
76
69
53
19
-23
-59
-83
-95
-108
-138
-181
-225
-257
-271
-275
-284
-305
-332
-353
-355
-342
-323
-316
-320
-327
-328
-315
-295
-277
-266
-261
-252
-236
-208
-180
-155
-136
-121
-102
-78
-51
-25
-4
12
28
45
67
88
107
123
135
148
162
176
184
188
186
180
177
176
172
164
150
133
115
99
84
64
40
12
-15
-41
-64
-87
-111
-137
-161
-182
-199
-212
-225
-236
-245
-252
-257
-259
-257
-256
-250
-243
-234
-223
-211
-199
-184
-168
-151
-135
-117
-101
-83
-65
-44
-25
-6
13
32
53
74
94
112
130
148
164
179
192
203
213
221
229
235
239
240
240
240
240
238
234
227
218
208
197
188
180
168
157
145
136
130
126
121
116
111
107
108
111
116
118
120
120
123
132
143
151
155
156
156
158
161
162
154
138
118
98
85
72
55
31
1
-29
-52
-72
-90
-113
-142
-172
-198
-215
-226
-240
-258
-276
-292
-300
-298
-294
-292
-295
-298
-298
-291
-279
-267
-257
-248
-239
-224
-204
-180
-158
-140
-119
-98
-74
-49
-24
-2
19
40
62
85
107
126
142
158
173
188
199
206
208
208
205
202
198
189
175
158
143
127
111
92
69
42
14
-11
-32
-54
-78
-101
-124
-146
-163
-176
-187
-199
-210
-219
-224
-227
-227
-226
-224
-222
-216
-209
-199
-186
-171
-156
-142
-124
-109
-91
-71
-52
-33
-14
4
23
44
64
84
102
119
135
151
166
181
194
205
214
223
231
236
239
242
243
243
243
242
238
230
222
213
206
200
192
181
170
156
146
140
138
133
124
111
100
98
100
106
106
100
90
86
91
100
108
107
97
86
81
88
96
95
80
56
36
28
27
23
7
-20
-52
-75
-87
-93
-105
-131
-162
-188
-203
-207
-210
-220
-238
-258
-268
-268
-263
-258
-259
-264
-267
-263
-251
-238
-228
-223
-217
-207
-192
-173
-155
-138
-123
-108
-89
-69
-47
-27
-6
12
31
49
67
85
102
115
126
134
140
146
151
152
150
144
135
126
116
105
91
76
57
38
18
0
-19
-39
-60
-82
-102
-121
-138
-153
-167
-181
-193
-203
-211
-215
-217
-217
-216
-215
-211
-204
-196
-186
-174
-164
-152
-139
-125
-109
-94
-79
-64
-49
-32
-15
2
19
36
54
71
89
106
122
138
153
168
182
193
202
211
218
223
227
229
228
226
222
219
215
209
201
193
183
174
166
157
147
136
126
119
111
104
96
88
82
79
76
73
70
68
67
70
75
77
79
81
83
87
92
95
95
93
90
89
88
83
76
65
53
42
34
24
9
-7
-24
-39
-52
-65
-80
-98
-115
-130
-141
-152
-164
-178
-192
-204
-210
-216
-220
-225
-231
-234
-234
-229
-223
-217
-211
-204
-193
-179
-164
-146
-130
-114
-96
-78
-59
-40
-20
1
19
35
51
65
81
97
110
121
126
131
136
141
146
146
142
135
126
118
112
102
90
74
57
40
25
10
-5
-21
-40
-57
-74
-87
-100
-112
-124
-136
-146
-155
-162
-165
-167
-170
-171
-172
-168
-163
-156
-147
-137
-128
-116
-103
-88
-71
-55
-38
-22
-6
12
29
49
65
80
95
110
125
139
151
161
169
178
185
191
195
198
199
199
197
196
192
189
184
178
170
162
155
146
138
129
121
112
102
94
88
82
74
69
63
58
54
52
51
50
49
50
50
52
55
59
62
65
68
70
74
75
77
76
76
74
69
64
58
51
43
31
18
6
-9
-22
-35
-51
-68
-86
-102
-118
-130
-144
-158
-173
-186
-197
-207
-213
-220
-228
-234
-239
-240
-238
-236
-235
-230
-224
-217
-207
-197
-184
-171
-156
-141
-125
-108
-89
-73
-55
-37
-21
-4
11
25
39
51
63
72
80
87
90
93
96
96
94
91
86
80
71
63
52
40
27
13
0
-15
-30
-45
-61
-76
-89
-101
-114
-125
-136
-145
-152
-158
-162
-164
-166
-166
-165
-162
-157
-152
-145
-138
-130
-120
-109
-97
-84
-72
-57
-43
-27
-11
5
22
38
54
70
87
102
118
130
143
154
165
173
181
188
192
195
196
196
195
193
190
185
179
173
166
159
151
142
133
124
115
105
97
88
79
71
64
57
51
46
41
38
37
35
35
35
37
40
43
48
52
57
62
67
72
76
81
84
86
89
89
89
89
86
84
79
74
68
59
51
41
30
20
7
-5
-18
-31
-44
-58
-71
-85
-99
-112
-123
-135
-144
-153
-162
-169
-174
-178
-181
-182
-183
-180
-177
-172
-166
-158
-151
-141
-130
-118
-106
-92
-78
-63
-49
-34
-20
-6
8
21
34
46
57
66
75
82
87
91
95
95
95
93
91
86
81
75
66
59
49
39
27
17
5
-7
-18
-30
-40
-51
-63
-73
-83
-90
-98
-105
-110
-114
-117
-118
-119
-117
-114
-112
-107
-102
-94
-87
-78
-69
-60
-49
-38
-27
-15
-4
8
20
31
42
52
63
73
82
91
98
104
111
116
119
123
124
126
125
124
122
120
117
113
108
104
98
92
86
80
74
68
61
55
49
44
37
32
27
23
18
15
13
11
9
9
7
8
10
12
14
17
20
23
28
32
37
41
45
49
52
55
58
59
60
61
61
60
58
56
52
48
43
38
31
24
16
8
-1
-12
-22
-33
-43
-54
-65
-77
-88
-99
-110
-120
-128
-138
-145
-152
-158
-163
-166
-168
-170
-170
-170
-167
-164
-161
-155
-149
-141
-133
-124
-115
-106
-95
-84
-74
-63
-53
-41
-31
-22
-11
-3
5
13
20
26
31
34
38
39
41
41
40
38
36
32
28
24
18
13
6
1
-6
-13
-20
-26
-33
-40
-45
-51
-56
-60
-64
-69
-71
-73
-75
-76
-76
-76
-76
-74
-71
-67
-63
-58
-53
-47
-41
-34
-28
-19
-11
-2
5
14
23
31
39
47
55
62
69
76
81
87
92
96
100
103
106
108
109
110
110
110
109
107
105
102
99
96
92
88
83
79
75
70
65
61
55
51
47
44
40
37
33
32
29
27
26
26
25
26
27
28
29
30
33
35
37
40
44
45
48
51
54
57
59
61
62
64
65
66
66
65
64
62
60
58
54
50
45
41
34
29
23
17
10
4
-4
-11
-18
-24
-30
-38
-45
-50
-56
-62
-68
-71
-75
-78
-81
-84
-86
-87
-88
-87
-86
-85
-83
-80
-77
-74
-70
-65
-61
-57
-52
-46
-42
-36
-32
-27
-23
-18
-13
-9
-5
-2
1
3
5
8
9
10
11
10
10
9
7
6
3
1
-1
-5
-7
-10
-13
-17
-20
-23
-26
-29
-31
-35
-36
-39
-40
-40
-41
-41
-41
-41
-40
-39
-36
-35
-32
-29
-25
-22
-17
-13
-9
-3
1
5
10
15
19
25
28
32
37
40
43
47
49
51
54
55
56
56
56
57
56
55
54
53
51
50
48
45
43
40
36
32
30
28
24
20
18
15
12
10
6
5
4
2
0
-1
-3
-3
-3
-3
-3
-3
-1
-1
0
1
2
4
6
7
9
11
12
14
16
18
19
20
20
22
22
21
22
21
20
19
17
15
13
9
6
3
-1
-5
-9
-14
-19
-24
-30
-35
-39
-45
-50
-54
-59
-64
-67
-72
-75
-78
-80
-82
-85
-85
-86
-87
-87
-86
-84
-83
-80
-78
-75
-71
-68
-65
-59
-56
-51
-47
-43
-38
-33
-29
-24
-20
-16
-12
-8
-5
-2
0
4
6
7
8
10
10
11
11
11
10
9
9
7
6
4
3
1
0
-2
-3
-5
-7
-8
-9
-9
-10
-11
-11
-12
-12
-12
-11
-11
-9
-8
-7
-5
-3
0
1
4
8
11
14
17
19
23
26
30
33
36
38
41
44
46
47
50
51
52
53
53
54
53
54
52
52
51
50
47
47
45
42
40
37
36
34
31
30
28
26
25
24
22
22
23
22
22
23
23
25
26
27
30
31
33
35
37
38
42
43
46
48
49
52
53
55
55
56
57
57
57
57
56
54
53
51
49
47
45
42
39
37
34
31
27
24
20
17
13
10
6
2
-2
-5
-9
-13
-16
-19
-22
-26
-29
-32
-35
-37
-39
-42
-44
-46
-49
-51
-52
-53
-55
-55
-57
-56
-58
-58
-58
-57
-58
-56
-56
-55
-54
-53
-51
-50
-48
-46
-44
-42
-39
-38
-35
-33
-32
-28
-26
-24
-23
-20
-19
-17
-16
-15
-12
-12
-10
-9
-9
-7
-7
-7
-7
-6
-7
-6
-7
-6
-6
-7
-8
-8
-8
-9
-9
-10
-10
-10
-12
-11
-11
-12
-11
-11
-12
-13
-11
-11
-10
-10
-10
-9
-9
-7
-7
-7
-6
-5
-5
-4
-4
-4
-3
-2
-2
-2
-3
-3
-2
-2
-2
-2
-3
-1
-2
-1
-1
-1
-1
-1
-1
1
2
2
3
3
5
5
8
6
8
10
11
12
13
14
17
17
18
20
20
21
22
23
24
23
25
24
24
24
23
23
23
22
21
20
20
17
15
14
13
11
9
8
5
3
2
0
-2
-3
-5
-6
-8
-10
-10
-12
-13
-14
-15
-15
-14
-15
-14
-15
-15
-14
-13
-13
-12
-11
-10
-8
-7
-7
-5
-5
-4
-3
-1
-1
0
1
1
2
1
2
2
1
1
1
1
0
0
-1
-2
-2
-4
-5
-6
-7
-9
-10
-11
-12
-13
-14
-15
-15
-15
-16
-16
-17
-15
-17
-16
-15
-15
-14
-13
-12
-10
-9
-7
-6
-3
-2
-1
0
3
5
6
8
9
10
12
13
15
16
17
17
17
18
17
18
17
17
17
16
16
16
15
15
13
12
11
10
9
8
7
5
4
3
2
2
1
0
0
-1
-2
-1
-2
-2
-1
-1
-1
0
0
2
2
3
4
6
7
7
10
12
14
15
17
18
21
23
24
26
27
29
30
31
31
32
33
34
33
33
33
32
31
31
30
28
26
23
22
20
18
16
13
11
8
4
2
1
-3
-5
-9
-11
-12
-14
-16
-17
-19
-19
-21
-21
-22
-22
-22
-22
-21
-19
-18
-17
-16
-14
-12
-9
-8
-5
-4
-2
0
2
5
7
8
10
12
13
13
15
15
15
15
15
14
14
12
11
10
8
5
4
2
-1
-3
-7
-9
-12
-15
-18
-20
-24
-26
-28
-31
-33
-34
-37
-38
-39
-40
-41
-40
-40
-40
-39
-39
-37
-35
-34
-32
-30
-27
-24
-22
-19
-17
-13
-11
-6
-4
-2
1
4
0
0
0
0
0
0
0
0
0
0
0
0
0
0
0
0
0
0
0
0
0
0
0
0
0
0
0
0
0
0
0
0
0
0
0
0
0
0
0
0
0
0
0
0
0
0
0
0
0
0
0
0
0
0
0
0
0
0
0
0
0
0
0
0
0
0
0
0
0
0
0
0
0
0
0
0
0
0
0
0
0
0
0
0
0
0
0
0
0
0
0
0
0
0
0
0
0
0
0
0
0
0
0
0
0
0
0
0
0
0
0
0
0
0
0
0
0
0
0
0
0
0
0
0
0
0
0
0
0
0
0
0
0
0
0
0
0
0
0
0
0
0
0
0
0
0
0
0
0
0
0
0
0
0
0
0
0
0
0
0
0
0
0
0
0
0
0
0
0
0
0
0
0
0
0
0
0
0
0
0
0
0
0
0
0
0
0
0
0
0
0
0
0
0
0
0
0
0
