0
0
0
0
0
0
0
0
0
0
0
0
0
0
0
0
0
0
0
0
0
0
0
0
0
0
0
0
0
0
0
0
0
0
0
0
0
0
0
0
0
0
0
0
0
0
0
0
0
0
0
0
0
0
0
0
0
0
0
0
0
0
0
0
0
0
0
0
0
0
0
0
0
0
0
0
0
0
0
0
0
0
0
0
0
0
0
0
0
0
0
0
0
0
0
0
0
0
0
0
0
0
0
0
0
0
0
0
0
0
0
0
0
0
0
0
0
0
0
0
0
0
0
0
0
0
0
0
0
0
0
0
0
0
0
0
0
0
0
0
0
0
0
0
0
0
0
0
0
0
0
0
0
0
0
0
0
0
0
0
0
0
0
0
0
0
0
0
0
0
0
0
0
0
0
0
0
0
0
0
0
0
0
0
0
0
0
0
0
0
0
0
0
0
0
0
0
0
2
27
39
18
-8
-14
-17
-35
-24
19
39
20
12
15
-10
-46
-40
-4
9
9
32
44
13
-24
-31
-24
-25
-14
24
51
30
-7
-15
-21
-46
-40
12
41
25
16
21
-6
-44
-37
-3
9
4
19
35
8
-30
-23
-3
-17
-18
16
27
-4
-20
1
3
-21
-12
20
16
-13
-15
-4
-3
-10
-5
11
17
-4
-22
-12
-5
-18
-15
14
20
-4
-6
-1
-12
-18
-9
3
6
1
0
-2
-10
-8
-5
-3
4
2
-9
-11
-8
-5
1
1
2
5
-14
-29
-12
0
-2
4
19
14
-12
-27
-11
3
-5
-1
25
23
-12
-24
-5
-19
-46
-7
37
4
-12
28
13
-50
-37
13
3
-6
34
39
-3
-12
-10
-29
-24
5
3
-8
8
12
-14
-27
-12
0
-5
-10
6
26
12
-16
-1
25
-3
-33
3
24
-27
-33
25
16
-32
-8
19
-21
-42
2
26
6
8
29
17
-12
-21
-9
4
-1
-2
23
25
-14
-18
3
-30
-50
10
31
-10
12
59
12
-47
-14
17
-15
-14
38
36
-6
-5
4
-20
-21
2
-2
-1
13
-2
-3
27
5
-19
20
18
-39
-7
53
0
-35
34
41
-35
-29
24
3
-26
-1
18
13
1
-4
14
13
-24
-15
30
11
-28
11
50
-8
-48
22
43
-47
-38
58
16
-53
24
53
-23
-14
25
-7
-9
12
-9
6
32
-8
-20
28
5
-54
-12
40
-18
-34
64
61
-51
-27
46
-19
-58
29
56
5
4
15
-14
-36
-24
-3
8
3
12
34
16
-26
-23
8
-5
-27
19
66
32
-10
2
-1
-45
-53
-3
36
17
-2
28
20
-48
-54
20
30
-18
12
69
17
-46
5
37
-32
-40
30
15
-36
3
38
-10
-36
5
9
-34
-10
63
35
-39
1
56
-14
-56
26
60
-18
-59
-5
30
-18
-46
20
57
-18
-58
18
46
-30
-32
60
47
-46
-19
57
-1
-73
-8
46
-24
-45
34
36
-30
-16
14
-19
-20
10
3
20
41
0
-20
15
-6
-49
-15
33
1
-29
17
36
-25
-37
17
-2
-43
7
46
8
-4
23
7
-29
-26
-6
-5
-3
8
6
0
7
-10
-34
-10
3
-15
7
28
3
6
21
-20
-37
20
25
-34
-18
49
18
-56
-26
41
6
-57
-12
55
8
-52
11
48
-32
-25
38
-15
-23
60
7
-56
37
31
-78
-19
52
-20
-31
27
11
-16
-6
-4
6
-3
-20
18
33
-15
0
41
-3
-38
0
12
-17
-15
9
17
-8
-38
-15
13
-17
-16
50
38
-37
-9
37
-25
-34
52
46
-17
-10
-3
-25
-26
-25
-12
30
25
-23
-17
21
1
-40
-4
56
29
-10
28
34
-37
-38
8
-21
-28
43
37
-30
-21
0
-40
-50
7
49
41
23
24
8
-14
-13
-8
-5
19
26
-4
-5
6
-16
-26
-19
-20
7
36
13
-5
21
25
-13
-27
34
69
4
-26
31
7
-71
-27
44
5
-21
29
28
-35
-30
19
7
-13
32
47
6
11
22
-17
-14
18
-1
-12
19
17
-19
-28
8
23
-17
-13
47
19
-38
6
40
-4
-6
25
4
-17
11
11
-23
5
41
-27
-53
36
20
-59
14
60
-24
-15
40
-2
-25
-3
-10
5
13
-13
10
37
-8
-43
-16
13
-11
-42
11
57
-20
-40
55
20
-79
-5
45
-50
-33
70
21
-34
23
1
-63
-15
3
-34
22
44
-27
-1
33
-48
-46
38
-7
-42
44
58
-9
-4
28
-10
-46
-10
24
4
18
49
12
-10
11
-29
-36
35
17
-18
55
61
-26
-14
32
-17
-44
11
32
-5
0
25
-7
-36
-8
-4
-33
-16
10
-12
-18
22
15
-29
-8
13
-40
-52
-4
-2
-6
5
-11
4
2
-73
-49
25
-43
-53
55
28
-32
23
9
-49
-18
-16
-32
28
46
-3
5
28
-17
-69
-33
31
3
-25
47
51
-51
-43
27
-7
-43
17
58
9
-29
0
14
-24
-26
9
15
25
22
-17
7
44
-24
-49
41
66
2
16
101
74
-30
7
90
16
-16
93
80
9
57
47
-13
38
28
-48
10
50
-39
-35
47
7
-68
-49
-16
-57
-90
-42
-22
-79
-80
-66
-123
-109
-56
-111
-120
-40
-78
-147
-73
-30
-79
-58
0
-13
-35
-13
15
21
18
47
74
52
34
51
55
53
61
72
102
126
82
54
100
88
-3
37
160
104
17
122
128
-60
-49
67
-36
-72
81
54
-58
1
6
-95
-77
-23
-52
-33
30
7
-32
6
10
-69
-61
24
-8
-43
51
56
-27
5
31
-33
-19
42
32
33
52
43
35
16
-9
17
39
4
2
42
30
-34
-44
6
-19
-90
-49
9
-55
-86
-19
-26
-96
-88
-53
-85
-125
-87
-53
-106
-115
-62
-100
-155
-110
-93
-132
-102
-45
-42
-59
-47
-16
-26
-45
21
76
56
80
115
82
82
110
97
133
183
155
140
170
148
105
121
172
162
113
139
156
64
36
92
36
-18
37
5
-89
-72
-74
-154
-158
-122
-153
-168
-123
-130
-181
-140
-72
-134
-139
21
27
-93
7
118
-9
-39
117
118
26
85
151
71
22
90
102
39
58
108
60
18
53
58
33
42
53
44
23
1
-5
-3
-5
-3
-4
-1
-6
-37
-42
-17
-35
-39
20
29
-10
20
42
-11
-10
40
24
15
51
18
-35
-23
-52
-111
-75
-56
-129
-154
-121
-165
-236
-204
-140
-186
-252
-189
-129
-188
-198
-93
-61
-125
-143
-87
-47
-70
-65
28
64
-11
-15
47
22
9
76
100
112
152
128
105
135
121
92
128
182
199
170
165
180
93
22
103
108
40
134
165
28
27
60
-51
-64
31
29
7
43
53
13
-37
-48
-30
-37
-33
3
20
-8
-48
-55
-67
-120
-91
-3
-46
-77
9
-28
-120
-57
-17
-45
21
48
-4
19
17
-52
-23
42
32
47
76
41
23
26
-5
6
70
81
45
45
64
37
-11
-6
36
41
-3
-34
4
17
-83
-106
-4
-47
-145
-67
-24
-106
-100
-71
-90
-77
-103
-117
-29
-26
-109
-71
-1
-55
-119
-76
-5
-36
-92
-46
-2
-37
-60
-48
-5
31
-19
-29
70
61
-37
23
98
21
9
105
94
37
68
69
8
14
53
50
68
99
81
61
58
19
6
73
85
50
129
181
63
38
127
56
-14
117
173
79
98
176
85
-24
44
101
27
41
149
113
33
55
42
-8
15
39
44
67
48
23
27
-13
-43
-8
-9
-35
-23
-30
-55
-66
-110
-112
-64
-127
-170
-71
-106
-224
-131
-72
-192
-162
-39
-86
-155
-106
-52
-90
-138
-41
40
-62
-77
27
-33
-105
-34
-9
-39
-30
-12
11
-17
-67
-18
1
-85
-55
48
0
-77
-17
3
-103
-115
-23
-34
-88
-28
10
-75
-84
-10
-42
-66
35
71
37
73
84
60
85
63
64
155
116
64
174
128
-13
86
105
-57
14
124
9
9
95
-9
-62
8
-39
-46
85
87
1
33
51
-36
-55
33
68
42
92
145
74
40
91
41
5
117
174
119
130
176
107
-3
23
87
20
-10
93
74
-44
-34
-15
-91
-105
-49
-35
-40
-26
-36
-60
-32
-24
-72
-25
65
12
-35
44
45
-56
-36
46
5
-28
53
38
-74
-34
29
-63
-92
23
54
-38
-60
14
-7
-91
-46
28
8
8
-3
-46
-1
-4
-85
-12
82
-6
-44
28
20
-44
-41
17
49
7
-19
17
11
-43
-45
10
26
-15
-32
-36
-60
-66
-86
-102
-32
-7
-95
-89
-17
-74
-158
-111
-28
-33
-69
-31
12
-37
-79
-47
-23
-19
-26
-51
-19
8
-69
-75
18
-4
-74
-28
23
-40
-87
-13
45
11
24
60
29
-1
-28
-44
13
35
1
17
31
8
-46
-89
-20
17
-60
17
145
50
-22
62
48
-20
21
104
129
97
80
94
53
-18
-15
26
26
34
58
51
31
1
-40
-29
9
-13
-3
68
48
-17
0
6
-30
-28
-10
9
13
-45
-53
8
-27
-70
12
24
-53
-7
18
-44
22
41
-76
-1
79
-63
-43
58
-44
-76
-31
-63
-44
-64
-102
-12
-30
-109
-25
-15
-98
-61
-2
3
-11
-10
17
-4
-20
27
41
59
80
31
48
88
48
70
110
104
149
132
91
143
111
64
115
106
133
175
86
101
150
28
24
118
82
98
161
102
67
94
39
-29
49
119
39
47
135
15
-93
-21
-67
-124
-1
20
-55
-10
-19
-153
-159
-70
-96
-124
-32
-9
-85
-92
-80
-118
-140
-121
-70
-60
-79
-20
-40
-155
-83
-9
-110
-38
104
-3
-43
65
17
-55
32
79
21
33
102
26
-67
13
15
-98
-21
78
-37
-96
0
-9
-129
-109
13
-49
-140
-23
11
-115
-117
-79
-123
-147
-137
-91
-62
-119
-128
-96
-124
-140
-103
-60
-25
-16
7
31
4
-6
5
-4
30
73
49
36
43
-8
-46
-29
-27
-33
-17
-26
-53
-35
-34
-76
-39
5
-36
-11
31
-21
-11
33
-10
10
63
46
56
39
2
58
35
-38
79
150
18
24
132
40
-46
42
57
12
42
45
39
52
-18
-54
2
-22
-67
3
75
42
-13
32
73
-15
-39
80
118
58
76
145
125
29
20
86
63
23
61
72
50
41
-1
7
68
15
-50
27
82
18
2
106
132
0
-28
100
65
-48
48
133
35
-8
46
19
-54
-60
-43
-34
-11
-9
-35
-25
-30
-96
-114
-38
-28
-85
-29
28
-48
-69
-37
-69
-73
-74
-61
19
-16
-75
3
-37
-116
-20
-3
-35
52
23
-49
36
22
-49
40
72
24
44
27
11
23
-25
0
53
8
14
31
-15
-22
-34
-35
4
-4
3
31
5
-13
-27
-12
11
-29
25
87
-3
25
82
-22
13
82
-2
44
100
11
44
87
14
40
69
4
14
26
19
54
8
3
85
-23
-98
73
52
-96
23
101
-33
-54
26
23
-23
-39
10
40
-17
-31
21
7
-45
-53
-22
30
0
-42
48
52
-87
-52
43
-19
-25
54
69
40
-15
-14
18
-61
-64
75
56
-28
28
29
-76
-108
-50
-3
-22
-27
33
15
-66
-67
-41
-37
-16
3
52
80
6
-3
70
19
-21
92
113
26
65
116
35
2
47
38
21
32
39
43
-1
-34
-4
-12
-4
38
6
-3
12
-41
-14
45
-2
6
45
-16
-37
6
8
-16
-36
-28
-20
-75
-90
-39
-64
-101
-74
-88
-109
-99
-143
-136
-61
-103
-147
-65
-59
-152
-122
-36
-66
-94
-34
-24
-40
-11
-23
-12
45
9
-2
78
73
30
48
62
62
44
37
76
79
44
28
21
36
30
-14
39
105
28
-8
62
30
-20
38
62
57
74
28
37
78
-26
-40
76
12
-58
38
29
-43
-41
-51
-40
-53
-105
-47
13
-33
-26
14
-14
-54
-88
-56
32
6
-6
91
32
-98
-62
-51
-91
-32
11
19
22
-37
-60
-48
-80
-83
-49
15
67
7
4
69
-53
-147
-37
-6
-24
46
67
31
-10
-66
-71
-50
-39
3
49
90
99
27
15
57
-4
10
170
190
138
186
166
99
101
114
168
200
140
181
228
122
103
158
93
61
94
88
101
92
16
-16
-40
-117
-143
-97
-82
-152
-223
-218
-239
-332
-320
-223
-267
-337
-266
-241
-283
-243
-207
-202
-143
-110
-74
32
64
26
72
138
154
180
231
294
314
266
273
325
265
194
230
248
231
231
202
154
87
-1
-19
13
11
-13
-34
-57
-111
-174
-174
-154
-178
-191
-161
-121
-118
-165
-175
-160
-195
-193
-108
-49
-35
-41
-67
-62
-55
-85
-61
11
15
3
45
37
-22
-57
-72
-73
-35
20
46
23
-22
-46
-53
-39
24
105
119
95
121
140
132
166
194
198
218
214
228
272
234
178
184
156
131
156
161
139
83
15
23
35
10
20
26
-18
-59
-70
-47
-22
-41
-73
-71
-65
-88
-105
-79
-72
-132
-149
-98
-107
-164
-157
-148
-182
-165
-112
-100
-133
-185
-193
-161
-146
-113
-50
-49
-105
-142
-122
-83
-83
-74
-22
-17
-57
-52
-32
-41
-54
-42
1
42
30
15
8
-16
-23
3
48
86
70
33
34
22
-2
27
51
29
25
43
47
40
18
9
17
17
35
90
110
73
44
43
56
84
113
141
156
116
89
131
158
152
182
237
290
331
368
420
430
381
394
489
572
617
640
612
525
442
427
452
433
360
237
61
-113
-221
-281
-326
-378
-463
-581
-718
-862
-964
-1017
-1048
-1043
-991
-933
-925
-962
-984
-987
-989
-943
-825
-700
-616
-555
-479
-400
-352
-301
-215
-119
-30
58
155
236
259
238
230
237
232
213
202
178
123
68
29
-19
-84
-142
-176
-185
-166
-111
-64
-63
-62
-4
70
123
196
312
397
432
502
599
640
622
602
638
721
756
774
861
901
844
871
1009
1093
1119
1220
1370
1440
1441
1439
1425
1418
1492
1639
1788
1786
1476
923
350
-37
-133
-56
-8
-89
-403
-964
-1580
-2032
-2236
-2308
-2365
-2297
-2068
-1895
-1923
-2088
-2282
-2463
-2557
-2331
-1708
-1023
-609
-482
-503
-566
-598
-470
-80
433
840
1123
1366
1532
1494
1257
1029
953
1012
1186
1431
1594
1491
1081
561
162
-59
-147
-137
-76
-38
-109
-295
-516
-754
-1029
-1244
-1258
-1048
-768
-580
-515
-574
-768
-993
-1082
-995
-827
-658
-468
-270
-170
-210
-308
-383
-397
-313
-76
262
516
567
475
325
173
86
113
250
402
490
521
488
358
168
14
-37
31
200
407
514
455
306
160
62
89
284
523
643
669
674
668
697
811
989
1173
1310
1436
1628
1814
1902
1945
2020
2132
2238
2321
2373
2223
1707
1024
522
326
301
279
183
-90
-680
-1458
-2054
-2309
-2390
-2477
-2506
-2381
-2266
-2342
-2522
-2657
-2759
-2827
-2675
-2152
-1455
-953
-762
-739
-742
-712
-555
-158
422
945
1260
1440
1572
1607
1480
1306
1279
1412
1579
1728
1834
1780
1437
892
423
195
117
82
70
42
-116
-453
-827
-1098
-1303
-1494
-1551
-1361
-1057
-878
-884
-1034
-1355
-1778
-2017
-1855
-1403
-924
-552
-336
-362
-607
-830
-813
-562
-197
235
665
903
824
546
274
109
109
330
706
1005
1026
777
396
26
-200
-175
75
386
600
630
480
238
9
-116
-47
218
560
858
1045
1079
959
798
819
1127
1592
2042
2400
2658
2802
2808
2738
2687
2536
2087
1469
1057
994
1013
839
510
61
-660
-1555
-2177
-2305
-2249
-2376
-2577
-2581
-2534
-2720
-3023
-3150
-3119
-3100
-2946
-2375
-1596
-1140
-1128
-1209
-1136
-965
-702
-174
566
1130
1324
1372
1494
1569
1453
1325
1432
1690
1873
1957
1990
1840
1360
716
277
170
216
251
238
124
-202
-706
-1155
-1387
-1467
-1492
-1441
-1274
-1096
-1057
-1177
-1365
-1596
-1841
-1943
-1743
-1321
-914
-642
-502
-512
-657
-770
-662
-349
23
376
683
839
758
524
325
247
281
437
702
936
966
771
471
184
-15
-59
71
295
472
516
434
271
93
-25
-13
161
443
743
997
1148
1162
1101
1132
1381
1778
2162
2486
2784
3026
3142
3147
3119
2946
2408
1618
1031
894
954
852
560
137
-576
-1567
-2384
-2650
-2609
-2711
-2913
-2882
-2706
-2794
-3151
-3408
-3439
-3412
-3246
-2632
-1686
-1028
-960
-1117
-1082
-872
-592
-88
705
1430
1751
1813
1926
2018
1847
1569
1588
1930
2246
2348
2324
2143
1618
854
309
212
292
245
116
3
-251
-778
-1354
-1682
-1788
-1855
-1836
-1594
-1281
-1219
-1437
-1656
-1728
-1749
-1725
-1491
-1061
-706
-565
-499
-426
-456
-581
-565
-275
122
435
655
767
665
387
187
215
352
448
516
583
547
348
104
-73
-215
-332
-321
-139
66
140
86
-19
-130
-193
-123
91
352
581
795
1017
1191
1269
1307
1443
1743
2150
2563
2914
3162
3282
3292
3283
3326
3265
2832
2051
1319
952
839
681
402
16
-655
-1655
-2568
-2953
-2954
-3064
-3324
-3370
-3188
-3188
-3481
-3704
-3666
-3588
-3481
-2958
-1973
-1137
-921
-1024
-947
-683
-421
18
824
1649
2015
2027
2114
2265
2139
1816
1777
2111
2402
2422
2359
2236
1749
904
244
116
207
116
-87
-223
-488
-1086
-1728
-2008
-2019
-2081
-2122
-1888
-1535
-1472
-1703
-1869
-1871
-1892
-1879
-1557
-985
-560
-428
-369
-293
-348
-491
-420
-39
390
670
863
956
801
447
203
241
406
526
619
674
557
236
-98
-289
-371
-414
-356
-163
30
78
-4
-109
-174
-169
-22
280
625
899
1092
1240
1335
1383
1498
1790
2206
2604
2947
3268
3523
3619
3597
3596
3561
3205
2452
1662
1202
1023
829
531
170
-432
-1432
-2502
-3096
-3180
-3226
-3442
-3530
-3376
-3334
-3609
-3880
-3856
-3711
-3580
-3157
-2246
-1315
-930
-975
-932
-664
-367
38
806
1715
2232
2275
2271
2406
2384
2116
2005
2275
2586
2596
2439
2278
1890
1122
369
98
167
124
-114
-335
-592
-1118
-1777
-2150
-2171
-2151
-2185
-2052
-1743
-1597
-1752
-1924
-1893
-1777
-1664
-1396
-919
-507
-369
-342
-234
-123
-111
-68
147
421
588
687
786
779
574
325
234
282
316
311
313
263
68
-196
-375
-451
-523
-589
-550
-399
-251
-168
-116
-72
-51
-9
142
405
688
947
1214
1466
1621
1683
1795
2072
2451
2818
3161
3504
3776
3869
3838
3832
3755
3287
2384
1503
1071
978
838
529
101
-628
-1791
-2958
-3498
-3431
-3370
-3571
-3670
-3521
-3521
-3868
-4159
-4061
-3804
-3582
-3056
-2022
-1040
-745
-932
-936
-594
-186
339
1240
2229
2666
2505
2340
2436
2429
2181
2129
2496
2830
2723
2391
2097
1611
760
6
-138
88
85
-235
-568
-940
-1582
-2275
-2523
-2330
-2162
-2152
-2016
-1740
-1694
-1954
-2107
-1917
-1604
-1324
-915
-382
-80
-175
-340
-259
-40
127
319
602
781
693
515
463
465
365
239
244
307
240
47
-125
-261
-430
-579
-595
-532
-563
-713
-826
-802
-685
-514
-277
-34
102
134
206
388
615
845
1143
1513
1820
1960
2008
2130
2376
2674
2983
3325
3675
3918
3983
3958
3928
3701
2999
1945
1085
773
785
698
393
-133
-1072
-2424
-3591
-3959
-3713
-3554
-3665
-3670
-3525
-3665
-4146
-4412
-4167
-3755
-3362
-2611
-1430
-541
-503
-858
-846
-414
98
795
1872
2853
3051
2621
2315
2344
2284
2088
2237
2767
3039
2714
2182
1734
1096
191
-391
-260
97
29
-410
-850
-1374
-2157
-2802
-2799
-2351
-2048
-1982
-1840
-1673
-1814
-2149
-2169
-1746
-1229
-799
-310
173
300
38
-203
-133
110
353
656
994
1100
841
456
231
148
98
129
281
372
207
-141
-453
-661
-816
-879
-779
-623
-612
-754
-879
-883
-803
-642
-347
14
276
385
467
610
769
936
1204
1594
1952
2125
2159
2216
2398
2686
3013
3328
3601
3800
3906
3962
4026
3974
3458
2367
1167
509
487
616
499
97
-684
-1986
-3425
-4194
-4047
-3659
-3629
-3718
-3565
-3483
-3861
-4342
-4327
-3898
-3462
-2856
-1711
-486
-74
-491
-832
-569
0
673
1691
2884
3448
3065
2447
2279
2331
2206
2194
2648
3123
2969
2313
1707
1142
306
-487
-595
-137
73
-312
-895
-1448
-2162
-2911
-3101
-2597
-2026
-1860
-1865
-1773
-1810
-2114
-2259
-1862
-1179
-645
-245
171
391
186
-153
-150
208
579
845
1083
1174
913
434
125
117
195
219
260
294
132
-258
-629
-799
-844
-874
-833
-707
-666
-826
-1032
-1061
-899
-655
-356
-6
265
344
335
440
695
987
1290
1647
1986
2146
2123
2114
2284
2602
2945
3267
3559
3765
3827
3808
3838
3857
3531
2639
1489
681
451
478
375
42
-603
-1730
-3132
-4096
-4188
-3833
-3702
-3795
-3751
-3665
-3911
-4335
-4384
-3969
-3485
-2963
-2042
-871
-216
-378
-718
-579
-50
604
1506
2639
3369
3189
2533
2186
2232
2265
2293
2618
3032
2941
2290
1604
1089
455
-274
-571
-297
-59
-348
-951
-1533
-2168
-2858
-3142
-2739
-2104
-1829
-1882
-1925
-1972
-2163
-2241
-1847
-1136
-557
-203
116
348
274
22
-6
290
643
886
1081
1181
983
513
114
15
92
157
194
193
22
-364
-754
-925
-921
-903
-892
-835
-802
-900
-1061
-1088
-936
-711
-459
-146
165
335
369
449
669
954
1242
1564
1905
2124
2154
2124
2213
2469
2817
3155
3424
3606
3697
3737
3807
3939
3931
3383
2207
943
275
277
439
369
-1
-828
-2249
-3775
-4512
-4240
-3718
-3597
-3657
-3583
-3664
-4156
-4570
-4337
-3705
-3183
-2580
-1485
-346
-24
-463
-738
-392
228
978
2105
3321
3725
3074
2243
2013
2173
2304
2573
3105
3330
2744
1775
1125
727
149
-402
-412
-78
-121
-699
-1341
-1883
-2553
-3156
-3103
-2386
-1750
-1675
-1871
-2016
-2209
-2415
-2195
-1382
-492
-37
107
239
280
109
10
298
803
1132
1224
1248
1140
749
242
-7
82
254
324
298
132
-271
-794
-1106
-1061
-861
-744
-733
-781
-932
-1167
-1292
-1141
-812
-511
-261
-2
214
288
300
452
768
1102
1395
1694
1969
2097
2074
2073
2210
2469
2802
3148
3407
3516
3531
3565
3669
3856
4034
3826
2834
1307
137
-98
239
459
328
-208
-1440
-3269
-4700
-4810
-4001
-3413
-3373
-3401
-3460
-3989
-4736
-4784
-3972
-3131
-2627
-1861
-674
36
-277
-815
-650
17
685
1617
3018
4002
3633
2442
1752
1864
2159
2488
3155
3735
3305
1958
842
483
285
-115
-253
46
79
-604
-1456
-1940
-2346
-2932
-3172
-2612
-1799
-1544
-1801
-2059
-2272
-2560
-2530
-1727
-529
219
307
154
-13
-251
-338
109
934
1494
1507
1268
1011
628
142
-102
60
344
458
425
289
-108
-780
-1334
-1390
-1042
-666
-467
-478
-760
-1285
-1710
-1660
-1163
-592
-199
21
92
-8
-137
-28
382
862
1222
1495
1736
1852
1817
1790
1913
2137
2400
2756
3167
3411
3377
3259
3278
3442
3693
4003
4040
3231
1599
93
-393
-6
453
564
221
-917
-2889
-4694
-5109
-4222
-3273
-2974
-3026
-3269
-3994
-4921
-5061
-4115
-3001
-2396
-1840
-932
-303
-521
-973
-771
-72
573
1389
2715
3821
3656
2495
1628
1591
1920
2406
3253
3994
3614
2090
659
150
149
128
257
569
401
-584
-1675
-2152
-2281
-2544
-2675
-2263
-1704
-1647
-1981
-2193
-2287
-2505
-2517
-1812
-660
119
233
42
-199
-474
-523
27
969
1599
1585
1221
827
428
97
87
392
639
581
365
150
-170
-652
-1039
-1075
-863
-652
-530
-510
-721
-1195
-1634
-1661
-1268
-753
-342
-94
-52
-218
-378
-240
220
748
1129
1358
1490
1541
1570
1700
1949
2198
2374
2560
2839
3117
3259
3313
3383
3480
3594
3816
4101
3956
2902
1278
68
-147
271
687
794
284
-1230
-3410
-4967
-4937
-3822
-2854
-2541
-2722
-3427
-4618
-5486
-5086
-3680
-2444
-1858
-1444
-1019
-1000
-1333
-1232
-410
471
1013
1692
2715
3318
2906
2082
1749
1907
2176
2693
3567
4030
3245
1653
488
189
298
551
1006
1218
471
-1016
-2135
-2354
-2173
-2035
-1787
-1463
-1575
-2207
-2683
-2593
-2325
-2203
-1927
-1265
-634
-442
-478
-442
-435
-496
-247
498
1241
1422
1121
750
450
228
278
684
1062
984
540
124
-128
-324
-451
-412
-333
-432
-669
-820
-869
-997
-1227
-1359
-1287
-1121
-947
-737
-543
-497
-569
-521
-214
216
584
843
1006
1069
1117
1320
1717
2107
2286
2285
2279
2388
2626
2966
3347
3621
3653
3518
3460
3591
3605
3051
1938
842
295
292
493
628
380
-682
-2498
-4133
-4584
-3881
-2939
-2432
-2485
-3158
-4370
-5386
-5254
-3974
-2567
-1789
-1510
-1480
-1738
-2048
-1748
-674
444
1016
1336
1813
2184
2086
1831
1914
2192
2311
2474
2990
3438
3102
2085
1180
762
608
661
1045
1376
909
-358
-1536
-2008
-1985
-1781
-1389
-1008
-1197
-2031
-2772
-2839
-2475
-2089
-1649
-1121
-861
-1048
-1236
-1031
-659
-435
-185
314
790
899
789
729
641
417
328
632
1050
1139
873
495
90
-308
-474
-252
79
107
-215
-640
-1004
-1268
-1340
-1156
-901
-835
-965
-1103
-1134
-1083
-936
-640
-272
7
165
309
483
633
759
972
1307
1652
1904
2066
2144
2118
2076
2210
2575
2991
3266
3367
3326
3170
3021
3030
3058
2701
1850
925
386
232
221
241
97
-624
-1980
-3288
-3759
-3400
-2814
-2401
-2281
-2662
-3587
-4438
-4407
-3490
-2435
-1745
-1389
-1332
-1625
-1922
-1617
-674
264
773
1042
1289
1381
1289
1353
1726
2061
2091
2063
2234
2373
2154
1726
1413
1182
880
674
771
899
604
-72
-689
-1060
-1296
-1356
-1113
-813
-924
-1447
-1908
-2033
-1950
-1735
-1302
-825
-704
-951
-1135
-1003
-746
-516
-206
160
310
207
155
297
404
347
326
459
577
571
572
600
460
121
-148
-162
-56
3
5
-74
-331
-714
-976
-970
-800
-623
-507
-498
-629
-801
-834
-647
-321
15
280
418
436
423
496
688
966
1268
1527
1687
1742
1740
1741
1791
1924
2132
2348
2496
2550
2527
2448
2350
2261
2116
1792
1287
793
486
346
254
147
-74
-571
-1332
-2024
-2317
-2230
-2021
-1855
-1814
-2038
-2537
-2986
-2995
-2569
-2029
-1600
-1317
-1233
-1383
-1539
-1367
-850
-292
96
354
518
535
479
566
851
1127
1241
1276
1324
1313
1181
1047
1009
965
819
665
616
583
419
177
-17
-179
-372
-504
-480
-401
-457
-638
-793
-887
-961
-961
-803
-583
-494
-551
-624
-654
-663
-595
-373
-92
51
-5
-158
-316
-431
-407
-180
135
317
266
56
-203
-409
-449
-278
-5
180
169
-14
-276
-503
-599
-528
-344
-160
-73
-115
-245
-390
-489
-494
-384
-177
50
210
281
279
232
180
191
322
534
728
842
869
820
723
651
685
823
977
1078
1130
1148
1126
1086
1098
1184
1283
1336
1355
1331
1194
920
627
445
377
358
366
358
208
-159
-609
-920
-1019
-974
-853
-722
-730
-981
-1363
-1625
-1647
-1488
-1247
-999
-859
-929
-1143
-1295
-1257
-1065
-808
-536
-319
-239
-288
-342
-298
-168
-4
172
341
452
474
444
429
439
452
468
514
573
595
556
487
413
330
250
225
271
320
311
250
165
57
-57
-111
-69
5
26
-10
-71
-155
-253
-291
-232
-141
-105
-123
-161
-220
-298
-344
-325
-287
-283
-292
-278
-251
-236
-218
-187
-164
-159
-139
-71
10
57
63
35
-17
-70
-79
-28
39
71
59
16
-41
-74
-61
-8
43
66
57
35
13
6
19
35
37
25
14
17
40
77
108
123
132
159
212
292
390
479
536
568
605
661
736
825
930
1030
1094
1122
1122
1083
996
900
838
811
791
765
713
588
372
123
-79
-210
-279
-307
-331
-412
-583
-799
-976
-1072
-1085
-1035
-959
-911
-931
-995
-1044
-1034
-949
-806
-639
-487
-376
-309
-261
-201
-112
-9
83
156
208
240
252
260
276
290
285
266
255
251
247
241
237
225
193
154
133
133
134
132
125
109
78
48
38
49
61
69
73
69
60
55
64
82
99
106
107
105
106
117
136
149
142
114
67
20
-6
-1
20
33
22
-23
-94
-168
-216
-231
-222
-219
-244
-300
-374
-448
-501
-519
-512
-498
-494
-500
-509
-517
-519
-509
-484
-445
-395
-335
-270
-209
-165
-135
-112
-75
-10
79
174
253
303
322
326
342
383
442
501
538
542
515
475
443
428
427
427
416
389
349
306
269
244
228
221
212
198
179
155
126
94
70
60
60
60
57
49
27
-6
-40
-63
-70
-69
-66
-68
-82
-111
-145
-178
-197
-202
-195
-188
-186
-197
-222
-255
-286
-303
-310
-310
-313
-324
-347
-375
-397
-402
-389
-370
-352
-340
-332
-320
-293
-247
-191
-139
-102
-74
-48
-13
38
101
162
207
230
239
251
273
306
341
368
377
372
358
349
345
341
331
312
284
248
213
181
145
101
54
11
-21
-43
-60
-74
-97
-128
-161
-183
-191
-188
-183
-181
-186
-196
-204
-204
-194
-182
-171
-160
-150
-143
-133
-124
-116
-112
-109
-103
-94
-86
-83
-83
-89
-96
-97
-91
-80
-73
-72
-77
-83
-87
-81
-71
-58
-48
-39
-32
-19
-6
11
29
49
70
95
123
149
170
181
188
197
213
236
256
272
276
269
260
258
262
270
271
262
245
224
205
190
180
170
153
132
113
98
85
74
59
45
31
21
19
21
18
7
-7
-22
-27
-21
-10
2
5
-2
-12
-17
-14
-6
4
7
3
-9
-20
-25
-27
-28
-35
-47
-58
-70
-79
-83
-86
-95
-107
-118
-124
-127
-130
-130
-131
-135
-139
-137
-130
-120
-116
-114
-113
-109
-99
-81
-59
-38
-26
-22
-18
-9
9
33
64
85
101
108
109
111
115
123
133
139
139
131
117
100
84
70
61
53
46
32
14
-7
-25
-37
-42
-41
-39
-40
-45
-52
-56
-52
-43
-32
-23
-17
-18
-20
-19
-18
-17
-17
-18
-19
-22
-26
-30
-39
-51
-65
-76
-81
-83
-88
-97
-115
-135
-151
-160
-157
-149
-145
-149
-159
-167
-169
-159
-142
-125
-115
-110
-109
-101
-84
-61
-38
-21
-9
-2
7
23
45
65
80
87
88
90
95
102
109
113
111
105
99
95
92
88
82
71
59
50
44
41
37
33
22
10
0
-4
-4
-2
0
-3
-9
-16
-21
-19
-15
-8
-3
0
0
-2
-3
-3
-1
2
5
7
7
4
0
-6
-12
-19
-21
-22
-22
-24
-29
-39
-50
-61
-65
-63
-58
-53
-54
-61
-69
-75
-73
-62
-45
-30
-20
-16
-14
-9
2
18
38
55
67
75
78
81
85
91
97
100
101
99
94
87
76
66
56
45
35
26
16
4
-9
-24
-35
-44
-48
-51
-54
-58
-63
-69
-74
-77
-73
-68
-63
-59
-57
-56
-55
-51
-43
-29
-16
-6
0
3
8
14
24
36
46
50
47
42
39
40
44
50
52
48
40
30
25
23
27
33
35
34
31
25
23
23
27
33
40
43
46
46
45
44
43
47
52
58
64
66
64
57
52
49
50
54
58
57
52
41
30
22
16
14
13
8
-1
-11
-25
-35
-42
-47
-49
-51
-54
-57
-60
-65
-65
-63
-58
-49
-39
-31
-25
-19
-14
-6
5
19
34
47
54
58
61
65
71
78
85
89
91
87
83
77
71
67
63
57
51
43
33
21
10
0
-8
-14
-17
-22
-27
-34
-41
-46
-49
-46
-41
-37
-34
-33
-34
-33
-31
-26
-19
-12
-8
-6
-7
-7
-6
-5
-2
1
3
3
1
-1
-3
-5
-6
-6
-6
-7
-10
-14
-19
-23
-25
-26
-25
-25
-26
-26
-30
-30
-30
-27
-22
-16
-12
-9
-8
-6
-4
0
5
11
18
21
22
21
21
20
21
24
26
27
25
20
15
11
8
5
2
0
-4
-11
-20
-28
-35
-41
-46
-48
-53
-56
-60
-65
-68
-69
-68
-65
-59
-53
-47
-43
-39
-35
-29
-21
-11
-1
8
15
18
21
24
28
34
41
46
46
45
40
37
35
33
32
30
26
20
12
6
-1
-5
-9
-11
-14
-17
-20
-24
-27
-27
-28
-26
-23
-20
-18
-16
-16
-17
-15
-13
-7
-3
0
0
-1
-3
-5
-5
-2
0
2
0
-3
-8
-11
-12
-12
-11
-10
-9
-13
-14
-17
-16
-15
-13
-9
-7
-6
-7
-6
-6
-4
-1
1
4
6
9
9
10
11
15
18
20
23
26
27
28
27
28
29
30
30
30
29
27
24
22
19
17
15
12
11
7
4
0
-5
-7
-9
-13
-14
-16
-18
-21
-23
-24
-24
-24
-22
-20
-17
-16
-13
-10
-8
-3
1
5
10
13
16
17
20
21
23
24
25
27
26
26
25
24
25
24
23
21
20
18
16
14
13
12
10
9
7
4
2
1
1
2
1
1
-1
0
0
0
2
3
4
4
5
4
5
5
5
4
5
5
6
4
2
1
0
-1
-3
-2
-2
-4
-4
-6
-8
-9
-9
-8
-8
-9
-9
-9
-10
-10
-9
-8
-6
-6
-5
-5
-3
-3
-2
0
3
5
7
9
10
11
12
13
15
17
18
18
18
17
16
14
14
14
12
10
8
6
4
0
-2
-4
-5
-7
-8
-11
-14
-16
-19
-19
-20
-20
-20
-21
-21
-21
-21
-22
-21
-18
-16
-15
-14
-13
-12
-11
-9
-7
-6
-3
-2
-1
-2
-1
-1
0
1
3
4
3
2
2
2
2
3
4
5
3
3
2
3
2
1
2
2
3
1
1
-1
0
-1
-1
0
-1
-1
-2
-3
-5
-5
-6
-7
-6
-7
-9
-10
-10
-11
-13
-12
-12
-13
-13
-12
-13
-13
-13
-14
-12
-12
-11
-11
-10
-11
-10
-9
-8
-8
-7
-6
-5
-4
-4
-4
-3
-2
-1
0
1
1
1
2
2
2
4
5
5
4
5
4
5
5
6
6
7
6
6
6
5
5
6
5
5
4
3
3
2
1
1
-1
-1
0
-2
-3
-3
-5
-6
-5
-5
-4
-5
-5
-6
-6
-6
-7
-6
-5
-4
-4
-3
-3
-4
-3
-2
-2
0
0
1
1
1
2
2
3
3
4
4
5
5
5
5
6
6
6
7
7
7
7
7
7
7
7
8
8
7
8
7
7
6
7
6
6
6
6
5
4
3
2
2
3
2
1
1
1
0
1
0
0
0
0
-1
0
0
-1
0
0
-1
-1
0
-1
0
0
0
-1
-1
0
0
-1
-1
-1
-1
-1
-1
-1
-1
0
0
1
1
3
3
3
5
5
6
7
8
9
10
10
11
11
11
12
12
12
12
11
11
11
11
9
8
8
7
6
5
4
3
3
1
1
0
-1
-2
-2
-3
-4
-4
-6
-5
-6
-7
-7
-7
-7
-7
-8
-7
-6
-7
-6
-6
-6
-5
-5
-5
-4
-4
-3
-3
-2
-2
-2
-1
-1
0
1
0
2
2
2
3
4
4
4
4
5
4
5
5
6
5
5
5
5
4
4
4
3
3
3
3
2
2
2
0
1
0
0
0
-2
-2
-3
-3
-4
-4
-4
-5
-5
-6
-6
-7
-7
-9
-9
-9
-9
-9
-10
-10
-10
-10
-9
-10
-9
-8
-9
-8
-8
-7
-7
-5
-5
-5
-3
-3
-2
-1
0
0
0
1
2
3
3
4
5
5
5
5
6
5
6
6
5
5
5
4
3
4
3
3
3
2
1
1
1
0
-1
-1
-2
-2
-2
-2
-3
-4
-3
-3
-4
-4
-4
-4
-4
-4
-4
-5
-4
-3
-3
-3
-3
-3
-3
-2
-2
-2
0
0
0
0
1
1
2
1
2
2
2
2
2
2
1
2
2
2
2
2
3
2
2
2
1
0
1
1
0
-1
0
0
-1
0
-1
-1
-1
-1
-1
-2
-2
-2
-2
-2
-1
-1
-1
-1
-1
-1
-1
-2
-2
-1
-1
-1
0
0
1
1
2
1
3
2
3
3
3
3
3
5
4
5
5
6
5
5
5
4
4
4
4
4
3
4
3
2
2
2
2
1
1
-1
-1
-1
-1
-1
-1
-1
-1
-2
-1
-1
-2
-3
-2
-2
-1
-1
-1
0
0
1
1
1
1
1
1
2
1
2
2
2
3
4
4
4
3
4
4
4
4
5
5
6
5
5
5
5
5
5
4
4
4
4
4
4
4
2
3
0
2
0
1
1
1
0
-1
-2
-2
-2
-3
-3
-4
-4
-4
-4
-3
-4
-4
-4
-3
-4
-3
-3
-2
-2
-2
-2
-2
-2
-2
-3
-2
-2
-2
-1
-2
-2
-2
-2
-3
-1
-1
0
1
1
1
2
2
3
3
4
4
4
4
4
5
4
5
5
6
4
5
4
4
3
3
2
2
0
0
-1
-2
-3
-3
-4
-5
-7
-7
-8
-8
-8
-9
-10
-8
-8
-8
-7
-5
-4
-4
-2
-2
-2
-2
-2
-2
-3
-2
-2
-2
-3
-3
-3
-1
-2
-2
-2
-4
-6
-7
-8
-7
-5
-3
-2
-1
-2
-5
-8
-10
-11
-11
-8
-4
2
6
6
6
1
-3
-7
-7
-3
2
10
17
20
18
11
3
-6
-10
-12
-10
-4
-1
3
4
4
1
-2
-7
-10
-12
-14
-13
-10
-5
-2
3
6
6
4
-2
-7
-13
-16
-17
-15
-10
-4
3
8
8
7
2
-3
-8
-10
-9
-5
-1
3
6
5
6
5
1
-1
-3
-4
-5
-6
-4
0
5
11
16
17
15
10
2
-5
-11
-13
-10
-2
9
19
25
21
6
-14
-38
-52
-52
-35
-6
25
48
54
38
6
-30
-59
-66
-48
-12
30
66
81
70
37
-3
-37
-54
-49
-24
10
38
56
57
41
16
-10
-32
-42
-38
-22
0
20
34
30
12
-10
-27
-34
-28
-9
11
20
20
10
-3
-14
-13
1
18
33
39
35
19
-1
-11
-9
5
25
46
56
43
19
-3
-20
-27
-18
1
13
16
12
-4
-26
-38
-36
-27
-8
12
17
4
-20
-41
-53
-38
4
51
83
86
55
4
-44
-65
-52
-14
35
75
88
72
35
-10
-53
-79
-78
-53
-15
28
62
70
45
1
-47
-87
-102
-82
-38
12
61
93
91
55
0
-62
-110
-116
-71
6
92
155
165
115
28
-64
-133
-148
-100
-17
68
133
150
104
14
-82
-153
-179
-145
-62
41
119
144
118
51
-40
-125
-162
-142
-87
-1
102
174
174
113
17
-111
-216
-229
-150
-26
115
226
241
156
28
-102
-193
-202
-138
-47
55
144
178
152
89
-6
-128
-216
-228
-180
-83
55
173
197
135
34
-84
-186
-214
-157
-56
51
139
182
163
81
-32
-119
-157
-147
-69
57
152
166
124
41
-64
-138
-129
-59
14
61
81
63
13
-45
-79
-77
-61
-44
-10
38
56
32
5
-20
-69
-100
-52
32
71
76
79
38
-58
-116
-73
-11
8
47
99
61
-21
-32
-10
-35
-39
17
46
36
58
82
38
-22
-46
-62
-56
12
87
88
48
-6
-93
-150
-97
-4
46
80
95
25
-76
-91
-41
-22
-9
53
98
63
32
76
82
-18
-77
-32
-13
-23
67
178
121
-23
-77
-106
-188
-159
22
126
96
85
71
-52
-168
-146
-74
-10
88
187
217
174
68
-54
-121
-138
-112
7
159
186
116
52
-62
-229
-257
-114
-12
29
123
148
5
-102
-66
-48
-69
6
88
43
-14
9
18
-6
4
17
-14
-52
-63
-57
-36
2
35
49
45
27
-11
-54
-64
-32
4
40
107
152
89
-3
-19
-29
-64
8
156
205
179
205
204
106
47
91
115
104
165
252
256
213
179
115
18
-34
-13
24
53
82
78
11
-85
-157
-207
-257
-292
-280
-254
-256
-246
-213
-241
-347
-425
-434
-430
-374
-182
33
105
116
172
177
122
199
399
513
544
613
623
513
448
473
468
466
523
549
510
446
346
226
129
48
26
116
218
250
312
396
349
270
342
399
311
305
423
403
311
407
521
406
261
241
132
-97
-171
-82
-60
-109
-91
-51
-152
-351
-433
-427
-506
-518
-299
-82
16
203
426
435
346
358
323
144
74
207
345
481
757
1074
1227
1226
1200
1148
984
774
671
641
542
420
414
418
212
-129
-417
-796
-1366
-1774
-1837
-1839
-1829
-1554
-1177
-1028
-939
-674
-462
-409
-230
34
81
43
132
173
109
163
308
355
348
364
321
201
13
-272
-589
-903
-1284
-1584
-1635
-1621
-1649
-1543
-1389
-1400
-1423
-1295
-1186
-1156
-1044
-915
-906
-894
-792
-704
-617
-498
-439
-414
-388
-454
-521
-440
-368
-361
-191
71
173
249
441
512
437
481
596
602
625
726
721
607
535
460
307
210
189
94
-11
-7
-29
-124
-142
-176
-320
-395
-386
-416
-390
-259
-168
-138
-62
32
83
166
345
521
621
734
870
891
789
672
551
387
228
149
158
184
168
174
216
189
155
257
364
376
460
578
516
403
423
386
203
152
269
262
172
253
334
190
53
78
56
-16
39
124
115
77
16
-54
-64
-104
-215
-221
-185
-294
-362
-246
-201
-281
-286
-289
-426
-556
-574
-573
-603
-635
-706
-853
-1003
-1122
-1241
-1254
-1107
-1000
-945
-784
-641
-665
-680
-595
-564
-594
-539
-414
-359
-369
-332
-309
-384
-426
-394
-389
-354
-225
-142
-142
-98
-37
-81
-164
-143
-63
-48
-42
68
198
221
207
264
305
250
225
303
368
380
444
546
550
467
421
407
363
343
399
465
462
409
360
322
254
194
214
255
242
237
270
263
217
223
233
165
119
153
120
6
-44
-59
-157
-265
-266
-210
-202
-192
-100
-18
-7
60
207
329
462
636
753
806
819
793
794
800
778
875
1027
974
855
891
817
546
487
624
585
502
629
686
510
409
427
310
159
193
257
212
203
241
165
25
-60
-106
-105
-64
-35
14
73
17
-86
-50
-7
-121
-156
-23
-44
-169
-61
54
-89
-160
-57
-104
-194
-90
-1
-64
-98
-92
-170
-242
-195
-140
-185
-231
-219
-275
-361
-335
-266
-213
-113
-47
-36
62
103
-13
30
216
178
107
276
313
55
-63
1
-109
-261
-146
-36
-157
-198
-110
-181
-267
-164
-99
-129
-42
66
29
-20
8
-7
-95
-115
-35
-5
-68
-106
-122
-215
-327
-364
-366
-373
-379
-416
-464
-475
-507
-590
-606
-539
-514
-520
-438
-335
-354
-385
-332
-357
-412
-303
-173
-155
-61
118
135
58
118
190
103
60
196
242
133
179
290
164
20
100
132
-16
-20
144
111
-66
-66
2
-86
-167
-88
-26
-97
-177
-179
-154
-161
-145
-51
25
-23
-89
-72
-118
-218
-113
54
11
10
153
89
-114
-83
27
-45
-82
45
64
-87
-117
-12
-46
-150
-90
-21
-122
-180
-48
36
-28
-34
28
-36
-134
-94
-35
-30
16
41
3
19
45
-3
-10
60
85
56
79
155
161
97
88
115
102
115
152
162
207
209
113
144
261
180
90
205
193
8
43
209
172
117
232
253
99
63
146
112
63
162
225
155
140
195
162
95
103
141
155
142
149
208
208
111
112
195
133
63
165
206
109
125
216
172
99
129
138
80
69
119
151
125
76
95
111
14
-15
119
140
20
36
123
48
-71
-13
111
88
45
146
180
44
-22
30
22
-19
35
124
100
3
-8
14
-44
-48
61
87
20
10
-15
-122
-144
-82
-95
-135
-97
-86
-188
-245
-154
-129
-246
-224
-98
-199
-299
-121
-67
-240
-166
-7
-160
-232
5
53
-94
24
178
38
-63
23
5
-60
20
120
175
232
196
70
28
7
-110
-59
209
251
113
188
204
-77
-190
-23
7
-56
75
196
80
-4
58
9
-89
-26
28
-14
18
89
94
68
58
54
10
-24
7
10
18
125
134
24
77
152
-3
-72
104
138
-1
44
180
100
-27
16
64
-19
-74
6
64
-12
-44
23
-25
-123
-100
-79
-107
-94
-102
-100
-46
-75
-125
-74
-92
-221
-233
-162
-192
-212
-128
-131
-264
-298
-252
-321
-374
-271
-225
-306
-303
-226
-230
-258
-245
-240
-254
-269
-254
-178
-126
-128
-75
-46
-130
-132
-53
-107
-164
-50
25
-32
-14
83
58
-49
-52
-11
-48
-47
42
71
43
85
131
75
42
101
80
-20
25
134
89
67
198
204
39
30
119
26
-57
86
170
83
89
162
120
36
-1
33
93
58
40
154
152
3
15
119
78
20
105
148
17
-53
47
53
-33
50
156
68
-22
13
27
-58
-97
23
99
6
13
116
3
-163
-74
25
-68
-62
112
94
-88
-63
48
-47
-112
21
53
-74
-56
69
23
-47
66
79
-74
-45
39
-78
-103
29
-8
-87
4
24
-83
-54
23
-56
-84
32
5
-96
-17
49
-14
11
86
50
-10
-21
-34
-42
-30
-18
3
43
38
-2
47
90
-16
-60
49
25
-58
49
143
68
19
34
13
-43
-81
-26
41
-14
-27
97
94
-20
32
86
-51
-113
-2
27
-4
93
177
94
11
25
-17
-86
-29
44
18
9
52
46
10
10
34
21
-35
-53
-11
6
3
55
111
85
31
7
-33
-83
-74
-34
-12
34
76
44
7
6
-46
-94
-44
-2
-12
52
119
68
34
57
10
-32
6
17
7
36
37
24
48
43
21
32
7
-35
-15
6
-10
3
37
36
11
0
1
-13
-42
-53
-41
-31
-8
11
21
46
39
-20
-40
-38
-72
-65
-19
-15
26
85
20
-36
37
0
-136
-55
71
-32
-46
106
45
-81
22
49
-98
-63
58
-21
-93
17
76
-18
-49
29
10
-87
-65
-7
-20
-20
-9
-14
9
-9
-55
-8
15
-63
-60
-4
-36
-30
26
2
-11
-11
-96
-114
-37
-50
-51
56
70
-12
-14
-8
-75
-97
-30
12
-9
36
116
53
-42
4
4
-105
-71
61
54
7
54
69
-5
-61
-45
-13
-33
-47
48
111
50
57
95
-22
-103
-25
1
-2
80
99
44
7
-45
-68
-24
-35
-50
24
29
-13
73
77
-50
-6
31
-142
-98
122
37
-65
104
95
-114
-83
37
-49
-89
52
65
-39
26
76
-68
-78
54
-11
-82
59
81
-65
-39
52
-20
-43
48
17
-32
22
-22
-86
18
58
-41
2
111
37
-76
-22
50
-15
-45
62
113
43
-10
4
17
-32
-68
-3
52
24
-9
15
66
27
-67
-6
58
-62
-57
69
25
7
88
44
6
38
-14
-50
-8
17
30
42
71
99
50
-10
-7
-16
-34
-44
-31
57
70
-47
-2
132
-10
-155
20
74
-127
-63
164
103
-8
62
50
-75
-107
-62
-28
2
38
54
33
14
-6
-41
-37
-33
-37
10
15
-17
40
65
-6
-7
32
-5
-63
-53
20
28
-6
81
120
-25
-69
-3
-59
-92
15
78
40
8
21
18
-27
-47
-14
0
-21
-16
20
41
31
5
-29
-38
-35
-40
6
82
77
31
17
-11
-36
-21
5
26
20
14
2
-49
-5
83
-12
-43
113
33
-133
36
121
-76
-52
112
25
-55
53
61
-36
-32
-13
-54
-23
40
14
5
42
-12
-67
-15
-17
-70
1
48
-45
-20
81
-35
-112
31
13
-110
7
98
-21
-39
26
-21
-62
-30
-8
10
1
-45
-35
15
-27
-67
43
85
-51
-61
39
-42
-113
-11
33
9
24
11
-2
-6
-80
-93
4
29
-6
38
68
-5
-71
-62
-35
-22
-14
13
45
29
-7
-9
2
0
-31
-54
6
42
-18
-3
48
-30
-79
-35
-36
-15
44
22
-9
12
1
-41
-45
7
22
-36
-20
57
31
-6
19
-12
-46
-20
-27
-2
72
53
-15
-11
-13
-63
-59
14
33
-10
4
29
-27
-46
15
-2
-49
12
41
-29
-19
52
5
-73
-15
46
-29
-48
62
45
-68
-3
66
-38
-44
43
-10
-49
17
15
12
45
1
-7
49
-3
-52
36
71
-19
-35
57
59
-48
-48
73
52
-75
-6
123
18
-80
37
78
-31
-27
72
70
-7
-9
44
-5
-70
10
55
-3
38
92
11
-41
-15
-29
-57
-14
50
42
17
30
-1
-35
-9
-17
-21
38
34
-5
20
45
15
-36
-32
22
-19
-64
35
76
4
19
54
9
-33
-34
-13
7
1
15
54
55
23
1
13
26
-16
-50
12
57
-9
-5
99
51
-69
-17
6
-96
-51
62
30
9
65
46
-41
-58
9
9
-47
6
70
19
-5
24
25
8
-52
-56
42
-8
-99
49
99
-89
-57
117
5
-119
19
71
-43
-43
48
77
23
-32
23
58
-39
-52
22
-9
-22
25
9
23
47
-34
-75
-31
-26
-22
12
47
52
-10
-60
-24
-2
-35
-31
31
37
-49
-51
46
10
-88
-26
38
-42
-62
33
45
-25
-33
-12
-33
-52
-32
5
13
-14
7
37
-31
-53
31
-5
-91
2
80
-39
-86
49
53
-100
-51
97
-12
-135
-3
61
-39
-18
79
40
-56
-48
2
-24
-32
51
51
-32
-9
25
-58
-77
3
5
-51
-38
26
31
-54
-68
51
46
-85
-14
117
-17
-122
35
90
-48
-27
103
43
-83
-35
35
-41
-96
-9
60
1
-36
56
74
-73
-97
46
35
-49
43
100
-23
-81
-23
-11
-19
32
60
17
-10
-13
-48
-44
21
37
10
4
8
1
-46
-53
29
32
-26
45
87
-17
-45
1
-44
-64
3
39
49
47
11
-6
-10
-45
-40
22
25
-12
12
43
9
-26
3
15
-52
-56
43
29
-27
54
65
-50
-35
25
-19
-29
20
40
8
-27
23
27
-65
-11
59
-47
-18
79
-36
-56
62
-1
-50
52
48
-22
-21
-12
0
2
-15
43
109
29
-40
22
10
-99
-78
40
72
34
32
90
55
-101
-108
14
-14
-58
48
117
61
-28
-27
33
-50
-112
46
76
-35
60
100
-49
-36
24
-65
-67
35
46
-8
-3
59
26
-65
-1
83
-12
-60
38
21
-68
2
82
13
-1
58
0
-62
-5
11
-41
-30
35
51
-11
4
88
10
-100
-18
35
-22
16
86
90
46
-43
-44
15
-52
-83
41
76
12
19
47
13
-57
-88
-36
-3
-12
50
102
38
-15
-28
-67
-64
-17
9
47
65
21
-4
-2
-28
-37
-23
-9
15
13
9
32
19
-8
-19
-40
-18
25
0
-3
44
26
-38
-43
23
41
-35
-21
66
-5
-73
20
42
-21
-3
22
14
-10
-31
16
20
-60
-17
65
-7
-33
62
47
-47
-45
5
-16
-58
-11
62
41
-6
1
-2
-45
-75
-40
35
54
28
44
35
-44
-76
-36
-15
12
60
45
1
-2
-29
-70
-49
-11
15
17
-13
3
31
-29
-47
22
30
6
8
0
14
4
-48
-12
47
3
-22
-3
-13
-18
-30
-40
6
17
-19
-10
13
9
-17
-52
-11
37
-19
0
109
48
-72
-9
30
-84
-78
74
72
-51
-5
95
-23
-142
-13
63
-68
-55
118
98
-52
-48
23
-22
-94
-27
99
60
-53
-2
54
-50
-59
52
24
-44
4
24
-12
16
59
21
-35
-18
10
-25
-25
48
41
-40
-27
32
-12
-63
3
26
-61
-47
63
54
-5
19
47
2
-58
-28
60
37
-40
7
60
-1
-34
14
26
-32
-81
-44
15
7
11
67
55
-17
-24
-10
-26
-3
28
20
40
61
18
-1
18
-25
-74
-38
15
2
-5
41
29
-41
-27
-6
-44
-16
21
-6
20
66
45
14
-10
-14
-14
-64
-19
101
55
-2
65
19
-75
-46
-28
-25
8
1
33
71
-6
-30
10
-40
-57
10
35
54
54
7
10
-15
-85
-18
50
-14
24
104
-4
-90
-4
20
-65
-46
94
102
-57
-67
59
-12
-143
-3
147
51
-26
48
30
-108
-122
2
42
16
78
100
-17
-75
-39
-61
-59
34
75
59
42
7
-8
-33
-77
-33
30
13
25
59
27
-20
-42
-23
-1
-36
-10
62
-9
-52
45
29
-43
15
32
-32
-30
11
15
-20
-16
47
11
-57
31
64
-70
-68
49
-8
-84
31
97
-15
-51
40
34
-62
-63
36
50
-48
-30
108
55
-106
-39
71
-40
-100
55
111
-32
-54
59
10
-94
-8
66
-14
-34
43
40
-42
-50
27
11
-81
-19
86
-1
-68
20
41
-38
-40
32
50
-18
-45
28
26
-59
-10
67
-10
-51
17
10
-36
-19
11
15
-38
-56
43
28
-71
48
112
-75
-72
74
-20
-86
36
63
-7
-28
-5
21
-30
-76
-1
24
-38
2
60
21
-6
-9
-20
-4
-12
-14
49
31
-50
6
69
-21
-46
46
4
-117
-63
52
14
-19
67
55
-55
-44
-9
-48
-7
41
-2
25
74
24
4
1
-55
-51
-43
-58
33
92
10
-4
34
-34
-95
-47
1
0
7
44
75
60
6
-29
-23
-42
-66
-6
60
54
40
24
-9
-32
-75
-86
-23
3
-3
33
64
51
4
-26
-8
-30
-62
3
46
26
44
30
0
11
-42
-50
31
-19
-69
21
4
-40
51
48
-15
17
-18
-77
-15
26
11
49
61
-1
-20
6
-29
-49
30
28
-65
-2
80
-18
-41
57
18
-65
-23
10
-14
-15
1
22
43
34
14
9
-5
-32
-47
-28
28
52
13
6
43
10
-59
-36
19
-11
-39
23
67
27
8
11
-24
-12
8
-35
5
79
-8
-55
44
39
-23
9
1
-38
-21
-37
-38
42
57
16
28
33
3
-21
-36
-21
9
14
19
34
42
33
-29
-71
-12
-2
-71
-12
89
34
-25
33
51
-20
-59
-6
49
-2
-22
79
80
-26
-17
18
-36
-40
0
-3
-6
-1
-14
-13
8
21
28
5
-21
-2
2
-32
8
70
28
-9
28
6
-32
6
-9
-52
0
15
-37
5
63
9
-36
-2
-1
-35
-12
25
24
41
34
-14
17
29
-79
-70
48
2
-56
43
80
-15
-63
-20
27
-5
-47
24
80
-9
-63
19
61
-17
-44
37
28
-62
-18
40
-31
-30
31
-45
-80
27
21
-47
33
94
-5
-59
12
26
-42
-12
78
42
-46
-20
-2
-59
-33
34
12
-4
7
-42
-64
-14
10
24
39
27
30
-13
-86
-32
37
-22
-10
69
20
-38
-30
-56
-47
-15
-45
-22
30
0
-8
22
17
21
11
-12
1
-5
0
45
17
2
65
16
-62
-8
8
-50
-31
24
36
25
22
51
24
-44
3
46
-32
-19
76
24
-50
7
28
-41
-59
-22
-28
-43
-9
-9
-44
4
22
-68
-48
55
-13
-98
-5
33
-54
-40
47
37
-30
-35
-2
-46
-96
-21
38
-22
-6
68
13
-57
-6
36
-8
-29
52
89
-23
-57
65
18
-112
15
138
0
-54
66
42
-68
-18
94
81
20
46
67
-5
-25
39
36
20
78
82
23
1
-2
-18
-42
-44
36
92
24
-9
49
26
-56
-27
72
66
-17
25
109
17
-57
35
2
-143
-94
-4
-73
-73
40
5
-119
-98
-49
-137
-164
-28
2
-89
-36
67
-3
-79
-1
55
-2
-17
66
95
15
-11
67
70
-17
10
80
8
-53
32
88
45
44
114
108
-12
-54
37
44
-22
55
163
117
61
105
135
90
69
120
135
88
97
130
106
76
58
27
-9
-59
-85
-58
-77
-114
-71
-64
-135
-127
-88
-138
-118
14
46
16
96
153
60
3
81
108
12
2
94
50
-70
-28
28
-64
-92
11
21
-63
-36
51
-6
-70
60
151
57
34
106
64
0
24
77
92
26
-21
12
-11
-54
28
80
31
27
54
38
7
14
75
90
24
45
106
20
-65
-25
-19
-64
-34
7
-16
-41
-48
-66
-72
-40
-11
-20
-26
-2
10
-6
2
15
-11
-46
-66
-75
-54
-32
-27
-5
3
-31
-55
-62
-79
-98
-101
-71
-63
-96
-81
-75
-169
-209
-179
-236
-265
-173
-131
-157
-135
-116
-151
-188
-162
-108
-100
-91
-50
-71
-119
-108
-123
-157
-116
-87
-136
-169
-155
-165
-206
-186
-85
-41
-84
-69
-17
-63
-100
-10
64
46
67
133
117
48
68
132
100
55
153
227
136
105
192
169
102
149
219
228
178
114
131
157
98
111
216
214
130
102
129
148
116
92
157
171
66
37
97
70
2
-8
-14
-22
-51
-114
-109
-51
-83
-130
-95
-86
-148
-212
-216
-150
-111
-117
-63
-24
-88
-111
-83
-102
-74
2
-16
-39
28
45
-22
-30
24
24
2
41
79
62
34
5
-6
18
20
9
45
42
-26
-34
-2
-41
-60
4
17
-51
-53
-1
-61
-159
-104
-17
-79
-103
14
1
-149
-155
-83
-130
-160
-82
-48
-97
-111
-99
-115
-111
-87
-106
-97
-27
-25
-60
2
38
-58
-104
-43
-54
-109
-46
20
-40
-72
-24
-56
-123
-78
-26
-61
-66
4
20
-37
-37
15
-22
-98
-88
-68
-121
-153
-105
-56
-65
-63
-4
14
-19
32
148
227
338
495
583
614
645
652
639
635
661
691
681
658
652
597
499
434
373
301
274
257
225
219
216
180
150
147
133
72
0
-28
-49
-73
-54
-31
-39
-55
-115
-213
-232
-202
-226
-215
-114
-66
-100
-103
-81
-102
-123
-96
-42
3
21
7
-11
-24
-54
-68
-33
-10
-57
-107
-115
-148
-202
-192
-148
-177
-254
-278
-289
-368
-415
-361
-339
-375
-349
-325
-376
-418
-407
-377
-349
-313
-214
-133
-168
-178
-115
-140
-188
-128
-67
-72
-64
-29
-29
-85
-116
-94
-131
-159
-68
-20
-78
-53
11
-47
-117
-76
-9
-7
-29
17
77
28
-37
8
48
5
-3
32
19
-7
-2
-9
-27
-29
-55
-106
-98
-53
-68
-94
-57
-56
-116
-125
-78
-51
-39
-37
-13
51
78
59
117
211
177
110
190
283
240
232
339
345
236
210
227
149
83
102
71
-24
-25
-1
-100
-148
-54
-48
-129
-70
40
30
22
101
154
126
96
102
96
59
26
4
-26
-68
-120
-151
-166
-203
-227
-208
-213
-224
-164
-123
-137
-108
-47
-63
-92
-46
15
19
38
130
170
107
92
143
127
99
156
182
130
94
94
91
90
103
118
103
76
79
96
94
127
185
194
186
230
260
220
185
193
176
133
134
171
177
149
118
94
58
9
-17
3
27
30
45
59
25
-32
-64
-92
-106
-73
-40
-42
-31
-2
-22
-67
-46
-22
-83
-111
-30
7
-30
-6
39
-17
-100
-94
-57
-74
-85
-36
-13
-46
-35
16
6
-15
2
15
18
59
117
152
166
175
190
201
198
199
205
188
167
180
195
170
143
130
79
17
15
25
-14
-43
-20
-8
-34
-26
13
-13
-83
-82
-56
-83
-78
-21
-18
-59
-50
-26
-53
-93
-92
-88
-112
-104
-41
-9
-30
-46
-48
-71
-77
-37
-4
7
25
37
20
32
80
103
97
116
138
104
66
98
134
121
123
146
122
59
17
7
5
-5
2
29
31
21
24
12
-8
-7
-15
-21
11
40
30
-4
-32
-46
-86
-139
-127
-91
-137
-182
-139
-119
-179
-191
-146
-167
-219
-196
-171
-209
-205
-151
-164
-196
-153
-152
-243
-263
-193
-199
-250
-204
-138
-187
-245
-189
-137
-198
-244
-186
-157
-201
-169
-77
-79
-135
-115
-64
-62
-51
0
3
-52
-60
-1
41
66
110
115
39
-28
-17
17
26
56
99
72
6
-4
11
-13
-23
10
14
-7
14
49
43
18
17
18
-6
1
56
78
53
54
56
16
2
43
63
49
61
78
57
35
60
83
59
41
57
59
40
45
67
63
32
14
29
41
29
43
76
60
21
35
55
28
28
64
48
9
17
28
-3
-12
29
38
14
29
47
18
7
40
58
59
81
100
87
67
78
87
73
84
113
101
76
83
88
67
52
69
80
37
-3
9
1
-38
-19
27
9
-36
-47
-60
-99
-106
-62
-35
-40
-30
-23
-59
-94
-86
-76
-77
-43
16
34
9
-7
-12
-36
-49
2
72
82
60
58
43
6
-2
42
80
80
70
73
68
50
50
55
47
35
29
32
46
68
74
57
30
13
3
1
22
59
80
69
41
21
10
-12
-30
-14
-1
-21
-44
-40
-39
-63
-90
-98
-103
-112
-103
-62
-19
-6
-17
-32
-53
-65
-45
-9
23
59
76
49
20
20
8
-30
-32
9
21
5
20
32
-12
-62
-63
-45
-36
-14
19
33
21
13
28
41
48
69
88
71
59
81
90
71
79
110
97
48
39
50
15
-23
4
45
30
4
8
-8
-61
-86
-58
-24
-17
-12
-1
-10
-35
-46
-41
-34
-28
-23
-19
-7
9
6
-16
-30
-35
-51
-61
-34
5
14
-2
-7
-14
-43
-68
-60
-30
-7
3
11
15
-2
-33
-51
-38
-11
2
15
33
36
15
-2
2
8
10
22
42
55
57
53
41
22
11
10
14
18
22
20
0
-28
-39
-39
-48
-53
-41
-38
-59
-77
-68
-50
-49
-46
-26
-24
-56
-78
-64
-48
-53
-40
-9
-14
-48
-62
-61
-71
-72
-52
-26
-12
-10
-14
-30
-50
-59
-52
-35
-8
21
32
16
-6
-18
-25
-29
-14
15
26
14
10
9
-4
-12
-7
-8
-22
-30
-26
-22
-14
2
8
-3
-19
-34
-53
-57
-38
-17
-1
15
17
-2
-23
-32
-37
-29
-7
15
26
32
31
17
7
10
9
5
14
29
36
32
34
37
26
8
-1
4
5
5
16
34
38
26
14
11
1
-13
-6
17
27
25
27
26
11
-2
-6
-10
-17
-20
-15
-10
-4
8
6
-8
-16
-22
-35
-32
-11
3
4
13
21
6
-18
-21
-18
-24
-20
1
10
1
-3
-1
-11
-20
-9
-3
-8
-5
12
17
13
20
28
16
0
4
18
22
25
43
55
45
33
35
35
27
26
40
53
53
54
57
49
33
25
25
24
28
38
44
39
34
28
14
2
7
13
12
15
22
15
2
-2
0
-2
-2
3
4
-2
-4
-3
-2
0
6
10
7
6
9
7
3
8
16
20
18
24
27
18
10
11
11
8
11
21
21
14
11
8
0
-6
-3
2
3
6
11
9
1
-3
-3
-5
-5
4
12
14
15
20
18
10
6
8
7
8
18
30
28
21
17
7
-9
-14
-2
9
13
20
24
11
-7
-12
-9
-7
2
15
22
14
6
0
-6
-10
-7
-3
-6
-10
-12
-14
-13
-10
-4
-2
-6
-13
-17
-20
-17
-8
4
14
17
13
7
-1
-8
-10
-5
4
14
21
23
18
11
0
-12
-16
-16
-15
-13
-8
-7
-12
-20
-29
-37
-46
-52
-51
-48
-44
-38
-33
-31
-33
-39
-46
-54
-58
-59
-55
-45
-33
-24
-21
-23
-31
-42
-53
-52
-40
-24
-5
10
19
15
4
-6
-12
-9
2
19
36
45
51
47
37
27
19
14
16
23
33
40
43
42
35
23
9
1
-3
-3
0
8
14
16
12
4
-7
-21
-31
-35
-32
-23
-10
-2
1
-3
-15
-32
-44
-47
-42
-32
-17
-4
-2
-9
-18
-27
-35
-37
-30
-18
-10
-3
2
5
3
-2
-7
-8
-9
-8
-5
-1
4
10
13
14
12
6
-3
-10
-12
-9
-3
5
15
16
11
1
-12
-24
-30
-29
-23
-12
-3
3
2
-4
-12
-22
-27
-24
-14
0
11
22
28
27
21
17
13
14
22
34
47
56
63
66
65
61
57
55
55
56
61
67
73
74
71
65
54
43
33
25
22
22
23
20
15
7
-3
-17
-28
-37
-44
-48
-50
-49
-48
-50
-50
-54
-60
-67
-71
-74
-70
-62
-53
-44
-35
-31
-33
-36
-38
-37
-32
-24
-13
-1
6
9
10
9
7
6
9
14
21
29
35
39
40
37
34
31
30
34
0
0
0
0
0
0
0
0
0
0
0
0
0
0
0
0
0
0
0
0
0
0
0
0
0
0
0
0
0
0
0
0
0
0
0
0
0
0
0
0
0
0
0
0
0
0
0
0
0
0
0
0
0
0
0
0
0
0
0
0
0
0
0
0
0
0
0
0
0
0
0
0
0
0
0
0
0
0
0
0
0
0
0
0
0
0
0
0
0
0
0
0
0
0
0
0
0
0
0
0
0
0
0
0
0
0
0
0
0
0
0
0
0
0
0
0
0
0
0
0
0
0
0
0
0
0
0
0
0
0
0
0
0
0
0
0
0
0
0
0
0
0
0
0
0
0
0
0
0
0
0
0
0
0
0
0
0
0
0
0
0
0
0
0
0
0
0
0
0
0
0
0
0
0
0
0
0
0
0
0
0
0
0
0
0
0
0
0
0
0
0
0
0
0
0
0
0
0
