0
0
0
0
0
0
0
0
0
0
0
0
0
0
0
0
0
0
0
0
0
0
0
0
0
0
0
0
0
0
0
0
0
0
0
0
0
0
0
0
0
0
0
0
0
0
0
0
0
0
0
0
0
0
0
0
0
0
0
0
0
0
0
0
0
0
0
0
0
0
0
0
0
0
0
0
0
0
0
0
0
0
0
0
0
0
0
0
0
0
0
0
0
0
0
0
0
0
0
0
0
0
0
0
0
0
0
0
0
0
0
0
0
0
0
0
0
0
0
0
0
0
0
0
0
0
0
0
0
0
0
0
0
0
0
0
0
0
0
0
0
0
0
0
0
0
0
0
0
0
0
0
0
0
0
0
0
0
0
0
0
0
0
0
0
0
0
0
0
0
0
0
0
0
0
0
0
0
0
0
0
0
0
0
0
0
0
0
0
0
0
0
0
0
0
0
0
0
-58
-65
-71
-77
-82
-89
-94
-99
-103
-106
-110
-111
-114
-114
-116
-114
-114
-112
-109
-107
-102
-99
-94
-89
-83
-77
-72
-66
-61
-54
-48
-42
-36
-30
-24
-19
-14
-8
-4
0
4
8
11
14
16
17
21
22
24
24
24
26
26
26
25
26
27
27
25
25
25
23
23
21
21
19
18
16
15
14
14
12
10
8
7
6
3
2
1
0
-2
-4
-6
-6
-7
-10
-11
-13
-14
-14
-15
-17
-17
-17
-19
-20
-23
-22
-22
-23
-24
-24
-26
-25
-26
-27
-26
-25
-26
-25
-25
-24
-23
-22
-22
-21
-20
-19
-18
-17
-15
-14
-13
-11
-11
-8
-6
-5
-4
-1
-2
0
-1
0
1
2
3
3
4
6
6
6
6
7
5
7
8
9
9
10
10
11
13
12
13
14
14
15
16
16
17
18
19
21
21
20
22
22
23
23
23
22
22
23
23
22
22
21
21
19
19
18
15
15
13
11
9
8
6
5
4
2
0
1
-1
-2
-3
-4
-5
-5
-6
-5
-6
-6
-6
-6
-5
-5
-3
-5
-4
-3
-2
0
1
1
3
3
5
6
7
9
10
11
12
13
15
16
16
16
17
17
18
20
20
21
23
22
21
22
23
22
22
23
22
20
21
21
19
19
18
18
15
14
13
11
10
7
5
3
2
0
-1
-5
-7
-9
-13
-15
-18
-21
-24
-26
-30
-34
-34
-38
-42
-43
-44
-49
-50
-50
-55
-54
-56
-58
-57
-58
-58
-56
-56
-56
-53
-52
-51
-48
-47
-46
-42
-40
-38
-33
-30
-27
-24
-22
-18
-13
-10
-7
-2
-2
4
5
7
10
12
13
17
19
19
22
22
20
23
23
21
23
23
20
21
21
17
17
16
12
12
11
7
6
4
1
0
-1
-5
-6
-9
-12
-13
-15
-16
-17
-20
-22
-24
-24
-26
-27
-27
-29
-29
-30
-30
-29
-31
-31
-30
-31
-29
-29
-31
-27
-26
-27
-23
-22
-22
-19
-19
-18
-15
-14
-13
-11
-9
-6
-5
-3
-3
-1
4
4
5
8
6
11
12
10
14
14
15
18
16
18
19
17
19
17
18
19
15
15
17
13
14
14
9
12
10
5
7
6
2
2
0
-2
-1
-3
-5
-5
-5
-8
-9
-7
-11
-11
-9
-12
-11
-9
-10
-10
-9
-8
-9
-6
-4
-7
-1
1
-4
3
5
0
11
9
6
18
12
13
23
15
18
25
18
24
28
22
30
31
24
33
31
27
37
29
27
39
29
27
39
26
26
38
22
26
36
18
23
32
13
21
28
7
17
20
4
14
16
0
9
7
-2
4
1
-5
0
-3
-9
-2
-8
-11
-4
-12
-14
-6
-17
-13
-7
-21
-12
-6
-23
-10
-8
-24
-8
-8
-21
-6
-8
-19
-4
-8
-16
-2
-7
-15
-1
-6
-12
0
-6
-10
1
-5
-7
3
-5
-6
3
-5
-4
3
-4
-2
3
-1
-2
3
-1
-2
3
1
-3
6
1
-5
8
0
-3
9
0
-4
9
-2
-4
8
-4
-4
9
-4
-5
7
-3
-3
5
-3
-2
2
-4
-1
1
-5
-4
-2
-4
-3
-4
-5
-4
-7
-5
-5
-9
-6
-6
-10
-6
-7
-11
-7
-6
-9
-6
-7
-9
-6
-5
-6
-7
-6
-5
-7
-4
-4
-8
-3
-1
-9
0
0
-9
2
1
-7
3
1
-7
7
1
-3
7
1
-3
5
0
0
5
2
0
4
2
1
1
1
3
2
2
6
0
0
5
-2
-1
9
-2
-2
12
-6
-4
12
-7
-3
13
-8
-3
12
-9
-3
12
-7
-2
12
-5
-4
9
-5
-4
8
-3
-1
7
-1
0
3
0
-1
0
3
1
-2
6
0
-6
9
-4
-6
14
-4
-5
12
-9
-4
12
-9
0
11
-10
2
9
-11
3
7
-9
5
7
-10
5
3
-11
7
3
-10
11
-1
-10
11
-10
-9
13
-14
0
13
-17
4
6
-22
10
1
-18
14
-2
-15
13
-8
-12
9
-8
-8
7
-2
-2
1
-2
-3
-4
3
-1
-6
11
1
-6
13
-2
-8
16
-2
-5
21
2
-2
21
2
-5
20
4
0
23
7
-1
21
6
0
19
5
4
17
5
6
14
4
10
9
3
10
5
2
9
3
3
9
4
1
5
5
-5
3
11
-11
7
17
-19
10
17
-27
17
17
-29
25
15
-28
27
8
-25
26
5
-19
26
6
-12
23
6
-8
19
7
-5
18
8
-2
18
6
1
18
1
3
19
-5
6
22
-9
12
23
-19
11
17
-24
15
18
-23
20
17
-26
15
7
-30
12
9
-19
17
10
-18
5
-2
-24
-2
1
-9
4
7
-8
-11
-6
-14
-21
-1
-3
-13
11
-1
-20
2
-17
-25
6
-13
-6
19
-14
-4
5
-34
-3
0
-31
19
6
-21
26
-11
-36
19
-23
-30
35
-12
-15
40
-20
-28
24
-34
-26
33
-21
-8
38
-23
-16
19
-39
-20
22
-27
0
33
-26
-5
15
-44
-11
15
-37
13
26
-34
15
6
-53
10
-6
-43
32
3
-30
32
-12
-43
17
-21
-39
32
-5
-28
39
-15
-38
27
-27
-36
33
-13
-19
39
-13
-25
26
-25
-32
30
-18
-17
45
-17
-12
39
-35
-13
33
-39
9
37
-32
25
20
-40
23
-1
-33
29
1
-14
31
-3
-16
13
-9
-21
6
3
-16
11
11
-26
7
5
-40
12
5
-38
24
3
-34
28
-7
-38
25
-12
-30
31
-10
-22
33
-13
-26
26
-20
-24
29
-14
-14
35
-14
-15
28
-23
-18
26
-16
-9
34
-12
-8
28
-23
-12
21
-24
5
25
-12
17
9
-16
5
-9
-4
7
0
19
6
1
14
-17
-10
11
-20
12
29
-13
25
15
-34
18
-9
-31
36
-4
-2
44
-20
-1
15
-42
10
7
-23
43
7
-10
39
-27
-16
23
-32
11
33
-12
26
24
-23
9
5
-29
20
17
-14
40
8
-20
33
-19
-21
34
-20
2
45
-23
4
31
-44
4
26
-44
26
27
-42
36
4
-51
37
-9
-35
50
-15
-20
40
-35
-17
23
-30
9
24
-13
14
2
-22
-1
-13
-12
19
-2
5
25
-23
-7
5
-42
11
15
-18
36
10
-19
10
-22
-27
-8
-6
1
6
20
5
-9
6
-26
-23
7
-15
7
27
4
7
3
-17
-25
-14
-4
-12
22
28
-8
22
-4
-48
3
-18
-33
37
13
-8
41
-6
-39
11
-29
-39
30
-4
-7
43
-12
-20
11
-39
-25
12
-16
12
33
-4
11
8
-30
-13
-5
-23
2
23
-3
6
16
-34
-23
4
-50
-4
31
-36
25
25
-65
16
-10
-77
42
-6
-52
70
-26
-57
53
-69
-51
54
-68
-9
65
-71
5
38
-88
15
30
-70
45
26
-59
39
-7
-62
26
-18
-37
30
-9
-27
13
-9
-38
8
8
-39
29
20
-51
41
1
-62
54
-21
-47
69
-42
-16
64
-68
10
43
-78
36
24
-62
55
14
-39
55
6
-34
41
-4
-41
45
-6
-37
61
-20
-44
58
-46
-36
67
-41
-8
71
-37
-4
50
-40
-11
45
-28
-15
49
-31
-29
52
-45
-23
62
-56
-4
52
-62
21
41
-38
52
23
-34
38
-28
-43
40
-26
-3
75
-24
-17
31
-81
-53
23
-36
11
84
12
-4
30
-48
-62
15
-10
5
78
32
-4
12
-41
-69
-18
0
4
51
65
7
-3
12
-52
-42
36
-8
4
81
5
-30
28
-36
-62
29
0
-24
57
17
-21
41
7
-16
23
2
-13
6
4
-3
13
25
14
16
7
-15
-6
-16
-5
44
13
37
69
-33
2
27
-87
10
55
-45
65
71
-48
28
15
-73
18
24
-17
54
37
1
23
-12
-19
-11
-20
11
11
13
38
18
3
18
-3
-27
16
5
-15
58
17
-17
51
-36
-54
23
-58
-16
75
-7
34
67
-58
-19
13
-61
32
75
4
56
28
-65
-25
-31
-50
45
45
27
74
-21
-55
3
-79
-13
99
-3
54
94
-81
-49
3
-118
-28
80
-10
37
87
-44
-49
4
-56
-22
70
41
34
59
-2
-31
-30
-32
-8
-24
27
36
-55
21
5
-101
37
29
-78
63
25
-100
44
28
-61
73
43
-58
11
-26
-74
-1
12
22
46
13
7
-34
-67
-1
-18
2
89
16
8
24
-70
-33
-14
-32
28
8
-4
-14
-40
-20
-37
7
29
-22
27
6
-64
22
27
-43
70
60
-70
52
4
-136
40
-19
-103
115
-3
-62
97
-105
-101
50
-126
-8
126
-56
63
101
-117
-6
19
-145
38
107
-54
101
91
-144
-4
-1
-171
29
76
-68
68
92
-87
-36
29
-110
-43
109
-10
-3
106
-55
-85
56
-50
-57
82
-43
-57
65
-62
-35
77
-52
12
92
-64
-1
34
-99
11
67
-12
71
62
-36
-29
-47
-80
-43
23
52
65
86
24
-45
-54
-75
-42
34
81
94
84
35
-63
-99
-96
-103
-4
66
39
58
7
-100
-82
-62
-56
50
98
62
75
19
-62
-33
-12
1
67
63
3
-15
-44
-71
-16
32
16
42
26
-62
-38
-23
-37
62
76
27
34
-31
-79
-42
-21
12
59
56
19
1
-24
-53
-11
17
3
44
31
-36
-15
-18
-67
-12
13
-29
20
40
-8
6
17
-18
-15
22
37
31
48
61
-12
-45
-15
-80
-49
83
61
79
109
-39
-87
-58
-78
20
94
63
68
9
-85
-74
-89
-108
4
52
40
101
34
-74
-38
-28
-9
90
75
19
8
-53
-56
-34
-65
-21
-8
-18
49
8
-37
8
-19
23
106
62
42
26
-23
3
34
32
22
12
1
-2
2
-17
-32
-54
-35
21
0
36
49
-48
13
41
-33
63
71
-12
89
107
22
60
13
-114
-54
-3
-18
96
102
6
33
-9
-51
20
12
5
55
48
27
40
14
-53
-26
3
-47
14
29
-65
7
46
-17
59
64
-50
-14
35
-27
41
129
25
30
85
-54
-70
3
-93
-74
52
11
-10
51
-44
-161
-112
-100
-117
28
120
37
40
48
-101
-100
8
-48
-17
99
34
-16
8
-103
-214
-172
-120
-76
56
134
64
21
14
-42
-29
50
59
47
77
66
-12
-52
-63
-128
-106
7
3
-15
12
-89
-152
-68
-50
-35
43
28
-35
-25
-13
-50
-27
35
1
0
43
-37
-77
-34
-56
-10
74
52
23
-26
-103
-91
-57
-5
76
39
-13
-24
-109
-100
-7
-19
17
80
19
12
42
-26
-36
-12
-39
-3
34
20
25
8
-13
-1
-9
-6
2
-14
11
34
33
54
32
2
17
4
17
54
31
35
48
2
-1
-13
-70
-65
-50
-46
4
37
29
20
-6
-44
-59
-45
-18
12
45
49
14
-18
-54
-92
-89
-72
-56
-21
1
-4
-16
-41
-70
-83
-71
-36
3
42
63
39
5
-35
-77
-74
-39
-8
18
22
-9
-45
-60
-52
-17
31
66
79
64
40
23
8
18
38
31
26
12
-31
-50
-47
-49
-29
-1
1
-4
-5
-20
-23
2
25
54
80
72
50
25
-2
-4
17
43
68
76
52
19
-18
-54
-61
-52
-46
-32
-37
-65
-85
-109
-126
-110
-93
-80
-55
-50
-57
-45
-35
-28
-1
16
18
30
35
26
33
39
24
10
-11
-54
-89
-106
-116
-108
-89
-83
-89
-99
-119
-131
-118
-88
-49
-11
10
8
-6
-27
-45
-54
-49
-39
-24
-8
-2
-6
-14
-33
-47
-44
-36
-26
-15
-15
-25
-28
-27
-33
-37
-51
-67
-65
-52
-36
-21
-18
-22
-17
-11
5
16
11
15
31
59
99
135
157
169
190
222
262
306
342
363
383
396
406
422
432
436
447
453
467
493
518
544
571
593
622
656
694
732
763
798
839
867
859
755
527
216
-139
-457
-681
-833
-933
-1027
-1166
-1329
-1497
-1641
-1716
-1705
-1590
-1384
-1134
-890
-703
-585
-508
-431
-305
-115
114
356
574
732
827
858
826
749
656
571
508
456
378
250
44
-218
-487
-734
-919
-1041
-1130
-1188
-1235
-1268
-1281
-1276
-1233
-1143
-1007
-818
-601
-383
-186
-30
106
241
376
509
620
692
724
728
719
686
625
540
442
352
262
173
80
-11
-77
-104
-84
-35
7
54
115
189
291
412
548
718
936
1187
1426
1618
1811
2043
2278
2479
2640
2824
3168
3682
4262
4565
3979
2351
217
-1677
-2665
-2622
-1974
-1341
-1403
-2327
-3620
-4800
-5574
-5813
-5436
-4414
-3071
-1783
-800
-424
-686
-1197
-1388
-843
309
1653
2840
3570
3743
3495
3054
2592
2146
1785
1686
1865
2103
2125
1741
924
-167
-1257
-2054
-2438
-2529
-2491
-2387
-2239
-2132
-2175
-2346
-2549
-2673
-2525
-1962
-1042
-43
726
1183
1399
1463
1495
1602
1819
2049
2233
2421
2545
2438
2027
1382
683
64
-397
-700
-947
-1235
-1605
-1971
-2222
-2410
-2570
-2689
-2718
-2561
-2226
-1761
-1247
-833
-528
-280
-29
268
533
735
914
1070
1213
1321
1344
1225
952
633
372
208
148
126
99
42
-52
-137
-205
-266
-302
-276
-140
97
388
677
887
992
1074
1260
1573
1935
2240
2516
2809
3007
3093
3160
3237
3345
3411
3438
3265
2260
384
-1627
-3141
-3764
-3642
-3138
-2657
-2980
-4119
-5285
-6029
-6199
-5859
-4925
-3372
-1857
-758
-11
249
77
-177
64
1103
2460
3645
4475
4721
4351
3590
2802
2246
1817
1469
1342
1341
1186
681
-172
-1205
-2263
-3152
-3601
-3565
-3260
-2924
-2642
-2361
-2158
-2114
-2075
-1876
-1441
-747
181
1254
2175
2681
2822
2761
2628
2548
2582
2736
2861
2807
2602
2224
1609
819
-24
-713
-1163
-1432
-1560
-1815
-2385
-3080
-3649
-3782
-3427
-2858
-2199
-1639
-1282
-980
-671
-251
255
731
1237
1680
1933
1936
1629
1203
830
606
618
698
668
432
-17
-470
-800
-953
-899
-741
-540
-372
-306
-308
-381
-455
-385
-100
425
1060
1576
1893
2063
2213
2459
2767
3148
3640
4044
4233
4310
4317
4289
4179
4007
3796
2849
810
-1544
-3406
-4286
-4331
-3945
-3352
-3437
-4514
-5711
-6433
-6493
-6054
-5054
-3230
-1315
50
941
1310
1194
831
857
1835
3265
4486
5266
5399
4828
3687
2417
1479
821
337
123
88
-35
-567
-1575
-2761
-3875
-4684
-4929
-4589
-3862
-3121
-2580
-2145
-1815
-1671
-1578
-1280
-625
309
1375
2487
3372
3694
3494
3082
2700
2436
2302
2335
2378
2192
1779
1182
369
-645
-1658
-2347
-2632
-2608
-2444
-2333
-2335
-2503
-2722
-2826
-2859
-2701
-2299
-1665
-729
192
840
1137
1014
803
741
918
1378
1789
1932
1741
1199
519
-182
-785
-1123
-1224
-1128
-961
-915
-1032
-1293
-1555
-1590
-1317
-771
-138
375
746
983
1117
1243
1429
1727
2089
2416
2686
2881
2990
3013
2971
2931
3031
3259
3419
3521
3532
3430
3304
3110
2980
2388
575
-1837
-3853
-4756
-4553
-3956
-3166
-2869
-3746
-5011
-5816
-5787
-5138
-4147
-2371
-246
1278
2078
2227
1904
1342
1031
1752
3218
4492
5136
4990
4166
2865
1377
245
-439
-842
-936
-860
-816
-1129
-2035
-3217
-4265
-4847
-4756
-4093
-3030
-1951
-1257
-899
-703
-587
-495
-293
293
1263
2313
3226
3790
3810
3292
2502
1854
1511
1385
1410
1424
1219
711
-60
-936
-1810
-2575
-3003
-3008
-2688
-2251
-1955
-1879
-1958
-2080
-2032
-1713
-1155
-439
189
604
808
754
602
510
543
728
883
948
910
646
215
-251
-617
-817
-966
-1071
-1134
-1254
-1419
-1579
-1622
-1498
-1285
-961
-554
-158
188
449
704
989
1296
1664
2027
2299
2413
2350
2209
2043
1866
1759
1789
1940
2103
2133
2069
2079
2115
2180
2385
2604
2783
2849
2893
2938
2082
75
-2170
-3723
-4029
-3617
-2958
-2235
-2389
-3489
-4695
-5285
-4971
-4301
-3232
-1481
226
1347
1791
1709
1406
964
964
1866
3117
4067
4329
3880
2983
1747
543
-272
-780
-1017
-1075
-1068
-1086
-1466
-2251
-3167
-3920
-4130
-3795
-3055
-2047
-1184
-632
-360
-258
-138
-13
257
841
1629
2472
3142
3418
3219
2591
1858
1310
1007
941
959
862
549
7
-640
-1328
-2019
-2530
-2752
-2648
-2260
-1807
-1447
-1274
-1316
-1347
-1224
-897
-369
79
369
580
708
857
935
883
783
583
390
303
260
209
6
-325
-648
-965
-1244
-1476
-1628
-1651
-1606
-1461
-1208
-943
-734
-607
-437
-142
234
672
1124
1531
1819
1963
2048
2086
2045
1949
1851
1803
1789
1758
1733
1726
1704
1668
1637
1705
1939
2221
2548
2867
3014
3015
2914
2938
2832
1718
-304
-2369
-3608
-3740
-3402
-2826
-2377
-2805
-3878
-4890
-5158
-4630
-3831
-2612
-981
462
1393
1722
1686
1503
1249
1449
2281
3302
4045
4097
3511
2540
1338
296
-427
-856
-997
-1077
-1173
-1365
-1835
-2516
-3289
-3851
-3884
-3454
-2658
-1727
-957
-446
-243
-173
-34
212
668
1313
2037
2735
3191
3271
2938
2301
1642
1128
833
777
780
643
236
-407
-1103
-1789
-2368
-2681
-2681
-2394
-1972
-1582
-1308
-1193
-1192
-1168
-986
-636
-168
319
739
1068
1178
1041
767
466
282
196
180
230
179
-58
-473
-957
-1341
-1625
-1767
-1721
-1552
-1375
-1306
-1288
-1227
-1115
-917
-592
-133
377
810
1160
1442
1632
1736
1802
1909
2039
2099
2071
1955
1762
1521
1300
1196
1221
1312
1420
1518
1664
1893
2144
2438
2711
2836
2838
2770
2848
2772
1728
-246
-2354
-3654
-3839
-3470
-2832
-2361
-2719
-3791
-4929
-5311
-4780
-3831
-2520
-975
369
1227
1480
1390
1199
1013
1222
1957
2955
3799
3985
3430
2362
1094
65
-588
-874
-862
-849
-994
-1361
-1945
-2594
-3280
-3802
-3882
-3495
-2703
-1789
-1030
-525
-355
-364
-324
-70
517
1281
2029
2655
3031
3083
2772
2208
1642
1175
863
741
716
628
275
-351
-1074
-1771
-2312
-2593
-2587
-2302
-1936
-1645
-1438
-1337
-1277
-1301
-1400
-1332
-987
-342
462
1126
1475
1355
849
316
14
78
381
666
761
492
-113
-859
-1541
-1945
-2026
-1812
-1415
-1053
-866
-902
-1071
-1174
-1058
-638
22
734
1319
1643
1706
1621
1529
1546
1701
1932
2140
2208
2101
1881
1634
1474
1442
1540
1727
1901
2051
2146
2210
2376
2566
2702
2727
2658
2563
1914
344
-1681
-3322
-3886
-3584
-2941
-2270
-2168
-2930
-4198
-5152
-5052
-4046
-2604
-1032
287
1102
1349
1203
1040
1014
1221
1766
2517
3292
3766
3586
2765
1542
367
-416
-802
-819
-673
-662
-943
-1542
-2221
-2794
-3243
-3445
-3330
-2869
-2134
-1375
-734
-325
-180
-175
-147
140
775
1580
2330
2835
3024
2894
2478
1953
1494
1157
951
831
739
570
192
-384
-1078
-1759
-2252
-2466
-2363
-2046
-1703
-1447
-1342
-1358
-1472
-1659
-1718
-1469
-835
62
885
1400
1446
1053
508
122
141
500
903
1086
871
293
-467
-1176
-1609
-1714
-1557
-1263
-985
-823
-826
-949
-1054
-1008
-713
-181
454
1017
1357
1445
1385
1314
1348
1532
1808
2069
2187
2141
1996
1838
1758
1798
1957
2151
2294
2384
2426
2495
2654
2807
2881
2815
2683
2400
1460
-257
-2224
-3639
-4057
-3779
-3180
-2632
-2659
-3419
-4531
-5209
-4908
-3785
-2246
-729
381
979
1147
1131
1192
1405
1807
2298
2750
3163
3417
3312
2701
1672
603
-237
-743
-890
-833
-821
-1107
-1732
-2432
-2969
-3240
-3258
-3114
-2809
-2371
-1853
-1284
-740
-284
11
148
309
661
1247
1942
2534
2877
2878
2571
2135
1727
1428
1213
994
714
358
-39
-434
-873
-1377
-1889
-2289
-2479
-2446
-2223
-1901
-1639
-1567
-1703
-1899
-1926
-1634
-1013
-217
530
1031
1172
1008
724
522
524
675
832
854
658
267
-243
-740
-1101
-1290
-1334
-1287
-1194
-1099
-1045
-1035
-1015
-910
-683
-345
60
466
790
1000
1132
1257
1418
1615
1816
1973
2045
2040
2007
2007
2059
2166
2300
2395
2440
2441
2425
2489
2650
2830
2925
2872
2730
2271
1079
-786
-2740
-4025
-4379
-4061
-3339
-2665
-2569
-3236
-4307
-5000
-4819
-3810
-2292
-778
336
930
1096
1119
1233
1543
2019
2434
2678
2831
2947
2959
2674
2056
1262
423
-305
-768
-922
-889
-963
-1328
-1902
-2498
-2917
-3094
-3058
-2831
-2493
-2096
-1658
-1181
-653
-172
175
398
586
884
1338
1902
2445
2787
2835
2612
2217
1813
1507
1304
1108
808
410
-21
-453
-867
-1242
-1557
-1823
-2044
-2175
-2182
-2127
-2112
-2162
-2187
-2046
-1680
-1130
-499
67
458
619
627
643
784
1032
1248
1287
1106
756
346
-6
-232
-339
-411
-534
-724
-920
-1044
-1073
-1027
-930
-792
-614
-403
-166
89
329
528
691
861
1083
1362
1654
1890
2023
2063
2063
2085
2178
2330
2490
2587
2602
2568
2533
2570
2705
2858
2922
2834
2615
2135
1127
-401
-2072
-3363
-4018
-4091
-3706
-3151
-2842
-3049
-3650
-4180
-4226
-3674
-2657
-1509
-546
91
448
704
1034
1517
2091
2520
2648
2540
2368
2261
2183
2051
1811
1401
832
221
-279
-575
-760
-998
-1371
-1849
-2298
-2610
-2731
-2652
-2441
-2180
-1939
-1724
-1464
-1117
-696
-258
130
475
805
1156
1528
1877
2166
2335
2327
2162
1918
1691
1493
1275
1007
668
264
-163
-571
-894
-1134
-1346
-1594
-1933
-2324
-2653
-2801
-2683
-2338
-1861
-1384
-1010
-756
-570
-358
-56
316
685
963
1090
1070
938
771
621
497
382
241
65
-136
-335
-505
-637
-730
-773
-761
-693
-584
-459
-344
-259
-196
-109
46
294
601
912
1173
1344
1440
1521
1645
1841
2079
2306
2462
2522
2516
2499
2524
2639
2816
2971
3011
2910
2668
2131
1118
-311
-1822
-3012
-3704
-3892
-3664
-3275
-3061
-3218
-3640
-3983
-3972
-3518
-2741
-1899
-1202
-710
-348
34
546
1221
1928
2419
2551
2393
2146
1968
1879
1850
1800
1626
1282
823
389
73
-177
-472
-887
-1405
-1915
-2303
-2491
-2464
-2295
-2088
-1941
-1866
-1786
-1621
-1325
-941
-531
-138
221
563
904
1253
1601
1898
2074
2098
2006
1864
1705
1520
1314
1069
777
443
96
-230
-566
-966
-1438
-1921
-2306
-2505
-2485
-2284
-2000
-1734
-1545
-1418
-1258
-994
-609
-168
216
476
602
645
675
737
832
901
870
719
492
267
97
-12
-83
-151
-235
-323
-384
-394
-359
-315
-301
-315
-316
-243
-65
195
478
724
898
1004
1086
1204
1398
1654
1920
2137
2279
2358
2416
2479
2582
2746
2927
3049
3055
2942
2670
2084
1070
-259
-1593
-2643
-3283
-3498
-3367
-3115
-3009
-3171
-3473
-3662
-3565
-3163
-2580
-1992
-1514
-1143
-776
-292
363
1138
1846
2270
2336
2157
1930
1785
1750
1784
1804
1708
1454
1101
762
495
241
-85
-532
-1059
-1571
-1964
-2163
-2173
-2058
-1918
-1835
-1808
-1770
-1652
-1424
-1122
-795
-472
-161
155
489
859
1250
1599
1837
1931
1909
1818
1686
1528
1359
1172
951
686
395
80
-300
-768
-1290
-1771
-2113
-2260
-2218
-2047
-1843
-1678
-1571
-1469
-1297
-1020
-663
-303
-17
167
275
369
492
649
804
889
855
707
507
333
221
161
124
76
6
-77
-145
-170
-160
-153
-178
-223
-238
-182
-41
167
398
596
733
824
923
1071
1284
1537
1784
1992
2149
2273
2388
2524
2698
2897
3064
3143
3096
2873
2355
1441
209
-1092
-2191
-2935
-3289
-3306
-3157
-3062
-3152
-3370
-3540
-3517
-3254
-2814
-2333
-1907
-1545
-1170
-680
-30
742
1482
1994
2171
2079
1880
1725
1669
1706
1765
1744
1582
1297
981
700
438
127
-285
-791
-1326
-1788
-2090
-2196
-2141
-2011
-1895
-1833
-1801
-1732
-1580
-1349
-1070
-767
-453
-130
211
584
986
1368
1662
1826
1873
1834
1733
1594
1438
1268
1066
814
522
195
-191
-646
-1134
-1581
-1909
-2082
-2099
-1999
-1850
-1714
-1606
-1496
-1322
-1065
-743
-424
-165
11
131
246
394
577
752
855
839
713
538
387
295
256
232
192
128
45
-32
-74
-82
-85
-105
-142
-158
-119
-11
161
361
548
698
819
944
1105
1315
1556
1792
1987
2147
2292
2438
2603
2800
3013
3187
3273
3233
3001
2436
1453
159
-1175
-2271
-2982
-3280
-3251
-3095
-3036
-3181
-3431
-3587
-3510
-3186
-2714
-2229
-1823
-1489
-1124
-622
69
884
1650
2165
2332
2224
2004
1820
1738
1752
1795
1770
1613
1340
1029
738
448
104
-338
-859
-1389
-1835
-2116
-2201
-2132
-1989
-1860
-1783
-1733
-1650
-1488
-1256
-973
-666
-346
-16
332
714
1128
1517
1812
1969
1999
1936
1811
1653
1482
1296
1071
775
401
-38
-513
-974
-1363
-1644
-1813
-1890
-1905
-1884
-1837
-1748
-1593
-1361
-1066
-751
-466
-237
-61
89
251
438
633
795
881
872
781
641
503
399
334
288
235
162
73
-24
-103
-158
-188
-199
-195
-168
-110
-8
135
303
471
622
767
928
1120
1342
1579
1809
2011
2190
2357
2522
2684
2853
3022
3166
3262
3286
3163
2723
1820
499
-976
-2267
-3145
-3531
-3491
-3245
-3077
-3167
-3460
-3726
-3744
-3439
-2894
-2289
-1771
-1383
-1036
-593
48
869
1706
2324
2572
2473
2194
1919
1751
1705
1726
1708
1568
1294
952
614
285
-81
-531
-1054
-1583
-2033
-2326
-2425
-2350
-2175
-1995
-1862
-1766
-1650
-1472
-1225
-931
-611
-277
68
432
822
1229
1614
1914
2070
2072
1960
1785
1580
1364
1137
879
548
110
-405
-928
-1381
-1714
-1914
-2002
-2018
-2005
-1980
-1919
-1783
-1548
-1222
-853
-499
-208
5
161
299
460
645
822
940
961
880
729
551
388
268
186
122
47
-49
-157
-255
-335
-390
-409
-383
-317
-217
-87
71
245
430
628
848
1093
1347
1593
1825
2038
2240
2437
2624
2792
2947
3101
3257
3398
3496
3460
3094
2209
809
-831
-2315
-3343
-3791
-3724
-3377
-3089
-3107
-3414
-3768
-3895
-3662
-3126
-2457
-1833
-1333
-903
-405
270
1121
1990
2632
2867
2701
2318
1935
1681
1583
1578
1544
1369
1033
613
202
-179
-577
-1038
-1550
-2044
-2424
-2599
-2531
-2267
-1918
-1607
-1399
-1267
-1131
-920
-616
-258
103
432
725
997
1277
1575
1849
2010
1983
1768
1440
1084
750
464
214
-37
-330
-664
-993
-1265
-1472
-1624
-1737
-1810
-1825
-1759
-1586
-1308
-962
-609
-290
-24
202
403
587
735
828
860
837
770
674
558
422
250
36
-201
-423
-590
-688
-722
-710
-672
-612
-528
-410
-245
-43
175
383
576
763
955
1160
1378
1598
1798
1961
2084
2182
2282
2404
2543
2666
2754
2821
2886
2954
3013
3015
2800
2130
873
-806
-2496
-3768
-4384
-4325
-3788
-3142
-2746
-2756
-3007
-3176
-3009
-2463
-1684
-900
-268
197
607
1102
1741
2436
2968
3110
2794
2158
1449
860
459
215
32
-197
-529
-923
-1295
-1605
-1887
-2190
-2507
-2760
-2846
-2682
-2250
-1626
-948
-362
56
322
528
758
1034
1319
1554
1713
1802
1840
1843
1814
1727
1532
1197
747
264
-172
-532
-825
-1071
-1289
-1488
-1679
-1862
-2017
-2105
-2082
-1919
-1613
-1202
-732
-272
116
403
612
784
935
1038
1058
972
792
552
313
119
-21
-152
-333
-584
-876
-1149
-1331
-1381
-1302
-1139
-944
-757
-589
-427
-247
-31
208
458
706
957
1206
1440
1650
1828
1966
2056
2109
2143
2176
2221
2281
2344
2394
2425
2466
2531
2614
2673
2636
2341
1568
223
-1490
-3120
-4231
-4602
-4272
-3490
-2655
-2140
-2066
-2239
-2309
-2036
-1410
-599
170
744
1122
1424
1772
2188
2556
2665
2357
1640
721
-131
-743
-1099
-1282
-1410
-1591
-1863
-2163
-2386
-2490
-2511
-2502
-2445
-2279
-1941
-1408
-719
23
687
1159
1411
1503
1536
1588
1666
1724
1716
1635
1497
1311
1086
821
511
142
-279
-697
-1022
-1204
-1254
-1227
-1179
-1140
-1122
-1124
-1140
-1145
-1104
-977
-736
-393
6
387
668
800
786
685
581
518
480
407
248
-2
-299
-572
-760
-854
-901
-964
-1077
-1212
-1303
-1279
-1115
-838
-511
-205
39
214
351
486
645
822
998
1160
1301
1407
1469
1485
1471
1450
1441
1464
1522
1616
1735
1876
2026
2161
2291
2443
2625
2798
2914
2907
2627
1842
458
-1280
-2879
-3894
-4143
-3706
-2867
-2045
-1616
-1681
-1986
-2141
-1893
-1246
-397
407
1002
1374
1618
1839
2056
2175
2036
1532
725
-152
-850
-1268
-1453
-1524
-1596
-1751
-1994
-2240
-2374
-2365
-2257
-2097
-1864
-1513
-1016
-401
253
838
1252
1460
1497
1457
1433
1458
1502
1497
1405
1238
1026
777
497
193
-126
-456
-764
-980
-1052
-994
-884
-791
-744
-721
-680
-602
-506
-434
-415
-415
-366
-205
74
401
650
721
593
347
115
-7
-9
22
-21
-200
-486
-784
-994
-1074
-1057
-1005
-977
-975
-955
-856
-649
-364
-59
210
419
573
703
830
949
1040
1093
1120
1137
1151
1151
1138
1118
1099
1110
1184
1322
1508
1722
1938
2125
2284
2460
2702
2978
3208
3301
3118
2417
1035
-835
-2641
-3823
-4144
-3715
-2859
-2006
-1569
-1698
-2137
-2418
-2217
-1525
-565
383
1118
1575
1824
1975
2075
2066
1828
1274
468
-378
-1037
-1428
-1628
-1764
-1914
-2116
-2362
-2583
-2676
-2598
-2392
-2100
-1705
-1165
-504
192
807
1249
1481
1533
1490
1452
1468
1520
1537
1446
1229
935
618
297
-42
-394
-721
-979
-1134
-1155
-1044
-866
-715
-651
-642
-616
-546
-469
-427
-414
-370
-236
2
296
543
634
509
227
-68
-229
-206
-70
44
14
-202
-543
-885
-1110
-1164
-1089
-973
-882
-830
-784
-708
-574
-382
-148
91
313
492
622
703
756
813
888
983
1087
1163
1166
1079
946
835
813
913
1122
1375
1598
1772
1935
2114
2293
2474
2684
2903
3066
3135
3062
2649
1604
-112
-2050
-3532
-4144
-3894
-3077
-2121
-1498
-1493
-1957
-2395
-2366
-1770
-798
260
1152
1740
2027
2112
2073
1902
1552
993
280
-440
-1004
-1353
-1577
-1806
-2081
-2368
-2622
-2793
-2816
-2648
-2319
-1888
-1368
-745
-59
590
1104
1440
1607
1656
1655
1659
1680
1680
1601
1409
1107
735
347
-33
-406
-746
-1006
-1148
-1161
-1058
-883
-704
-594
-562
-557
-535
-504
-484
-447
-321
-85
196
423
515
443
230
-47
-260
-314
-222
-88
-25
-83
-255
-498
-746
-929
-999
-966
-873
-759
-655
-568
-503
-442
-351
-199
14
254
465
605
658
657
656
706
817
949
1049
1071
1006
893
806
801
896
1074
1306
1533
1710
1851
2005
2196
2402
2618
2867
3110
3255
3244
3024
2412
1162
-656
-2503
-3719
-4016
-3558
-2718
-1912
-1527
-1714
-2217
-2539
-2329
-1582
-521
590
1506
2065
2244
2137
1852
1447
961
430
-107
-602
-1007
-1328
-1645
-2004
-2369
-2665
-2857
-2916
-2797
-2475
-1994
-1425
-809
-177
401
857
1175
1391
1538
1638
1706
1748
1743
1654
1452
1144
755
327
-81
-434
-710
-903
-1008
-1033
-989
-893
-774
-686
-674
-743
-820
-805
-635
-328
26
318
458
408
210
-28
-199
-260
-242
-206
-205
-272
-408
-579
-734
-833
-874
-871
-835
-770
-691
-611
-540
-477
-415
-343
-251
-124
28
185
325
435
511
551
579
622
691
767
812
817
791
745
704
712
797
946
1117
1290
1457
1614
1777
1987
2253
2523
2763
2973
3123
3147
3015
2726
2140
1013
-650
-2370
-3523
-3832
-3462
-2760
-2074
-1726
-1855
-2244
-2459
-2209
-1502
-518
537
1440
1985
2116
1927
1553
1080
584
133
-255
-614
-967
-1322
-1702
-2108
-2484
-2743
-2844
-2781
-2537
-2118
-1577
-1001
-443
73
520
877
1153
1374
1549
1664
1720
1720
1648
1472
1190
831
438
57
-270
-519
-679
-771
-817
-828
-798
-734
-661
-593
-511
-404
-311
-295
-363
-427
-389
-217
35
261
352
263
26
-256
-480
-580
-557
-470
-405
-423
-532
-701
-880
-1007
-1027
-921
-724
-503
-326
-223
-187
-180
-145
-38
146
367
572
714
766
735
665
620
641
715
809
883
914
884
815
772
809
930
1114
1347
1600
1824
1998
2158
2327
2492
2662
2872
3090
3196
3100
2743
1974
629
-1132
-2724
-3568
-3554
-2999
-2295
-1753
-1616
-1910
-2333
-2461
-2095
-1312
-278
799
1640
2012
1916
1540
1067
592
197
-78
-297
-567
-919
-1315
-1729
-2145
-2491
-2679
-2675
-2490
-2138
-1642
-1084
-558
-111
275
613
910
1173
1409
1600
1716
1741
1683
1533
1283
951
597
266
-25
-272
-457
-577
-661
-727
-749
-712
-649
-594
-521
-408
-310
-307
-387
-444
-388
-215
10
193
247
142
-58
-249
-365
-399
-373
-333
-332
-414
-560
-723
-856
-922
-903
-802
-662
-534
-448
-396
-360
-314
-228
-85
106
315
499
633
706
729
721
723
767
848
928
967
961
925
881
861
889
966
1082
1237
1425
1613
1780
1934
2096
2269
2463
2700
2943
3090
3047
2729
1981
686
-950
-2373
-3089
-3044
-2553
-1986
-1623
-1652
-2030
-2438
-2520
-2147
-1390
-390
636
1382
1644
1486
1127
724
361
107
-40
-190
-452
-808
-1201
-1617
-2042
-2387
-2557
-2541
-2360
-2029
-1577
-1092
-660
-292
43
348
616
872
1131
1364
1527
1603
1588
1459
1213
900
583
299
54
-143
-283
-388
-488
-585
-658
-704
-734
-727
-646
-500
-376
-353
-412
-473
-463
-359
-183
-5
95
85
-2
-110
-211
-287
-319
-314
-316
-369
-469
-590
-716
-818
-865
-841
-772
-690
-608
-530
-462
-398
-325
-220
-76
98
289
465
599
677
710
726
762
838
943
1034
1082
1079
1039
990
971
1002
1072
1159
1256
1359
1448
1525
1622
1763
1927
2082
2222
2348
2414
2364
2136
1633
779
-321
-1322
-1886
-1939
-1673
-1335
-1112
-1122
-1363
-1682
-1859
-1801
-1529
-1083
-527
-4
327
443
415
285
52
-223
-436
-553
-610
-628
-608
-607
-703
-894
-1100
-1263
-1362
-1349
-1183
-899
-602
-350
-144
9
92
137
200
294
398
512
645
765
811
767
668
537
386
246
156
120
106
98
100
104
86
44
-2
-40
-74
-96
-101
-111
-161
-248
-331
-371
-370
-354
-346
-351
-359
-352
-315
-256
-202
-173
-158
-143
-133
-140
-174
-228
-283
-324
-335
-326
-323
-344
-382
-409
-408
-373
-310
-229
-142
-59
9
64
113
172
249
342
439
520
565
574
566
562
574
597
629
665
691
705
721
745
776
811
855
914
987
1075
1174
1274
1353
1385
1343
1210
1006
792
644
598
628
651
576
364
56
-250
-473
-586
-625
-639
-662
-705
-752
-793
-841
-923
-1031
-1119
-1146
-1105
-1011
-900
-810
-769
-769
-781
-787
-785
-765
-712
-630
-548
-485
-449
-434
-426
-413
-378
-332
-294
-265
-223
-162
-90
-23
35
82
120
155
198
247
290
318
343
374
398
404
388
354
303
244
187
132
70
5
-44
-63
-61
-62
-74
-101
-139
-176
-191
-182
-162
-147
-131
-109
-94
-103
-139
-186
-232
-266
-273
-257
-240
-240
-254
-271
-287
-298
-298
-283
-257
-222
-179
-128
-72
-20
30
79
119
150
174
209
256
312
377
446
515
581
645
716
786
843
895
952
1021
1098
1182
1260
1293
1233
1070
861
689
612
628
678
662
504
222
-77
-284
-373
-394
-409
-456
-540
-632
-688
-706
-730
-790
-867
-918
-926
-906
-862
-805
-755
-724
-708
-704
-720
-750
-757
-715
-642
-573
-524
-493
-472
-452
-418
-375
-340
-315
-280
-217
-131
-47
17
63
90
109
133
170
210
246
277
305
326
336
338
336
321
277
208
131
67
35
38
59
57
8
-72
-141
-171
-159
-120
-82
-66
-72
-78
-70
-53
-40
-41
-53
-72
-96
-117
-133
-145
-159
-173
-185
-195
-209
-219
-219
-212
-201
-184
-155
-109
-52
9
69
118
148
169
198
245
307
380
455
523
579
624
668
715
769
829
894
955
1008
1060
1116
1174
1217
1201
1096
915
722
599
580
632
666
588
370
84
-163
-303
-347
-357
-388
-458
-543
-606
-634
-658
-704
-776
-839
-867
-858
-825
-782
-743
-711
-692
-687
-701
-727
-735
-703
-635
-560
-504
-471
-446
-412
-362
-308
-266
-243
-221
-177
-104
-22
51
103
135
157
178
205
232
260
287
313
342
359
361
346
313
266
212
158
114
77
46
14
-22
-60
-90
-110
-122
-128
-132
-136
-131
-111
-79
-42
-7
15
20
8
-17
-48
-78
-101
-119
-131
-147
-171
-195
-215
-235
-253
-266
-269
-256
-226
-180
-124
-66
-13
36
83
124
159
195
239
299
368
436
492
533
565
600
639
687
746
805
864
916
969
1025
1083
1138
1158
1103
958
757
585
502
518
571
562
423
168
-108
-308
-398
-415
-424
-462
-532
-605
-655
-685
-724
-790
-857
-897
-900
-878
-843
-801
-764
-736
-725
-733
-759
-781
-769
-710
-629
-559
-517
-491
-462
-419
-365
-316
-280
-254
-213
-145
-65
2
47
77
105
134
170
202
223
232
244
265
288
300
293
266
225
177
134
100
72
43
10
-21
-51
-76
-91
-98
-103
-109
-117
-115
-104
-86
-64
-40
-18
-6
-8
-24
-50
-83
-114
-132
-138
-145
-156
-172
-192
-218
-243
-259
-261
-248
-217
-174
-123
-73
-28
16
60
100
136
174
221
280
348
419
483
535
580
627
677
731
786
844
902
956
1003
1045
1088
1132
1169
1169
1094
939
742
583
516
533
566
525
361
103
-157
-332
-405
-422
-437
-480
-549
-614
-655
-683
-724
-782
-837
-863
-853
-819
-774
-728
-691
-671
-667
-680
-703
-712
-682
-613
-534
-473
-438
-414
-385
-343
-289
-242
-211
-178
-130
-61
18
77
119
147
174
203
231
258
282
304
326
344
346
330
308
292
274
241
180
100
29
-11
-8
12
16
-20
-85
-145
-172
-164
-133
-98
-75
-65
-58
-50
-45
-50
-61
-76
-90
-107
-121
-130
-135
-140
-151
-168
-196
-223
-236
-230
-207
-184
-163
-142
-109
-65
-11
47
94
130
159
196
244
306
379
453
519
573
613
649
687
731
779
837
898
956
1001
1032
1052
1072
1102
1130
1115
1018
839
638
492
449
486
510
432
219
-67
-314
-451
-486
-481
-495
-547
-620
-682
-719
-752
-800
-857
-892
-888
-851
-803
-757
-719
-692
-674
-671
-686
-707
-707
-660
-579
-501
-454
-440
-431
-410
-370
-320
-282
-256
-225
-170
-92
-18
37
70
95
120
147
177
202
222
241
261
276
278
269
256
239
211
155
85
22
-12
-10
5
7
-28
-88
-144
-172
-170
-160
-154
-148
-139
-128
-113
-108
-119
-144
-171
-188
-202
-217
-224
-218
-204
-195
-203
-227
-255
-271
-262
-234
-208
-193
-183
-161
-124
-75
-29
10
41
70
105
145
189
243
306
379
448
495
522
544
577
627
687
742
790
833
873
908
932
943
956
985
1016
1002
900
716
517
389
377
439
475
387
160
-120
-340
-444
-453
-439
-456
-517
-595
-657
-696
-736
-789
-839
-858
-845
-811
-774
-736
-699
-666
-640
-632
-648
-668
-657
-600
-522
-458
-425
-415
-402
-371
-325
-284
-261
-247
-221
-169
-100
-37
8
39
67
98
128
150
160
167
183
207
230
242
243
235
223
200
162
114
67
41
43
59
69
52
16
-25
-57
-73
-77
-75
-72
-67
-62
-56
-56
-67
-85
-103
-119
-129
-134
-131
-123
-116
-115
-122
-136
-147
-152
-144
-129
-119
-115
-111
-97
-69
-30
13
49
76
98
122
151
187
234
288
350
408
453
485
509
536
577
632
687
731
768
802
832
855
869
881
904
946
982
961
847
655
463
361
378
459
496
397
165
-103
-301
-381
-378
-365
-390
-457
-534
-589
-629
-674
-733
-785
-804
-789
-754
-719
-685
-652
-622
-601
-600
-620
-638
-621
-563
-487
-430
-405
-399
-385
-350
-303
-264
-244
-235
-208
-154
-84
-23
18
44
66
92
116
136
148
159
175
195
207
204
192
184
182
172
146
97
37
-8
-23
-7
16
20
-3
-43
-87
-124
-142
-145
-139
-128
-114
-98
-89
-90
-101
-116
-129
-141
-138
-125
-107
-94
-91
-99
-115
-130
-138
-137
-134
-136
-141
-141
-131
-109
-77
-39
-5
23
45
64
85
111
151
208
274
338
385
412
426
442
475
526
581
626
660
690
717
742
760
774
792
827
875
897
841
693
503
356
316
373
444
426
268
15
-222
-365
-409
-407
-416
-461
-529
-589
-632
-670
-720
-777
-810
-810
-787
-759
-732
-700
-664
-630
-613
-623
-648
-659
-625
-556
-484
-439
-420
-404
-374
-325
-274
-237
-219
-201
-162
-100
-36
16
53
81
104
123
136
146
152
164
182
195
197
186
173
170
170
154
119
71
22
-6
-4
15
28
17
-13
-53
-89
-114
-123
-115
-104
-90
-75
-59
-50
-51
-53
-58
-68
-75
-72
-61
-48
-45
-52
-70
-91
-112
-125
-129
-130
-130
-125
-115
-104
-89
-68
-41
-13
16
45
76
113
154
202
255
308
351
386
417
443
473
515
568
620
661
690
714
738
761
783
803
826
860
908
943
914
796
618
457
381
402
467
474
358
137
-100
-265
-333
-342
-348
-382
-442
-502
-546
-584
-633
-690
-731
-737
-718
-694
-674
-657
-636
-608
-586
-581
-598
-612
-594
-537
-469
-417
-390
-370
-341
-293
-239
-200
-180
-163
-128
-70
-4
49
82
103
123
140
155
162
168
176
192
212
222
214
197
185
181
177
159
129
95
66
54
55
53
37
10
-16
-33
-48
-56
-60
-58
-56
-48
-33
-20
-14
-13
-17
-22
-31
-40
-43
-42
-46
-54
-65
-79
-97
-114
-128
-140
-150
-157
-154
-144
-131
-111
-87
-60
-33
-10
15
45
80
125
175
228
276
317
356
389
416
440
468
508
557
606
647
678
699
710
722
732
748
772
810
844
838
760
616
455
343
316
352
387
341
194
-6
-184
-290
-332
-348
-370
-414
-469
-516
-555
-598
-653
-704
-735
-742
-732
-724
-714
-700
-679
-659
-648
-655
-668
-663
-624
-567
-512
-475
-449
-417
-373
-322
-270
-233
-204
-175
-131
-78
-30
10
43
70
90
104
112
119
128
143
160
169
167
157
150
148
141
126
104
80
60
45
38
30
17
4
-5
-11
-23
-40
-58
-70
-74
-67
-56
-47
-46
-51
-57
-65
-79
-90
-96
-97
-97
-101
-113
-131
-151
-166
-174
-175
-176
-180
-181
-175
-163
-150
-130
-105
-79
-51
-20
13
46
81
120
167
212
254
291
322
353
385
418
453
490
527
567
603
631
649
661
673
686
698
712
729
753
779
791
762
673
544
421
345
332
351
345
273
132
-34
-174
-263
-312
-346
-384
-433
-483
-528
-570
-614
-660
-700
-725
-738
-743
-742
-728
-703
-672
-649
-641
-642
-641
-619
-570
-510
-457
-417
-381
-338
-286
-232
-185
-150
-118
-84
-38
12
57
94
125
154
180
201
212
220
223
227
228
226
219
216
223
234
238
220
184
141
105
90
91
99
103
96
78
51
19
-10
-31
-39
-38
-32
-27
-29
-40
-53
-67
-80
-93
-107
-114
-116
-117
-121
-132
-145
-161
-174
-178
-180
-181
-179
-175
-164
-149
-131
-110
-86
-59
-31
-3
25
55
90
132
180
228
272
309
341
369
398
425
456
485
514
543
571
600
628
650
669
682
689
693
698
704
713
727
740
739
708
638
536
425
338
290
273
253
199
97
-37
-167
-270
-340
-387
-431
-477
-523
-566
-605
-645
-687
-725
-754
-768
-767
-757
-743
-723
-699
-677
-662
-653
-641
-622
-584
-536
-487
-439
-398
-356
-309
-258
-213
-175
-140
-106
-65
-21
21
59
91
120
144
164
181
194
201
206
209
208
209
210
214
215
211
193
167
135
110
95
87
81
70
50
25
-4
-34
-62
-83
-97
-107
-117
-126
-137
-150
-161
-172
-186
-196
-207
-211
-212
-213
-217
-225
-236
-246
-250
-248
-242
-237
-231
-224
-215
-202
-182
-157
-126
-93
-61
-30
-2
27
59
97
140
185
228
266
298
327
356
386
416
447
477
505
532
554
578
601
623
640
651
655
654
649
644
639
634
626
615
598
570
525
462
388
316
253
206
166
121
62
-15
-105
-194
-274
-338
-388
-429
-469
-508
-551
-591
-628
-657
-678
-691
-697
-698
-692
-680
-662
-641
-616
-592
-568
-541
-511
-478
-440
-402
-362
-319
-275
-230
-185
-143
-102
-64
-27
9
49
90
132
170
203
230
250
265
278
287
296
303
310
315
315
304
286
261
235
215
202
192
176
151
117
80
47
21
1
-18
-39
-64
-90
-115
-136
-152
-164
-177
-186
-196
-206
-211
-214
-212
-210
-206
-201
-198
-190
-181
-171
-159
-149
-140
-130
-117
-98
-78
-53
-28
-1
27
55
83
112
145
180
219
261
301
338
371
401
428
454
482
508
531
550
562
568
572
575
580
585
591
594
590
582
568
554
540
527
516
503
486
461
432
391
342
290
237
187
141
96
47
-6
-65
-127
-189
-247
-297
-340
-380
-413
-446
-474
-503
-529
-549
-568
-577
-580
-579
-573
-565
-554
-540
-520
-497
-472
-444
-413
-380
-349
-315
-280
-243
-205
-164
-124
-87
-53
-21
8
37
64
93
120
146
168
186
198
206
212
217
220
219
211
199
185
172
161
150
135
112
82
51
22
-3
-23
-39
-58
-77
-99
-124
-147
-167
-183
-194
-201
-207
-213
-217
-222
-225
-228
-230
-230
-228
-223
-215
-206
-196
-190
-181
-171
-161
-146
-130
-112
-93
-73
-54
-35
-14
9
32
60
86
111
136
158
179
202
226
249
270
291
307
322
335
349
359
368
373
375
376
376
375
374
370
364
357
345
334
326
317
309
300
287
268
250
229
210
191
170
144
114
78
41
9
-21
-49
-79
-113
-149
-186
-220
-250
-274
-293
-312
-330
-345
-360
-370
-377
-384
-384
-385
-385
-382
-375
-367
-354
-339
-324
-308
-293
-274
-254
-231
-207
-182
-157
-132
-110
-90
-69
-52
-34
-18
-2
13
26
36
44
49
51
55
57
60
59
57
53
49
43
39
36
30
24
13
1
-10
-20
-28
-34
-42
-52
-64
-75
-85
-92
-95
-98
-101
-104
-105
-107
-109
-104
-101
-95
-86
-78
-71
-63
-55
-48
-39
-30
-22
-13
-1
7
17
24
30
38
45
54
65
77
88
100
111
120
130
138
149
160
170
182
194
204
213
219
227
234
241
247
250
252
251
251
250
251
251
250
245
236
227
216
208
203
198
194
187
178
168
156
145
137
131
125
118
108
98
84
71
59
48
39
29
16
4
-10
-23
-35
-46
-56
-64
-71
-81
-92
-101
-111
-118
-124
-129
-134
-141
-146
-154
-160
-165
-168
-172
-172
-174
-177
-179
-181
-180
-178
-176
-172
-169
-167
-165
-161
-159
-152
-146
-141
-137
-133
-132
-129
-125
-118
-110
-104
-101
-98
-95
-93
-88
-83
-76
-71
-67
-63
-61
-58
-56
-54
-51
-51
-51
-50
-49
-48
-46
-46
-44
-43
-42
-40
-36
-32
-28
-25
-23
-22
-20
-16
-13
-9
-7
-7
-7
-7
-7
-7
-5
-3
-1
1
1
1
2
2
4
7
10
12
14
17
20
23
26
31
34
41
45
51
55
61
66
75
82
90
98
104
109
114
119
124
131
137
143
146
149
150
150
153
156
158
158
158
154
151
147
144
141
138
134
127
121
113
104
94
85
76
65
57
44
33
20
7
-5
-18
-30
-44
-57
-71
-83
-96
-108
-118
-129
-140
-151
-161
-172
-181
-187
-194
-199
-204
-210
-215
-218
-220
-221
-222
-222
-222
-220
-219
-217
-211
-206
-199
-193
-188
-183
-177
-167
-157
-146
-133
-124
-114
-106
-98
-89
-78
-65
-54
-45
-36
-30
-24
-19
-12
-4
3
10
10
13
14
14
16
17
19
21
20
19
17
16
14
14
14
13
12
12
10
10
9
9
10
11
13
14
16
18
19
20
23
25
28
32
36
38
41
45
48
52
57
61
65
69
73
78
82
87
92
97
102
108
113
120
126
132
138
143
148
153
159
164
169
173
176
177
177
177
177
179
179
178
177
172
168
163
159
155
150
145
140
133
125
117
109
102
94
84
75
66
56
47
39
30
22
13
3
-5
-13
-19
-25
-30
-37
-40
-47
-52
-55
-58
-61
-62
-65
-67
-69
-71
-73
-72
-73
-74
-75
-76
-77
-80
-80
-83
-84
-85
-87
-89
-91
-94
-96
-98
-99
-102
-102
-103
-103
-103
-103
-101
-100
-99
-96
-93
-91
-86
-81
-78
-74
-71
-69
-64
-60
-56
-51
-47
-44
-41
-38
-36
-34
-32
-30
-27
-26
-24
-22
-20
-18
-17
-16
-15
-12
-11
-9
-6
-4
-2
0
2
4
8
12
14
17
19
21
23
26
29
33
36
39
39
42
45
46
49
52
54
56
57
57
60
61
63
65
64
65
65
64
64
66
64
63
60
58
57
53
51
49
44
41
37
33
28
25
20
15
11
8
3
0
-4
-7
-11
-13
-16
-19
-22
-25
-26
-28
-27
-28
-28
-28
-29
-29
-28
-27
-25
-24
-22
-21
-19
-17
-16
-13
-11
-9
-8
-5
-4
-3
-2
-2
-1
1
1
2
3
2
2
1
-1
-2
-2
-4
-5
-7
-10
-14
-17
-20
-23
-27
-30
-33
-36
-41
-44
-49
-51
-54
-58
-60
-63
-64
-66
-66
-68
-69
-69
-68
-69
-68
-66
-64
-63
-59
-56
-52
-48
-43
-39
-33
-29
-23
-17
-12
-4
2
7
12
18
23
28
32
37
42
46
50
55
57
59
63
65
67
69
71
73
74
75
76
77
77
78
79
78
80
79
78
78
77
76
76
74
73
72
70
70
67
66
64
62
59
57
56
53
51
50
47
45
44
42
40
40
39
37
36
36
36
35
35
33
33
34
35
34
34
34
35
35
34
35
35
35
36
37
36
37
36
35
36
35
34
34
33
32
32
29
26
25
23
21
20
18
16
14
11
9
7
5
2
1
1
-3
-5
-8
-8
-10
-12
-14
-16
-16
-18
-20
-19
-22
-23
-24
-24
-26
-26
-27
-28
-29
-30
-30
-30
-32
-32
-32
-33
-34
-35
-35
-36
-36
-37
-36
-38
-39
-38
-39
-40
-40
-40
-40
-39
-39
-40
-39
-40
-41
-41
-40
-38
-38
-37
-38
-36
-36
-36
-34
-34
-32
-32
-30
-30
-30
-29
-31
-30
-29
-28
-29
-29
-29
-28
-29
-30
-29
-29
-28
-27
-28
-28
-28
-27
-26
-27
-26
-25
-25
-24
-24
-24
-23
-23
-22
-21
-20
-20
-20
-19
-18
-19
-19
-18
-18
-19
-18
-18
-19
-19
-19
-20
-19
-20
-19
-20
-21
-20
-20
-21
-20
-20
-20
-20
-20
-19
-20
-20
-20
-19
-20
-19
-18
-19
-18
-18
-19
-20
-19
-18
-19
-20
-20
-21
-21
-22
-22
-22
-24
-23
-23
-22
-22
-21
-20
-18
-15
-13
-10
-6
-2
1
4
8
13
19
23
26
32
36
40
44
46
49
52
54
54
56
56
55
56
55
52
50
49
46
43
39
36
32
28
24
20
15
11
6
2
-2
-5
-10
-13
-17
-20
-21
-24
-26
-28
-30
-31
-33
-35
-35
-37
-38
-39
-42
-42
-44
-46
-46
-50
-51
-53
-54
-56
-59
-61
-62
-63
-65
-64
-65
-66
-65
-65
-63
-61
-59
-56
-53
-49
-45
-41
-37
-32
-26
-21
-16
-10
-5
0
6
11
17
21
27
33
37
41
46
49
53
57
60
63
64
64
67
68
68
70
70
71
70
70
69
70
69
67
67
64
62
58
56
52
50
46
42
39
35
32
29
28
25
24
25
24
25
26
28
29
32
33
34
36
34
31
28
23
16
7
-4
-17
-29
-45
-60
-78
-95
-114
-131
-148
-163
-179
-191
-202
-211
-216
-219
-221
-217
-212
-204
-192
-179
-163
-145
-125
-105
-84
-62
-40
-20
-1
18
35
53
67
81
94
108
120
134
148
161
175
190
202
214
224
232
237
236
231
221
203
181
153
117
78
36
-9
-54
-97
-135
-167
-193
-207
-209
-199
-176
-142
-93
-34
34
108
187
265
340
410
472
522
560
583
592
584
562
526
476
415
345
270
189
108
29
-48
-118
-182
-237
-284
-319
-346
-362
-369
-367
-359
-345
-327
-305
-281
-259
-234
-214
-193
-176
-161
-149
-140
-133
-126
-121
-116
-110
-103
-95
-83
-70
-56
-40
-22
-3
17
36
54
71
85
95
102
106
104
99
89
75
57
36
11
-13
-41
-69
-96
-124
-148
-172
-194
-213
-229
-243
-255
-265
-272
-277
-279
-280
-278
-276
-270
-264
-256
-246
-237
-227
-218
-209
-202
-198
-197
-198
-200
-203
-206
-204
-199
-189
-173
-148
-117
-80
-41
0
40
76
103
118
119
106
79
37
-13
-68
-124
-174
-213
-237
-242
-225
-186
-123
-42
55
162
275
386
492
582
657
714
746
758
749
721
677
622
557
490
422
357
300
252
216
192
180
180
192
210
233
262
289
314
335
348
353
348
334
312
281
245
205
166
126
92
63
40
24
15
13
16
23
33
46
59
72
86
99
114
129
147
170
193
220
250
281
312
342
367
387
399
403
399
384
360
325
283
233
175
114
46
-22
-89
-158
-224
-288
-346
-399
-449
-491
-527
-556
-580
-596
-607
-615
-616
-615
-611
-605
-596
-587
-575
-563
-550
-537
-525
-514
-505
-499
-494
-491
-490
-491
-491
-492
-494
-494
-490
-486
-478
-465
-452
-435
-417
-399
-381
-361
-343
-326
-309
-292
-275
-257
-238
-214
-190
-163
-133
-102
-71
-41
-16
5
20
28
29
22
13
1
-13
-25
-29
-26
-14
8
40
80
130
182
236
290
342
389
435
477
519
561
603
648
692
735
773
804
823
826
814
784
738
679
609
532
451
369
292
217
147
85
31
-14
-50
-74
-86
-84
-68
-39
1
51
110
171
234
293
348
393
426
448
456
453
436
407
372
330
282
234
188
143
104
70
43
21
7
-6
-14
-23
-35
-50
-73
-104
-147
-201
-268
-344
-429
-518
-606
-690
-764
-825
-868
-893
-900
-885
-857
-817
-765
-708
-646
-586
-526
-470
-416
-368
-324
-285
-251
-224
-201
-185
-172
-160
-149
-135
-116
-88
-50
-2
57
126
199
274
344
406
454
486
498
492
466
426
371
307
240
171
104
42
-14
-61
-100
-131
-154
-165
-170
-166
-156
-138
-113
-85
-51
-16
18
52
85
114
140
162
179
192
204
211
219
225
231
236
241
244
244
243
239
232
222
211
202
194
189
190
197
207
221
234
242
238
222
189
137
68
-16
-109
-205
-295
-374
-436
-475
-493
-493
-474
-444
-404
-360
-314
-264
-209
-152
-86
-14
63
144
222
293
350
388
408
401
375
332
274
210
143
82
27
-16
-50
-71
-82
-85
-79
-66
-51
-30
-9
14
36
58
77
96
112
126
137
148
157
163
166
165
160
154
142
128
113
96
81
66
53
39
25
8
-10
-30
-54
-76
-100
-120
-138
-154
-165
-172
-179
-182
-182
-182
-178
-173
-165
-151
-135
-116
-92
-66
-39
-13
13
39
64
88
111
131
150
167
179
187
188
185
177
164
146
123
100
78
59
48
47
61
90
139
202
276
354
425
482
515
521
495
444
373
294
218
157
118
104
115
140
178
216
246
264
264
249
220
181
136
88
41
-1
-32
-53
-59
-47
-23
17
62
104
135
142
116
55
-41
-169
-313
-464
-608
-732
-827
-887
-917
-918
-894
-853
-801
-741
-675
-606
-533
-455
-378
-298
-220
-145
-71
0
68
136
207
278
347
415
477
533
576
606
622
622
612
594
568
539
510
480
453
427
403
380
359
337
317
297
278
260
247
234
226
226
229
240
256
275
297
318
336
347
349
338
316
277
225
159
81
-6
-99
-194
-286
-370
-441
-498
-535
-553
-552
-536
-507
-468
-426
-386
-352
-326
-313
-313
-325
-350
-382
-421
-464
-505
-542
-574
-598
-615
-622
-624
-618
-608
-595
-580
-564
-549
-535
-520
-510
-497
-485
-473
-458
-440
-419
-397
-372
-346
-320
-294
-268
-244
-224
-206
-192
-182
-175
-172
-173
-179
-187
-197
-210
-222
-233
-243
-251
-255
-255
-251
-244
-232
-218
-201
-179
-155
-130
-103
-74
-44
-14
16
46
76
104
133
159
184
207
229
249
269
288
305
322
339
355
370
384
395
405
413
420
426
433
444
454
468
485
504
524
544
560
572
581
584
578
567
544
515
478
434
385
334
286
241
203
172
150
132
118
101
81
50
6
-47
-113
-186
-263
-341
-410
-472
-522
-555
-576
-583
-577
-561
-537
-507
-472
-434
-394
-354
-313
-273
-236
-199
-165
-134
-105
-77
-52
-28
-5
15
31
46
58
65
69
69
69
65
62
61
62
68
83
104
133
169
215
265
319
374
423
467
499
516
518
503
471
427
373
311
247
186
127
77
34
-1
-29
-53
-69
-82
-92
-97
-99
-99
-92
-83
-70
-55
-35
-15
3
23
42
59
75
92
103
113
124
128
131
130
125
116
102
87
69
49
28
7
-13
-32
-49
-67
-81
-95
-106
-117
-127
-137
-146
-155
-163
-171
-178
-184
-188
-189
-186
-181
-170
-154
-133
-105
-72
-34
9
56
104
154
204
250
293
331
364
395
417
437
453
468
484
498
515
533
550
564
572
570
559
530
487
427
351
263
162
57
-49
-154
-255
-350
-437
-519
-596
-666
-732
-795
-849
-893
-925
-943
-941
-918
-874
-806
-717
-611
-489
-360
-229
-98
22
133
228
306
369
416
450
473
485
492
495
494
490
483
474
464
452
438
423
409
394
381
368
355
341
326
309
290
269
245
219
192
164
137
112
91
73
62
58
61
72
89
109
130
151
167
178
181
175
163
146
121
93
63
31
-2
-38
-74
-112
-151
-190
-225
-258
-285
-306
-320
-329
-336
-340
-344
-353
-365
-382
-401
-423
-445
-464
-478
-487
-489
-484
-473
-457
-438
-415
-389
-364
-340
-314
-289
-265
-243
-221
-199
-177
-157
-135
-112
-88
-64
-40
-17
7
30
55
79
100
121
141
161
178
193
208
223
237
254
274
299
330
366
408
455
502
547
589
620
641
645
635
606
559
497
421
331
232
125
17
-91
-196
-293
-378
-450
-504
-538
-552
-548
-525
-487
-437
-381
-322
-262
-209
-160
-122
-89
-64
-46
-34
-27
-24
-26
-30
-36
-47
-58
-70
-83
-95
-104
-110
-112
-110
-102
-93
-80
-65
-48
-29
-9
12
35
59
86
115
146
178
212
243
274
301
323
340
348
348
339
321
294
262
224
181
140
100
62
27
-3
-29
-50
-68
-83
-94
-103
-113
-122
-127
-134
-140
-143
-148
-149
-149
-148
-144
-137
-132
-125
-118
-114
-111
-110
-110
-113
-119
-125
-132
-139
-145
-150
-154
-159
-160
-161
-159
-156
-152
-146
-135
-122
-106
-85
-58
-28
7
43
84
125
165
203
233
256
270
274
267
250
222
185
143
92
38
-17
-72
-128
-180
-228
-270
-307
-338
-362
-380
-390
-396
-394
-388
-378
-364
-347
-327
-305
-281
-257
-234
-209
-185
-159
-137
-113
-91
-69
-48
-27
-8
8
23
37
47
56
62
65
67
64
60
56
47
37
29
20
11
4
0
-2
0
5
13
25
39
54
72
91
110
127
144
159
170
179
182
182
179
173
166
156
147
139
134
130
130
132
136
143
152
165
180
198
218
239
264
290
316
338
359
374
382
382
372
351
320
280
231
175
114
50
-12
-75
-135
-190
-241
-285
-324
-358
-385
-408
-421
-428
-429
-422
-405
-383
-355
-320
-282
-243
-203
-165
-131
-100
-74
-54
-38
-29
-24
-21
-22
-26
-30
-36
-43
-51
-60
-70
-80
-91
-103
-114
-124
-135
-143
-150
-155
-155
-156
-154
-150
-143
-133
-123
-108
-88
-64
-32
8
57
115
180
251
327
401
470
532
580
613
630
630
616
589
551
509
468
429
393
366
345
331
321
311
302
291
278
261
245
230
220
217
224
238
261
290
321
349
369
376
368
339
292
226
150
63
-28
-114
-195
-260
-311
-342
-356
-352
-333
-300
-257
-208
-155
-101
-50
-2
38
76
103
123
135
140
140
134
125
115
103
93
87
83
82
85
92
98
106
113
115
116
111
100
84
62
36
8
-22
-53
-81
-104
-122
-133
-139
-136
-127
-114
-98
-84
-71
-64
-64
-72
-91
-117
-154
-196
-243
-291
-334
-373
-402
-419
-424
-413
-388
-349
-300
-244
-182
-121
-63
-12
30
63
84
98
105
107
109
112
117
125
137
148
156
159
149
126
86
30
-40
-123
-211
-301
-385
-455
-509
-543
-552
-540
-509
-460
-402
-336
-271
-207
-148
-96
-50
-10
25
58
89
120
150
180
206
231
252
266
272
272
265
252
234
210
187
161
138
118
99
85
76
69
68
73
81
93
107
123
140
158
171
184
191
194
189
176
158
133
103
68
30
-10
-51
-90
-129
-163
-196
-222
-243
-259
-271
-277
-279
-276
-270
-261
-250
-238
-226
-216
-206
-198
-193
-188
-186
-186
-187
-188
-191
-195
-197
-199
-202
-202
-202
-201
-200
-198
-193
-188
-183
-177
-170
-164
-159
-151
-145
-139
-131
-123
-115
-104
-92
-78
-61
-43
-23
-4
15
33
50
64
75
83
85
84
81
74
64
52
38
22
5
-12
-30
-49
-66
-82
-98
-111
-122
-131
-137
-140
-140
-138
-134
-129
-123
-115
-109
-103
-96
-89
-83
-74
-64
-53
-42
-31
-20
-9
0
8
14
22
26
32
37
42
48
53
58
61
64
63
61
56
50
44
39
34
29
27
25
21
18
14
8
2
-1
3
18
46
96
166
259
376
507
648
790
920
1032
1111
1155
1157
1116
1038
926
789
639
482
329
188
61
-50
-144
-224
-292
-352
-405
-452
-495
-533
-564
-586
-598
-598
-587
-565
-533
-494
-452
-407
-361
-318
-279
-242
-208
-177
-150
-123
-97
-71
-47
-23
0
20
41
60
76
91
101
107
109
107
99
86
68
45
20
-6
-32
-58
-80
-98
-111
-117
-119
-115
-105
-92
-76
-54
-29
-4
22
48
74
96
114
126
132
133
126
114
98
78
56
37
18
1
-7
-16
-20
-19
-16
-13
-7
-2
1
5
7
9
11
13
15
19
24
29
36
40
45
49
50
49
47
43
35
26
15
3
-10
-24
-37
-50
-62
-74
-85
-96
-105
-115
-124
-132
-139
-146
-151
-155
-158
-155
-152
-144
-132
-115
-97
-74
-50
-25
1
25
48
67
81
93
100
102
102
99
92
85
78
70
62
57
51
47
43
40
38
33
28
23
14
4
-8
-24
-42
-61
-82
-103
-124
-143
-161
-176
-189
-199
-205
-209
-211
-212
-211
-209
-207
-204
-200
-194
-188
-179
-167
-153
-134
-113
-88
-62
-33
-4
25
54
82
107
133
154
174
192
207
218
226
230
230
225
218
203
185
165
141
117
90
66
43
22
4
-12
-25
-34
-40
-42
-38
-31
-19
-2
19
43
68
92
111
124
126
118
96
60
16
-39
-98
-157
-213
-259
-292
-309
-308
-287
-249
-195
-130
-56
20
97
170
236
292
337
372
393
403
402
391
371
345
312
275
236
197
158
120
83
50
18
-14
-45
-77
-112
-149
-190
-233
-279
-327
-376
-423
-468
-508
-542
-568
-587
-595
-594
-585
-566
-539
-505
-464
-420
-373
-326
-279
-237
-199
-168
-143
-126
-113
-105
-101
-95
-89
-77
-61
-39
-11
21
55
92
128
161
189
213
233
249
261
270
277
281
281
277
266
249
220
182
134
80
21
-38
-93
-141
-173
-191
-192
-174
-143
-100
-48
5
55
97
129
151
159
158
146
129
109
86
67
50
37
30
28
33
44
61
87
119
157
203
251
302
351
395
432
456
465
461
442
408
364
313
256
202
155
112
82
62
52
52
61
73
89
105
118
128
135
138
135
131
123
114
104
95
85
77
69
63
58
55
56
57
61
66
73
82
90
101
110
119
126
132
135
135
132
125
115
104
90
75
59
47
38
32
31
37
47
64
84
107
129
150
168
181
188
187
180
166
146
123
97
69
41
16
-8
-28
-45
-60
-71
-79
-85
-87
-89
-90
-91
-90
-89
-89
-87
-87
-87
-87
-86
-87
-85
-83
-81
-78
-73
-68
-60
-53
-43
-31
-21
-9
3
13
20
25
28
25
20
10
-3
-21
-40
-60
-84
-105
-125
-143
-158
-172
-182
-188
-193
-197
-197
-196
-197
-194
-194
-191
-188
-184
-182
-179
-175
-169
-163
-155
-145
-133
-119
-102
-85
-66
-50
-34
-21
-12
-8
-12
-20
-33
-51
-73
-96
-122
-147
-172
-194
-213
-230
-245
-257
-266
-276
-282
-287
-292
-295
-295
-295
-294
-290
-285
-278
-269
-262
-251
-240
-229
-218
-208
-199
-188
-177
-165
-155
-144
-133
-122
-112
-102
-94
-85
-78
-72
-67
-62
-59
-58
-56
-54
-52
-52
-51
-51
-50
-50
-47
-47
-46
-43
-39
-34
-28
-20
-10
2
16
33
50
69
89
110
131
149
167
181
193
199
202
199
192
181
170
156
141
129
118
113
114
117
126
138
154
171
189
207
225
241
257
272
288
307
326
347
366
386
401
411
412
401
378
339
286
221
144
59
-29
-117
-199
-274
-338
-390
-426
-449
-460
-461
-452
-437
-418
-396
-374
-350
-328
-308
-288
-272
-254
-238
-224
-211
-198
-186
-174
-164
-152
-140
-130
-118
-105
-92
-80
-68
-57
-49
-40
-34
-29
-27
-25
-22
-19
-14
-7
3
14
29
45
64
84
104
124
146
169
192
218
246
280
314
349
384
417
441
456
458
442
409
355
281
192
91
-14
-122
-220
-304
-367
-407
-419
-405
-363
-302
-226
-138
-51
34
108
168
210
235
244
237
219
195
169
146
129
119
118
128
144
167
194
220
245
265
281
290
292
292
283
273
260
245
231
218
203
188
172
157
140
123
105
87
71
55
41
29
19
11
4
0
-2
-2
-2
-1
2
4
5
7
7
6
2
-4
-15
-30
-49
-72
-96
-124
-152
-179
-203
-224
-241
-255
-262
-265
-264
-259
-250
-242
-233
-223
-213
-206
-198
-192
-188
-184
-180
-176
-172
-169
-164
-160
-155
-149
-142
-138
-132
-128
-125
-123
-121
-123
-124
-126
-129
-131
-133
-134
-134
-132
-130
-125
-119
-114
-107
-99
-92
-86
-81
-77
-75
-72
-70
-69
-68
-67
-63
-59
-55
-47
-38
-27
-15
-1
13
27
41
54
65
75
83
92
99
107
115
126
138
151
166
180
196
207
216
222
223
221
214
205
192
179
165
153
142
135
131
131
134
141
149
161
176
193
212
230
248
262
272
277
276
266
252
228
198
162
125
87
48
13
-19
-46
-70
-91
-108
-124
-138
-151
-165
-178
-191
-201
-207
-212
-209
-203
-193
-178
-163
-147
-132
-119
-108
-101
-97
-93
-89
-82
-70
-54
-31
-3
31
68
108
145
176
200
217
220
213
195
167
131
92
50
9
-30
-65
-93
-116
-134
-145
-152
-158
-159
-160
-160
-160
-161
-162
-165
-168
-169
-171
-174
-176
-178
-181
-182
-184
-188
-191
-193
-196
-199
-200
-201
-200
-196
-189
-180
-168
-153
-135
-115
-95
-75
-54
-35
-18
-3
11
20
28
34
35
36
36
34
31
25
16
6
-5
-18
-33
-49
-62
-78
-90
-99
-105
-108
-105
-100
-89
-74
-56
-33
-7
20
49
79
110
140
171
198
221
241
255
264
265
258
246
225
201
172
139
106
74
43
16
-5
-23
-34
-40
-40
-37
-28
-18
-6
8
21
33
43
53
60
66
72
76
83
90
100
111
126
143
162
184
204
224
244
260
275
289
297
303
308
309
310
309
306
299
292
281
267
249
226
201
171
137
100
63
23
-14
-50
-84
-113
-137
-156
-168
-170
-166
-156
-140
-117
-91
-65
-36
-10
14
33
47
55
57
53
46
35
23
11
0
-7
-13
-14
-13
-8
-1
9
17
26
34
38
40
39
33
23
8
-12
-35
-64
-97
-131
-169
-208
-246
-282
-316
-344
-368
-386
-396
-401
-399
-394
-384
-372
-358
-344
-329
-314
-301
-287
-274
-260
-245
-227
-210
-190
-168
-144
-120
-98
-73
-52
-31
-12
5
20
36
53
68
85
105
125
146
171
193
215
237
253
267
277
282
283
279
270
259
245
228
211
192
174
157
139
123
112
101
94
91
92
98
109
123
140
160
181
202
221
237
246
251
248
236
217
190
155
115
68
21
-28
-75
-119
-157
-190
-217
-238
-252
-263
-270
-274
-280
-285
-289
-293
-293
-292
-285
-270
-248
-216
-178
-135
-90
-43
-3
30
50
58
50
27
-7
-51
-102
-155
-205
-250
-286
-312
-325
-329
-320
-304
-283
-256
-227
-196
-167
-138
-110
-85
-60
-37
-14
6
26
45
61
76
91
102
112
122
132
142
152
163
175
186
197
207
213
216
214
205
192
173
148
116
84
50
18
-12
-37
-54
-65
-67
-62
-48
-30
-7
17
43
67
89
107
121
131
138
143
145
149
151
154
159
166
174
184
194
204
212
217
221
221
217
208
195
178
157
133
106
81
56
32
10
-7
-20
-27
-32
-30
-23
-11
4
25
47
74
103
132
162
191
218
241
259
273
281
281
276
265
249
231
208
185
161
138
113
91
67
43
19
-8
-36
-67
-97
-127
-156
-181
-203
-219
-228
-230
-230
-224
-217
-208
-199
-191
-183
-180
-175
-173
-169
-165
-161
-154
-146
-140
-135
-130
-132
-138
-147
-163
-183
-208
-236
-266
-296
-324
-348
-369
-384
-393
-396
-393
-384
-371
-353
-333
-313
-294
-277
-261
-248
-238
-230
-223
-215
-203
-188
-166
-139
-105
-67
-25
18
61
99
129
150
161
163
152
134
107
78
44
12
-18
-45
-69
-87
-103
-113
-121
-128
-131
-135
-137
-138
-140
-139
-140
-138
-137
-134
-128
-121
-111
-97
-79
-56
-30
1
34
70
106
139
170
195
213
227
235
238
238
238
239
239
240
243
243
240
233
220
200
174
141
108
71
40
16
2
0
11
33
62
98
133
164
187
199
198
184
159
123
79
32
-18
-66
-112
-153
-192
-228
-259
-286
-310
-329
-344
-352
-350
-341
-322
-292
-252
-203
-148
-88
-26
36
96
153
206
253
296
333
366
395
422
442
460
474
485
492
495
493
489
481
469
456
441
424
404
380
356
329
298
267
233
201
172
147
128
115
108
108
111
118
123
128
125
117
100
76
45
8
-31
-69
-104
-133
-152
-159
-154
-136
-108
-71
-25
26
78
129
173
209
235
247
245
230
200
161
113
59
4
-50
-98
-138
-170
-191
-203
-208
-207
-205
-202
-202
-207
-220
-237
-260
-286
-314
-342
-365
-384
-395
-399
-395
-385
-368
-345
-320
-295
-267
-241
-217
-194
-173
-154
-137
-121
-107
-92
-78
-64
-47
-28
-4
24
58
99
147
200
255
310
364
410
443
461
460
436
391
324
238
136
23
-94
-213
-323
-422
-506
-572
-620
-650
-661
-657
-642
-617
-587
-554
-520
-487
-454
-424
-396
-369
-346
-325
-307
-291
-278
-269
-262
-258
-258
-259
-264
-269
-274
-278
-280
-276
-266
-251
-227
-196
-154
-103
-45
20
92
166
242
315
382
441
490
526
549
559
557
544
525
500
475
450
430
417
409
406
407
410
413
412
405
393
372
348
317
288
259
236
223
221
226
243
266
289
307
316
309
281
228
152
50
-71
-208
-354
-503
-647
-776
-889
-982
-1050
-1094
-1114
-1112
-1091
-1054
-1003
-942
-874
-800
-722
-640
-556
-473
-388
-304
-223
-143
-68
2
69
129
183
233
276
312
345
371
392
408
420
426
430
429
424
417
406
395
379
363
343
323
300
278
255
233
211
194
178
167
162
160
162
170
182
195
208
223
236
246
254
257
258
254
247
237
223
206
187
165
141
117
92
68
45
25
6
-7
-16
-21
-20
-17
-11
-3
6
14
19
21
19
14
4
-8
-21
-34
-46
-54
-58
-53
-41
-20
8
46
89
134
180
223
261
288
305
306
294
268
229
179
123
60
-3
-64
-118
-166
-205
-235
-256
-268
-272
-271
-265
-257
-246
-235
-222
-210
-199
-187
-177
-166
-157
-149
-141
-133
-125
-118
-112
-104
-97
-90
-82
-73
-65
-56
-48
-41
-33
-26
-18
-13
-7
-4
1
4
6
8
9
9
8
9
8
7
6
4
3
3
2
1
1
1
1
0
-2
-4
-5
-7
-10
-14
-16
-19
-21
-23
-25
-25
-26
-26
-26
-26
-25
-24
-25
-23
-23
-22
-22
-23
-22
-24
-26
-28
-29
-31
-33
-34
-33
-32
-31
-28
-25
-20
-17
-12
-9
-7
-5
-3
-2
-2
-4
-6
-10
-15
-20
-27
-35
-43
-52
-61
-69
-77
-83
-87
-90
-92
-90
-83
-74
-62
-47
-27
-5
21
50
81
112
142
171
198
220
235
244
245
241
231
216
198
179
159
140
125
112
105
100
98
97
98
97
96
93
88
82
75
68
62
58
57
59
65
74
86
100
116
131
145
157
167
174
179
180
177
174
169
160
154
145
140
133
126
122
118
113
108
103
96
89
82
73
63
53
42
29
17
4
-8
-21
-33
-44
-56
-67
-76
-85
-91
-97
-100
-101
-99
-94
-86
-76
-64
-49
-34
-16
-1
14
28
37
43
45
43
34
23
9
-6
-25
-44
-62
-78
-93
-105
-113
-121
-122
-122
-120
-115
-109
-102
-93
-85
-77
-69
-64
-61
-58
-59
-62
-66
-72
-79
-89
-97
-107
-114
-122
-129
-134
-138
-141
-146
-146
-148
-147
-145
-144
-140
-135
-128
-121
-111
-101
-89
-77
-67
-56
-48
-43
-41
-38
-40
-46
-53
-64
-79
-93
-109
-125
-139
-150
-156
-152
-140
-115
-80
-31
25
91
161
232
296
352
394
418
422
406
370
319
256
185
113
43
-18
-67
-104
-127
-137
-133
-121
-103
-81
-57
-36
-15
-1
9
15
17
14
9
2
-7
-19
-29
-40
-52
-62
-71
-76
-81
-81
-79
-76
-69
-59
-51
-40
-28
-16
-5
9
23
37
50
64
76
86
92
93
90
80
64
41
13
-19
-54
-90
-125
-160
-189
-215
-237
-255
-267
-274
-280
-282
-283
-280
-278
-272
-265
-257
-245
-232
-216
-197
-175
-153
-128
-103
-78
-54
-31
-10
8
24
36
47
54
59
60
61
58
53
45
38
28
17
7
-4
-16
-25
-37
-48
-58
-67
-74
-80
-86
-91
-96
-99
-102
-103
-103
-104
-102
-102
-100
-98
-94
-93
-88
-85
-81
-77
-71
-63
-55
-46
-34
-21
-6
11
28
45
63
79
94
107
115
121
122
120
114
106
97
87
77
68
61
53
47
40
33
25
16
4
-8
-24
-40
-57
-74
-93
-109
-125
-141
-155
-167
-177
-184
-186
-185
-178
-163
-142
-113
-75
-32
19
77
139
207
277
351
428
508
588
670
749
827
898
958
1004
1030
1031
1004
945
855
736
590
423
242
57
-124
-295
-450
-584
-696
-785
-854
-904
-942
-968
-989
-1004
-1016
-1026
-1031
-1030
-1022
-1004
-977
-939
-892
-835
-771
-703
-633
-561
-489
-420
-352
-286
-220
-156
-90
-24
41
109
174
239
302
359
414
462
504
540
567
588
599
602
598
590
577
562
544
528
511
495
479
460
441
422
400
378
354
331
306
276
246
215
182
149
120
95
76
65
61
66
76
91
107
127
145
163
179
194
205
215
220
221
218
210
195
177
156
133
109
88
68
50
36
24
16
8
3
-2
-5
-7
-9
-10
-12
-14
-17
-23
-28
-36
-45
-52
-59
-66
-71
-76
-79
-82
-86
-88
-93
-97
-102
-107
-112
-115
-118
-119
-118
-116
-112
-106
-100
-93
-86
-78
-72
-64
-59
-53
-50
-49
-49
-50
-52
-56
-60
-63
-68
-73
-77
-81
-88
-93
-99
-106
-113
-119
-125
-130
-135
-135
-135
-134
-130
-125
-119
-112
-105
-99
-93
-87
-82
-78
-75
-73
-73
-75
-78
-82
-87
-92
-99
-104
-107
-112
-116
-118
-121
-121
-121
-119
-118
-114
-112
-107
-102
-97
-90
-83
-74
-65
-54
-41
-27
-11
6
23
41
59
75
90
103
113
122
128
131
134
135
134
132
130
125
121
117
112
106
101
94
89
83
79
75
72
69
69
71
76
81
88
97
108
119
130
142
153
164
174
185
192
202
208
214
220
224
227
230
233
237
239
242
244
247
248
249
248
246
242
237
231
222
213
202
190
179
166
153
139
124
109
91
76
58
42
27
11
-3
-17
-28
-37
-44
-49
-51
-50
-48
-44
-37
-29
-21
-13
-4
6
15
25
34
43
51
59
66
72
76
80
80
80
77
73
66
57
46
32
15
-4
-24
-49
-75
-104
-136
-169
-203
-238
-270
-303
-332
-360
-384
-404
-422
-436
-446
-452
-458
-458
-459
-455
-451
-446
-440
-432
-424
-416
-407
-395
-384
-371
-357
-342
-327
-311
-297
-282
-267
-253
-240
-227
-215
-201
-189
-177
-165
-153
-140
-128
-113
-99
-85
-70
-55
-39
-24
-8
6
21
35
48
61
75
86
98
111
121
132
142
150
159
166
172
178
184
189
193
197
200
203
206
207
207
209
210
209
209
208
207
206
205
205
202
202
203
204
206
208
210
211
214
216
217
218
216
215
211
208
204
198
190
184
176
169
162
156
152
146
142
139
137
136
135
135
135
136
137
137
137
136
135
133
130
128
124
120
115
111
106
101
96
91
85
79
76
71
65
59
54
48
42
35
28
21
14
7
0
-8
-13
-18
-24
-27
-31
-33
-34
-35
-35
-35
-34
-34
-35
-37
-41
-45
-51
-58
-66
-77
-89
-99
-112
-125
-137
-150
-163
-174
-185
-197
-206
-216
-225
-235
-243
-252
-260
-268
-275
-281
-288
-292
-296
-299
-301
-302
-300
-297
-293
-287
-280
-272
-262
-253
-241
-229
-216
-203
-190
-177
-162
-149
-134
-120
-106
-93
-80
-66
-54
-43
-31
-19
-9
2
13
22
32
42
51
61
70
78
87
94
102
106
112
115
118
120
120
119
117
115
109
105
99
92
84
76
69
61
52
44
36
28
21
14
8
2
-3
-8
-12
-15
-17
-19
-20
-21
-21
-23
-23
-24
-26
-27
-26
-28
-28
-29
-30
-32
-32
-32
-32
-32
-31
-30
-30
-29
-29
-29
-29
-29
-31
-32
-34
-35
-37
-40
-40
-42
-45
-46
-47
-48
-49
-49
-49
-49
-48
-46
-45
-43
-42
-40
-39
-36
-35
-31
-29
-27
-25
-22
-20
-17
-16
-13
-11
-9
-6
-3
1
4
7
10
15
18
23
28
33
37
42
46
49
53
56
58
60
62
63
65
66
67
67
69
70
70
70
71
71
70
70
69
68
67
65
64
62
61
59
57
56
57
56
57
59
60
62
65
69
72
76
80
84
87
92
96
100
104
107
110
112
115
116
119
119
119
0
0
0
0
0
0
0
0
0
0
0
0
0
0
0
0
0
0
0
0
0
0
0
0
0
0
0
0
0
0
0
0
0
0
0
0
0
0
0
0
0
0
0
0
0
0
0
0
0
0
0
0
0
0
0
0
0
0
0
0
0
0
0
0
0
0
0
0
0
0
0
0
0
0
0
0
0
0
0
0
0
0
0
0
0
0
0
0
0
0
0
0
0
0
0
0
0
0
0
0
0
0
0
0
0
0
0
0
0
0
0
0
0
0
0
0
0
0
0
0
0
0
0
0
0
0
0
0
0
0
0
0
0
0
0
0
0
0
0
0
0
0
0
0
0
0
0
0
0
0
0
0
0
0
0
0
0
0
0
0
0
0
0
0
0
0
0
0
0
0
0
0
0
0
0
0
0
0
0
0
0
0
0
0
0
0
0
0
0
0
0
0
0
0
0
0
0
0
