0
0
0
0
0
0
0
0
0
0
0
0
0
0
0
0
0
0
0
0
0
0
0
0
0
0
0
0
0
0
0
0
0
0
0
0
0
0
0
0
0
0
0
0
0
0
0
0
0
0
0
0
0
0
0
0
0
0
0
0
0
0
0
0
0
0
0
0
0
0
0
0
0
0
0
0
0
0
0
0
0
0
0
0
0
0
0
0
0
0
0
0
0
0
0
0
0
0
0
0
0
0
0
0
0
0
0
0
0
0
0
0
0
0
0
0
0
0
0
0
0
0
0
0
0
0
0
0
0
0
0
0
0
0
0
0
0
0
0
0
0
0
0
0
0
0
0
0
0
0
0
0
0
0
0
0
0
0
0
0
0
0
0
0
0
0
0
0
0
0
0
0
0
0
0
0
0
0
0
0
0
0
0
0
0
0
0
0
0
0
0
0
0
0
0
0
0
0
6
13
15
9
1
-8
-26
-58
-111
-170
-214
-228
-214
-182
-142
-92
-32
31
80
100
96
86
83
86
82
61
29
3
-6
-4
-5
-5
3
26
53
68
57
24
-15
-48
-74
-99
-120
-128
-114
-80
-38
1
33
64
90
105
99
72
36
4
-15
-21
-16
0
32
76
120
149
157
145
119
85
47
7
-26
-45
-44
-27
-3
23
45
61
68
60
39
9
-24
-55
-80
-93
-94
-78
-50
-13
27
61
83
88
76
51
16
-18
-41
-49
-40
-15
21
59
96
120
127
116
93
59
22
-10
-33
-45
-44
-31
-10
13
33
44
45
36
15
-13
-49
-82
-106
-116
-113
-96
-67
-30
6
35
49
44
25
-4
-36
-65
-84
-91
-81
-60
-31
-2
20
31
32
22
3
-22
-47
-66
-74
-71
-57
-35
-10
14
30
35
28
13
-8
-27
-43
-51
-52
-39
-21
0
21
39
56
64
67
66
56
47
40
39
43
56
78
108
138
165
185
196
198
199
194
191
192
200
215
237
260
280
298
312
316
312
298
278
258
241
229
219
215
218
229
242
253
257
254
244
228
207
179
149
122
104
94
87
79
69
57
39
10
-28
-78
-132
-185
-233
-278
-315
-347
-369
-382
-391
-394
-399
-402
-406
-411
-416
-420
-418
-409
-390
-365
-332
-289
-245
-196
-153
-118
-90
-70
-58
-53
-56
-60
-63
-59
-52
-39
-25
-13
-4
-5
-16
-42
-80
-127
-175
-220
-259
-287
-303
-306
-300
-286
-272
-260
-252
-249
-250
-255
-261
-262
-257
-243
-219
-187
-147
-101
-52
-6
36
73
104
127
148
165
183
200
219
241
268
297
328
354
379
401
419
429
430
424
418
415
413
415
427
450
486
532
577
624
667
711
752
789
814
826
825
806
771
713
623
502
361
215
67
-82
-231
-375
-494
-595
-687
-777
-864
-946
-1029
-1117
-1203
-1274
-1327
-1365
-1385
-1373
-1324
-1242
-1143
-1030
-903
-768
-636
-512
-395
-275
-158
-50
54
168
295
424
548
666
782
887
970
1028
1063
1080
1071
1034
981
922
863
794
713
629
543
451
339
213
78
-64
-212
-365
-511
-634
-738
-824
-892
-935
-957
-964
-964
-961
-953
-944
-937
-926
-907
-876
-832
-775
-702
-610
-503
-392
-281
-173
-75
14
87
144
193
228
255
275
293
310
324
334
337
332
322
304
279
246
209
171
138
110
92
83
84
94
112
138
170
205
243
282
326
374
425
487
557
633
715
804
903
1004
1101
1185
1258
1304
1316
1290
1226
1123
974
786
577
373
174
-24
-209
-366
-488
-595
-701
-811
-916
-1019
-1143
-1283
-1418
-1527
-1615
-1689
-1733
-1723
-1656
-1559
-1449
-1317
-1158
-987
-838
-710
-582
-446
-318
-208
-96
40
197
353
499
653
818
972
1087
1168
1231
1273
1277
1236
1170
1105
1035
950
853
765
689
608
508
394
281
164
23
-136
-297
-438
-565
-688
-797
-876
-919
-941
-957
-958
-939
-912
-893
-879
-857
-824
-789
-760
-717
-647
-558
-464
-369
-259
-136
-19
79
161
240
309
351
372
386
405
417
416
412
420
437
446
441
436
438
437
416
387
371
366
358
340
336
358
392
422
448
490
556
625
680
739
814
905
989
1061
1135
1216
1279
1302
1285
1244
1174
1046
858
644
437
238
25
-190
-369
-497
-600
-711
-823
-915
-994
-1100
-1241
-1377
-1485
-1579
-1680
-1766
-1788
-1744
-1671
-1590
-1477
-1311
-1126
-968
-837
-694
-537
-401
-308
-219
-96
48
179
294
434
605
767
889
983
1081
1161
1188
1158
1109
1061
996
892
779
685
612
531
430
338
266
187
77
-57
-182
-299
-429
-576
-709
-808
-883
-947
-993
-1001
-975
-941
-913
-875
-821
-769
-736
-713
-678
-628
-577
-529
-467
-378
-273
-169
-69
39
151
246
313
362
405
434
439
427
416
418
421
419
423
444
470
489
499
511
527
534
524
509
503
511
515
522
544
586
645
708
775
855
950
1045
1132
1209
1284
1345
1375
1363
1317
1241
1126
960
759
552
356
158
-45
-230
-373
-484
-596
-714
-820
-912
-1014
-1150
-1292
-1411
-1508
-1609
-1702
-1745
-1725
-1668
-1600
-1508
-1365
-1191
-1034
-902
-762
-606
-466
-363
-271
-150
-12
113
227
361
526
686
812
921
1033
1129
1176
1174
1154
1128
1073
982
879
791
711
616
512
424
351
269
166
54
-48
-151
-274
-408
-528
-628
-722
-808
-867
-891
-894
-890
-875
-837
-785
-738
-701
-662
-614
-571
-533
-491
-435
-368
-296
-218
-126
-26
73
165
250
325
384
423
446
460
462
455
445
441
443
447
455
470
492
508
521
537
547
547
540
536
539
542
542
552
582
627
680
737
812
908
1005
1092
1173
1251
1307
1318
1286
1224
1133
986
789
580
386
195
-7
-196
-342
-445
-541
-646
-739
-809
-889
-1007
-1143
-1259
-1357
-1465
-1578
-1651
-1658
-1627
-1585
-1515
-1389
-1228
-1077
-946
-806
-650
-512
-418
-340
-241
-133
-39
44
152
292
433
556
675
805
918
986
1015
1023
1015
969
887
794
708
621
524
430
353
291
219
138
61
-18
-110
-221
-336
-447
-558
-671
-774
-850
-896
-928
-947
-938
-905
-863
-820
-774
-723
-676
-642
-609
-569
-525
-480
-431
-366
-282
-194
-104
-9
88
179
249
303
348
378
387
381
371
367
358
350
350
363
384
402
421
448
475
489
491
492
494
495
486
480
490
518
554
595
657
742
836
930
1019
1109
1187
1234
1237
1206
1145
1042
886
696
502
315
126
-67
-231
-354
-448
-540
-628
-696
-755
-836
-948
-1064
-1165
-1267
-1384
-1492
-1551
-1564
-1553
-1521
-1448
-1323
-1178
-1041
-906
-757
-607
-486
-397
-309
-213
-122
-45
34
141
266
390
508
635
766
878
952
999
1027
1026
984
912
829
741
644
541
446
370
302
236
171
112
52
-23
-109
-204
-304
-416
-535
-644
-734
-809
-866
-898
-901
-878
-841
-790
-726
-661
-603
-556
-511
-468
-434
-408
-377
-333
-280
-220
-146
-58
38
132
219
301
374
426
455
467
472
464
443
421
406
402
401
406
425
456
489
517
542
567
586
594
593
589
588
592
602
622
659
717
793
880
973
1072
1163
1233
1266
1262
1222
1135
996
814
614
413
207
4
-177
-318
-422
-510
-587
-643
-689
-745
-826
-923
-1019
-1122
-1239
-1359
-1452
-1504
-1528
-1527
-1488
-1398
-1270
-1135
-995
-840
-683
-542
-432
-340
-251
-172
-110
-54
16
107
205
306
420
549
675
776
857
918
956
952
911
847
770
676
567
459
364
283
205
139
87
45
-1
-58
-118
-184
-268
-367
-473
-573
-668
-758
-831
-879
-898
-897
-875
-829
-769
-702
-637
-571
-508
-455
-414
-382
-351
-317
-286
-248
-200
-139
-70
4
83
165
240
305
355
394
416
419
411
397
379
359
343
337
341
354
374
399
430
462
491
515
532
542
549
556
565
579
603
643
701
774
854
940
1024
1090
1128
1131
1098
1020
894
728
541
345
142
-61
-241
-386
-500
-594
-671
-723
-760
-805
-865
-934
-1005
-1091
-1192
-1295
-1379
-1440
-1480
-1496
-1473
-1401
-1299
-1179
-1041
-884
-721
-573
-447
-333
-228
-144
-81
-22
41
112
187
270
368
476
584
684
771
846
897
914
900
861
798
713
608
499
393
292
200
118
54
2
-46
-89
-129
-176
-233
-302
-376
-452
-533
-614
-687
-740
-777
-795
-791
-764
-718
-659
-591
-518
-442
-373
-314
-262
-216
-176
-143
-112
-75
-33
13
68
130
197
262
324
378
423
457
476
480
476
463
446
426
408
396
392
394
404
420
440
468
492
516
538
562
585
607
635
671
718
774
836
905
978
1042
1086
1106
1098
1056
972
849
698
530
347
160
-21
-178
-310
-422
-515
-585
-637
-684
-735
-793
-854
-923
-1005
-1092
-1175
-1243
-1298
-1335
-1341
-1312
-1252
-1168
-1061
-931
-788
-645
-510
-385
-268
-168
-85
-14
51
117
182
249
325
411
501
589
672
750
812
853
867
860
828
771
694
604
507
407
312
222
145
81
25
-23
-66
-106
-149
-198
-255
-318
-384
-454
-522
-583
-633
-667
-686
-686
-667
-631
-582
-523
-460
-392
-329
-270
-216
-170
-130
-95
-62
-28
6
43
86
134
187
240
293
345
391
427
455
473
480
479
468
454
438
424
410
402
403
410
423
442
464
492
523
556
591
630
673
723
775
831
888
944
990
1018
1026
1009
963
882
769
630
474
305
128
-40
-194
-329
-446
-545
-624
-686
-741
-798
-855
-912
-975
-1047
-1125
-1196
-1257
-1310
-1345
-1358
-1340
-1295
-1227
-1137
-1024
-895
-762
-631
-503
-384
-276
-183
-103
-29
38
103
167
236
311
388
467
544
617
678
723
748
751
731
689
624
544
456
362
268
178
95
25
-34
-86
-132
-172
-211
-253
-300
-353
-408
-468
-528
-585
-633
-672
-697
-706
-698
-672
-632
-580
-517
-451
-380
-311
-247
-189
-138
-94
-54
-19
16
49
85
125
169
215
266
316
366
409
446
476
495
504
502
491
474
454
433
411
394
384
381
386
398
418
446
481
520
564
615
670
730
790
848
906
954
987
1001
993
959
895
800
681
541
390
229
67
-85
-220
-340
-444
-531
-601
-659
-715
-771
-828
-885
-948
-1017
-1086
-1147
-1196
-1235
-1256
-1252
-1222
-1169
-1095
-1002
-890
-768
-644
-523
-406
-295
-195
-107
-30
42
110
173
237
305
373
447
519
588
651
705
744
764
767
748
709
651
578
496
407
317
230
150
79
16
-36
-82
-124
-162
-203
-246
-293
-345
-400
-456
-509
-555
-593
-617
-627
-619
-595
-557
-506
-446
-381
-313
-245
-182
-124
-72
-28
13
48
82
116
151
187
228
271
316
361
404
445
480
508
526
533
530
519
499
474
447
420
397
376
367
366
374
391
416
449
487
529
577
628
683
740
797
850
902
944
968
974
959
917
846
746
625
488
338
181
27
-115
-243
-357
-454
-535
-600
-656
-713
-767
-820
-877
-939
-1006
-1072
-1131
-1181
-1220
-1242
-1240
-1211
-1161
-1089
-996
-884
-763
-639
-518
-400
-291
-194
-110
-37
27
86
139
193
251
313
376
441
505
565
618
656
678
682
665
629
574
503
422
333
243
155
72
-3
-67
-122
-168
-209
-244
-278
-314
-351
-391
-435
-482
-527
-569
-607
-634
-650
-651
-638
-609
-568
-513
-451
-382
-312
-244
-179
-121
-68
-23
17
51
83
116
147
181
216
254
291
329
365
397
421
439
448
447
437
419
396
369
341
315
293
278
271
273
284
306
337
374
418
471
528
591
657
721
786
845
893
926
939
929
895
834
746
634
505
366
218
70
-69
-196
-310
-408
-491
-559
-618
-674
-728
-781
-838
-899
-966
-1033
-1094
-1148
-1193
-1219
-1225
-1208
-1168
-1106
-1023
-920
-809
-690
-568
-451
-339
-239
-151
-73
-3
56
113
170
226
285
348
413
479
545
603
653
689
710
713
693
656
602
533
454
369
282
198
122
51
-9
-59
-101
-139
-172
-206
-240
-278
-322
-368
-417
-464
-509
-549
-577
-593
-596
-586
-559
-519
-467
-408
-343
-274
-205
-141
-81
-25
23
65
103
139
171
203
235
269
304
339
371
402
428
448
461
466
463
451
430
406
379
350
322
298
280
269
266
273
289
315
351
392
442
499
561
629
697
763
828
886
933
962
973
959
922
859
771
661
536
399
257
116
-16
-137
-246
-340
-421
-489
-550
-606
-664
-719
-779
-844
-912
-980
-1041
-1097
-1142
-1168
-1175
-1157
-1117
-1056
-974
-873
-761
-646
-528
-411
-304
-208
-122
-46
21
80
135
189
246
304
367
431
499
563
621
672
709
731
734
718
683
631
564
487
403
317
234
156
86
25
-27
-70
-109
-145
-180
-216
-256
-303
-352
-403
-455
-504
-550
-586
-611
-623
-620
-603
-570
-525
-471
-410
-344
-276
-211
-150
-93
-41
4
43
77
112
144
175
204
235
266
297
323
348
367
383
389
389
380
367
348
325
302
281
262
248
241
242
250
265
288
318
353
397
446
500
559
625
692
760
823
880
925
951
956
936
888
814
713
590
451
302
148
-2
-144
-270
-384
-483
-565
-633
-692
-748
-803
-859
-918
-982
-1051
-1117
-1180
-1236
-1278
-1302
-1304
-1284
-1239
-1172
-1082
-977
-861
-738
-615
-493
-381
-281
-189
-108
-37
27
87
146
208
274
344
416
490
564
634
693
740
771
783
776
748
703
642
570
488
403
319
241
166
98
40
-12
-57
-102
-143
-190
-236
-288
-344
-402
-462
-521
-575
-622
-655
-677
-684
-673
-648
-607
-555
-495
-426
-355
-284
-215
-149
-88
-31
18
64
107
147
184
220
257
293
326
358
386
409
426
438
442
438
428
412
393
370
346
326
310
299
296
301
314
336
363
399
438
483
533
584
639
697
756
813
869
918
958
984
992
980
945
886
799
691
565
424
274
120
-29
-170
-301
-419
-521
-607
-683
-749
-811
-867
-922
-980
-1039
-1097
-1153
-1204
-1246
-1275
-1286
-1277
-1247
-1195
-1119
-1023
-913
-791
-663
-530
-404
-285
-173
-72
18
98
170
238
303
366
431
499
568
637
705
767
822
863
890
899
889
862
816
753
676
590
497
403
311
219
136
59
-11
-75
-135
-191
-244
-298
-354
-412
-470
-528
-585
-637
-681
-716
-740
-748
-740
-716
-677
-625
-561
-487
-409
-329
-246
-168
-93
-25
36
92
142
186
226
262
296
326
355
380
401
421
435
444
449
448
442
433
421
406
391
374
362
352
345
344
349
358
374
394
422
455
493
537
586
639
696
753
807
859
901
929
941
931
899
842
758
651
526
384
232
75
-78
-224
-360
-480
-586
-677
-753
-819
-878
-933
-985
-1037
-1093
-1149
-1203
-1255
-1299
-1333
-1350
-1348
-1324
-1280
-1212
-1122
-1015
-895
-766
-630
-496
-367
-245
-134
-34
55
137
210
278
344
410
475
541
606
672
735
788
833
867
885
886
869
833
783
716
635
545
450
350
250
152
57
-31
-115
-195
-270
-340
-409
-478
-544
-610
-673
-734
-791
-840
-878
-907
-923
-923
-905
-872
-826
-765
-692
-610
-524
-432
-343
-254
-168
-89
-15
55
118
176
231
282
329
374
413
449
479
505
524
536
542
539
533
520
502
483
463
443
425
409
398
391
388
390
396
405
418
436
457
482
513
547
585
629
676
726
774
818
854
879
885
873
836
776
692
585
458
317
164
8
-144
-292
-424
-544
-647
-734
-806
-868
-919
-966
-1009
-1051
-1093
-1137
-1179
-1214
-1244
-1264
-1268
-1254
-1222
-1168
-1091
-995
-884
-759
-626
-488
-351
-218
-94
20
123
215
296
368
434
497
556
615
674
731
788
841
887
927
954
965
961
939
898
840
764
674
573
462
348
232
119
8
-96
-195
-286
-368
-444
-514
-578
-637
-693
-744
-792
-833
-869
-898
-918
-925
-921
-903
-870
-823
-763
-691
-609
-518
-422
-324
-226
-131
-40
46
125
199
265
324
377
424
466
502
534
560
580
594
603
606
604
596
583
565
544
519
494
469
445
423
405
391
382
378
379
387
397
413
432
455
481
510
544
578
616
654
694
730
763
788
799
798
779
740
678
597
496
378
245
104
-39
-180
-315
-438
-550
-645
-726
-791
-845
-892
-930
-966
-1000
-1033
-1066
-1098
-1127
-1149
-1160
-1160
-1142
-1108
-1054
-979
-886
-780
-661
-532
-401
-271
-145
-28
79
175
259
332
398
455
508
557
604
651
696
740
779
812
837
850
851
836
805
757
694
616
525
426
318
206
95
-15
-123
-224
-319
-406
-487
-561
-627
-688
-745
-795
-841
-883
-919
-947
-969
-982
-984
-975
-955
-919
-872
-812
-741
-659
-569
-476
-378
-282
-185
-93
-8
71
144
210
270
322
369
413
452
486
516
541
561
573
580
578
567
548
523
491
455
415
377
341
309
283
264
254
251
253
262
275
292
308
325
343
359
376
393
412
434
460
492
527
565
604
640
670
690
693
681
646
590
511
411
294
165
29
-106
-240
-362
-471
-563
-639
-698
-742
-776
-801
-823
-843
-865
-890
-917
-946
-972
-994
-1009
-1011
-997
-963
-909
-837
-745
-637
-518
-391
-262
-134
-15
96
195
280
352
412
461
504
541
576
609
643
675
709
740
768
789
802
803
789
761
716
658
585
499
404
302
198
90
-12
-112
-203
-287
-364
-430
-490
-542
-588
-628
-665
-696
-725
-751
-771
-786
-796
-798
-787
-769
-739
-697
-643
-579
-505
-422
-335
-244
-151
-61
28
111
188
257
320
373
420
461
494
520
543
561
573
582
584
581
575
561
542
518
488
455
418
380
340
304
271
244
222
208
201
203
213
228
248
272
300
328
358
389
420
452
486
522
560
599
638
677
710
737
753
754
741
709
654
581
490
382
261
133
2
-127
-251
-364
-464
-550
-623
-683
-731
-771
-805
-837
-867
-898
-930
-960
-987
-1011
-1025
-1029
-1019
-993
-949
-887
-810
-717
-614
-501
-385
-269
-157
-53
42
125
197
258
310
352
389
422
452
482
512
542
571
597
619
636
644
643
629
604
566
517
456
387
310
227
142
56
-29
-111
-193
-271
-345
-415
-481
-542
-600
-653
-700
-741
-776
-803
-822
-834
-835
-827
-812
-786
-751
-709
-658
-600
-537
-470
-398
-323
-246
-169
-92
-16
58
130
198
262
321
375
422
463
495
520
535
543
542
531
513
489
458
423
385
345
306
269
235
205
181
162
150
142
140
142
148
156
166
178
192
207
225
244
268
298
330
371
416
465
518
574
627
677
718
748
765
762
740
698
635
553
455
342
222
98
-27
-147
-260
-362
-452
-529
-596
-651
-699
-742
-782
-820
-859
-897
-935
-971
-1002
-1026
-1041
-1040
-1026
-992
-942
-873
-788
-690
-582
-468
-351
-235
-125
-21
71
154
226
289
342
389
432
471
509
546
584
620
655
686
711
729
737
735
719
690
648
595
532
461
384
304
221
139
58
-19
-95
-167
-238
-307
-375
-442
-508
-574
-637
-695
-747
-793
-831
-856
-869
-873
-863
-841
-808
-767
-718
-663
-604
-540
-476
-409
-343
-274
-205
-135
-63
10
84
158
229
300
367
428
482
528
563
589
603
605
595
578
552
518
482
442
402
364
328
295
268
246
228
215
207
201
198
198
201
204
209
218
228
241
258
278
303
333
367
406
449
495
544
593
640
684
721
750
769
774
764
740
695
635
558
467
363
252
134
16
-100
-212
-316
-410
-493
-566
-628
-681
-728
-768
-805
-838
-871
-900
-925
-946
-961
-965
-960
-941
-909
-859
-796
-720
-631
-533
-429
-321
-213
-108
-10
83
166
241
307
367
419
465
509
549
586
620
651
679
704
720
728
728
716
694
659
615
558
495
423
346
266
185
104
25
-51
-126
-197
-266
-332
-398
-463
-526
-589
-649
-707
-760
-806
-844
-871
-887
-891
-881
-858
-823
-778
-723
-664
-597
-529
-460
-392
-324
-259
-195
-134
-72
-11
48
109
169
229
288
343
394
440
477
507
525
532
527
511
482
446
400
351
297
243
192
144
103
69
43
27
18
16
18
27
37
49
60
70
80
87
95
102
110
121
137
158
185
219
259
304
355
406
462
512
560
600
628
644
645
629
597
547
479
398
304
201
92
-20
-130
-237
-336
-428
-508
-579
-639
-691
-734
-773
-806
-836
-863
-888
-909
-928
-939
-943
-938
-920
-892
-848
-792
-722
-640
-547
-449
-345
-240
-138
-39
53
136
212
277
336
385
429
469
504
537
568
599
625
651
670
685
691
688
676
653
617
571
515
452
382
309
235
161
89
20
-45
-106
-162
-215
-266
-315
-363
-410
-456
-501
-545
-584
-619
-648
-667
-677
-676
-665
-643
-610
-571
-522
-469
-413
-355
-297
-241
-186
-137
-89
-43
1
44
87
130
176
221
266
312
356
396
430
459
479
491
493
484
465
440
407
369
329
288
249
214
185
162
144
135
132
135
142
151
161
171
181
189
195
201
206
211
217
227
239
255
274
298
326
357
390
425
461
494
528
558
584
606
620
628
627
617
595
561
515
456
386
305
214
118
16
-87
-189
-287
-379
-462
-537
-602
-657
-703
-738
-766
-789
-806
-816
-823
-824
-822
-813
-797
-774
-742
-701
-650
-589
-519
-441
-357
-269
-178
-88
0
83
161
232
294
347
394
431
463
489
511
530
545
558
569
576
579
579
572
560
541
515
481
442
395
344
288
229
167
107
45
-15
-73
-130
-184
-237
-288
-337
-385
-430
-472
-511
-546
-577
-602
-621
-634
-639
-637
-627
-611
-588
-560
-527
-491
-451
-409
-367
-324
-282
-238
-196
-153
-110
-68
-26
16
58
97
134
170
200
226
246
259
266
264
257
240
220
194
166
136
106
78
53
35
19
11
8
10
16
25
37
48
58
67
75
81
84
87
90
94
100
109
123
139
160
183
209
236
263
288
313
335
354
372
389
401
413
422
428
428
426
417
401
375
339
294
237
172
97
16
-69
-155
-240
-320
-393
-458
-515
-559
-592
-618
-635
-645
-649
-649
-646
-642
-634
-626
-614
-598
-577
-550
-517
-476
-427
-370
-306
-236
-161
-86
-9
67
138
206
264
318
363
400
429
452
471
484
494
500
507
509
511
510
508
502
492
478
459
435
405
370
331
288
242
194
143
91
40
-11
-61
-110
-157
-201
-244
-284
-319
-351
-379
-402
-421
-434
-442
-446
-444
-437
-426
-410
-393
-370
-345
-320
-292
-263
-232
-201
-169
-138
-106
-74
-42
-11
19
48
75
99
121
140
155
168
175
179
178
173
164
154
140
123
105
87
70
54
41
30
24
20
22
27
34
44
55
66
78
88
98
105
114
121
126
133
142
152
163
179
194
210
229
246
261
275
286
294
299
303
305
306
309
312
316
323
329
335
339
338
333
321
298
265
221
169
106
36
-38
-114
-188
-258
-321
-377
-422
-455
-480
-494
-500
-500
-496
-488
-479
-470
-461
-453
-444
-434
-422
-404
-383
-354
-319
-276
-224
-168
-105
-38
29
96
160
218
271
314
349
376
395
407
411
413
411
408
405
401
397
395
391
387
380
368
355
338
317
291
262
230
194
157
116
74
32
-13
-59
-105
-153
-199
-244
-289
-330
-368
-401
-430
-455
-475
-489
-497
-502
-503
-500
-493
-484
-472
-456
-439
-421
-398
-375
-350
-324
-296
-267
-237
-206
-176
-144
-112
-80
-48
-17
12
39
63
85
103
116
126
132
134
132
127
120
112
103
94
86
78
71
66
63
62
61
64
67
70
75
80
83
86
87
88
87
85
82
79
76
75
75
77
82
87
95
105
113
123
131
139
144
148
152
154
157
160
166
174
185
199
214
229
245
255
262
261
253
235
207
171
126
75
22
-34
-90
-141
-187
-225
-256
-279
-293
-301
-304
-304
-301
-298
-298
-299
-301
-305
-310
-314
-315
-313
-305
-292
-270
-242
-207
-165
-119
-71
-21
27
74
115
151
181
203
218
229
233
235
233
231
229
229
230
233
240
246
253
257
262
262
258
249
234
215
188
160
128
92
58
23
-10
-43
-71
-97
-121
-143
-162
-180
-197
-214
-229
-246
-261
-276
-290
-302
-312
-319
-322
-320
-314
-305
-291
-273
-254
-230
-205
-180
-154
-127
-103
-78
-54
-31
-7
17
41
65
90
115
141
164
186
207
223
235
242
245
244
237
227
213
197
180
165
149
136
124
117
111
108
108
107
108
107
106
103
96
89
81
70
59
47
40
33
30
32
37
47
61
78
97
117
138
155
169
179
186
188
187
185
180
177
175
178
186
199
217
238
263
287
309
325
336
336
325
302
268
223
170
110
47
-16
-77
-132
-181
-221
-253
-276
-292
-301
-307
-310
-314
-319
-326
-335
-348
-363
-378
-392
-402
-407
-405
-397
-379
-352
-317
-275
-228
-177
-127
-78
-33
8
41
67
88
101
109
113
115
117
119
123
130
138
148
160
174
185
195
201
202
198
188
173
151
124
94
61
26
-10
-47
-82
-114
-146
-174
-201
-224
-245
-264
-279
-293
-305
-314
-322
-328
-332
-334
-335
-334
-332
-328
-322
-314
-305
-295
-281
-264
-246
-226
-203
-176
-150
-121
-91
-60
-29
1
31
60
84
108
129
146
160
172
179
182
183
181
175
170
161
152
143
133
124
116
108
100
93
88
81
76
71
66
61
56
52
48
44
40
38
36
34
35
35
36
42
44
49
55
62
69
76
83
91
97
103
109
115
119
123
127
131
136
142
149
158
169
182
196
213
231
247
263
277
288
293
295
291
281
265
243
218
188
157
122
90
58
29
3
-18
-37
-53
-66
-77
-87
-96
-108
-119
-132
-147
-164
-178
-194
-208
-218
-225
-228
-226
-217
-205
-187
-166
-144
-120
-95
-73
-52
-36
-21
-12
-4
-1
0
-1
-1
-1
-1
2
7
13
22
32
43
52
62
71
75
77
77
71
64
53
40
24
7
-10
-27
-44
-60
-76
-89
-102
-114
-126
-137
-148
-158
-169
-180
-189
-198
-207
-213
-218
-220
-221
-219
-215
-209
-198
-187
-174
-158
-142
-125
-107
-88
-71
-54
-37
-23
-10
3
13
23
31
38
45
52
58
64
69
74
77
81
83
85
84
83
81
77
74
70
67
64
61
60
60
59
61
63
65
68
70
72
72
73
74
75
75
76
78
80
83
86
91
97
103
110
118
125
132
137
144
148
152
154
156
157
158
161
162
164
169
172
176
181
186
191
196
200
203
206
207
208
207
207
203
198
192
183
174
162
147
130
112
93
70
49
25
4
-17
-38
-57
-74
-91
-105
-118
-131
-142
-154
-165
-177
-188
-199
-210
-219
-227
-233
-238
-238
-237
-234
-228
-218
-207
-195
-180
-165
-151
-137
-123
-111
-100
-91
-82
-76
-70
-64
-60
-57
-54
-52
-51
-50
-50
-50
-51
-54
-57
-62
-66
-73
-79
-86
-93
-101
-109
-118
-126
-134
-143
-150
-157
-165
-171
-178
-183
-189
-194
-198
-202
-204
-208
-208
-210
-209
-206
-203
-199
-192
-186
-175
-165
-154
-142
-128
-114
-99
-84
-68
-53
-38
-24
-10
2
14
24
35
43
51
57
62
66
70
71
72
73
72
71
69
67
65
64
62
60
60
59
59
59
60
62
62
63
65
66
66
67
65
65
65
64
64
63
62
62
61
62
64
66
70
73
77
83
87
92
98
104
108
114
118
123
126
130
134
138
142
147
151
156
161
165
169
172
175
176
178
176
173
168
162
155
148
138
129
120
112
105
97
91
85
81
76
73
68
64
57
51
44
36
27
18
10
1
-7
-13
-18
-22
-25
-27
-26
-25
-24
-22
-20
-20
-18
-16
-16
-15
-15
-14
-13
-11
-8
-5
0
4
11
17
23
30
36
41
44
49
49
49
49
47
44
42
38
35
33
30
28
27
26
24
23
21
20
17
13
8
1
-7
-15
-25
-34
-44
-55
-65
-75
-84
-92
-99
-106
-111
-115
-120
-123
-126
-130
-133
-136
-138
-141
-143
-145
-147
-147
-147
-146
-143
-139
-135
-129
-121
-115
-106
-98
-89
-80
-74
-66
-60
-55
-49
-45
-42
-38
-33
-31
-27
-23
-20
-15
-10
-6
-1
2
6
10
13
15
17
19
19
19
20
19
18
18
19
18
18
18
19
20
20
20
19
19
18
16
15
14
12
11
11
11
12
14
17
21
25
31
36
42
48
53
58
62
66
69
72
74
75
76
77
79
82
83
84
87
88
91
92
94
94
95
93
91
89
85
81
76
72
67
62
58
54
49
46
41
37
33
28
24
18
13
9
3
0
-4
-8
-11
-14
-16
-18
-20
-21
-22
-25
-27
-32
-36
-41
-47
-53
-60
-66
-72
-77
-81
-84
-86
-86
-85
-84
-83
-80
-78
-76
-76
-75
-75
-76
-77
-78
-80
-79
-78
-77
-73
-69
-63
-57
-51
-44
-39
-35
-33
-31
-33
-37
-42
-49
-57
-65
-73
-81
-88
-92
-95
-97
-97
-96
-94
-90
-86
-83
-79
-78
-74
-74
-74
-74
-73
-73
-73
-72
-70
-67
-64
-59
-54
-49
-44
-39
-34
-30
-27
-25
-22
-21
-20
-19
-17
-15
-13
-9
-6
0
5
10
16
21
26
32
37
41
44
46
49
50
52
52
53
54
54
55
56
55
56
56
56
55
54
54
54
52
52
51
51
51
51
52
53
53
55
58
60
62
66
68
72
77
80
86
90
96
100
106
110
115
120
124
127
130
133
134
136
136
138
138
138
138
139
138
138
138
137
136
134
132
129
126
123
118
116
110
106
102
98
94
90
87
83
80
78
74
72
68
65
63
60
56
53
50
48
45
43
40
37
36
33
30
27
24
21
18
15
12
9
6
5
3
2
0
-1
-3
-4
-7
-10
-15
-21
-28
-35
-44
-53
-62
-71
-79
-89
-95
-102
-106
-110
-113
-115
-117
-119
-119
-122
-124
-127
-132
-136
-140
-145
-150
-154
-156
-159
-159
-158
-156
-153
-148
-142
-138
-132
-126
-121
-116
-113
-109
-105
-103
-101
-97
-94
-92
-88
-85
-81
-76
-71
-66
-62
-59
-54
-51
-49
-46
-45
-45
-44
-44
-43
-43
-42
-42
-40
-38
-38
-37
-34
-33
-31
-29
-29
-28
-29
-28
-28
-28
-29
-30
-30
-30
-30
-29
-28
-27
-25
-23
-21
-19
-16
-14
-11
-9
-5
-2
1
5
9
12
17
21
26
29
33
37
40
42
45
45
47
47
47
47
47
47
46
46
47
48
47
48
47
47
47
47
45
43
42
40
38
35
33
30
29
28
26
25
24
24
24
23
22
21
20
19
17
16
14
13
11
10
9
8
7
7
8
9
9
10
10
11
11
11
12
12
11
11
11
12
12
12
13
13
15
15
16
17
17
18
18
17
17
16
14
13
11
10
8
7
5
5
5
4
3
3
2
1
2
1
2
2
2
2
2
3
2
2
2
2
2
1
0
0
-1
-1
-3
-3
-3
-4
-4
-4
-5
-4
-5
-5
-5
-6
-5
-5
-6
-6
-6
-6
-7
-6
-5
-5
-4
-3
-1
0
3
5
7
10
12
13
15
18
18
20
21
23
24
25
25
27
27
29
30
30
31
33
33
34
34
34
33
31
31
27
26
23
21
17
14
13
10
9
7
6
7
7
8
8
10
12
13
16
18
19
20
21
23
21
23
21
21
20
18
17
16
15
14
12
11
10
8
7
7
7
6
6
6
6
6
6
6
6
7
7
7
8
9
9
9
9
8
9
9
8
9
7
7
7
6
6
5
5
4
3
2
2
0
-2
-3
-4
-6
-7
-8
-10
-11
-12
-13
-13
-14
-15
-15
-15
-15
-15
-15
-14
-14
-14
-14
-14
-14
-15
-16
-15
-17
-17
-18
-20
-21
-22
-22
-24
-25
-27
-27
-28
-30
-31
-32
-33
-33
-34
-35
-37
-37
-38
-40
-41
-42
-43
-43
-45
-45
-45
-46
-46
-45
-45
-45
-45
-44
-44
-43
-43
-43
-43
-42
-43
-41
-40
-41
-39
-39
-37
-36
-34
-32
-31
-29
-28
-26
-25
-23
-21
-20
-20
-18
-17
-16
-16
-15
-15
-15
-15
-14
-12
-12
-10
-10
-9
-8
-7
-7
-5
-4
-3
-3
-2
0
0
1
1
3
4
4
6
6
7
9
9
11
11
12
13
13
14
14
15
16
16
16
17
16
17
18
19
19
21
22
23
24
25
25
25
26
28
28
28
27
28
27
27
27
27
26
26
26
26
25
24
25
24
24
24
24
22
22
22
22
21
20
21
19
19
19
19
19
20
20
20
21
22
22
22
22
23
22
23
22
22
21
21
20
19
19
19
19
19
18
19
19
20
20
22
23
24
25
25
25
26
27
27
27
26
26
26
25
24
23
24
22
22
22
23
22
23
22
22
21
21
21
21
21
20
19
18
17
18
17
16
15
14
14
13
12
12
10
10
9
7
6
5
3
1
0
-3
-4
-6
-7
-10
-10
-12
-13
-12
-13
-14
-14
-14
-14
-15
-14
-15
-14
-14
-13
-14
-13
-13
-12
-11
-11
-11
-10
-9
-9
-7
-8
-7
-6
-6
-6
-5
-5
-6
-5
-5
-5
-6
-6
-5
-6
-6
-6
-5
-5
-4
-4
-5
-5
-5
-6
-7
-6
-6
-7
-9
-8
-9
-10
-10
-11
-11
-11
-12
-13
-14
-15
-16
-16
-17
-17
-19
-18
-19
-19
-20
-20
-20
-19
-19
-19
-18
-18
-17
-17
-16
-15
-15
-16
-15
-15
-16
0
0
0
0
0
0
0
0
0
0
0
0
0
0
0
0
0
0
0
0
0
0
0
0
0
0
0
0
0
0
0
0
0
0
0
0
0
0
0
0
0
0
0
0
0
0
0
0
0
0
0
0
0
0
0
0
0
0
0
0
0
0
0
0
0
0
0
0
0
0
0
0
0
0
0
0
0
0
0
0
0
0
0
0
0
0
0
0
0
0
0
0
0
0
0
0
0
0
0
0
0
0
0
0
0
0
0
0
0
0
0
0
0
0
0
0
0
0
0
0
0
0
0
0
0
0
0
0
0
0
0
0
0
0
0
0
0
0
0
0
0
0
0
0
0
0
0
0
0
0
0
0
0
0
0
0
0
0
0
0
0
0
0
0
0
0
0
0
0
0
0
0
0
0
0
0
0
0
0
0
0
0
0
0
0
0
0
0
0
0
0
0
0
0
0
0
0
0
