0
0
0
0
0
0
0
0
0
0
0
0
0
0
0
0
0
0
0
0
0
0
0
0
0
0
0
0
0
0
0
0
0
0
0
0
0
0
0
0
0
0
0
0
0
0
0
0
0
0
0
0
0
0
0
0
0
0
0
0
0
0
0
0
0
0
0
0
0
0
0
0
0
0
0
0
0
0
0
0
0
0
0
0
0
0
0
0
0
0
0
0
0
0
0
0
0
0
0
0
0
0
0
0
0
0
0
0
0
0
0
0
0
0
0
0
0
0
0
0
0
0
0
0
0
0
0
0
0
0
0
0
0
0
0
0
0
0
0
0
0
0
0
0
0
0
0
0
0
0
0
0
0
0
0
0
0
0
0
0
0
0
0
0
0
0
0
0
0
0
0
0
0
0
0
0
0
0
0
0
0
0
0
0
0
0
0
0
0
0
0
0
0
0
0
0
0
0
19
28
36
47
60
74
90
101
110
114
114
119
125
135
147
160
170
182
192
204
219
234
246
249
244
238
241
252
262
247
188
89
-22
-114
-153
-153
-146
-175
-256
-371
-473
-520
-503
-447
-392
-366
-369
-378
-365
-312
-229
-140
-69
-27
-4
14
53
115
192
257
286
272
227
182
168
190
229
252
227
154
55
-28
-69
-65
-41
-28
-53
-110
-178
-228
-236
-204
-154
-111
-93
-96
-105
-94
-49
21
96
152
176
171
166
180
224
280
322
327
292
231
178
151
155
169
166
127
54
-32
-102
-138
-138
-123
-116
-136
-182
-232
-260
-251
-208
-151
-107
-94
-111
-130
-126
-81
-4
70
108
89
31
-25
-37
8
85
143
141
73
-23
-90
-97
-47
17
47
21
-47
-114
-143
-121
-68
-20
-3
-26
-67
-96
-92
-51
10
58
73
55
23
9
30
79
132
159
149
113
78
69
90
125
143
131
88
37
5
-1
13
29
27
2
-35
-70
-84
-76
-55
-36
-33
-45
-68
-81
-77
-56
-30
-14
-14
-28
-41
-42
-27
-3
15
19
7
-11
-22
-19
-6
7
12
0
-22
-45
-56
-54
-43
-28
-21
-25
-34
-39
-36
-22
-3
15
24
25
19
16
19
30
44
54
54
45
32
24
25
33
43
49
44
31
19
9
10
14
18
16
6
-6
-15
-19
-15
-10
-8
-12
-20
-28
-31
-26
-19
-13
-13
-17
-24
-26
-24
-16
-6
-1
-2
-8
-14
-16
-14
-8
-2
-1
-5
-10
-18
-23
-25
-22
-19
-17
-18
-22
-25
-24
-21
-13
-6
-2
-1
-1
2
8
16
24
29
30
30
29
29
31
33
34
34
31
27
24
20
18
16
18
20
22
21
18
14
9
8
7
8
7
3
-1
-8
-11
-15
-16
-15
-15
-15
-16
-17
-15
-12
-9
-6
-4
-5
-5
-6
-5
-2
0
-1
-1
-3
-6
-8
-8
-9
-8
-8
-9
-12
-14
-14
-13
-12
-9
-7
-6
-6
-6
-5
-2
1
2
3
3
2
-1
-2
-1
-2
-4
-5
-6
-7
-7
-6
-4
-3
-2
1
4
7
8
10
10
11
10
12
13
13
12
12
10
9
7
8
9
11
12
12
13
12
11
11
13
14
16
16
16
16
16
15
15
15
14
13
13
12
10
9
6
3
1
3
6
10
12
12
9
7
8
11
14
16
15
11
7
6
7
10
11
10
5
2
2
3
7
12
16
14
8
1
-3
0
5
8
8
4
0
-2
0
2
2
0
-4
-5
-1
4
8
7
3
-3
-7
-5
-1
5
9
8
5
-1
-3
-3
-4
-3
-4
-8
-11
-17
-22
-29
-31
-33
-36
-36
-34
-36
-40
-44
-48
-50
-47
-44
-42
-42
-44
-47
-49
-46
-42
-39
-35
-33
-34
-36
-37
-39
-36
-32
-26
-25
-33
-47
-59
-64
-62
-53
-43
-41
-49
-61
-68
-67
-59
-46
-37
-36
-42
-50
-53
-48
-35
-17
4
19
27
30
29
36
52
83
119
154
182
200
220
253
308
385
469
535
569
568
562
593
682
804
886
851
661
366
87
-58
-40
51
60
-122
-489
-906
-1191
-1239
-1101
-933
-887
-1006
-1205
-1337
-1292
-1066
-757
-507
-394
-395
-412
-337
-121
206
543
774
831
750
643
635
774
1008
1208
1255
1099
813
542
408
429
515
543
431
175
-136
-383
-489
-469
-411
-405
-499
-665
-820
-876
-802
-649
-517
-480
-536
-612
-610
-478
-248
-21
105
98
18
-33
20
171
347
459
449
333
193
113
117
171
213
194
100
-43
-173
-241
-244
-220
-216
-252
-322
-401
-444
-426
-360
-297
-281
-315
-366
-388
-347
-249
-133
-48
-17
-21
-15
35
131
252
358
426
454
469
506
580
685
807
916
987
1016
1051
1139
1259
1338
1334
1288
1264
1291
1367
1428
1309
872
217
-327
-515
-398
-233
-260
-616
-1274
-1962
-2293
-2127
-1733
-1480
-1494
-1670
-1868
-1941
-1740
-1271
-773
-483
-404
-383
-314
-146
184
672
1147
1385
1332
1128
972
990
1194
1494
1705
1644
1274
781
421
309
364
423
376
150
-248
-686
-962
-999
-913
-856
-886
-994
-1163
-1308
-1287
-1069
-776
-553
-444
-414
-409
-342
-128
221
577
802
856
795
733
770
936
1162
1326
1326
1155
895
673
559
527
500
415
243
-18
-316
-568
-726
-814
-877
-946
-1040
-1167
-1297
-1362
-1320
-1199
-1067
-971
-917
-876
-804
-661
-443
-207
-25
77
127
176
257
383
532
655
706
678
604
540
515
517
506
443
331
191
65
-17
-57
-86
-139
-217
-290
-330
-324
-281
-208
-131
-76
-48
-20
56
214
440
664
814
895
977
1120
1320
1545
1764
1920
1970
1952
1927
1819
1482
940
452
230
208
194
43
-350
-1028
-1788
-2232
-2189
-1927
-1811
-1927
-2147
-2372
-2501
-2368
-1953
-1495
-1238
-1153
-1061
-887
-635
-267
233
727
1018
1071
1028
1043
1179
1439
1759
2000
1997
1710
1303
1008
923
963
983
890
629
197
-280
-607
-711
-704
-735
-857
-1051
-1288
-1485
-1525
-1378
-1153
-979
-891
-869
-863
-779
-540
-174
180
416
519
535
556
675
905
1121
1176
1067
917
827
806
804
748
574
288
2
-168
-222
-272
-414
-631
-844
-1000
-1086
-1112
-1100
-1091
-1111
-1135
-1104
-1016
-915
-815
-685
-525
-390
-302
-207
-70
87
232
365
466
503
494
506
568
641
670
648
587
501
424
392
398
410
405
383
353
331
327
359
451
592
722
797
856
966
1112
1216
1282
1386
1521
1625
1707
1764
1605
1043
285
-184
-159
87
207
45
-490
-1373
-2197
-2419
-1995
-1496
-1399
-1654
-2007
-2326
-2443
-2126
-1452
-873
-699
-785
-844
-768
-525
-35
628
1153
1280
1080
838
784
990
1391
1812
2009
1817
1310
790
549
623
814
902
768
385
-163
-645
-830
-730
-588
-593
-764
-1034
-1320
-1477
-1371
-1058
-764
-650
-690
-764
-774
-636
-317
110
470
625
589
498
500
662
945
1225
1347
1203
846
491
348
428
558
546
317
-83
-512
-801
-852
-748
-695
-823
-1078
-1319
-1445
-1425
-1266
-1051
-911
-927
-1022
-1048
-924
-670
-374
-124
5
2
-34
31
243
509
711
790
747
639
566
595
711
817
830
735
581
446
403
472
590
654
601
468
381
447
655
887
1056
1159
1189
1136
1084
1172
1421
1689
1870
1937
1746
1109
206
-392
-344
72
345
221
-355
-1338
-2332
-2684
-2204
-1500
-1263
-1553
-2026
-2457
-2665
-2380
-1606
-855
-613
-790
-988
-991
-759
-219
566
1222
1385
1100
730
601
820
1306
1836
2104
1904
1308
662
344
458
765
939
815
389
-225
-778
-986
-809
-543
-496
-711
-1055
-1392
-1563
-1420
-1024
-654
-537
-639
-788
-844
-695
-301
205
577
671
553
404
394
611
982
1275
1284
1018
667
438
410
513
566
408
47
-353
-616
-692
-666
-668
-792
-1013
-1235
-1351
-1330
-1207
-1063
-975
-967
-990
-977
-891
-721
-481
-247
-107
-68
-47
35
190
392
592
716
715
640
606
665
773
870
916
868
727
577
528
599
706
765
750
699
671
705
807
976
1188
1348
1370
1308
1306
1416
1587
1790
1953
1788
1071
102
-471
-369
43
290
147
-497
-1584
-2578
-2776
-2156
-1473
-1342
-1678
-2144
-2572
-2730
-2317
-1449
-738
-593
-801
-968
-939
-660
-46
774
1374
1431
1085
737
685
985
1508
2010
2191
1885
1236
635
427
609
881
960
746
258
-373
-877
-996
-780
-561
-599
-867
-1216
-1519
-1628
-1422
-997
-655
-594
-751
-926
-942
-694
-210
316
637
654
480
327
380
694
1132
1455
1509
1314
972
578
271
202
351
505
435
93
-419
-933
-1253
-1236
-964
-746
-843
-1211
-1573
-1700
-1558
-1240
-910
-757
-858
-1067
-1118
-883
-474
-95
126
174
101
39
141
452
839
1103
1140
1016
867
802
874
1046
1203
1212
1054
845
720
727
839
1001
1126
1120
1011
966
1085
1283
1426
1506
1560
1572
1570
1649
1706
1385
589
-209
-465
-220
60
56
-337
-1161
-2179
-2756
-2476
-1762
-1399
-1606
-2045
-2434
-2661
-2503
-1840
-1034
-643
-741
-947
-976
-789
-350
354
1063
1381
1206
841
659
829
1281
1798
2109
1998
1483
850
477
529
814
980
839
412
-183
-746
-1013
-899
-644
-588
-823
-1197
-1535
-1702
-1589
-1223
-842
-697
-802
-968
-1009
-835
-442
60
469
620
529
380
387
635
1031
1374
1502
1381
1121
891
789
726
542
225
-69
-211
-248
-330
-557
-912
-1298
-1559
-1565
-1352
-1166
-1201
-1391
-1548
-1570
-1451
-1238
-1001
-828
-762
-727
-605
-375
-114
119
321
475
560
634
771
966
1159
1294
1342
1289
1165
1058
1034
1094
1178
1192
1101
985
934
967
1051
1164
1298
1395
1390
1334
1358
1502
1677
1836
1937
1713
934
-82
-635
-427
108
381
132
-670
-1866
-2868
-2959
-2150
-1306
-1174
-1676
-2330
-2831
-2918
-2350
-1329
-554
-491
-877
-1175
-1127
-698
68
930
1450
1359
888
519
583
1075
1718
2159
2166
1713
1017
468
394
752
1120
1116
700
56
-589
-990
-961
-623
-389
-550
-998
-1459
-1731
-1697
-1346
-871
-594
-665
-935
-1134
-1060
-667
-86
421
634
537
314
205
387
847
1342
1587
1500
1219
921
685
516
425
399
368
259
30
-310
-712
-1064
-1233
-1195
-1075
-1079
-1291
-1567
-1705
-1641
-1440
-1217
-1076
-1078
-1168
-1158
-919
-539
-205
-16
73
132
216
395
701
1030
1229
1268
1249
1253
1268
1292
1349
1411
1406
1304
1170
1106
1145
1240
1312
1330
1340
1376
1410
1439
1512
1637
1743
1821
1921
1862
1293
287
-503
-535
-33
358
275
-349
-1467
-2654
-3117
-2518
-1557
-1186
-1573
-2230
-2782
-3019
-2664
-1717
-786
-527
-874
-1243
-1263
-899
-203
661
1307
1380
960
523
486
932
1605
2137
2267
1924
1257
621
416
733
1185
1288
924
291
-376
-863
-957
-658
-351
-433
-895
-1420
-1744
-1769
-1489
-1045
-734
-765
-1043
-1275
-1234
-861
-290
215
453
408
232
126
267
704
1232
1524
1462
1204
942
710
494
386
418
475
393
139
-215
-616
-985
-1189
-1159
-1017
-1005
-1215
-1490
-1632
-1595
-1465
-1312
-1186
-1166
-1241
-1256
-1054
-694
-379
-216
-144
-75
31
216
529
885
1117
1173
1156
1177
1235
1298
1381
1467
1484
1386
1251
1216
1307
1431
1496
1520
1565
1613
1612
1612
1698
1837
1933
2011
2076
1825
975
-127
-693
-424
151
386
52
-855
-2151
-3197
-3214
-2279
-1399
-1348
-1960
-2666
-3146
-3154
-2466
-1355
-590
-624
-1105
-1401
-1241
-652
227
1089
1518
1321
790
460
667
1334
2055
2434
2301
1731
995
496
557
1055
1447
1310
708
-44
-687
-1012
-882
-489
-310
-622
-1238
-1771
-1982
-1821
-1369
-898
-727
-949
-1321
-1484
-1235
-649
-9
391
452
278
73
80
455
1073
1568
1663
1401
961
518
282
431
855
1118
886
244
-449
-905
-1015
-810
-528
-513
-912
-1495
-1860
-1813
-1487
-1154
-1022
-1144
-1425
-1635
-1526
-1069
-520
-208
-224
-380
-448
-287
124
670
1109
1217
1037
858
900
1154
1462
1697
1761
1599
1304
1113
1200
1498
1760
1814
1691
1553
1521
1614
1808
2027
2142
2084
1982
1969
1827
1199
233
-414
-356
51
236
-33
-788
-1943
-3009
-3216
-2451
-1593
-1483
-2047
-2709
-3127
-3139
-2558
-1551
-793
-760
-1175
-1410
-1192
-609
178
946
1370
1270
861
600
793
1382
2020
2363
2278
1826
1211
744
723
1114
1456
1340
800
127
-463
-820
-803
-522
-375
-657
-1235
-1738
-1938
-1808
-1438
-1041
-886
-1068
-1390
-1522
-1267
-691
-80
284
331
194
62
119
487
1069
1534
1615
1365
968
580
362
469
848
1128
945
302
-456
-970
-1092
-851
-486
-408
-824
-1506
-1994
-1998
-1583
-1100
-902
-1075
-1446
-1733
-1650
-1140
-490
-104
-134
-385
-529
-347
148
752
1200
1299
1083
834
837
1126
1517
1811
1870
1655
1310
1097
1192
1523
1833
1912
1780
1623
1561
1614
1795
2041
2188
2161
2098
1988
1525
616
-258
-493
-105
296
229
-393
-1480
-2711
-3386
-2991
-2008
-1478
-1820
-2584
-3208
-3422
-3047
-2105
-1119
-763
-1115
-1576
-1581
-1050
-205
669
1248
1294
906
518
548
1083
1833
2361
2397
1989
1375
844
688
1003
1459
1547
1105
392
-283
-718
-798
-564
-323
-448
-985
-1606
-1958
-1927
-1597
-1168
-916
-1012
-1347
-1601
-1503
-1004
-321
190
328
188
-4
-38
245
837
1443
1697
1515
1089
666
435
507
831
1130
1050
480
-278
-797
-913
-735
-471
-418
-782
-1396
-1860
-1905
-1554
-1103
-929
-1131
-1482
-1723
-1671
-1244
-632
-221
-211
-439
-601
-454
24
615
1055
1207
1079
867
847
1112
1486
1750
1814
1659
1380
1201
1275
1533
1792
1881
1763
1615
1614
1733
1895
2082
2204
2180
2140
2150
1890
1105
112
-440
-277
193
371
-22
-968
-2249
-3265
-3299
-2422
-1623
-1644
-2300
-3022
-3449
-3329
-2560
-1505
-865
-978
-1456
-1655
-1294
-518
389
1113
1358
1081
644
521
913
1657
2325
2539
2235
1637
1036
724
897
1374
1634
1359
688
-58
-623
-842
-690
-398
-351
-751
-1398
-1896
-2014
-1785
-1364
-1014
-974
-1238
-1542
-1582
-1219
-566
37
305
246
63
-18
171
683
1318
1713
1670
1289
842
582
595
804
1028
1008
580
-86
-607
-789
-720
-569
-547
-804
-1243
-1614
-1738
-1562
-1223
-1032
-1144
-1395
-1571
-1559
-1287
-816
-405
-254
-345
-485
-425
-57
460
892
1135
1160
1030
958
1111
1418
1698
1824
1739
1501
1318
1340
1532
1772
1918
1880
1753
1712
1784
1919
2105
2261
2288
2280
2260
1905
1019
6
-500
-292
218
422
-5
-1037
-2390
-3419
-3400
-2446
-1596
-1616
-2304
-3082
-3564
-3450
-2623
-1488
-804
-943
-1494
-1744
-1362
-507
475
1233
1451
1087
567
455
952
1801
2500
2651
2226
1539
931
661
888
1402
1647
1308
561
-232
-780
-937
-749
-468
-440
-858
-1523
-2015
-2113
-1862
-1430
-1075
-1047
-1334
-1641
-1656
-1257
-571
45
295
206
15
-57
158
725
1412
1812
1743
1296
704
323
360
702
1049
1056
520
-317
-923
-1062
-852
-492
-344
-701
-1342
-1804
-1866
-1522
-1011
-785
-1012
-1419
-1706
-1684
-1243
-582
-134
-102
-334
-553
-473
12
653
1136
1346
1269
1005
866
1080
1496
1827
1939
1795
1516
1368
1458
1696
1992
2226
2241
2080
1942
1941
2088
2334
2563
2671
2429
1530
204
-697
-641
-2
508
413
-486
-2012
-3467
-3927
-3120
-1905
-1433
-1956
-2878
-3633
-3852
-3223
-1935
-850
-672
-1213
-1719
-1627
-879
219
1231
1743
1541
892
467
741
1586
2484
2936
2703
1955
1115
577
603
1157
1695
1616
886
-68
-849
-1222
-1106
-711
-462
-694
-1370
-2074
-2382
-2207
-1734
-1236
-1006
-1172
-1532
-1714
-1476
-824
-54
436
508
326
133
153
562
1285
1926
2069
1607
847
298
266
651
1106
1237
790
-98
-884
-1134
-870
-433
-244
-551
-1171
-1687
-1838
-1586
-1096
-768
-887
-1295
-1614
-1609
-1232
-651
-194
-61
-194
-391
-379
8
602
1092
1329
1307
1096
933
1044
1389
1736
1895
1818
1613
1476
1508
1689
1978
2274
2404
2293
2111
2061
2176
2394
2661
2737
2196
958
-341
-859
-442
264
533
40
-1200
-2804
-3902
-3714
-2544
-1569
-1563
-2305
-3196
-3762
-3611
-2618
-1320
-592
-769
-1355
-1619
-1223
-285
817
1636
1800
1341
765
663
1225
2145
2861
2947
2409
1579
846
551
850
1440
1689
1255
349
-578
-1202
-1373
-1116
-714
-628
-1090
-1841
-2396
-2488
-2154
-1611
-1172
-1084
-1327
-1621
-1640
-1202
-436
257
562
507
325
237
445
1001
1627
1913
1686
1122
603
406
487
670
814
714
235
-380
-774
-886
-829
-723
-733
-922
-1183
-1427
-1553
-1434
-1170
-1038
-1093
-1193
-1243
-1172
-917
-537
-180
21
10
-83
6
363
817
1184
1380
1359
1192
1082
1165
1397
1662
1827
1815
1690
1605
1654
1871
2179
2388
2401
2326
2248
2236
2387
2486
2018
896
-252
-736
-474
24
173
-323
-1470
-2933
-3893
-3654
-2598
-1825
-1897
-2515
-3204
-3601
-3364
-2424
-1284
-692
-853
-1256
-1294
-793
67
981
1594
1664
1303
947
996
1545
2309
2806
2727
2177
1488
940
750
995
1395
1458
953
104
-694
-1199
-1346
-1178
-913
-919
-1358
-1984
-2420
-2476
-2180
-1713
-1343
-1239
-1357
-1505
-1450
-1045
-390
205
504
542
500
530
748
1170
1596
1734
1469
985
617
576
755
905
843
476
-132
-668
-842
-694
-483
-459
-741
-1194
-1525
-1577
-1390
-1093
-878
-925
-1159
-1305
-1200
-894
-526
-232
-85
-65
-63
58
375
809
1145
1242
1181
1124
1149
1275
1489
1695
1780
1724
1596
1517
1600
1862
2182
2389
2411
2298
2161
2122
2288
2546
2409
1485
126
-791
-797
-244
190
53
-845
-2375
-3804
-4149
-3241
-2057
-1631
-2070
-2853
-3517
-3672
-3000
-1707
-621
-383
-779
-1115
-942
-246
723
1586
1986
1816
1351
1089
1357
2048
2712
2910
2526
1806
1115
711
739
1121
1420
1168
374
-551
-1253
-1570
-1469
-1113
-901
-1158
-1805
-2437
-2696
-2487
-1964
-1418
-1119
-1156
-1376
-1484
-1243
-628
113
631
774
709
654
727
1018
1483
1805
1683
1190
674
425
472
620
657
467
25
-542
-923
-935
-755
-659
-752
-999
-1279
-1437
-1414
-1249
-1015
-856
-894
-1018
-1008
-820
-560
-262
43
232
266
292
456
770
1120
1350
1407
1385
1351
1311
1345
1523
1725
1798
1750
1670
1649
1776
2022
2231
2317
2319
2248
2164
2219
2303
1927
871
-331
-908
-691
-172
53
-365
-1488
-3004
-4112
-4034
-2939
-1926
-1800
-2378
-3106
-3606
-3527
-2643
-1370
-523
-448
-760
-887
-537
224
1110
1776
1994
1786
1453
1394
1783
2398
2816
2736
2182
1469
929
708
821
1113
1187
706
-200
-1072
-1593
-1706
-1485
-1172
-1128
-1515
-2141
-2649
-2760
-2410
-1800
-1288
-1102
-1199
-1367
-1357
-995
-333
351
770
864
782
730
807
996
1215
1366
1329
1062
713
452
303
202
104
-39
-264
-529
-766
-929
-975
-931
-931
-1057
-1217
-1300
-1286
-1160
-934
-728
-660
-704
-742
-663
-391
10
367
574
642
640
687
869
1143
1406
1588
1633
1532
1414
1441
1603
1777
1888
1921
1919
1967
2095
2234
2353
2436
2416
2335
2307
2129
1371
119
-854
-980
-501
-78
-177
-983
-2411
-3893
-4499
-3800
-2506
-1783
-2023
-2748
-3431
-3734
-3293
-2092
-832
-270
-394
-642
-573
-60
772
1595
2076
2116
1887
1704
1849
2333
2828
2943
2567
1919
1319
949
849
979
1132
928
201
-744
-1461
-1785
-1769
-1518
-1280
-1374
-1861
-2465
-2842
-2779
-2271
-1582
-1091
-965
-1083
-1222
-1144
-686
55
748
1111
1147
1036
964
1014
1159
1288
1299
1129
823
543
397
295
109
-154
-437
-696
-862
-914
-919
-926
-975
-1129
-1339
-1425
-1322
-1134
-927
-717
-586
-575
-586
-515
-318
8
385
676
840
936
1001
1065
1205
1426
1634
1749
1746
1672
1649
1745
1874
1953
2007
2081
2160
2235
2323
2420
2480
2463
2413
2344
2004
1074
-215
-1071
-1015
-443
-103
-405
-1410
-2922
-4297
-4654
-3765
-2472
-1851
-2156
-2897
-3535
-3711
-3154
-1969
-783
-189
-176
-304
-212
222
920
1631
2089
2225
2166
2095
2165
2441
2756
2798
2436
1874
1383
1070
941
978
1000
700
-19
-883
-1524
-1791
-1745
-1540
-1414
-1585
-2047
-2565
-2852
-2729
-2205
-1547
-1100
-994
-1076
-1132
-990
-533
167
841
1225
1260
1081
907
898
1039
1201
1254
1127
835
499
238
63
-85
-268
-506
-742
-888
-942
-976
-1025
-1106
-1253
-1420
-1476
-1359
-1132
-881
-691
-629
-664
-677
-577
-335
30
426
717
842
864
885
973
1155
1392
1604
1723
1739
1706
1719
1817
1947
2038
2113
2218
2337
2425
2484
2517
2494
2440
2409
2204
1445
155
-968
-1226
-726
-208
-282
-1102
-2512
-4024
-4819
-4365
-3109
-2137
-2079
-2694
-3410
-3801
-3574
-2675
-1487
-578
-185
-132
-132
46
501
1122
1678
2058
2297
2407
2392
2370
2448
2516
2390
2071
1719
1420
1178
1005
878
648
182
-467
-1080
-1473
-1584
-1486
-1381
-1484
-1839
-2278
-2582
-2602
-2284
-1739
-1245
-1030
-1058
-1118
-1032
-717
-207
345
769
1002
1055
995
961
1045
1150
1120
957
776
645
537
394
191
-62
-346
-623
-806
-834
-777
-767
-870
-1055
-1238
-1335
-1320
-1208
-1014
-776
-605
-573
-610
-587
-451
-210
103
434
694
834
888
947
1078
1274
1460
1574
1628
1678
1767
1891
2015
2108
2172
2240
2334
2445
2559
2648
2664
2619
2571
2389
1719
494
-665
-997
-477
136
104
-752
-2163
-3611
-4429
-4178
-3125
-2130
-1883
-2392
-3175
-3706
-3636
-2941
-1941
-1036
-424
-118
-84
-163
-60
387
1038
1660
2153
2454
2481
2275
2061
2001
2057
2101
2044
1840
1506
1163
893
634
285
-125
-501
-814
-1051
-1185
-1245
-1357
-1597
-1897
-2122
-2170
-2013
-1722
-1439
-1265
-1189
-1138
-1048
-863
-532
-98
312
592
723
744
748
839
1012
1113
1019
786
571
481
510
546
445
148
-248
-559
-659
-569
-431
-402
-560
-841
-1091
-1193
-1129
-950
-731
-570
-528
-578
-618
-566
-397
-134
162
403
533
578
612
698
843
1009
1129
1175
1174
1180
1232
1332
1447
1541
1575
1574
1620
1755
1911
2004
1999
1924
1858
1873
1879
1582
810
-139
-659
-457
109
360
-109
-1170
-2307
-2958
-2873
-2304
-1756
-1558
-1718
-2097
-2526
-2778
-2646
-2130
-1437
-793
-358
-235
-406
-649
-655
-265
425
1165
1658
1695
1332
888
688
824
1158
1467
1558
1354
939
493
157
-13
-29
58
123
33
-245
-604
-899
-1030
-972
-798
-649
-629
-729
-863
-944
-909
-752
-529
-338
-243
-230
-233
-188
-72
81
191
215
186
171
210
296
358
317
168
4
-71
-32
64
142
143
59
-69
-181
-249
-277
-263
-201
-109
-55
-97
-231
-390
-481
-442
-289
-124
-48
-86
-190
-288
-302
-205
-51
79
148
171
178
184
199
227
271
335
420
500
533
517
490
492
535
598
647
658
632
599
595
623
661
692
689
644
577
497
405
300
214
174
167
154
97
-32
-228
-429
-548
-544
-461
-380
-354
-380
-435
-488
-521
-529
-512
-455
-349
-221
-137
-146
-229
-303
-283
-138
61
205
214
100
-62
-186
-230
-199
-139
-93
-91
-128
-201
-295
-381
-414
-367
-265
-155
-84
-74
-110
-148
-144
-82
21
126
205
240
233
206
190
206
260
335
398
421
397
344
295
273
282
303
314
293
238
161
78
15
-16
-16
-5
-9
-43
-105
-175
-229
-252
-244
-214
-179
-159
-164
-194
-237
-267
-261
-206
-132
-74
-58
-82
-117
-132
-115
-67
-12
33
53
49
28
4
-13
-10
15
55
92
108
91
41
-11
-31
-6
44
87
100
81
45
15
15
51
106
161
195
209
211
215
236
279
336
397
446
473
477
469
469
486
511
533
542
528
492
448
410
377
344
297
241
180
120
60
5
-55
-120
-185
-241
-282
-314
-344
-379
-414
-445
-469
-479
-481
-478
-475
-471
-463
-451
-437
-419
-400
-374
-338
-296
-257
-228
-207
-187
-160
-119
-70
-28
-6
-3
-6
1
24
62
94
106
96
76
64
68
81
89
84
65
44
35
38
49
55
56
52
57
69
88
106
121
134
146
158
165
172
175
177
177
172
163
144
120
96
79
67
49
21
-24
-80
-133
-172
-194
-212
-238
-283
-338
-392
-426
-435
-426
-420
-429
-455
-480
-487
-468
-425
-374
-335
-314
-303
-284
-245
-189
-124
-62
-16
18
48
82
127
174
220
255
279
298
312
320
327
330
333
329
320
306
288
266
244
221
199
174
147
126
114
105
97
87
74
63
57
60
65
69
64
62
61
69
83
98
109
113
115
114
112
111
116
122
125
120
108
85
54
26
6
-7
-21
-39
-69
-106
-145
-175
-196
-210
-223
-239
-258
-270
-279
-283
-285
-291
-293
-292
-281
-263
-239
-220
-202
-182
-157
-126
-91
-54
-18
16
49
75
97
113
127
143
163
187
207
221
221
212
196
182
178
180
182
177
154
119
77
43
22
15
13
5
-15
-41
-65
-76
-71
-55
-39
-28
-28
-30
-25
-9
13
37
56
65
69
74
85
101
112
118
113
103
91
79
68
56
37
14
-9
-34
-58
-81
-102
-121
-138
-154
-165
-174
-178
-179
-175
-169
-160
-150
-138
-123
-104
-84
-63
-43
-25
-4
18
46
76
102
120
129
134
142
159
180
198
205
196
179
166
159
161
167
166
154
135
110
91
79
72
65
54
38
17
2
-6
-11
-13
-21
-33
-43
-46
-40
-28
-15
-10
-11
-15
-16
-7
6
21
32
39
39
35
29
27
29
35
45
50
45
34
19
3
-9
-18
-25
-33
-44
-60
-79
-98
-113
-125
-133
-136
-141
-145
-149
-152
-152
-146
-136
-126
-115
-103
-88
-69
-48
-27
-10
2
15
30
48
67
84
94
99
101
100
99
99
93
86
74
60
45
29
11
-11
-33
-54
-70
-82
-90
-97
-105
-113
-120
-124
-124
-115
-102
-88
-81
-77
-73
-66
-51
-33
-16
-1
7
13
19
25
31
37
44
47
50
51
46
36
24
16
12
11
7
-3
-18
-36
-48
-51
-49
-46
-52
-61
-72
-80
-81
-76
-68
-61
-54
-54
-53
-52
-47
-35
-19
1
18
28
33
34
36
43
55
70
81
84
80
69
58
52
52
58
62
58
46
30
11
-4
-9
-11
-15
-21
-33
-49
-64
-73
-76
-77
-77
-75
-72
-70
-67
-63
-58
-52
-42
-31
-17
-4
7
16
23
30
37
46
56
65
72
74
73
68
62
56
52
46
39
28
15
0
-15
-30
-42
-52
-60
-65
-70
-75
-79
-84
-83
-78
-68
-56
-43
-32
-22
-13
-3
11
26
42
57
69
77
84
90
96
102
107
108
110
108
103
96
86
77
69
62
53
43
30
16
3
-9
-17
-23
-29
-35
-41
-46
-49
-50
-50
-47
-41
-34
-29
-22
-16
-10
-2
9
22
34
45
52
57
60
66
72
79
85
88
85
77
69
59
55
51
48
42
30
16
2
-8
-15
-18
-18
-20
-23
-30
-36
-40
-41
-37
-30
-24
-18
-14
-10
-7
-3
3
9
20
31
38
43
46
46
45
47
48
51
55
54
51
45
38
31
24
20
17
12
6
-2
-12
-21
-30
-38
-44
-49
-52
-56
-59
-63
-67
-69
-69
-65
-58
-50
-41
-34
-28
-22
-15
-5
6
19
29
37
42
46
49
52
57
61
63
63
58
55
47
41
33
26
20
11
2
-8
-20
-31
-40
-50
-55
-60
-65
-68
-71
-72
-73
-72
-69
-64
-58
-51
-46
-40
-34
-28
-21
-15
-8
-2
2
4
6
8
10
12
12
10
8
4
-2
-5
-9
-12
-16
-22
-29
-35
-39
-42
-45
-48
-50
-50
-50
-49
-48
-44
-41
-38
-35
-29
-24
-16
-9
-3
0
2
7
12
20
27
31
33
32
30
29
31
33
34
33
29
22
16
10
6
3
1
-3
-8
-15
-23
-29
-35
-39
-40
-41
-41
-43
-45
-47
-49
-49
-44
-39
-32
-26
-20
-16
-13
-9
-3
5
15
24
32
36
37
38
41
44
49
54
55
52
46
41
37
35
33
29
22
12
3
-4
-8
-8
-11
-15
-23
-30
-36
-38
-33
-27
-22
-18
-19
-22
-22
-17
-7
2
11
17
20
19
19
19
22
24
27
31
32
31
26
20
11
7
4
7
9
10
7
0
-9
-16
-19
-16
-11
-6
-4
-5
-8
-11
-12
-10
-6
0
6
11
13
13
13
13
15
18
24
30
34
35
35
33
29
30
32
33
36
37
35
29
24
19
16
13
13
11
8
2
-3
-9
-13
-16
-17
-19
-19
-21
-23
-25
-25
-25
-22
-18
-14
-10
-7
-4
-1
3
7
13
20
24
29
32
33
33
34
36
40
40
39
36
31
26
21
20
18
14
10
3
-2
-7
-9
-10
-11
-14
-17
-21
-22
-20
-18
-13
-11
-11
-11
-11
-9
-4
1
6
7
9
9
9
10
10
10
11
12
11
9
8
4
0
-4
-7
-8
-8
-7
-9
-12
-17
-22
-25
-25
-22
-19
-16
-15
-17
-19
-19
-17
-14
-8
-3
0
2
2
2
4
5
10
13
16
19
19
19
18
16
15
13
13
13
13
11
8
2
-3
-8
-11
-13
-14
-16
-18
-23
-29
-34
-37
-38
-37
-34
-32
-33
-35
-35
-36
-32
-28
-23
-18
-15
-14
-12
-9
-7
-3
1
3
6
6
6
6
6
7
5
4
3
1
-1
-3
-6
-8
-10
-12
-15
-17
-19
-20
-20
-20
-19
-20
-19
-19
-17
-14
-11
-9
-5
-3
-1
2
5
8
10
13
15
15
16
16
18
17
16
14
12
11
9
8
6
2
-1
-4
-7
-9
-9
-10
-12
-15
-17
-21
-21
-21
-20
-18
-17
-18
-19
-19
-19
-16
-13
-11
-8
-7
-7
-6
-5
-2
1
4
5
6
8
8
10
11
11
14
13
13
13
13
14
13
12
11
8
7
6
6
5
3
1
0
-2
-4
-5
-5
-5
-5
-5
-5
-5
-5
-5
-3
-1
0
2
4
5
8
9
11
13
15
15
17
17
18
18
18
18
16
15
13
12
11
8
7
4
2
-2
-3
-5
-7
-7
-8
-8
-9
-8
-8
-7
-5
-4
-2
1
3
6
8
11
12
15
17
19
20
22
24
24
24
23
20
19
19
18
17
15
14
10
8
6
4
4
3
3
2
0
-1
-2
-2
-1
-1
0
0
0
-2
-1
0
1
1
1
1
1
0
0
0
1
1
1
1
0
1
1
1
3
2
2
2
3
3
3
5
4
4
4
2
3
3
3
3
2
2
1
0
0
0
1
0
2
1
0
1
0
2
2
3
4
3
4
4
3
5
5
5
5
4
3
2
1
0
-1
-3
-4
-5
-6
-7
-8
-9
-11
-13
-14
-14
-14
-14
-14
-13
-13
-12
-13
-11
-11
-10
-8
-7
-7
-5
-5
-4
-3
-2
-2
-1
-1
-1
-1
-1
-1
-1
-1
-3
-4
-4
-4
-4
-4
-6
-7
-8
-8
-9
-8
-8
-8
-7
-8
-8
-8
-8
-6
-6
-5
-3
-3
-3
-2
-2
-1
-1
0
0
0
-1
0
0
-1
-2
-2
-3
-4
-4
-4
-5
-7
-7
-8
-8
-9
-8
-9
-9
-8
-8
-9
-8
-8
-7
-6
-5
-4
-3
-3
-2
-2
0
0
1
2
3
4
4
3
4
5
4
5
5
5
5
4
4
3
3
3
2
2
1
1
0
0
0
0
-1
-1
-1
0
-1
-1
-2
-2
-2
-2
-2
-1
0
0
0
0
0
0
-1
1
0
1
0
0
1
1
1
1
2
1
2
2
2
2
2
2
1
2
2
2
2
3
3
3
2
3
3
4
4
3
4
5
5
5
5
6
7
6
6
7
7
7
8
8
8
7
6
7
6
6
6
5
4
3
2
1
1
0
-1
-2
-2
-3
-4
-4
-4
-4
-5
-3
-3
-2
-2
-1
0
2
2
3
4
5
7
7
8
9
10
10
11
11
11
10
10
11
10
9
8
8
7
6
6
5
4
3
2
2
1
0
0
0
-2
-2
-1
-1
-1
-2
-2
-1
-2
-1
-2
-1
-2
-1
-1
-1
-1
0
0
0
2
1
1
1
1
1
1
1
1
1
1
1
1
0
0
0
0
0
0
0
0
-1
-1
-1
-1
-1
-1
-1
-1
-1
-1
-1
0
-1
0
0
0
0
1
0
0
0
0
0
0
0
-1
0
-1
-1
-2
-1
-2
-2
-2
-3
-3
-4
-4
-3
-5
-4
-4
-5
-4
-5
-6
-5
-4
-5
-5
-4
-5
-4
-4
-4
-4
-5
-4
-3
-4
-3
-3
-3
-2
-3
-2
-2
-3
-2
-2
-2
-3
-4
-3
-3
-3
-3
-4
-4
-4
-3
-4
-3
-3
-4
-3
-3
-3
-3
-3
-3
-3
-2
-2
-1
-1
-1
0
0
0
0
1
0
0
0
0
0
0
0
-1
0
-1
-1
-2
-1
-2
-2
-2
-3
-3
-3
-3
-4
-3
-4
-4
-3
-3
-3
-2
-2
-2
-1
-1
0
0
0
1
0
2
2
2
3
3
3
2
3
3
3
3
3
2
2
2
2
1
1
1
0
-1
-1
-2
-2
-2
-2
-3
-4
-3
-4
-4
-4
-3
-3
-3
-3
-2
-2
-1
-1
0
1
1
1
2
2
3
4
4
4
5
5
5
5
5
5
5
4
3
3
4
3
3
2
2
0
0
0
0
0
-2
0
-1
-2
-2
-2
-2
-2
-2
-1
-1
-1
-1
0
0
0
1
2
2
2
2
3
3
3
3
4
4
4
4
3
4
4
3
3
2
2
2
2
2
2
1
2
1
1
1
0
1
0
0
1
0
1
0
0
0
0
1
1
1
2
2
2
3
3
3
4
3
4
4
4
3
3
3
3
3
2
2
1
1
1
1
0
0
0
-1
-2
-2
-1
-3
-2
-3
-2
-2
-3
-2
-2
-2
-1
-1
-1
0
-1
0
0
0
1
0
2
1
1
2
2
2
2
2
2
2
3
2
2
1
1
1
2
0
0
0
0
0
0
-1
-2
-1
-2
-2
-3
-2
-2
-3
-3
-2
-2
-3
-2
-2
-2
-2
-2
-2
-2
-2
-1
-2
-1
-2
-1
-1
-1
-1
-1
0
-1
-1
-2
-1
-1
-2
-2
-2
-2
-2
-3
-2
-2
-3
-3
-2
-2
-3
-3
-2
-3
-2
-2
-2
-3
-2
-1
-2
-1
-1
-1
-1
-2
-1
0
-1
-2
0
0
0
0
-1
-1
-1
0
-1
-1
-1
0
-1
-1
0
-1
-1
-1
-1
0
-1
-1
-1
0
0
-1
-1
-1
-2
-1
0
0
0
-1
-1
0
0
0
-1
0
-1
-1
0
0
-1
0
0
0
0
0
0
0
-1
0
1
0
1
0
-1
0
0
1
0
0
0
0
0
0
-1
0
-1
0
0
0
0
0
0
0
1
0
1
0
0
0
1
0
0
1
1
1
1
0
0
0
1
1
0
0
0
1
1
0
1
1
1
0
1
1
1
0
1
1
1
1
0
1
1
1
1
1
1
1
1
1
1
1
1
1
1
1
1
1
1
2
1
1
1
1
2
1
1
2
1
1
1
0
1
0
1
0
1
1
1
1
1
1
0
1
0
1
1
1
1
1
2
2
2
1
2
2
2
1
2
1
1
1
1
1
1
1
1
1
1
1
1
1
0
1
1
1
1
1
1
0
0
1
1
0
0
1
0
1
1
0
1
1
0
0
1
0
0
0
0
1
1
0
0
0
1
0
0
-1
0
0
0
0
0
1
0
1
-1
0
0
0
0
-1
0
-1
0
0
-1
0
0
0
-1
-1
-1
-1
0
0
0
-1
0
0
-1
0
-1
0
-1
-1
-1
-1
-1
-1
-1
0
-1
-1
-1
-1
-1
-1
-1
-1
0
0
-1
-1
-1
-1
-1
-1
0
0
-1
0
-1
-1
-1
-1
-1
0
-1
-1
0
-1
-1
-1
0
0
0
0
0
-1
-1
-1
0
-1
-1
-1
-1
-1
-1
-1
-1
-1
-1
-1
-1
-1
-1
-1
-1
-1
0
-1
0
-1
-1
-1
0
-1
0
0
-1
0
0
1
0
0
-1
0
0
-1
0
-1
0
0
0
0
-1
0
0
0
-1
-1
0
0
-1
0
0
-1
-1
-1
0
0
-1
0
-1
0
0
0
0
0
-1
0
1
0
0
0
1
0
0
0
0
0
0
0
0
0
0
1
0
0
0
1
0
1
0
-1
-1
-1
1
0
1
1
0
0
0
-1
1
0
1
0
0
1
0
0
0
1
0
0
0
0
0
0
0
0
0
0
1
0
0
0
0
0
0
0
0
0
0
0
0
0
0
1
1
1
1
0
0
0
1
1
1
0
1
0
0
0
0
0
0
1
1
0
0
1
0
0
1
1
0
0
0
1
1
0
1
0
0
0
0
0
0
0
0
0
1
1
0
0
1
0
0
0
0
0
1
0
0
0
0
1
0
0
0
0
0
-1
0
0
0
0
-1
0
0
0
1
0
0
0
0
0
0
0
1
0
0
0
1
0
1
0
0
0
0
0
1
0
1
0
0
0
1
0
0
0
0
1
1
0
0
-1
0
1
0
0
0
0
0
0
0
0
0
0
-1
0
-1
-1
0
0
0
0
0
0
-1
0
-1
0
0
0
-1
0
0
0
1
0
-1
0
0
-1
0
-1
-1
0
-1
0
0
0
-1
0
0
0
-1
-1
-1
-1
-1
-1
-1
-1
0
0
0
0
0
-1
-1
0
0
-1
-2
0
0
0
0
-1
0
0
0
0
0
-1
-1
-1
0
0
-1
0
0
0
0
0
-1
0
0
-1
0
-1
-1
0
0
0
0
-1
0
0
-1
0
-1
0
0
0
0
0
-1
0
0
0
1
0
0
0
0
-1
-1
0
-1
-1
0
0
-1
0
0
0
0
1
1
-1
0
0
-1
-1
0
0
-1
0
0
-1
0
0
-1
1
-1
0
0
-1
0
0
0
0
0
0
0
1
0
0
-1
1
1
0
0
0
0
0
0
0
0
0
1
0
0
0
0
0
0
-1
0
0
-1
0
0
1
1
0
1
0
0
0
1
0
1
0
0
0
0
1
0
0
0
0
1
0
0
0
0
1
1
1
0
1
1
1
0
2
1
1
1
1
1
0
1
0
1
0
1
0
1
1
1
1
0
1
1
1
1
1
1
1
1
0
1
1
1
0
1
0
1
1
1
2
2
1
1
1
0
2
0
1
1
1
2
1
2
1
1
2
2
1
2
2
1
1
0
1
1
1
0
0
1
1
1
1
0
0
1
0
1
1
0
0
0
0
0
0
0
1
0
0
1
0
1
1
1
1
1
0
0
1
1
0
1
0
1
0
0
0
1
0
1
0
0
0
0
0
0
1
0
0
0
0
0
0
0
-1
0
0
0
-1
0
-2
-1
-2
-2
-2
-2
-1
-2
-2
-1
-2
-3
-3
-2
-3
-1
-2
-1
-1
-1
-1
-1
-1
-1
0
-1
-1
-1
-2
-2
-1
-2
-1
0
-1
-3
-1
-2
-1
-2
-2
-2
-2
-1
-1
-3
-2
-3
-3
-3
-4
-4
-3
-1
-1
-2
-4
-5
-4
-3
-3
-4
-6
-5
-4
-3
-3
-4
-5
-5
-4
-2
-2
-2
-1
-1
0
-2
-1
-2
0
1
-1
-2
-1
1
4
2
0
-2
-1
1
1
1
1
1
4
3
0
-3
-3
0
2
1
-3
-4
1
5
6
3
-1
-2
0
3
2
-1
-2
-2
0
2
3
3
1
-2
-3
-4
-5
-4
-3
-4
-5
-8
-7
-9
-9
-8
-8
-7
-5
-4
-5
-6
-8
-8
-6
-3
-1
0
2
1
0
-1
-3
-4
-4
-1
2
5
9
13
14
11
7
3
3
6
10
13
16
21
32
44
50
46
34
26
28
34
36
30
23
22
29
33
29
17
4
-4
-12
-28
-52
-74
-92
-124
-193
-299
-383
-364
-204
37
239
302
214
59
-60
-86
-23
93
216
289
252
75
-191
-409
-452
-284
-4
237
337
291
166
28
-88
-151
-124
13
214
380
415
300
99
-87
-197
-216
-164
-60
71
185
221
145
-23
-198
-295
-274
-155
3
135
201
179
80
-65
-195
-253
-213
-95
46
150
182
141
51
-58
-156
-212
-203
-128
-9
111
186
188
121
18
-76
-133
-138
-100
-27
70
170
228
203
88
-72
-198
-228
-150
-5
140
230
234
153
18
-121
-205
-194
-94
45
154
188
141
40
-75
-162
-193
-153
-64
38
113
134
105
47
-28
-97
-139
-135
-75
23
120
179
172
99
-12
-120
-175
-146
-35
111
227
256
185
46
-106
-213
-234
-164
-33
104
193
198
114
-30
-188
-304
-331
-246
-73
116
234
221
92
-84
-225
-277
-235
-127
3
124
201
209
145
32
-87
-161
-159
-82
43
170
251
252
169
36
-90
-159
-145
-70
28
113
156
150
98
12
-84
-156
-170
-116
-22
69
114
91
19
-69
-133
-148
-112
-46
16
54
57
37
0
0
0
0
0
0
0
0
0
0
0
0
0
0
0
0
0
0
0
0
0
0
0
0
0
0
0
0
0
0
0
0
0
0
0
0
0
0
0
0
0
0
0
0
0
0
0
0
0
0
0
0
0
0
0
0
0
0
0
0
0
0
0
0
0
0
0
0
0
0
0
0
0
0
0
0
0
0
0
0
0
0
0
0
0
0
0
0
0
0
0
0
0
0
0
0
0
0
0
0
0
0
0
0
0
0
0
0
0
0
0
0
0
0
0
0
0
0
0
0
0
0
0
0
0
0
0
0
0
0
0
0
0
0
0
0
0
0
0
0
0
0
0
0
0
0
0
0
0
0
0
0
0
0
0
0
0
0
0
0
0
0
0
0
0
0
0
0
0
0
0
0
0
0
0
0
0
0
0
0
0
0
0
0
0
0
0
0
0
0
0
0
0
0
0
0
0
0
